 -0.82731539E+006 -0.28415733E+016  0.53518747E+014  0.11257335E+016 -0.45207732E+015  0.37746432E+014 -0.19783964E+005  0.35140941E+016 -0.11624803E+015 -0.19783964E+005 -0.20327961E+016 -0.39567928E+005  0.14421375E+015 -0.41969506E+014  0.11180339E+017 -0.29832026E+016 -0.59351892E+005  0.47286014E+014 -0.79135857E+005  0.11257335E+016 -0.31519320E+015 -0.79135857E+005  0.23670977E+014 -0.98919821E+005  0.46874828E+015 -0.70112726E+014 -0.98919821E+005 -0.39447112E+015 -0.11870378E+006  0.82296946E+014 -0.30804264E+014  0.68124858E+015 -0.28415733E+016 -0.13848775E+006  0.34045953E+014
 -0.63245546E+017  0.13862811E+016 -0.53299656E+014 -0.10425231E+016  0.32326466E+015 -0.37638889E+014  0.68124858E+015 -0.28415733E+016 -0.19783964E+005  0.34045953E+014 -0.39567928E+005  0.21948292E+017 -0.14258909E+015 -0.39567928E+005 -0.61915122E+016 -0.59351892E+005  0.18190445E+015 -0.47115750E+014 -0.72839557E+006 -0.93095338E+015 -0.79135857E+005  0.53518747E+014 -0.11357890E+014  0.68124858E+015 -0.45207732E+015 -0.98919821E+005  0.25755957E+014 -0.11870378E+006  0.74595277E+015 -0.81772295E+014 -0.11870378E+006 -0.55467335E+015 -0.13848775E+006  0.97434551E+014 -0.33958952E+014
  0.11180339E+017 -0.12567750E+016  0.47286013E+014  0.68124858E+015 -0.31519320E+015  0.34045953E+014 -0.55467335E+015 -0.19783964E+005  0.97434551E+014 -0.33958952E+014  0.11257335E+016 -0.10707622E+017 -0.39567928E+005  0.37746433E+014 -0.59351892E+005  0.11180339E+017 -0.17931956E+015 -0.59351892E+005 -0.63245546E+017 -0.79135857E+005  0.23718719E+015 -0.53299656E+014 -0.79135857E+005 -0.62341516E+015 -0.98919821E+005  0.61110983E+014 -0.25706843E+014  0.46776342E+015 -0.70527040E+015 -0.11870378E+006  0.28137515E+014 -0.13848775E+006  0.13862811E+016 -0.96696450E+014 -0.13848775E+006
 -0.61915122E+016  0.74595277E+015 -0.47115750E+014 -0.55467335E+015  0.23718719E+015 -0.33958952E+014 -0.19783964E+005  0.13862811E+016 -0.96696450E+014 -0.19783964E+005 -0.10425231E+016 -0.39567928E+005  0.11732146E+015 -0.37638889E+014  0.24008351E+016 -0.53670782E+017 -0.59351892E+005  0.42103787E+014 -0.79135857E+005  0.24008351E+016 -0.23280586E+015 -0.79135857E+005  0.21834683E+014 -0.98919821E+005  0.32326466E+015 -0.60824182E+014 -0.98919821E+005 -0.44516966E+015 -0.11870378E+006  0.70496246E+014 -0.28078555E+014  0.46776342E+015 -0.12567750E+016 -0.13848775E+006  0.30875564E+014
  0.24008351E+016 -0.70527040E+015  0.42103787E+014  0.46776342E+015 -0.23280586E+015  0.30875563E+014  0.46776342E+015 -0.12567750E+016 -0.19783964E+005  0.30875564E+014 -0.39567928E+005  0.35140941E+016 -0.11624803E+015 -0.39567928E+005 -0.20327961E+016 -0.59351892E+005  0.14421375E+015 -0.41969506E+014  0.11180339E+017 -0.29832026E+016 -0.79135857E+005  0.47286014E+014 -0.98919821E+005  0.11257335E+016 -0.31519320E+015 -0.98919821E+005  0.23670977E+014 -0.11870378E+006  0.46874828E+015 -0.70112726E+014 -0.11870378E+006 -0.39447112E+015 -0.13848775E+006  0.82296946E+014 -0.30804264E+014
 -0.20327961E+016  0.46874828E+015 -0.41969506E+014 -0.39447112E+015  0.18190445E+015 -0.30804264E+014 -0.39447112E+015 -0.19783964E+005  0.82296946E+014 -0.30804264E+014  0.68124858E+015 -0.28415733E+016 -0.39567928E+005  0.34045953E+014 -0.59351892E+005  0.21948292E+017 -0.14258909E+015 -0.59351892E+005 -0.61915122E+016 -0.79135857E+005  0.18190445E+015 -0.47115750E+014 -0.70861161E+006 -0.93095338E+015 -0.98919821E+005  0.53518747E+014 -0.11357890E+014  0.68124858E+015 -0.45207732E+015 -0.11870378E+006  0.25755957E+014 -0.13848775E+006  0.74595277E+015 -0.81772295E+014 -0.13848775E+006
  0.11257335E+016 -0.45207732E+015  0.37746432E+014  0.46776342E+015 -0.17931956E+015  0.28137515E+014 -0.19783964E+005  0.74595277E+015 -0.81772295E+014 -0.19783964E+005 -0.55467335E+015 -0.39567928E+005  0.97434551E+014 -0.33958952E+014  0.11257335E+016 -0.10707622E+017 -0.59351892E+005  0.37746433E+014 -0.79135857E+005  0.11180339E+017 -0.17931956E+015 -0.79135857E+005 -0.63245546E+017 -0.98919821E+005  0.23718719E+015 -0.53299656E+014 -0.98919821E+005 -0.62341516E+015 -0.11870378E+006  0.61110983E+014 -0.25706843E+014  0.46776342E+015 -0.70527040E+015 -0.13848775E+006  0.28137515E+014
 -0.10425231E+016  0.32326466E+015 -0.37638889E+014 -0.44516966E+015  0.14421375E+015 -0.28078555E+014  0.46776342E+015 -0.70527040E+015 -0.19783964E+005  0.28137515E+014 -0.39567928E+005  0.13862811E+016 -0.96696450E+014 -0.39567928E+005 -0.10425231E+016 -0.59351892E+005  0.11732146E+015 -0.37638889E+014  0.24008351E+016 -0.53670782E+017 -0.79135857E+005  0.42103787E+014 -0.98919821E+005  0.24008351E+016 -0.23280586E+015 -0.98919821E+005  0.21834683E+014 -0.11870378E+006  0.32326466E+015 -0.60824182E+014 -0.11870378E+006 -0.44516966E+015 -0.13848775E+006  0.70496246E+014 -0.28078555E+014
  0.68124858E+015 -0.31519320E+015  0.34045953E+014  0.68124858E+015 -0.14258909E+015  0.25755957E+014 -0.44516966E+015 -0.19783964E+005  0.70496246E+014 -0.28078555E+014  0.46776342E+015 -0.12567750E+016 -0.39567928E+005  0.30875564E+014 -0.59351892E+005  0.35140941E+016 -0.11624803E+015 -0.59351892E+005 -0.20327961E+016 -0.79135857E+005  0.14421375E+015 -0.41969506E+014  0.11180339E+017 -0.29832026E+016 -0.98919821E+005  0.47286014E+014 -0.11870378E+006  0.11257335E+016 -0.31519320E+015 -0.11870378E+006  0.23670977E+014 -0.13848775E+006  0.46874828E+015 -0.70112726E+014 -0.13848775E+006
 -0.55467335E+015  0.23718719E+015 -0.33958952E+014 -0.62341516E+015  0.11732146E+015 -0.25706843E+014 -0.19783964E+005  0.46874828E+015 -0.70112726E+014 -0.19783964E+005 -0.39447112E+015 -0.39567928E+005  0.82296946E+014 -0.30804264E+014  0.68124858E+015 -0.28415733E+016 -0.59351892E+005  0.34045953E+014 -0.79135857E+005  0.21948292E+017 -0.14258909E+015 -0.79135857E+005 -0.61915122E+016 -0.98919821E+005  0.18190445E+015 -0.47115750E+014 -0.68882764E+006 -0.93095338E+015 -0.11870378E+006  0.53518747E+014 -0.11357890E+014  0.68124858E+015 -0.45207732E+015 -0.13848775E+006  0.25755957E+014
  0.46776342E+015 -0.23280586E+015  0.30875563E+014  0.11257335E+016 -0.11624803E+015  0.23670977E+014  0.68124858E+015 -0.45207732E+015 -0.19783964E+005  0.25755957E+014 -0.39567928E+005  0.74595277E+015 -0.81772295E+014 -0.39567928E+005 -0.55467335E+015 -0.59351892E+005  0.97434551E+014 -0.33958952E+014  0.11257335E+016 -0.10707622E+017 -0.79135857E+005  0.37746433E+014 -0.98919821E+005  0.11180339E+017 -0.17931956E+015 -0.98919821E+005 -0.63245546E+017 -0.11870378E+006  0.23718719E+015 -0.53299656E+014 -0.11870378E+006 -0.62341516E+015 -0.13848775E+006  0.61110983E+014 -0.25706843E+014
 -0.39447112E+015  0.18190445E+015 -0.30804264E+014 -0.93095338E+015  0.97434551E+014 -0.11357890E+014 -0.62341516E+015 -0.19783964E+005  0.61110983E+014 -0.25706843E+014  0.46776342E+015 -0.70527040E+015 -0.39567928E+005  0.28137515E+014 -0.59351892E+005  0.13862811E+016 -0.96696450E+014 -0.59351892E+005 -0.10425231E+016 -0.79135857E+005  0.11732146E+015 -0.37638889E+014  0.24008351E+016 -0.53670782E+017 -0.98919821E+005  0.42103787E+014 -0.11870378E+006  0.24008351E+016 -0.23280586E+015 -0.11870378E+006  0.21834683E+014 -0.13848775E+006  0.32326466E+015 -0.60824182E+014 -0.13848775E+006
  0.46776342E+015 -0.17931956E+015  0.28137515E+014  0.24008351E+016 -0.96696450E+014  0.21834682E+014 -0.19783964E+005  0.32326466E+015 -0.60824182E+014 -0.19783964E+005 -0.44516966E+015 -0.39567928E+005  0.70496246E+014 -0.28078555E+014  0.46776342E+015 -0.12567750E+016 -0.59351892E+005  0.30875564E+014 -0.79135857E+005  0.35140941E+016 -0.11624803E+015 -0.79135857E+005 -0.20327961E+016 -0.98919821E+005  0.14421375E+015 -0.41969506E+014  0.11180339E+017 -0.29832026E+016 -0.11870378E+006  0.47286014E+014 -0.13848775E+006  0.11257335E+016 -0.31519320E+015 -0.13848775E+006  0.23670977E+014
 -0.44516966E+015  0.14421375E+015 -0.28078555E+014 -0.29832026E+016  0.82296946E+014 -0.19783964E+005  0.11257335E+016 -0.31519320E+015 -0.19783964E+005  0.23670977E+014 -0.39567928E+005  0.46874828E+015 -0.70112726E+014 -0.39567928E+005 -0.39447112E+015 -0.59351892E+005  0.82296946E+014 -0.30804264E+014  0.68124858E+015 -0.28415733E+016 -0.79135857E+005  0.34045953E+014 -0.98919821E+005  0.21948292E+017 -0.14258909E+015 -0.98919821E+005 -0.61915122E+016 -0.11870378E+006  0.18190445E+015 -0.47115750E+014 -0.66904368E+006 -0.93095338E+015 -0.13848775E+006  0.53518747E+014 -0.11357890E+014
  0.68124858E+015 -0.14258909E+015  0.25755957E+014  0.11180339E+017 -0.81772295E+014 -0.78774746E+006 -0.93095338E+015 -0.19783964E+005  0.53518747E+014 -0.11357890E+014  0.68124858E+015 -0.45207732E+015 -0.39567928E+005  0.25755957E+014 -0.59351892E+005  0.74595277E+015 -0.81772295E+014 -0.59351892E+005 -0.55467335E+015 -0.79135857E+005  0.97434551E+014 -0.33958952E+014  0.11257335E+016 -0.10707622E+017 -0.98919821E+005  0.37746433E+014 -0.11870378E+006  0.11180339E+017 -0.17931956E+015 -0.11870378E+006 -0.63245546E+017 -0.13848775E+006  0.23718719E+015 -0.53299656E+014 -0.13848775E+006
 -0.62341516E+015  0.11732146E+015 -0.25706843E+014 -0.53670782E+017  0.70496246E+014 -0.63245546E+017 -0.19783964E+005  0.23718719E+015 -0.53299656E+014 -0.19783964E+005 -0.62341516E+015 -0.39567928E+005  0.61110983E+014 -0.25706843E+014  0.46776342E+015 -0.70527040E+015 -0.59351892E+005  0.28137515E+014 -0.79135857E+005  0.13862811E+016 -0.96696450E+014 -0.79135857E+005 -0.10425231E+016 -0.98919821E+005  0.11732146E+015 -0.37638889E+014  0.24008351E+016 -0.53670782E+017 -0.11870378E+006  0.42103787E+014 -0.13848775E+006  0.24008351E+016 -0.23280586E+015 -0.13848775E+006  0.21834683E+014
  0.11257335E+016 -0.11624803E+015  0.23670977E+014  0.21948292E+017 -0.70112726E+014 -0.19783964E+005  0.24008351E+016 -0.23280586E+015 -0.19783964E+005  0.21834683E+014 -0.39567928E+005  0.32326466E+015 -0.60824182E+014 -0.39567928E+005 -0.44516966E+015 -0.59351892E+005  0.70496246E+014 -0.28078555E+014  0.46776342E+015 -0.12567750E+016 -0.79135857E+005  0.30875564E+014 -0.98919821E+005  0.35140941E+016 -0.11624803E+015 -0.98919821E+005 -0.20327961E+016 -0.11870378E+006  0.14421375E+015 -0.41969506E+014  0.11180339E+017 -0.29832026E+016 -0.13848775E+006  0.47286014E+014 -0.31133223E+005
 -0.93095338E+015  0.97434551E+014 -0.11357890E+014 -0.10707622E+017  0.61110983E+014  0.11180339E+017 -0.29832026E+016 -0.19783964E+005  0.47286014E+014 -0.39567928E+005  0.11257335E+016 -0.31519320E+015 -0.39567928E+005  0.23670977E+014 -0.59351892E+005  0.46874828E+015 -0.70112726E+014 -0.59351892E+005 -0.39447112E+015 -0.79135857E+005  0.82296946E+014 -0.30804264E+014  0.68124858E+015 -0.28415733E+016 -0.98919821E+005  0.34045953E+014 -0.11870378E+006  0.21948292E+017 -0.14258909E+015 -0.11870378E+006 -0.61915122E+016 -0.13848775E+006  0.18190445E+015 -0.47115750E+014 -0.80789265E+006
  0.24008351E+016 -0.96696450E+014  0.21834682E+014  0.35140941E+016 -0.60824182E+014 -0.61915122E+016 -0.19783964E+005  0.18190445E+015 -0.47115750E+014 -0.76796350E+006 -0.93095338E+015 -0.39567928E+005  0.53518747E+014 -0.11357890E+014  0.68124858E+015 -0.45207732E+015 -0.59351892E+005  0.25755957E+014 -0.79135857E+005  0.74595277E+015 -0.81772295E+014 -0.79135857E+005 -0.55467335E+015 -0.98919821E+005  0.97434551E+014 -0.33958952E+014  0.11257335E+016 -0.10707622E+017 -0.11870378E+006  0.37746433E+014 -0.13848775E+006  0.11180339E+017 -0.17931956E+015 -0.13848775E+006 -0.63245546E+017
 -0.29832026E+016  0.82296946E+014 -0.80753143E+006 -0.28415733E+016  0.53518747E+014 -0.19783964E+005  0.11180339E+017 -0.17931956E+015 -0.19783964E+005 -0.63245546E+017 -0.39567928E+005  0.23718719E+015 -0.53299656E+014 -0.39567928E+005 -0.62341516E+015 -0.59351892E+005  0.61110983E+014 -0.25706843E+014  0.46776342E+015 -0.70527040E+015 -0.79135857E+005  0.28137515E+014 -0.98919821E+005  0.13862811E+016 -0.96696450E+014 -0.98919821E+005 -0.10425231E+016 -0.11870378E+006  0.11732146E+015 -0.37638889E+014  0.24008351E+016 -0.53670782E+017 -0.13848775E+006  0.42103787E+014 -0.31133223E+005
  0.11180339E+017 -0.81772295E+014 -0.63245546E+017  0.13862811E+016 -0.53299656E+014  0.24008351E+016 -0.53670782E+017 -0.19783964E+005  0.42103787E+014 -0.39567928E+005  0.24008351E+016 -0.23280586E+015 -0.39567928E+005  0.21834683E+014 -0.59351892E+005  0.32326466E+015 -0.60824182E+014 -0.59351892E+005 -0.44516966E+015 -0.79135857E+005  0.70496246E+014 -0.28078555E+014  0.46776342E+015 -0.12567750E+016 -0.98919821E+005  0.30875564E+014 -0.11870378E+006  0.35140941E+016 -0.11624803E+015 -0.11870378E+006 -0.20327961E+016 -0.13848775E+006  0.14421375E+015 -0.41969506E+014  0.11180339E+017
 -0.53670782E+017  0.70496246E+014  0.11180339E+017 -0.12567750E+016  0.47286013E+014 -0.20327961E+016 -0.19783964E+005  0.14421375E+015 -0.41969506E+014  0.11180339E+017 -0.29832026E+016 -0.39567928E+005  0.47286014E+014 -0.59351892E+005  0.11257335E+016 -0.31519320E+015 -0.59351892E+005  0.23670977E+014 -0.79135857E+005  0.46874828E+015 -0.70112726E+014 -0.79135857E+005 -0.39447112E+015 -0.98919821E+005  0.82296946E+014 -0.30804264E+014  0.68124858E+015 -0.28415733E+016 -0.11870378E+006  0.34045953E+014 -0.13848775E+006  0.21948292E+017 -0.14258909E+015 -0.13848775E+006 -0.61915122E+016
  0.21948292E+017 -0.70112726E+014 -0.61915122E+016  0.74595277E+015 -0.47115750E+014 -0.19783964E+005  0.21948292E+017 -0.14258909E+015 -0.19783964E+005 -0.61915122E+016 -0.39567928E+005  0.18190445E+015 -0.47115750E+014 -0.74817953E+006 -0.93095338E+015 -0.59351892E+005  0.53518747E+014 -0.11357890E+014  0.68124858E+015 -0.45207732E+015 -0.79135857E+005  0.25755957E+014 -0.98919821E+005  0.74595277E+015 -0.81772295E+014 -0.98919821E+005 -0.55467335E+015 -0.11870378E+006  0.97434551E+014 -0.33958952E+014  0.11257335E+016 -0.10707622E+017 -0.13848775E+006  0.37746433E+014 -0.31133223E+005
 -0.10707622E+017  0.61110983E+014  0.24008351E+016 -0.70527040E+015  0.42103787E+014  0.11257335E+016 -0.10707622E+017 -0.19783964E+005  0.37746432E+014 -0.39567928E+005  0.11180339E+017 -0.17931956E+015 -0.39567928E+005 -0.63245546E+017 -0.59351892E+005  0.23718719E+015 -0.53299656E+014 -0.59351892E+005 -0.62341516E+015 -0.79135857E+005  0.61110983E+014 -0.25706843E+014  0.46776342E+015 -0.70527040E+015 -0.98919821E+005  0.28137515E+014 -0.11870378E+006  0.13862811E+016 -0.96696450E+014 -0.11870378E+006 -0.10425231E+016 -0.13848775E+006  0.11732146E+015 -0.37638889E+014  0.24008351E+016
  0.35140941E+016 -0.60824182E+014 -0.20327961E+016  0.46874828E+015 -0.41969506E+014 -0.10425231E+016 -0.19783964E+005  0.11732146E+015 -0.37638889E+014  0.24008351E+016 -0.53670782E+017 -0.39567928E+005  0.42103787E+014 -0.59351892E+005  0.24008351E+016 -0.23280586E+015 -0.59351892E+005  0.21834683E+014 -0.79135857E+005  0.32326466E+015 -0.60824182E+014 -0.79135857E+005 -0.44516966E+015 -0.98919821E+005  0.70496246E+014 -0.28078555E+014  0.46776342E+015 -0.12567750E+016 -0.11870378E+006  0.30875564E+014 -0.13848775E+006  0.35140941E+016 -0.11624803E+015 -0.13848775E+006 -0.20327961E+016
