  0.00000000E+000 -0.10000000E+009 -0.10000000E+009 -0.10000000E+009 -0.10000000E+009 -0.10000000E+009 -0.10000000E+009 -0.10000000E+009 -0.10000000E+009 -0.10000000E+009 -0.10000000E+009 -0.10000000E+009 -0.10000000E+009 -0.10000000E+009 -0.10000000E+009 -0.10000000E+009 -0.10000000E+009 -0.10000000E+009 -0.10000000E+009 -0.10000000E+009 -0.10000000E+009 -0.10000000E+009 -0.10000000E+009 -0.10000000E+009 -0.10000000E+009 -0.10000000E+009 -0.10000000E+009 -0.10000000E+009 -0.10000000E+009 -0.10000000E+009 -0.10000000E+009 -0.10000000E+009 -0.10000000E+009 -0.10000000E+009 -0.10000000E+009
  0.00000000E+000 -0.10000000E+009 -0.10000000E+009 -0.10000000E+009 -0.10000000E+009 -0.10000000E+009 -0.10000000E+009 -0.10000000E+009 -0.10000000E+009 -0.10000000E+009 -0.10000000E+009 -0.10000000E+009 -0.10000000E+009 -0.10000000E+009 -0.10000000E+009 -0.10000000E+009 -0.10000000E+009 -0.10000000E+009 -0.10000000E+009 -0.10000000E+009 -0.10000000E+009 -0.10000000E+009 -0.10000000E+009 -0.10000000E+009 -0.10000000E+009 -0.10000000E+009 -0.10000000E+009 -0.10000000E+009 -0.10000000E+009 -0.10000000E+009 -0.10000000E+009 -0.10000000E+009 -0.10000000E+009 -0.10000000E+009 -0.10000000E+009
  0.00000000E+000 -0.10000000E+009 -0.10000000E+009 -0.10000000E+009 -0.10000000E+009 -0.10000000E+009 -0.10000000E+009 -0.10000000E+009 -0.10000000E+009 -0.10000000E+009 -0.10000000E+009 -0.10000000E+009 -0.10000000E+009 -0.10000000E+009 -0.10000000E+009 -0.10000000E+009 -0.10000000E+009 -0.10000000E+009 -0.10000000E+009 -0.10000000E+009 -0.10000000E+009 -0.10000000E+009 -0.10000000E+009 -0.10000000E+009 -0.10000000E+009 -0.10000000E+009 -0.10000000E+009 -0.10000000E+009 -0.10000000E+009 -0.10000000E+009 -0.10000000E+009 -0.10000000E+009 -0.10000000E+009 -0.10000000E+009 -0.10000000E+009
  0.00000000E+000 -0.10000000E+009 -0.10000000E+009 -0.10000000E+009 -0.10000000E+009 -0.10000000E+009 -0.10000000E+009 -0.10000000E+009 -0.10000000E+009 -0.10000000E+009 -0.10000000E+009 -0.10000000E+009 -0.10000000E+009 -0.10000000E+009 -0.10000000E+009 -0.10000000E+009 -0.10000000E+009 -0.10000000E+009 -0.10000000E+009 -0.10000000E+009 -0.10000000E+009 -0.10000000E+009 -0.10000000E+009 -0.10000000E+009 -0.10000000E+009 -0.10000000E+009 -0.10000000E+009 -0.10000000E+009 -0.10000000E+009 -0.10000000E+009 -0.10000000E+009 -0.10000000E+009 -0.10000000E+009 -0.10000000E+009 -0.10000000E+009
  0.00000000E+000 -0.10000000E+009 -0.10000000E+009 -0.10000000E+009 -0.10000000E+009 -0.10000000E+009 -0.10000000E+009 -0.10000000E+009 -0.10000000E+009 -0.10000000E+009 -0.10000000E+009 -0.10000000E+009 -0.10000000E+009 -0.10000000E+009 -0.10000000E+009 -0.10000000E+009 -0.10000000E+009 -0.10000000E+009 -0.10000000E+009 -0.10000000E+009 -0.10000000E+009 -0.10000000E+009 -0.10000000E+009 -0.10000000E+009 -0.10000000E+009 -0.10000000E+009 -0.10000000E+009 -0.10000000E+009 -0.10000000E+009 -0.10000000E+009 -0.10000000E+009 -0.10000000E+009 -0.10000000E+009 -0.10000000E+009 -0.10000000E+009
  0.00000000E+000 -0.10000000E+009 -0.10000000E+009 -0.10000000E+009 -0.10000000E+009 -0.10000000E+009 -0.10000000E+009 -0.10000000E+009 -0.10000000E+009 -0.10000000E+009 -0.10000000E+009 -0.10000000E+009 -0.10000000E+009 -0.10000000E+009 -0.10000000E+009 -0.10000000E+009 -0.10000000E+009 -0.10000000E+009 -0.10000000E+009 -0.10000000E+009 -0.10000000E+009 -0.10000000E+009 -0.10000000E+009 -0.10000000E+009 -0.10000000E+009 -0.10000000E+009 -0.10000000E+009 -0.10000000E+009 -0.10000000E+009 -0.10000000E+009 -0.10000000E+009 -0.10000000E+009 -0.10000000E+009 -0.10000000E+009 -0.10000000E+009
  0.00000000E+000 -0.10000000E+009 -0.10000000E+009 -0.10000000E+009 -0.10000000E+009 -0.10000000E+009 -0.10000000E+009 -0.10000000E+009 -0.10000000E+009 -0.10000000E+009 -0.10000000E+009 -0.10000000E+009 -0.10000000E+009 -0.10000000E+009 -0.10000000E+009 -0.10000000E+009 -0.10000000E+009 -0.10000000E+009 -0.10000000E+009 -0.10000000E+009 -0.10000000E+009 -0.10000000E+009 -0.10000000E+009 -0.10000000E+009 -0.10000000E+009 -0.10000000E+009 -0.10000000E+009 -0.10000000E+009 -0.10000000E+009 -0.10000000E+009 -0.10000000E+009 -0.10000000E+009 -0.10000000E+009 -0.10000000E+009 -0.10000000E+009
  0.00000000E+000 -0.10000000E+009 -0.10000000E+009 -0.10000000E+009 -0.10000000E+009 -0.10000000E+009 -0.10000000E+009 -0.10000000E+009 -0.10000000E+009 -0.10000000E+009 -0.10000000E+009 -0.10000000E+009 -0.10000000E+009 -0.10000000E+009 -0.10000000E+009 -0.10000000E+009 -0.10000000E+009 -0.10000000E+009 -0.10000000E+009 -0.10000000E+009 -0.10000000E+009 -0.10000000E+009 -0.10000000E+009 -0.10000000E+009 -0.10000000E+009 -0.10000000E+009 -0.10000000E+009 -0.10000000E+009 -0.10000000E+009 -0.10000000E+009 -0.10000000E+009 -0.10000000E+009 -0.10000000E+009 -0.10000000E+009 -0.10000000E+009
  0.00000000E+000 -0.10000000E+009 -0.10000000E+009 -0.10000000E+009 -0.10000000E+009 -0.10000000E+009 -0.10000000E+009 -0.10000000E+009 -0.10000000E+009 -0.10000000E+009 -0.10000000E+009 -0.10000000E+009 -0.10000000E+009 -0.10000000E+009 -0.10000000E+009 -0.10000000E+009 -0.10000000E+009 -0.10000000E+009 -0.10000000E+009 -0.10000000E+009 -0.10000000E+009 -0.10000000E+009 -0.10000000E+009 -0.10000000E+009 -0.10000000E+009 -0.10000000E+009 -0.10000000E+009 -0.10000000E+009 -0.10000000E+009 -0.10000000E+009 -0.10000000E+009 -0.10000000E+009 -0.10000000E+009 -0.10000000E+009 -0.10000000E+009
  0.00000000E+000 -0.10000000E+009 -0.10000000E+009 -0.10000000E+009 -0.10000000E+009 -0.10000000E+009 -0.10000000E+009 -0.10000000E+009 -0.10000000E+009 -0.10000000E+009 -0.10000000E+009 -0.10000000E+009 -0.10000000E+009 -0.10000000E+009 -0.10000000E+009 -0.10000000E+009 -0.10000000E+009 -0.10000000E+009 -0.10000000E+009 -0.10000000E+009 -0.10000000E+009 -0.10000000E+009 -0.10000000E+009 -0.10000000E+009 -0.10000000E+009 -0.10000000E+009 -0.10000000E+009 -0.10000000E+009 -0.10000000E+009 -0.10000000E+009 -0.10000000E+009 -0.10000000E+009 -0.10000000E+009 -0.10000000E+009 -0.10000000E+009
  0.00000000E+000 -0.10000000E+009 -0.10000000E+009 -0.10000000E+009 -0.10000000E+009 -0.10000000E+009 -0.10000000E+009 -0.10000000E+009 -0.10000000E+009 -0.10000000E+009 -0.10000000E+009 -0.10000000E+009 -0.10000000E+009 -0.10000000E+009 -0.10000000E+009 -0.10000000E+009 -0.10000000E+009 -0.10000000E+009 -0.10000000E+009 -0.10000000E+009 -0.10000000E+009 -0.10000000E+009 -0.10000000E+009 -0.10000000E+009 -0.10000000E+009 -0.10000000E+009 -0.10000000E+009 -0.10000000E+009 -0.10000000E+009 -0.10000000E+009 -0.10000000E+009 -0.10000000E+009 -0.10000000E+009 -0.10000000E+009 -0.10000000E+009
  0.00000000E+000 -0.10000000E+009 -0.10000000E+009 -0.10000000E+009 -0.10000000E+009 -0.10000000E+009 -0.10000000E+009 -0.10000000E+009 -0.10000000E+009 -0.10000000E+009 -0.10000000E+009 -0.10000000E+009 -0.10000000E+009 -0.10000000E+009 -0.10000000E+009 -0.10000000E+009 -0.10000000E+009 -0.10000000E+009 -0.10000000E+009 -0.10000000E+009 -0.10000000E+009 -0.10000000E+009 -0.10000000E+009 -0.10000000E+009 -0.10000000E+009 -0.10000000E+009 -0.10000000E+009 -0.10000000E+009 -0.10000000E+009 -0.10000000E+009 -0.10000000E+009 -0.10000000E+009 -0.10000000E+009 -0.10000000E+009 -0.10000000E+009
  0.00000000E+000 -0.10000000E+009 -0.10000000E+009 -0.10000000E+009 -0.10000000E+009 -0.10000000E+009 -0.10000000E+009 -0.10000000E+009 -0.10000000E+009 -0.10000000E+009 -0.10000000E+009 -0.10000000E+009 -0.10000000E+009 -0.10000000E+009 -0.10000000E+009 -0.10000000E+009 -0.10000000E+009 -0.10000000E+009 -0.10000000E+009 -0.10000000E+009 -0.10000000E+009 -0.10000000E+009 -0.10000000E+009 -0.10000000E+009 -0.10000000E+009 -0.10000000E+009 -0.10000000E+009 -0.10000000E+009 -0.10000000E+009 -0.10000000E+009 -0.10000000E+009 -0.10000000E+009 -0.10000000E+009 -0.10000000E+009 -0.10000000E+009
  0.00000000E+000 -0.10000000E+009 -0.10000000E+009 -0.10000000E+009 -0.10000000E+009 -0.10000000E+009 -0.10000000E+009 -0.10000000E+009 -0.10000000E+009 -0.10000000E+009 -0.10000000E+009 -0.10000000E+009 -0.10000000E+009 -0.10000000E+009 -0.10000000E+009 -0.10000000E+009 -0.10000000E+009 -0.10000000E+009 -0.10000000E+009 -0.10000000E+009 -0.10000000E+009 -0.10000000E+009 -0.10000000E+009 -0.10000000E+009 -0.10000000E+009 -0.10000000E+009 -0.10000000E+009 -0.10000000E+009 -0.10000000E+009 -0.10000000E+009 -0.10000000E+009 -0.10000000E+009 -0.10000000E+009 -0.10000000E+009 -0.10000000E+009
  0.00000000E+000 -0.10000000E+009 -0.10000000E+009 -0.10000000E+009 -0.10000000E+009 -0.10000000E+009 -0.10000000E+009 -0.10000000E+009 -0.10000000E+009 -0.10000000E+009 -0.10000000E+009 -0.10000000E+009 -0.10000000E+009 -0.10000000E+009 -0.10000000E+009 -0.10000000E+009 -0.10000000E+009 -0.10000000E+009 -0.10000000E+009 -0.10000000E+009 -0.10000000E+009 -0.10000000E+009 -0.10000000E+009 -0.10000000E+009 -0.10000000E+009 -0.10000000E+009 -0.10000000E+009 -0.10000000E+009 -0.10000000E+009 -0.10000000E+009 -0.10000000E+009 -0.10000000E+009 -0.10000000E+009 -0.10000000E+009 -0.10000000E+009
  0.00000000E+000 -0.10000000E+009 -0.10000000E+009 -0.10000000E+009 -0.10000000E+009 -0.10000000E+009 -0.10000000E+009 -0.10000000E+009 -0.10000000E+009 -0.10000000E+009 -0.10000000E+009 -0.10000000E+009 -0.10000000E+009 -0.10000000E+009 -0.10000000E+009 -0.10000000E+009 -0.10000000E+009 -0.10000000E+009 -0.10000000E+009 -0.10000000E+009 -0.10000000E+009 -0.10000000E+009 -0.10000000E+009 -0.10000000E+009 -0.10000000E+009 -0.10000000E+009 -0.10000000E+009 -0.10000000E+009 -0.10000000E+009 -0.10000000E+009 -0.10000000E+009 -0.10000000E+009 -0.10000000E+009 -0.10000000E+009 -0.10000000E+009
  0.00000000E+000 -0.10000000E+009 -0.10000000E+009 -0.10000000E+009 -0.10000000E+009 -0.10000000E+009 -0.10000000E+009 -0.10000000E+009 -0.10000000E+009 -0.10000000E+009 -0.10000000E+009 -0.10000000E+009 -0.10000000E+009 -0.10000000E+009 -0.10000000E+009 -0.10000000E+009 -0.10000000E+009 -0.10000000E+009 -0.10000000E+009 -0.10000000E+009 -0.10000000E+009 -0.10000000E+009 -0.10000000E+009 -0.10000000E+009 -0.10000000E+009 -0.10000000E+009 -0.10000000E+009 -0.10000000E+009 -0.10000000E+009 -0.10000000E+009 -0.10000000E+009 -0.10000000E+009 -0.10000000E+009 -0.10000000E+009 -0.10000000E+009
  0.00000000E+000 -0.10000000E+009 -0.10000000E+009 -0.10000000E+009 -0.10000000E+009 -0.10000000E+009 -0.10000000E+009 -0.10000000E+009 -0.10000000E+009 -0.10000000E+009 -0.10000000E+009 -0.10000000E+009 -0.10000000E+009 -0.10000000E+009 -0.10000000E+009 -0.10000000E+009 -0.10000000E+009 -0.10000000E+009 -0.10000000E+009 -0.10000000E+009 -0.10000000E+009 -0.10000000E+009 -0.10000000E+009 -0.10000000E+009 -0.10000000E+009 -0.10000000E+009 -0.10000000E+009 -0.10000000E+009 -0.10000000E+009 -0.10000000E+009 -0.10000000E+009 -0.10000000E+009 -0.10000000E+009 -0.10000000E+009 -0.10000000E+009
  0.00000000E+000 -0.10000000E+009 -0.10000000E+009 -0.10000000E+009 -0.10000000E+009 -0.10000000E+009 -0.10000000E+009 -0.10000000E+009 -0.10000000E+009 -0.10000000E+009 -0.10000000E+009 -0.10000000E+009 -0.10000000E+009 -0.10000000E+009 -0.10000000E+009 -0.10000000E+009 -0.10000000E+009 -0.10000000E+009 -0.10000000E+009 -0.10000000E+009 -0.10000000E+009 -0.10000000E+009 -0.10000000E+009 -0.10000000E+009 -0.10000000E+009 -0.10000000E+009 -0.10000000E+009 -0.10000000E+009 -0.10000000E+009 -0.10000000E+009 -0.10000000E+009 -0.10000000E+009 -0.10000000E+009 -0.10000000E+009 -0.10000000E+009
  0.00000000E+000 -0.10000000E+009 -0.10000000E+009 -0.10000000E+009 -0.10000000E+009 -0.10000000E+009 -0.10000000E+009 -0.10000000E+009 -0.10000000E+009 -0.10000000E+009 -0.10000000E+009 -0.10000000E+009 -0.10000000E+009 -0.10000000E+009 -0.10000000E+009 -0.10000000E+009 -0.10000000E+009 -0.10000000E+009 -0.10000000E+009 -0.10000000E+009 -0.10000000E+009 -0.10000000E+009 -0.10000000E+009 -0.10000000E+009 -0.10000000E+009 -0.10000000E+009 -0.10000000E+009 -0.10000000E+009 -0.10000000E+009 -0.10000000E+009 -0.10000000E+009 -0.10000000E+009 -0.10000000E+009 -0.10000000E+009 -0.10000000E+009
  0.00000000E+000 -0.10000000E+009 -0.10000000E+009 -0.10000000E+009 -0.10000000E+009 -0.10000000E+009 -0.10000000E+009 -0.10000000E+009 -0.10000000E+009 -0.10000000E+009 -0.10000000E+009 -0.10000000E+009 -0.10000000E+009 -0.10000000E+009 -0.10000000E+009 -0.10000000E+009 -0.10000000E+009 -0.10000000E+009 -0.10000000E+009 -0.10000000E+009 -0.10000000E+009 -0.10000000E+009 -0.10000000E+009 -0.10000000E+009 -0.10000000E+009 -0.10000000E+009 -0.10000000E+009 -0.10000000E+009 -0.10000000E+009 -0.10000000E+009 -0.10000000E+009 -0.10000000E+009 -0.10000000E+009 -0.10000000E+009 -0.10000000E+009
  0.97742390E+002 -0.67284242E+013 -0.67284242E+013 -0.67284242E+013 -0.67284242E+013 -0.67284242E+013 -0.67284242E+013 -0.67284242E+013 -0.67284242E+013 -0.67284242E+013 -0.67284242E+013 -0.67285242E+013 -0.67284242E+013 -0.67284242E+013 -0.67284242E+013 -0.67284242E+013 -0.67284242E+013 -0.67284242E+013 -0.67284242E+013 -0.67285242E+013 -0.67285242E+013 -0.67285242E+013 -0.67285242E+013 -0.67285242E+013 -0.67285242E+013 -0.67285242E+013 -0.67285242E+013 -0.67285242E+013 -0.67285242E+013 -0.67285242E+013 -0.67285242E+013 -0.67285242E+013 -0.67285242E+013 -0.67285242E+013 -0.67285242E+013
  0.65402741E+000 -0.56382771E+012 -0.56383093E+012 -0.56383012E+012 -0.56379641E+012 -0.16539081E+011 -0.53587244E+011 -0.53587241E+011 -0.53587245E+011 -0.53587250E+011 -0.53587284E+011 -0.53590364E+011 -0.53590400E+011 -0.53590386E+011 -0.53590387E+011 -0.53590390E+011 -0.53590392E+011 -0.53590392E+011 -0.53590391E+011 -0.53590391E+011 -0.53590392E+011 -0.53590392E+011 -0.53590391E+011 -0.53590391E+011 -0.53590392E+011 -0.53590391E+011 -0.53590391E+011 -0.53590392E+011 -0.53590391E+011 -0.53590392E+011 -0.53590391E+011 -0.53590391E+011 -0.53590392E+011 -0.53590391E+011 -0.53590392E+011
  0.00000000E+000 -0.10000000E+009 -0.10000000E+009 -0.10000000E+009 -0.10000000E+009 -0.52756936E+013 -0.52756936E+013 -0.52756936E+013 -0.52756936E+013 -0.52756936E+013 -0.52756936E+013 -0.52756936E+013 -0.52756936E+013 -0.52756936E+013 -0.52756936E+013 -0.52756936E+013  0.68750967E+000  0.00000000E+000 -0.10000000E+009 -0.10000000E+009 -0.10000000E+009 -0.10000000E+009 -0.10000000E+009 -0.10000000E+009 -0.10000000E+009 -0.10000000E+009 -0.10000000E+009 -0.10000000E+009 -0.10000000E+009 -0.10000000E+009 -0.10000000E+009 -0.10000000E+009 -0.10000000E+009 -0.10000000E+009 -0.10000000E+009
  0.00000000E+000 -0.10000000E+009 -0.10000000E+009 -0.10000000E+009 -0.10000000E+009 -0.10000000E+009 -0.10000000E+009 -0.10000000E+009 -0.10000000E+009 -0.10000000E+009 -0.10000000E+009 -0.10000000E+009 -0.10000000E+009 -0.10000000E+009 -0.10000000E+009 -0.10000000E+009 -0.10000000E+009 -0.10000000E+009 -0.10000000E+009 -0.10000000E+009 -0.10000000E+009 -0.10000000E+009 -0.10000000E+009 -0.10000000E+009  0.23724232E+003  0.00000000E+000 -0.10000000E+009  0.23730943E+003  0.23733740E+003  0.23736840E+003  0.23740259E+003  0.23744010E+003  0.00000000E+000 -0.10000000E+009 -0.10000000E+009
