  0.00000000E+000 -0.10000000E+009 -0.10000000E+009 -0.10000000E+009 -0.10000000E+009 -0.10000000E+009 -0.10000000E+009 -0.10000000E+009 -0.10000000E+009 -0.10000000E+009 -0.10000000E+009 -0.10000000E+009 -0.10000000E+009 -0.10000000E+009 -0.10000000E+009 -0.10000000E+009 -0.10000000E+009 -0.10000000E+009 -0.10000000E+009 -0.10000000E+009 -0.10000000E+009 -0.10000000E+009 -0.10000000E+009 -0.10000000E+009 -0.10000000E+009 -0.10000000E+009 -0.10000000E+009 -0.10000000E+009 -0.10000000E+009 -0.10000000E+009 -0.10000000E+009 -0.10000000E+009 -0.10000000E+009 -0.10000000E+009 -0.10000000E+009
  0.00000000E+000 -0.10000000E+009 -0.10000000E+009 -0.10000000E+009 -0.10000000E+009 -0.10000000E+009 -0.10000000E+009 -0.10000000E+009 -0.10000000E+009 -0.10000000E+009 -0.10000000E+009 -0.10000000E+009 -0.10000000E+009 -0.10000000E+009 -0.10000000E+009 -0.10000000E+009 -0.10000000E+009 -0.10000000E+009 -0.10000000E+009 -0.10000000E+009 -0.10000000E+009 -0.10000000E+009 -0.10000000E+009 -0.10000000E+009 -0.10000000E+009 -0.10000000E+009 -0.10000000E+009 -0.10000000E+009 -0.10000000E+009 -0.10000000E+009 -0.10000000E+009 -0.10000000E+009 -0.10000000E+009 -0.10000000E+009 -0.10000000E+009
  0.00000000E+000 -0.10000000E+009 -0.10000000E+009 -0.10000000E+009 -0.10000000E+009 -0.10000000E+009 -0.10000000E+009 -0.10000000E+009 -0.10000000E+009 -0.10000000E+009 -0.10000000E+009 -0.10000000E+009 -0.10000000E+009 -0.10000000E+009 -0.10000000E+009 -0.10000000E+009 -0.10000000E+009 -0.10000000E+009 -0.10000000E+009 -0.10000000E+009 -0.10000000E+009 -0.10000000E+009 -0.10000000E+009 -0.10000000E+009 -0.10000000E+009 -0.10000000E+009 -0.10000000E+009 -0.10000000E+009 -0.10000000E+009 -0.10000000E+009 -0.10000000E+009 -0.10000000E+009 -0.10000000E+009 -0.10000000E+009 -0.10000000E+009
  0.00000000E+000 -0.10000000E+009 -0.10000000E+009 -0.10000000E+009 -0.10000000E+009 -0.10000000E+009 -0.10000000E+009 -0.10000000E+009 -0.10000000E+009 -0.10000000E+009 -0.10000000E+009 -0.10000000E+009 -0.10000000E+009 -0.10000000E+009 -0.10000000E+009 -0.10000000E+009 -0.10000000E+009 -0.10000000E+009 -0.10000000E+009 -0.10000000E+009 -0.10000000E+009 -0.10000000E+009 -0.10000000E+009 -0.10000000E+009 -0.10000000E+009 -0.10000000E+009 -0.10000000E+009 -0.10000000E+009 -0.10000000E+009 -0.10000000E+009 -0.10000000E+009 -0.10000000E+009 -0.10000000E+009 -0.10000000E+009 -0.10000000E+009
  0.00000000E+000 -0.10000000E+009 -0.10000000E+009 -0.10000000E+009 -0.10000000E+009 -0.10000000E+009 -0.10000000E+009 -0.10000000E+009 -0.10000000E+009 -0.10000000E+009 -0.10000000E+009 -0.10000000E+009 -0.10000000E+009 -0.10000000E+009 -0.10000000E+009 -0.10000000E+009 -0.10000000E+009 -0.10000000E+009 -0.10000000E+009 -0.10000000E+009 -0.10000000E+009 -0.10000000E+009 -0.10000000E+009 -0.10000000E+009 -0.10000000E+009 -0.10000000E+009 -0.10000000E+009 -0.10000000E+009 -0.10000000E+009 -0.10000000E+009 -0.10000000E+009 -0.10000000E+009 -0.10000000E+009 -0.10000000E+009 -0.10000000E+009
  0.00000000E+000 -0.10000000E+009 -0.10000000E+009 -0.10000000E+009 -0.10000000E+009 -0.10000000E+009 -0.10000000E+009 -0.10000000E+009 -0.10000000E+009 -0.10000000E+009 -0.10000000E+009 -0.10000000E+009 -0.10000000E+009 -0.10000000E+009 -0.10000000E+009 -0.10000000E+009 -0.10000000E+009 -0.10000000E+009 -0.10000000E+009 -0.10000000E+009 -0.10000000E+009 -0.10000000E+009 -0.10000000E+009 -0.10000000E+009 -0.10000000E+009 -0.10000000E+009 -0.10000000E+009 -0.10000000E+009 -0.10000000E+009 -0.10000000E+009 -0.10000000E+009 -0.10000000E+009 -0.10000000E+009 -0.10000000E+009 -0.10000000E+009
  0.00000000E+000 -0.10000000E+009 -0.10000000E+009 -0.10000000E+009 -0.10000000E+009 -0.10000000E+009 -0.10000000E+009 -0.10000000E+009 -0.10000000E+009 -0.10000000E+009 -0.10000000E+009 -0.10000000E+009 -0.10000000E+009 -0.10000000E+009 -0.10000000E+009 -0.10000000E+009 -0.10000000E+009 -0.10000000E+009 -0.10000000E+009 -0.10000000E+009 -0.10000000E+009 -0.10000000E+009 -0.10000000E+009 -0.10000000E+009 -0.10000000E+009 -0.10000000E+009 -0.10000000E+009 -0.10000000E+009 -0.10000000E+009 -0.10000000E+009 -0.10000000E+009 -0.10000000E+009 -0.10000000E+009 -0.10000000E+009 -0.10000000E+009
  0.00000000E+000 -0.10000000E+009 -0.10000000E+009 -0.10000000E+009 -0.10000000E+009 -0.10000000E+009 -0.10000000E+009 -0.10000000E+009 -0.10000000E+009 -0.10000000E+009 -0.10000000E+009 -0.10000000E+009 -0.10000000E+009 -0.10000000E+009 -0.10000000E+009 -0.10000000E+009 -0.10000000E+009 -0.10000000E+009 -0.10000000E+009 -0.10000000E+009 -0.10000000E+009 -0.10000000E+009 -0.10000000E+009 -0.10000000E+009 -0.10000000E+009 -0.10000000E+009 -0.10000000E+009 -0.10000000E+009 -0.10000000E+009 -0.10000000E+009 -0.10000000E+009 -0.10000000E+009 -0.10000000E+009 -0.10000000E+009 -0.10000000E+009
  0.00000000E+000 -0.10000000E+009 -0.10000000E+009 -0.10000000E+009 -0.10000000E+009 -0.10000000E+009 -0.10000000E+009 -0.10000000E+009 -0.10000000E+009 -0.10000000E+009 -0.10000000E+009 -0.10000000E+009 -0.10000000E+009 -0.10000000E+009 -0.10000000E+009 -0.10000000E+009 -0.10000000E+009 -0.10000000E+009 -0.10000000E+009 -0.10000000E+009 -0.10000000E+009 -0.10000000E+009 -0.10000000E+009 -0.10000000E+009 -0.10000000E+009 -0.10000000E+009 -0.10000000E+009 -0.10000000E+009 -0.10000000E+009 -0.10000000E+009 -0.10000000E+009 -0.10000000E+009 -0.10000000E+009 -0.10000000E+009 -0.10000000E+009
  0.00000000E+000 -0.10000000E+009 -0.10000000E+009 -0.10000000E+009 -0.10000000E+009 -0.10000000E+009 -0.10000000E+009 -0.10000000E+009 -0.10000000E+009 -0.10000000E+009 -0.10000000E+009 -0.10000000E+009 -0.10000000E+009 -0.10000000E+009 -0.10000000E+009 -0.10000000E+009 -0.10000000E+009 -0.10000000E+009 -0.10000000E+009 -0.10000000E+009 -0.10000000E+009 -0.10000000E+009 -0.10000000E+009 -0.10000000E+009 -0.10000000E+009 -0.10000000E+009 -0.10000000E+009 -0.10000000E+009 -0.10000000E+009 -0.10000000E+009 -0.10000000E+009 -0.10000000E+009 -0.10000000E+009 -0.10000000E+009 -0.10000000E+009
  0.00000000E+000 -0.10000000E+009 -0.10000000E+009 -0.10000000E+009 -0.10000000E+009 -0.10000000E+009 -0.10000000E+009 -0.10000000E+009 -0.10000000E+009 -0.10000000E+009 -0.10000000E+009 -0.10000000E+009 -0.10000000E+009 -0.10000000E+009 -0.10000000E+009 -0.10000000E+009 -0.10000000E+009 -0.10000000E+009 -0.10000000E+009 -0.10000000E+009 -0.10000000E+009 -0.10000000E+009 -0.10000000E+009 -0.10000000E+009 -0.10000000E+009 -0.10000000E+009 -0.10000000E+009 -0.10000000E+009 -0.10000000E+009 -0.10000000E+009 -0.10000000E+009 -0.10000000E+009 -0.10000000E+009 -0.10000000E+009 -0.10000000E+009
  0.00000000E+000 -0.10000000E+009 -0.10000000E+009 -0.10000000E+009 -0.10000000E+009 -0.10000000E+009 -0.10000000E+009 -0.10000000E+009 -0.10000000E+009 -0.10000000E+009 -0.10000000E+009 -0.10000000E+009 -0.10000000E+009 -0.10000000E+009 -0.10000000E+009 -0.10000000E+009 -0.10000000E+009 -0.10000000E+009 -0.10000000E+009 -0.10000000E+009 -0.10000000E+009 -0.10000000E+009 -0.10000000E+009 -0.10000000E+009 -0.10000000E+009 -0.10000000E+009 -0.10000000E+009 -0.10000000E+009 -0.10000000E+009 -0.10000000E+009 -0.10000000E+009 -0.10000000E+009 -0.10000000E+009 -0.10000000E+009 -0.10000000E+009
  0.00000000E+000 -0.10000000E+009 -0.10000000E+009 -0.10000000E+009 -0.10000000E+009 -0.10000000E+009 -0.10000000E+009 -0.10000000E+009 -0.10000000E+009 -0.10000000E+009 -0.10000000E+009 -0.10000000E+009 -0.10000000E+009 -0.10000000E+009 -0.10000000E+009 -0.10000000E+009 -0.10000000E+009 -0.10000000E+009 -0.10000000E+009 -0.10000000E+009 -0.10000000E+009 -0.10000000E+009 -0.10000000E+009 -0.10000000E+009 -0.10000000E+009 -0.10000000E+009 -0.10000000E+009 -0.10000000E+009 -0.10000000E+009 -0.10000000E+009 -0.10000000E+009 -0.10000000E+009 -0.10000000E+009 -0.10000000E+009 -0.10000000E+009
  0.00000000E+000 -0.10000000E+009 -0.10000000E+009 -0.10000000E+009 -0.10000000E+009 -0.10000000E+009 -0.10000000E+009 -0.10000000E+009 -0.10000000E+009 -0.10000000E+009 -0.10000000E+009 -0.10000000E+009 -0.10000000E+009 -0.10000000E+009 -0.10000000E+009 -0.10000000E+009 -0.10000000E+009 -0.10000000E+009 -0.10000000E+009 -0.10000000E+009 -0.10000000E+009 -0.10000000E+009 -0.10000000E+009 -0.10000000E+009 -0.10000000E+009 -0.10000000E+009 -0.10000000E+009 -0.10000000E+009 -0.10000000E+009 -0.10000000E+009 -0.10000000E+009 -0.10000000E+009 -0.10000000E+009 -0.10000000E+009 -0.10000000E+009
  0.00000000E+000 -0.10000000E+009 -0.10000000E+009 -0.10000000E+009 -0.10000000E+009 -0.10000000E+009 -0.10000000E+009 -0.10000000E+009 -0.10000000E+009 -0.10000000E+009 -0.10000000E+009 -0.10000000E+009 -0.10000000E+009 -0.10000000E+009 -0.10000000E+009 -0.10000000E+009 -0.10000000E+009 -0.10000000E+009 -0.10000000E+009 -0.10000000E+009 -0.10000000E+009 -0.10000000E+009 -0.10000000E+009 -0.10000000E+009 -0.10000000E+009 -0.10000000E+009 -0.10000000E+009 -0.10000000E+009 -0.10000000E+009 -0.10000000E+009 -0.10000000E+009 -0.10000000E+009 -0.10000000E+009 -0.10000000E+009 -0.10000000E+009
  0.00000000E+000 -0.10000000E+009 -0.10000000E+009 -0.10000000E+009 -0.10000000E+009 -0.10000000E+009 -0.10000000E+009 -0.10000000E+009 -0.10000000E+009 -0.10000000E+009 -0.10000000E+009 -0.10000000E+009 -0.10000000E+009 -0.10000000E+009 -0.10000000E+009 -0.10000000E+009 -0.10000000E+009 -0.10000000E+009 -0.10000000E+009 -0.10000000E+009 -0.10000000E+009 -0.10000000E+009 -0.10000000E+009 -0.10000000E+009 -0.10000000E+009 -0.10000000E+009 -0.10000000E+009 -0.10000000E+009 -0.10000000E+009 -0.10000000E+009 -0.10000000E+009 -0.10000000E+009 -0.10000000E+009 -0.10000000E+009 -0.10000000E+009
  0.00000000E+000 -0.10000000E+009 -0.10000000E+009 -0.10000000E+009 -0.10000000E+009 -0.10000000E+009 -0.10000000E+009 -0.10000000E+009 -0.10000000E+009 -0.10000000E+009 -0.10000000E+009 -0.10000000E+009 -0.10000000E+009 -0.10000000E+009 -0.10000000E+009 -0.10000000E+009 -0.10000000E+009 -0.10000000E+009 -0.10000000E+009 -0.10000000E+009 -0.10000000E+009 -0.10000000E+009 -0.10000000E+009 -0.10000000E+009 -0.10000000E+009 -0.10000000E+009 -0.10000000E+009 -0.10000000E+009 -0.10000000E+009 -0.10000000E+009 -0.10000000E+009 -0.10000000E+009 -0.10000000E+009 -0.10000000E+009 -0.10000000E+009
  0.00000000E+000 -0.10000000E+009 -0.10000000E+009 -0.10000000E+009 -0.10000000E+009 -0.10000000E+009 -0.10000000E+009 -0.10000000E+009 -0.10000000E+009 -0.10000000E+009 -0.10000000E+009 -0.10000000E+009 -0.10000000E+009 -0.10000000E+009 -0.10000000E+009 -0.10000000E+009 -0.10000000E+009 -0.10000000E+009 -0.10000000E+009 -0.10000000E+009 -0.10000000E+009 -0.10000000E+009 -0.10000000E+009 -0.10000000E+009 -0.10000000E+009 -0.10000000E+009 -0.10000000E+009 -0.10000000E+009 -0.10000000E+009 -0.10000000E+009 -0.10000000E+009 -0.10000000E+009 -0.10000000E+009 -0.10000000E+009 -0.10000000E+009
  0.00000000E+000 -0.10000000E+009 -0.10000000E+009 -0.10000000E+009 -0.10000000E+009 -0.10000000E+009 -0.10000000E+009 -0.10000000E+009 -0.10000000E+009 -0.10000000E+009 -0.10000000E+009 -0.10000000E+009 -0.10000000E+009 -0.10000000E+009 -0.10000000E+009 -0.10000000E+009 -0.10000000E+009 -0.10000000E+009 -0.10000000E+009 -0.10000000E+009 -0.10000000E+009 -0.10000000E+009 -0.10000000E+009 -0.10000000E+009 -0.10000000E+009 -0.10000000E+009 -0.10000000E+009 -0.10000000E+009 -0.10000000E+009 -0.10000000E+009 -0.10000000E+009 -0.10000000E+009 -0.10000000E+009 -0.10000000E+009 -0.10000000E+009
  0.00000000E+000 -0.10000000E+009 -0.10000000E+009 -0.10000000E+009 -0.10000000E+009 -0.10000000E+009 -0.10000000E+009 -0.10000000E+009 -0.10000000E+009 -0.10000000E+009 -0.10000000E+009 -0.10000000E+009 -0.10000000E+009 -0.10000000E+009 -0.10000000E+009 -0.10000000E+009 -0.10000000E+009 -0.10000000E+009 -0.10000000E+009 -0.10000000E+009 -0.10000000E+009 -0.10000000E+009 -0.10000000E+009 -0.10000000E+009 -0.10000000E+009 -0.10000000E+009 -0.10000000E+009 -0.10000000E+009 -0.10000000E+009 -0.10000000E+009 -0.10000000E+009 -0.10000000E+009 -0.10000000E+009 -0.10000000E+009 -0.10000000E+009
  0.00000000E+000 -0.10000000E+009 -0.10000000E+009 -0.10000000E+009 -0.10000000E+009 -0.10000000E+009 -0.10000000E+009 -0.10000000E+009 -0.10000000E+009 -0.10000000E+009 -0.10000000E+009 -0.10000000E+009 -0.10000000E+009 -0.10000000E+009 -0.10000000E+009 -0.10000000E+009 -0.10000000E+009 -0.10000000E+009 -0.10000000E+009 -0.10000000E+009 -0.10000000E+009 -0.10000000E+009 -0.10000000E+009 -0.10000000E+009 -0.10000000E+009 -0.10000000E+009 -0.10000000E+009 -0.10000000E+009 -0.10000000E+009 -0.10000000E+009 -0.10000000E+009 -0.10000000E+009 -0.10000000E+009 -0.10000000E+009 -0.10000000E+009
  0.00000000E+000 -0.10000000E+009 -0.10000000E+009 -0.10000000E+009 -0.10000000E+009 -0.10000000E+009 -0.10000000E+009 -0.10000000E+009 -0.10000000E+009 -0.10000000E+009 -0.10000000E+009 -0.10000000E+009 -0.10000000E+009 -0.10000000E+009 -0.10000000E+009 -0.10000000E+009 -0.10000000E+009 -0.10000000E+009 -0.10000000E+009 -0.10000000E+009 -0.10000000E+009 -0.10000000E+009 -0.10000000E+009 -0.10000000E+009 -0.10000000E+009 -0.10000000E+009 -0.10000000E+009 -0.10000000E+009 -0.10000000E+009 -0.10000000E+009 -0.10000000E+009 -0.10000000E+009 -0.10000000E+009 -0.10000000E+009 -0.10000000E+009
  0.00000000E+000 -0.10000000E+009 -0.10000000E+009 -0.10000000E+009 -0.10000000E+009 -0.10000000E+009 -0.10000000E+009 -0.10000000E+009 -0.10000000E+009 -0.10000000E+009 -0.10000000E+009 -0.10000000E+009 -0.10000000E+009 -0.10000000E+009 -0.10000000E+009 -0.10000000E+009 -0.10000000E+009 -0.10000000E+009 -0.10000000E+009 -0.10000000E+009 -0.10000000E+009 -0.10000000E+009 -0.10000000E+009 -0.10000000E+009 -0.10000000E+009 -0.10000000E+009 -0.10000000E+009 -0.10000000E+009 -0.10000000E+009 -0.10000000E+009 -0.10000000E+009 -0.10000000E+009 -0.10000000E+009 -0.10000000E+009 -0.10000000E+009
  0.00000000E+000 -0.10000000E+009 -0.10000000E+009 -0.10000000E+009 -0.10000000E+009 -0.10000000E+009 -0.10000000E+009 -0.10000000E+009 -0.10000000E+009 -0.10000000E+009 -0.10000000E+009 -0.10000000E+009 -0.10000000E+009 -0.10000000E+009 -0.10000000E+009 -0.10000000E+009 -0.10000000E+009 -0.10000000E+009 -0.10000000E+009  0.17892015E+003 -0.16250741E+013 -0.16250741E+013 -0.52756936E+013 -0.52756936E+013 -0.52756936E+013 -0.52756936E+013 -0.52756936E+013 -0.52756936E+013 -0.52756936E+013 -0.52756936E+013 -0.52756936E+013 -0.52756936E+013 -0.52756936E+013 -0.52756936E+013 -0.52756936E+013
  0.00000000E+000 -0.10000000E+009 -0.10000000E+009 -0.10000000E+009 -0.10000000E+009 -0.10000000E+009 -0.10000000E+009 -0.10000000E+009 -0.10000000E+009 -0.10000000E+009 -0.10000000E+009 -0.10000000E+009 -0.10000000E+009 -0.10000000E+009 -0.10000000E+009 -0.10000000E+009 -0.10000000E+009 -0.10000000E+009 -0.10000000E+009  0.23733616E+003  0.23712717E+003  0.88365638E+000  0.89648256E+000  0.91145578E+000  0.92872854E+000  0.94845164E+000  0.97077443E+000  0.99584475E+000  0.00000000E+000  0.18124797E+003  0.17838073E+003  0.23722404E+003  0.18028558E+003  0.17700830E+003  0.00000000E+000
