  0.14114171E+001  0.14203614E+001  0.14620136E+001  0.15508445E+001  0.16976338E+001  0.19114171E+001  0.21252004E+001  0.22719897E+001  0.23608207E+001  0.24024728E+001  0.24114171E+001  0.24159733E+001  0.24444301E+001  0.25165656E+001  0.26506223E+001  0.28639564E+001  0.31733005E+001  0.35949084E+001  0.41446475E+001  0.48380627E+001  0.56904216E+001  0.67167516E+001  0.79318635E+001  0.93503787E+001  0.10986746E+002  0.12855250E+002  0.14970040E+002  0.17345123E+002  0.19994380E+002  0.22931587E+002  0.26170394E+002  0.29724368E+002  0.33606965E+002  0.37831547E+002  0.42411417E+002
  0.14114171E+001  0.14203614E+001  0.14620136E+001  0.15508445E+001  0.16976338E+001  0.19114171E+001  0.21252004E+001  0.22719897E+001  0.23608207E+001  0.24024728E+001  0.24114171E+001  0.24159733E+001  0.24444301E+001  0.25165656E+001  0.26506223E+001  0.28639564E+001  0.31733005E+001  0.35949084E+001  0.41446475E+001  0.48380627E+001  0.56904216E+001  0.67167516E+001  0.79318635E+001  0.93503787E+001  0.10986746E+002  0.12855250E+002  0.14970040E+002  0.17345123E+002  0.19994380E+002  0.22931587E+002  0.26170394E+002  0.29724368E+002  0.33606965E+002  0.37831547E+002  0.42411417E+002
  0.14114171E+001  0.14203614E+001  0.14620136E+001  0.15508445E+001  0.16976338E+001  0.19114171E+001  0.21252004E+001  0.22719897E+001  0.23608207E+001  0.24024728E+001  0.24114171E+001  0.24159733E+001  0.24444301E+001  0.25165656E+001  0.26506223E+001  0.28639564E+001  0.31733005E+001  0.35949084E+001  0.41446475E+001  0.48380627E+001  0.56904216E+001  0.67167516E+001  0.79318635E+001  0.93503787E+001  0.10986746E+002  0.12855250E+002  0.14970040E+002  0.17345123E+002  0.19994380E+002  0.22931587E+002  0.26170394E+002  0.29724368E+002  0.33606965E+002  0.37831547E+002  0.42411417E+002
  0.14114171E+001  0.14203614E+001  0.14620136E+001  0.15508445E+001  0.16976338E+001  0.19114171E+001  0.21252004E+001  0.22719897E+001  0.23608207E+001  0.24024728E+001  0.24114171E+001  0.24159733E+001  0.24444301E+001  0.25165656E+001  0.26506223E+001  0.28639564E+001  0.31733005E+001  0.35949084E+001  0.41446475E+001  0.48380627E+001  0.56904216E+001  0.67167516E+001  0.79318635E+001  0.93503787E+001  0.10986746E+002  0.12855250E+002  0.14970040E+002  0.17345123E+002  0.19994380E+002  0.22931587E+002  0.26170394E+002  0.29724368E+002  0.33606965E+002  0.37831547E+002  0.42411417E+002
  0.14114171E+001  0.14203614E+001  0.14620136E+001  0.15508445E+001  0.16976338E+001  0.19114171E+001  0.21252004E+001  0.22719897E+001  0.23608207E+001  0.24024728E+001  0.24114171E+001  0.24159733E+001  0.24444301E+001  0.25165656E+001  0.26506223E+001  0.28639564E+001  0.31733005E+001  0.35949084E+001  0.41446475E+001  0.48380627E+001  0.56904216E+001  0.67167516E+001  0.79318635E+001  0.93503787E+001  0.10986746E+002  0.12855250E+002  0.14970040E+002  0.17345123E+002  0.19994380E+002  0.22931587E+002  0.26170394E+002  0.29724368E+002  0.33606965E+002  0.37831547E+002  0.42411417E+002
  0.14114171E+001  0.14203614E+001  0.14620136E+001  0.15508445E+001  0.16976338E+001  0.19114171E+001  0.21252004E+001  0.22719897E+001  0.23608207E+001  0.24024728E+001  0.24114171E+001  0.24159733E+001  0.24444301E+001  0.25165656E+001  0.26506223E+001  0.28639564E+001  0.31733005E+001  0.35949084E+001  0.41446475E+001  0.48380627E+001  0.56904216E+001  0.67167516E+001  0.79318635E+001  0.93503787E+001  0.10986746E+002  0.12855250E+002  0.14970040E+002  0.17345123E+002  0.19994380E+002  0.22931587E+002  0.26170394E+002  0.29724368E+002  0.33606965E+002  0.37831547E+002  0.42411417E+002
  0.14114171E+001  0.14203614E+001  0.14620136E+001  0.15508445E+001  0.16976338E+001  0.19114171E+001  0.21252004E+001  0.22719897E+001  0.23608207E+001  0.24024728E+001  0.24114171E+001  0.24159733E+001  0.24444301E+001  0.25165656E+001  0.26506223E+001  0.28639564E+001  0.31733005E+001  0.35949084E+001  0.41446475E+001  0.48380627E+001  0.56904216E+001  0.67167516E+001  0.79318635E+001  0.93503787E+001  0.10986746E+002  0.12855250E+002  0.14970040E+002  0.17345123E+002  0.19994380E+002  0.22931587E+002  0.26170394E+002  0.29724368E+002  0.33606965E+002  0.37831547E+002  0.42411417E+002
  0.14114171E+001  0.14203614E+001  0.14620136E+001  0.15508445E+001  0.16976338E+001  0.19114171E+001  0.21252004E+001  0.22719897E+001  0.23608207E+001  0.24024728E+001  0.24114171E+001  0.24159733E+001  0.24444301E+001  0.25165656E+001  0.26506223E+001  0.28639564E+001  0.31733005E+001  0.35949084E+001  0.41446475E+001  0.48380627E+001  0.56904216E+001  0.67167516E+001  0.79318635E+001  0.93503787E+001  0.10986746E+002  0.12855250E+002  0.14970040E+002  0.17345123E+002  0.19994380E+002  0.22931587E+002  0.26170394E+002  0.29724368E+002  0.33606965E+002  0.37831547E+002  0.42411417E+002
  0.14114171E+001  0.14203614E+001  0.14620136E+001  0.15508445E+001  0.16976338E+001  0.19114171E+001  0.21252004E+001  0.22719897E+001  0.23608207E+001  0.24024728E+001  0.24114171E+001  0.24159733E+001  0.24444301E+001  0.25165656E+001  0.26506223E+001  0.28639564E+001  0.31733005E+001  0.35949084E+001  0.41446475E+001  0.48380627E+001  0.56904216E+001  0.67167516E+001  0.79318635E+001  0.93503787E+001  0.10986746E+002  0.12855250E+002  0.14970040E+002  0.17345123E+002  0.19994380E+002  0.22931587E+002  0.26170394E+002  0.29724368E+002  0.33606965E+002  0.37831547E+002  0.42411417E+002
  0.14114171E+001  0.14203614E+001  0.14620136E+001  0.15508445E+001  0.16976338E+001  0.19114171E+001  0.21252004E+001  0.22719897E+001  0.23608207E+001  0.24024728E+001  0.24114171E+001  0.24159733E+001  0.24444301E+001  0.25165656E+001  0.26506223E+001  0.28639564E+001  0.31733005E+001  0.35949084E+001  0.41446475E+001  0.48380627E+001  0.56904216E+001  0.67167516E+001  0.79318635E+001  0.93503787E+001  0.10986746E+002  0.12855250E+002  0.14970040E+002  0.17345123E+002  0.19994380E+002  0.22931587E+002  0.26170394E+002  0.29724368E+002  0.33606965E+002  0.37831547E+002  0.42411417E+002
  0.14114171E+001  0.14203614E+001  0.14620136E+001  0.15508445E+001  0.16976338E+001  0.19114171E+001  0.21252004E+001  0.22719897E+001  0.23608207E+001  0.24024728E+001  0.24114171E+001  0.24159733E+001  0.24444301E+001  0.25165656E+001  0.26506223E+001  0.28639564E+001  0.31733005E+001  0.35949084E+001  0.41446475E+001  0.48380627E+001  0.56904216E+001  0.67167516E+001  0.79318635E+001  0.93503787E+001  0.10986746E+002  0.12855250E+002  0.14970040E+002  0.17345123E+002  0.19994380E+002  0.22931587E+002  0.26170394E+002  0.29724368E+002  0.33606965E+002  0.37831547E+002  0.42411417E+002
  0.14114171E+001  0.14203614E+001  0.14620136E+001  0.15508445E+001  0.16976338E+001  0.19114171E+001  0.21252004E+001  0.22719897E+001  0.23608207E+001  0.24024728E+001  0.24114171E+001  0.24159733E+001  0.24444301E+001  0.25165656E+001  0.26506223E+001  0.28639564E+001  0.31733005E+001  0.35949084E+001  0.41446475E+001  0.48380627E+001  0.56904216E+001  0.67167516E+001  0.79318635E+001  0.93503787E+001  0.10986746E+002  0.12855250E+002  0.14970040E+002  0.17345123E+002  0.19994380E+002  0.22931587E+002  0.26170394E+002  0.29724368E+002  0.33606965E+002  0.37831547E+002  0.42411417E+002
  0.14114171E+001  0.14203614E+001  0.14620136E+001  0.15508445E+001  0.16976338E+001  0.19114171E+001  0.21252004E+001  0.22719897E+001  0.23608207E+001  0.24024728E+001  0.24114171E+001  0.24159733E+001  0.24444301E+001  0.25165656E+001  0.26506223E+001  0.28639564E+001  0.31733005E+001  0.35949084E+001  0.41446475E+001  0.48380627E+001  0.56904216E+001  0.67167516E+001  0.79318635E+001  0.93503787E+001  0.10986746E+002  0.12855250E+002  0.14970040E+002  0.17345123E+002  0.19994380E+002  0.22931587E+002  0.26170394E+002  0.29724368E+002  0.33606965E+002  0.37831547E+002  0.42411417E+002
  0.14114171E+001  0.14203614E+001  0.14620136E+001  0.15508445E+001  0.16976338E+001  0.19114171E+001  0.21252004E+001  0.22719897E+001  0.23608207E+001  0.24024728E+001  0.24114171E+001  0.24159733E+001  0.24444301E+001  0.25165656E+001  0.26506223E+001  0.28639564E+001  0.31733005E+001  0.35949084E+001  0.41446475E+001  0.48380627E+001  0.56904216E+001  0.67167516E+001  0.79318635E+001  0.93503787E+001  0.10986746E+002  0.12855250E+002  0.14970040E+002  0.17345123E+002  0.19994380E+002  0.22931587E+002  0.26170394E+002  0.29724368E+002  0.33606965E+002  0.37831547E+002  0.42411417E+002
  0.14114171E+001  0.14203614E+001  0.14620136E+001  0.15508445E+001  0.16976338E+001  0.19114171E+001  0.21252004E+001  0.22719897E+001  0.23608207E+001  0.24024728E+001  0.24114171E+001  0.24159733E+001  0.24444301E+001  0.25165656E+001  0.26506223E+001  0.28639564E+001  0.31733005E+001  0.35949084E+001  0.41446475E+001  0.48380627E+001  0.56904216E+001  0.67167516E+001  0.79318635E+001  0.93503787E+001  0.10986746E+002  0.12855250E+002  0.14970040E+002  0.17345123E+002  0.19994380E+002  0.22931587E+002  0.26170394E+002  0.29724368E+002  0.33606965E+002  0.37831547E+002  0.42411417E+002
  0.14114171E+001  0.14203614E+001  0.14620136E+001  0.15508445E+001  0.16976338E+001  0.19114171E+001  0.21252004E+001  0.22719897E+001  0.23608207E+001  0.24024728E+001  0.24114171E+001  0.24159733E+001  0.24444301E+001  0.25165656E+001  0.26506223E+001  0.28639564E+001  0.31733005E+001  0.35949084E+001  0.41446475E+001  0.48380627E+001  0.56904216E+001  0.67167516E+001  0.79318635E+001  0.93503787E+001  0.10986746E+002  0.12855250E+002  0.14970040E+002  0.17345123E+002  0.19994380E+002  0.22931587E+002  0.26170394E+002  0.29724368E+002  0.33606965E+002  0.37831547E+002  0.42411417E+002
  0.14114171E+001  0.14203614E+001  0.14620136E+001  0.15508445E+001  0.16976338E+001  0.19114171E+001  0.21252004E+001  0.22719897E+001  0.23608207E+001  0.24024728E+001  0.24114171E+001  0.24159733E+001  0.24444301E+001  0.25165656E+001  0.26506223E+001  0.28639564E+001  0.31733005E+001  0.35949084E+001  0.41446475E+001  0.48380627E+001  0.56904216E+001  0.67167516E+001  0.79318635E+001  0.93503787E+001  0.10986746E+002  0.12855250E+002  0.14970040E+002  0.17345123E+002  0.19994380E+002  0.22931587E+002  0.26170394E+002  0.29724368E+002  0.33606965E+002  0.37831547E+002  0.42411417E+002
  0.14114175E+001  0.14203618E+001  0.14620139E+001  0.15508449E+001  0.16976342E+001  0.19114175E+001  0.21252008E+001  0.22719901E+001  0.23608210E+001  0.24024732E+001  0.24114175E+001  0.24159736E+001  0.24444305E+001  0.25165659E+001  0.26506227E+001  0.28639568E+001  0.31733008E+001  0.35949087E+001  0.41446479E+001  0.48380630E+001  0.56904220E+001  0.67167519E+001  0.79318638E+001  0.93503791E+001  0.10986746E+002  0.12855250E+002  0.14970040E+002  0.17345124E+002  0.19994381E+002  0.22931587E+002  0.26170394E+002  0.29724368E+002  0.33606965E+002  0.37831548E+002  0.42411417E+002
  0.14114452E+001  0.14203894E+001  0.14620416E+001  0.15508726E+001  0.16976619E+001  0.19114452E+001  0.21252285E+001  0.22720177E+001  0.23608487E+001  0.24025009E+001  0.24114452E+001  0.24160013E+001  0.24444582E+001  0.25165936E+001  0.26506503E+001  0.28639845E+001  0.31733285E+001  0.35949364E+001  0.41446756E+001  0.48380907E+001  0.56904497E+001  0.67167796E+001  0.79318915E+001  0.93504068E+001  0.10986774E+002  0.12855278E+002  0.14970068E+002  0.17345151E+002  0.19994408E+002  0.22931615E+002  0.26170422E+002  0.29724396E+002  0.33606993E+002  0.37831575E+002  0.42411445E+002
  0.14128492E+001  0.14217935E+001  0.14634457E+001  0.15522766E+001  0.16990659E+001  0.19128492E+001  0.21266325E+001  0.22734218E+001  0.23622528E+001  0.24039049E+001  0.24128492E+001  0.24174054E+001  0.24458622E+001  0.25179976E+001  0.26520544E+001  0.28653885E+001  0.31747325E+001  0.35963405E+001  0.41460796E+001  0.48394948E+001  0.56918537E+001  0.67181837E+001  0.79332956E+001  0.93518108E+001  0.10988178E+002  0.12856682E+002  0.14971472E+002  0.17346555E+002  0.19995812E+002  0.22933019E+002  0.26171826E+002  0.29725800E+002  0.33608397E+002  0.37832979E+002  0.42412849E+002
  0.14477771E+001  0.14567214E+001  0.14983735E+001  0.15872045E+001  0.17339938E+001  0.19477771E+001  0.21615604E+001  0.23083497E+001  0.23971806E+001  0.24388328E+001  0.24477771E+001  0.24523332E+001  0.24807901E+001  0.25529255E+001  0.26869823E+001  0.29003164E+001  0.32096604E+001  0.36312683E+001  0.41810075E+001  0.48744226E+001  0.57267816E+001  0.67531116E+001  0.79682234E+001  0.93867387E+001  0.11023106E+002  0.12891610E+002  0.15006400E+002  0.17381483E+002  0.20030740E+002  0.22967947E+002  0.26206754E+002  0.29760728E+002  0.33643325E+002  0.37867907E+002  0.42447777E+002
  0.14464915E+001  0.14554358E+001  0.14970880E+001  0.15859189E+001  0.17327082E+001  0.19464915E+001  0.21602748E+001  0.23070641E+001  0.23958950E+001  0.24375472E+001  0.24464915E+001  0.24510477E+001  0.24795045E+001  0.25516399E+001  0.26856967E+001  0.28990308E+001  0.32083748E+001  0.36299828E+001  0.41797219E+001  0.48731370E+001  0.57254960E+001  0.67518260E+001  0.79669379E+001  0.93854531E+001  0.11021820E+002  0.12890324E+002  0.15005114E+002  0.17380198E+002  0.20029455E+002  0.22966661E+002  0.26205468E+002  0.29759442E+002  0.33642039E+002  0.37866622E+002  0.42446491E+002
  0.14501230E+001  0.14590673E+001  0.15007195E+001  0.15895504E+001  0.17363397E+001  0.19501230E+001  0.21639063E+001  0.23106956E+001  0.23995266E+001  0.24411787E+001  0.24501230E+001  0.24546792E+001  0.24831360E+001  0.25552715E+001  0.26893282E+001  0.29026623E+001  0.32120064E+001  0.36336143E+001  0.41833534E+001  0.48767686E+001  0.57291275E+001  0.67554575E+001  0.79705694E+001  0.93890846E+001  0.11025452E+002  0.12893956E+002  0.15008746E+002  0.17383829E+002  0.20033086E+002  0.22970293E+002  0.26209100E+002  0.29763074E+002  0.33645671E+002  0.37870253E+002  0.42450123E+002
  0.11909275E+001  0.11909275E+001  0.11909276E+001  0.11909278E+001  0.11909284E+001  0.11909296E+001  0.11909311E+001  0.11909312E+001  0.11909330E+001  0.11909338E+001  0.11909340E+001  0.11909340E+001  0.11909340E+001  0.11909341E+001  0.13249908E+001  0.15383249E+001  0.18476690E+001  0.22692769E+001  0.28190161E+001  0.35124312E+001  0.43647902E+001  0.53911202E+001  0.66062321E+001  0.80247474E+001  0.96611146E+001  0.11529619E+002  0.13644409E+002  0.16019493E+002  0.18668750E+002  0.21605957E+002  0.24844765E+002  0.28398740E+002  0.28398970E+002  0.28399290E+002  0.28399716E+002
  0.14152875E+001  0.14242318E+001  0.14658840E+001  0.15547149E+001  0.17015042E+001  0.19152875E+001  0.21290708E+001  0.13370699E+001  0.13378152E+001  0.13650018E+001  0.13708449E+001  0.13754011E+001  0.14038579E+001  0.14759934E+001  0.16100501E+001  0.18233842E+001  0.21327283E+001  0.13000565E+001  0.12993335E+001  0.19927487E+001  0.28451077E+001  0.38714378E+001  0.50865498E+001  0.65050653E+001  0.26227773E+002  0.26662438E+002  0.27106045E+002  0.27544372E+002  0.27959286E+002  0.28254814E+002  0.31493621E+002  0.35047595E+002  0.38930192E+002  0.43154775E+002  0.47734644E+002
