 -0.97864490E+000 -0.96970062E+000 -0.92804845E+000 -0.83921748E+000 -0.69242819E+000 -0.47864490E+000 -0.26486162E+000 -0.11807232E+000 -0.29241352E-001  0.12410821E-001  0.21355094E-001  0.25911257E-001  0.54368093E-001  0.12650353E+000  0.26056028E+000  0.47389439E+000  0.78323844E+000  0.12048464E+001  0.17545855E+001  0.24480007E+001  0.33003596E+001  0.43266896E+001  0.55418015E+001  0.69603167E+001  0.85966838E+001  0.10465188E+002  0.12579978E+002  0.14955061E+002  0.17604318E+002  0.20541525E+002  0.23780332E+002  0.27334306E+002  0.31216903E+002  0.35441485E+002  0.40021355E+002
 -0.97864490E+000 -0.96970062E+000 -0.92804845E+000 -0.83921748E+000 -0.69242819E+000 -0.47864490E+000 -0.26486162E+000 -0.11807232E+000 -0.29241352E-001  0.12410821E-001  0.21355094E-001  0.25911257E-001  0.54368093E-001  0.12650353E+000  0.26056028E+000  0.47389439E+000  0.78323844E+000  0.12048464E+001  0.17545855E+001  0.24480007E+001  0.33003596E+001  0.43266896E+001  0.55418015E+001  0.69603167E+001  0.85966838E+001  0.10465188E+002  0.12579978E+002  0.14955061E+002  0.17604318E+002  0.20541525E+002  0.23780332E+002  0.27334306E+002  0.31216903E+002  0.35441485E+002  0.40021355E+002
 -0.97864490E+000 -0.96970062E+000 -0.92804845E+000 -0.83921748E+000 -0.69242819E+000 -0.47864490E+000 -0.26486162E+000 -0.11807232E+000 -0.29241352E-001  0.12410821E-001  0.21355094E-001  0.25911257E-001  0.54368093E-001  0.12650353E+000  0.26056028E+000  0.47389439E+000  0.78323844E+000  0.12048464E+001  0.17545855E+001  0.24480007E+001  0.33003596E+001  0.43266896E+001  0.55418015E+001  0.69603167E+001  0.85966838E+001  0.10465188E+002  0.12579978E+002  0.14955061E+002  0.17604318E+002  0.20541525E+002  0.23780332E+002  0.27334306E+002  0.31216903E+002  0.35441485E+002  0.40021355E+002
 -0.97864490E+000 -0.96970062E+000 -0.92804845E+000 -0.83921748E+000 -0.69242819E+000 -0.47864490E+000 -0.26486162E+000 -0.11807232E+000 -0.29241352E-001  0.12410821E-001  0.21355094E-001  0.25911257E-001  0.54368093E-001  0.12650353E+000  0.26056028E+000  0.47389439E+000  0.78323844E+000  0.12048464E+001  0.17545855E+001  0.24480007E+001  0.33003596E+001  0.43266896E+001  0.55418015E+001  0.69603167E+001  0.85966838E+001  0.10465188E+002  0.12579978E+002  0.14955061E+002  0.17604318E+002  0.20541525E+002  0.23780332E+002  0.27334306E+002  0.31216903E+002  0.35441485E+002  0.40021355E+002
 -0.97864490E+000 -0.96970062E+000 -0.92804845E+000 -0.83921748E+000 -0.69242819E+000 -0.47864490E+000 -0.26486162E+000 -0.11807232E+000 -0.29241352E-001  0.12410821E-001  0.21355094E-001  0.25911257E-001  0.54368093E-001  0.12650353E+000  0.26056028E+000  0.47389439E+000  0.78323844E+000  0.12048464E+001  0.17545855E+001  0.24480007E+001  0.33003596E+001  0.43266896E+001  0.55418015E+001  0.69603167E+001  0.85966838E+001  0.10465188E+002  0.12579978E+002  0.14955061E+002  0.17604318E+002  0.20541525E+002  0.23780332E+002  0.27334306E+002  0.31216903E+002  0.35441485E+002  0.40021355E+002
 -0.97864490E+000 -0.96970062E+000 -0.92804845E+000 -0.83921748E+000 -0.69242819E+000 -0.47864490E+000 -0.26486162E+000 -0.11807232E+000 -0.29241352E-001  0.12410821E-001  0.21355094E-001  0.25911257E-001  0.54368093E-001  0.12650353E+000  0.26056028E+000  0.47389439E+000  0.78323844E+000  0.12048464E+001  0.17545855E+001  0.24480007E+001  0.33003596E+001  0.43266896E+001  0.55418015E+001  0.69603167E+001  0.85966838E+001  0.10465188E+002  0.12579978E+002  0.14955061E+002  0.17604318E+002  0.20541525E+002  0.23780332E+002  0.27334306E+002  0.31216903E+002  0.35441485E+002  0.40021355E+002
 -0.97864490E+000 -0.96970062E+000 -0.92804845E+000 -0.83921748E+000 -0.69242819E+000 -0.47864490E+000 -0.26486162E+000 -0.11807232E+000 -0.29241352E-001  0.12410821E-001  0.21355094E-001  0.25911257E-001  0.54368093E-001  0.12650353E+000  0.26056028E+000  0.47389439E+000  0.78323844E+000  0.12048464E+001  0.17545855E+001  0.24480007E+001  0.33003596E+001  0.43266896E+001  0.55418015E+001  0.69603167E+001  0.85966838E+001  0.10465188E+002  0.12579978E+002  0.14955061E+002  0.17604318E+002  0.20541525E+002  0.23780332E+002  0.27334306E+002  0.31216903E+002  0.35441485E+002  0.40021355E+002
 -0.97864490E+000 -0.96970062E+000 -0.92804845E+000 -0.83921748E+000 -0.69242819E+000 -0.47864490E+000 -0.26486162E+000 -0.11807232E+000 -0.29241352E-001  0.12410821E-001  0.21355094E-001  0.25911257E-001  0.54368093E-001  0.12650353E+000  0.26056028E+000  0.47389439E+000  0.78323844E+000  0.12048464E+001  0.17545855E+001  0.24480007E+001  0.33003596E+001  0.43266896E+001  0.55418015E+001  0.69603167E+001  0.85966838E+001  0.10465188E+002  0.12579978E+002  0.14955061E+002  0.17604318E+002  0.20541525E+002  0.23780332E+002  0.27334306E+002  0.31216903E+002  0.35441485E+002  0.40021355E+002
 -0.97864490E+000 -0.96970062E+000 -0.92804845E+000 -0.83921748E+000 -0.69242819E+000 -0.47864490E+000 -0.26486162E+000 -0.11807232E+000 -0.29241352E-001  0.12410821E-001  0.21355094E-001  0.25911257E-001  0.54368093E-001  0.12650353E+000  0.26056028E+000  0.47389439E+000  0.78323844E+000  0.12048464E+001  0.17545855E+001  0.24480007E+001  0.33003596E+001  0.43266896E+001  0.55418015E+001  0.69603167E+001  0.85966838E+001  0.10465188E+002  0.12579978E+002  0.14955061E+002  0.17604318E+002  0.20541525E+002  0.23780332E+002  0.27334306E+002  0.31216903E+002  0.35441485E+002  0.40021355E+002
 -0.97864490E+000 -0.96970062E+000 -0.92804845E+000 -0.83921748E+000 -0.69242819E+000 -0.47864490E+000 -0.26486162E+000 -0.11807232E+000 -0.29241352E-001  0.12410821E-001  0.21355094E-001  0.25911257E-001  0.54368093E-001  0.12650353E+000  0.26056028E+000  0.47389439E+000  0.78323844E+000  0.12048464E+001  0.17545855E+001  0.24480007E+001  0.33003596E+001  0.43266896E+001  0.55418015E+001  0.69603167E+001  0.85966838E+001  0.10465188E+002  0.12579978E+002  0.14955061E+002  0.17604318E+002  0.20541525E+002  0.23780332E+002  0.27334306E+002  0.31216903E+002  0.35441485E+002  0.40021355E+002
 -0.97864490E+000 -0.96970062E+000 -0.92804845E+000 -0.83921748E+000 -0.69242819E+000 -0.47864490E+000 -0.26486162E+000 -0.11807232E+000 -0.29241352E-001  0.12410821E-001  0.21355094E-001  0.25911257E-001  0.54368093E-001  0.12650353E+000  0.26056028E+000  0.47389439E+000  0.78323844E+000  0.12048464E+001  0.17545855E+001  0.24480007E+001  0.33003596E+001  0.43266896E+001  0.55418015E+001  0.69603167E+001  0.85966838E+001  0.10465188E+002  0.12579978E+002  0.14955061E+002  0.17604318E+002  0.20541525E+002  0.23780332E+002  0.27334306E+002  0.31216903E+002  0.35441485E+002  0.40021355E+002
 -0.97864490E+000 -0.96970062E+000 -0.92804845E+000 -0.83921748E+000 -0.69242819E+000 -0.47864490E+000 -0.26486162E+000 -0.11807232E+000 -0.29241352E-001  0.12410821E-001  0.21355094E-001  0.25911257E-001  0.54368093E-001  0.12650353E+000  0.26056028E+000  0.47389439E+000  0.78323844E+000  0.12048464E+001  0.17545855E+001  0.24480007E+001  0.33003596E+001  0.43266896E+001  0.55418015E+001  0.69603167E+001  0.85966838E+001  0.10465188E+002  0.12579978E+002  0.14955061E+002  0.17604318E+002  0.20541525E+002  0.23780332E+002  0.27334306E+002  0.31216903E+002  0.35441485E+002  0.40021355E+002
 -0.97864490E+000 -0.96970062E+000 -0.92804845E+000 -0.83921748E+000 -0.69242819E+000 -0.47864490E+000 -0.26486162E+000 -0.11807232E+000 -0.29241352E-001  0.12410821E-001  0.21355094E-001  0.25911257E-001  0.54368093E-001  0.12650353E+000  0.26056028E+000  0.47389439E+000  0.78323844E+000  0.12048464E+001  0.17545855E+001  0.24480007E+001  0.33003596E+001  0.43266896E+001  0.55418015E+001  0.69603167E+001  0.85966838E+001  0.10465188E+002  0.12579978E+002  0.14955061E+002  0.17604318E+002  0.20541525E+002  0.23780332E+002  0.27334306E+002  0.31216903E+002  0.35441485E+002  0.40021355E+002
 -0.97864490E+000 -0.96970062E+000 -0.92804845E+000 -0.83921748E+000 -0.69242819E+000 -0.47864490E+000 -0.26486162E+000 -0.11807232E+000 -0.29241352E-001  0.12410821E-001  0.21355094E-001  0.25911257E-001  0.54368093E-001  0.12650353E+000  0.26056028E+000  0.47389439E+000  0.78323844E+000  0.12048464E+001  0.17545855E+001  0.24480007E+001  0.33003596E+001  0.43266896E+001  0.55418015E+001  0.69603167E+001  0.85966838E+001  0.10465188E+002  0.12579978E+002  0.14955061E+002  0.17604318E+002  0.20541525E+002  0.23780332E+002  0.27334306E+002  0.31216903E+002  0.35441485E+002  0.40021355E+002
 -0.97864490E+000 -0.96970062E+000 -0.92804845E+000 -0.83921748E+000 -0.69242818E+000 -0.47864490E+000 -0.26486162E+000 -0.11807232E+000 -0.29241350E-001  0.12410823E-001  0.21355095E-001  0.25911258E-001  0.54368095E-001  0.12650354E+000  0.26056028E+000  0.47389440E+000  0.78323844E+000  0.12048464E+001  0.17545855E+001  0.24480007E+001  0.33003596E+001  0.43266896E+001  0.55418015E+001  0.69603167E+001  0.85966838E+001  0.10465188E+002  0.12579978E+002  0.14955061E+002  0.17604318E+002  0.20541525E+002  0.23780332E+002  0.27334306E+002  0.31216903E+002  0.35441485E+002  0.40021355E+002
 -0.97864482E+000 -0.96970055E+000 -0.92804838E+000 -0.83921741E+000 -0.69242811E+000 -0.47864483E+000 -0.26486154E+000 -0.11807225E+000 -0.29241278E-001  0.12410895E-001  0.21355167E-001  0.25911330E-001  0.54368167E-001  0.12650361E+000  0.26056035E+000  0.47389447E+000  0.78323851E+000  0.12048464E+001  0.17545856E+001  0.24480007E+001  0.33003597E+001  0.43266897E+001  0.55418016E+001  0.69603168E+001  0.85966838E+001  0.10465188E+002  0.12579978E+002  0.14955061E+002  0.17604318E+002  0.20541525E+002  0.23780332E+002  0.27334306E+002  0.31216903E+002  0.35441485E+002  0.40021355E+002
 -0.97864200E+000 -0.96969773E+000 -0.92804555E+000 -0.83921458E+000 -0.69242529E+000 -0.47864200E+000 -0.26485872E+000 -0.11806942E+000 -0.29238454E-001  0.12413719E-001  0.21357992E-001  0.25914155E-001  0.54370991E-001  0.12650643E+000  0.26056318E+000  0.47389729E+000  0.78324134E+000  0.12048493E+001  0.17545884E+001  0.24480036E+001  0.33003625E+001  0.43266925E+001  0.55418044E+001  0.69603196E+001  0.85966867E+001  0.10465191E+002  0.12579981E+002  0.14955064E+002  0.17604321E+002  0.20541528E+002  0.23780335E+002  0.27334309E+002  0.31216906E+002  0.35441488E+002  0.40021358E+002
 -0.97855596E+000 -0.96961169E+000 -0.92795952E+000 -0.83912855E+000 -0.69233925E+000 -0.47855597E+000 -0.26477268E+000 -0.11798339E+000 -0.29152417E-001  0.12499756E-001  0.21444029E-001  0.26000192E-001  0.54457028E-001  0.12659247E+000  0.26064921E+000  0.47398333E+000  0.78332737E+000  0.12049353E+001  0.17546745E+001  0.24480896E+001  0.33004486E+001  0.43267785E+001  0.55418904E+001  0.69604056E+001  0.85967727E+001  0.10465277E+002  0.12580067E+002  0.14955150E+002  0.17604407E+002  0.20541614E+002  0.23780421E+002  0.27334395E+002  0.31216992E+002  0.35441574E+002  0.40021444E+002
 -0.97658362E+000 -0.96763935E+000 -0.92598718E+000 -0.83715621E+000 -0.69036691E+000 -0.47658363E+000 -0.26280034E+000 -0.11601105E+000 -0.27180078E-001  0.14472095E-001  0.23416368E-001  0.27972531E-001  0.56429367E-001  0.12856481E+000  0.26262155E+000  0.47595567E+000  0.78529971E+000  0.12069076E+001  0.17566468E+001  0.24500619E+001  0.33024209E+001  0.43287509E+001  0.55438628E+001  0.69623780E+001  0.85987450E+001  0.10467249E+002  0.12582039E+002  0.14957123E+002  0.17606379E+002  0.20543586E+002  0.23782393E+002  0.27336367E+002  0.31218964E+002  0.35443547E+002  0.40023416E+002
 -0.94437368E+000 -0.93542941E+000 -0.89377724E+000 -0.80494627E+000 -0.65815697E+000 -0.44437369E+000 -0.23059041E+000 -0.83801109E-001  0.50298606E-002  0.46682034E-001  0.55626306E-001  0.60182469E-001  0.88639306E-001  0.16077475E+000  0.29483149E+000  0.50816561E+000  0.81750965E+000  0.12391176E+001  0.17888567E+001  0.24822719E+001  0.33346308E+001  0.43609608E+001  0.55760727E+001  0.69945879E+001  0.86309549E+001  0.10499459E+002  0.12614249E+002  0.14989332E+002  0.17638589E+002  0.20575796E+002  0.23814603E+002  0.27368577E+002  0.31251174E+002  0.35475756E+002  0.40055626E+002
 -0.61610514E+000 -0.60716087E+000 -0.56550869E+000 -0.47667772E+000 -0.32988843E+000 -0.11610514E+000  0.97678141E-001  0.24446744E+000  0.33329841E+000  0.37495058E+000  0.38389485E+000  0.38845102E+000  0.41690785E+000  0.48904329E+000  0.62309999E+000  0.83643403E+000  0.11457780E+001  0.15673857E+001 -0.20020975E+002 -0.20289137E+002 -0.19436778E+002 -0.18410448E+002 -0.17195336E+002 -0.15776821E+002 -0.14140454E+002 -0.12271950E+002 -0.10157159E+002 -0.77820763E+001 -0.51328194E+001 -0.21956129E+001  0.10431943E+001  0.45971683E+001  0.84797651E+001  0.12704348E+002  0.17284217E+002
  0.20025019E+000  0.20025026E+000  0.20025049E+000  0.33950700E+000  0.33950769E+000  0.33950868E+000  0.33950967E+000  0.33951036E+000  0.33951077E+000  0.33951096E+000  0.33951100E+000  0.33951103E+000  0.33951116E+000  0.33951149E+000  0.33951212E+000  0.33951311E+000  0.33951455E+000  0.33951729E+000  0.33952087E+000  0.33952538E+000  0.33953093E+000  0.33953760E+000  0.33954551E+000  0.33955473E+000  0.33956537E+000  0.33957751E+000  0.33959125E+000  0.33960667E+000  0.33962387E+000  0.33964293E+000  0.33966394E+000  0.33969618E+000  0.33972133E+000  0.33974867E+000  0.33977829E+000
  0.10059257E+001  0.10059284E+001  0.10059409E+001  0.10061205E+001  0.10061184E+001  0.10061153E+001  0.10061125E+001  0.10060961E+001  0.10060862E+001  0.10060816E+001  0.10060806E+001  0.10060801E+001  0.10060769E+001  0.10060689E+001  0.10060541E+001  0.10060309E+001  0.10059977E+001  0.10059536E+001  0.10058980E+001  0.10058500E+001  0.10057679E+001  0.10056673E+001  0.10055456E+001  0.10053999E+001  0.10052273E+001  0.10050248E+001  0.10047904E+001  0.10045264E+001  0.10042624E+001  0.10040074E+001  0.10037719E+001  0.10032920E+001  0.10028251E+001  0.10023948E+001  0.10020197E+001
 -0.11908996E+001 -0.11819554E+001 -0.11403032E+001 -0.11403035E+001 -0.13384691E+001 -0.13391093E+001 -0.11253261E+001 -0.17296563E+002 -0.17244277E+002 -0.17202625E+002 -0.17193681E+002 -0.17292272E+002 -0.17274350E+002 -0.17202215E+002 -0.17068158E+002 -0.16854824E+002 -0.16545480E+002 -0.16123872E+002 -0.15574133E+002 -0.14880718E+002 -0.21082238E+002 -0.21494702E+002 -0.21985272E+002 -0.22555384E+002 -0.23195236E+002 -0.23864299E+002 -0.24434128E+002 -0.24507337E+002 -0.21858080E+002 -0.18920874E+002 -0.15682067E+002 -0.29978341E+002 -0.26594827E+002 -0.22370245E+002 -0.17790375E+002
 -0.96111020E+000 -0.95216593E+000 -0.91051376E+000 -0.21096730E+001 -0.21094425E+001 -0.19828107E+001 -0.17690274E+001 -0.16222382E+001 -0.15334072E+001 -0.14917550E+001 -0.14828107E+001 -0.14782546E+001 -0.14497977E+001 -0.13776623E+001 -0.12436056E+001 -0.10302715E+001 -0.72092753E+000 -0.29931974E+000 -0.24853432E+002 -0.24902356E+002 -0.24049997E+002 -0.23023667E+002 -0.21808556E+002 -0.20390040E+002 -0.18753673E+002 -0.16885171E+002 -0.14770383E+002 -0.12395302E+002 -0.97460483E+001 -0.68088448E+001 -0.35700526E+001 -0.16095632E-001  0.38664820E+001  0.80910436E+001  0.12670890E+002
