  0.97198618E+000  0.98093045E+000  0.10225826E+001  0.11114136E+001  0.12582029E+001  0.14719862E+001  0.16857695E+001  0.18325588E+001  0.19213897E+001  0.19630419E+001  0.19719862E+001  0.19765423E+001  0.20049992E+001  0.20771346E+001  0.22111914E+001  0.24245255E+001  0.27338695E+001  0.31554774E+001  0.37052166E+001  0.43986317E+001  0.52509907E+001  0.62773207E+001  0.74924326E+001  0.89109478E+001  0.10547315E+002  0.12415819E+002  0.14530609E+002  0.16905692E+002  0.19554949E+002  0.22492156E+002  0.25730963E+002  0.29284937E+002  0.33167534E+002  0.37392116E+002  0.41971986E+002
  0.97198618E+000  0.98093045E+000  0.10225826E+001  0.11114136E+001  0.12582029E+001  0.14719862E+001  0.16857695E+001  0.18325588E+001  0.19213897E+001  0.19630419E+001  0.19719862E+001  0.19765423E+001  0.20049992E+001  0.20771346E+001  0.22111914E+001  0.24245255E+001  0.27338695E+001  0.31554774E+001  0.37052166E+001  0.43986317E+001  0.52509907E+001  0.62773207E+001  0.74924326E+001  0.89109478E+001  0.10547315E+002  0.12415819E+002  0.14530609E+002  0.16905692E+002  0.19554949E+002  0.22492156E+002  0.25730963E+002  0.29284937E+002  0.33167534E+002  0.37392116E+002  0.41971986E+002
  0.97198618E+000  0.98093045E+000  0.10225826E+001  0.11114136E+001  0.12582029E+001  0.14719862E+001  0.16857695E+001  0.18325588E+001  0.19213897E+001  0.19630419E+001  0.19719862E+001  0.19765423E+001  0.20049992E+001  0.20771346E+001  0.22111914E+001  0.24245255E+001  0.27338695E+001  0.31554774E+001  0.37052166E+001  0.43986317E+001  0.52509907E+001  0.62773207E+001  0.74924326E+001  0.89109478E+001  0.10547315E+002  0.12415819E+002  0.14530609E+002  0.16905692E+002  0.19554949E+002  0.22492156E+002  0.25730963E+002  0.29284937E+002  0.33167534E+002  0.37392116E+002  0.41971986E+002
  0.97198618E+000  0.98093045E+000  0.10225826E+001  0.11114136E+001  0.12582029E+001  0.14719862E+001  0.16857695E+001  0.18325588E+001  0.19213897E+001  0.19630419E+001  0.19719862E+001  0.19765423E+001  0.20049992E+001  0.20771346E+001  0.22111914E+001  0.24245255E+001  0.27338695E+001  0.31554774E+001  0.37052166E+001  0.43986317E+001  0.52509907E+001  0.62773207E+001  0.74924326E+001  0.89109478E+001  0.10547315E+002  0.12415819E+002  0.14530609E+002  0.16905692E+002  0.19554949E+002  0.22492156E+002  0.25730963E+002  0.29284937E+002  0.33167534E+002  0.37392116E+002  0.41971986E+002
  0.97198618E+000  0.98093045E+000  0.10225826E+001  0.11114136E+001  0.12582029E+001  0.14719862E+001  0.16857695E+001  0.18325588E+001  0.19213897E+001  0.19630419E+001  0.19719862E+001  0.19765423E+001  0.20049992E+001  0.20771346E+001  0.22111914E+001  0.24245255E+001  0.27338695E+001  0.31554774E+001  0.37052166E+001  0.43986317E+001  0.52509907E+001  0.62773207E+001  0.74924326E+001  0.89109478E+001  0.10547315E+002  0.12415819E+002  0.14530609E+002  0.16905692E+002  0.19554949E+002  0.22492156E+002  0.25730963E+002  0.29284937E+002  0.33167534E+002  0.37392116E+002  0.41971986E+002
  0.97198618E+000  0.98093045E+000  0.10225826E+001  0.11114136E+001  0.12582029E+001  0.14719862E+001  0.16857695E+001  0.18325588E+001  0.19213897E+001  0.19630419E+001  0.19719862E+001  0.19765423E+001  0.20049992E+001  0.20771346E+001  0.22111914E+001  0.24245255E+001  0.27338695E+001  0.31554774E+001  0.37052166E+001  0.43986317E+001  0.52509907E+001  0.62773207E+001  0.74924326E+001  0.89109478E+001  0.10547315E+002  0.12415819E+002  0.14530609E+002  0.16905692E+002  0.19554949E+002  0.22492156E+002  0.25730963E+002  0.29284937E+002  0.33167534E+002  0.37392116E+002  0.41971986E+002
  0.97198618E+000  0.98093045E+000  0.10225826E+001  0.11114136E+001  0.12582029E+001  0.14719862E+001  0.16857695E+001  0.18325588E+001  0.19213897E+001  0.19630419E+001  0.19719862E+001  0.19765423E+001  0.20049992E+001  0.20771346E+001  0.22111914E+001  0.24245255E+001  0.27338695E+001  0.31554774E+001  0.37052166E+001  0.43986317E+001  0.52509907E+001  0.62773207E+001  0.74924326E+001  0.89109478E+001  0.10547315E+002  0.12415819E+002  0.14530609E+002  0.16905692E+002  0.19554949E+002  0.22492156E+002  0.25730963E+002  0.29284937E+002  0.33167534E+002  0.37392116E+002  0.41971986E+002
  0.97198618E+000  0.98093045E+000  0.10225826E+001  0.11114136E+001  0.12582029E+001  0.14719862E+001  0.16857695E+001  0.18325588E+001  0.19213897E+001  0.19630419E+001  0.19719862E+001  0.19765423E+001  0.20049992E+001  0.20771346E+001  0.22111914E+001  0.24245255E+001  0.27338695E+001  0.31554774E+001  0.37052166E+001  0.43986317E+001  0.52509907E+001  0.62773207E+001  0.74924326E+001  0.89109478E+001  0.10547315E+002  0.12415819E+002  0.14530609E+002  0.16905692E+002  0.19554949E+002  0.22492156E+002  0.25730963E+002  0.29284937E+002  0.33167534E+002  0.37392116E+002  0.41971986E+002
  0.97198618E+000  0.98093045E+000  0.10225826E+001  0.11114136E+001  0.12582029E+001  0.14719862E+001  0.16857695E+001  0.18325588E+001  0.19213897E+001  0.19630419E+001  0.19719862E+001  0.19765423E+001  0.20049992E+001  0.20771346E+001  0.22111914E+001  0.24245255E+001  0.27338695E+001  0.31554774E+001  0.37052166E+001  0.43986317E+001  0.52509907E+001  0.62773207E+001  0.74924326E+001  0.89109478E+001  0.10547315E+002  0.12415819E+002  0.14530609E+002  0.16905692E+002  0.19554949E+002  0.22492156E+002  0.25730963E+002  0.29284937E+002  0.33167534E+002  0.37392116E+002  0.41971986E+002
  0.97198618E+000  0.98093045E+000  0.10225826E+001  0.11114136E+001  0.12582029E+001  0.14719862E+001  0.16857695E+001  0.18325588E+001  0.19213897E+001  0.19630419E+001  0.19719862E+001  0.19765423E+001  0.20049992E+001  0.20771346E+001  0.22111914E+001  0.24245255E+001  0.27338695E+001  0.31554774E+001  0.37052166E+001  0.43986317E+001  0.52509907E+001  0.62773207E+001  0.74924326E+001  0.89109478E+001  0.10547315E+002  0.12415819E+002  0.14530609E+002  0.16905692E+002  0.19554949E+002  0.22492156E+002  0.25730963E+002  0.29284937E+002  0.33167534E+002  0.37392116E+002  0.41971986E+002
  0.97198618E+000  0.98093045E+000  0.10225826E+001  0.11114136E+001  0.12582029E+001  0.14719862E+001  0.16857695E+001  0.18325588E+001  0.19213897E+001  0.19630419E+001  0.19719862E+001  0.19765423E+001  0.20049992E+001  0.20771346E+001  0.22111914E+001  0.24245255E+001  0.27338695E+001  0.31554774E+001  0.37052166E+001  0.43986317E+001  0.52509907E+001  0.62773207E+001  0.74924326E+001  0.89109478E+001  0.10547315E+002  0.12415819E+002  0.14530609E+002  0.16905692E+002  0.19554949E+002  0.22492156E+002  0.25730963E+002  0.29284937E+002  0.33167534E+002  0.37392116E+002  0.41971986E+002
  0.97198618E+000  0.98093045E+000  0.10225826E+001  0.11114136E+001  0.12582029E+001  0.14719862E+001  0.16857695E+001  0.18325588E+001  0.19213897E+001  0.19630419E+001  0.19719862E+001  0.19765423E+001  0.20049992E+001  0.20771346E+001  0.22111914E+001  0.24245255E+001  0.27338695E+001  0.31554774E+001  0.37052166E+001  0.43986317E+001  0.52509907E+001  0.62773207E+001  0.74924326E+001  0.89109478E+001  0.10547315E+002  0.12415819E+002  0.14530609E+002  0.16905692E+002  0.19554949E+002  0.22492156E+002  0.25730963E+002  0.29284937E+002  0.33167534E+002  0.37392116E+002  0.41971986E+002
  0.97198618E+000  0.98093045E+000  0.10225826E+001  0.11114136E+001  0.12582029E+001  0.14719862E+001  0.16857695E+001  0.18325588E+001  0.19213897E+001  0.19630419E+001  0.19719862E+001  0.19765423E+001  0.20049992E+001  0.20771346E+001  0.22111914E+001  0.24245255E+001  0.27338695E+001  0.31554774E+001  0.37052166E+001  0.43986317E+001  0.52509907E+001  0.62773207E+001  0.74924326E+001  0.89109478E+001  0.10547315E+002  0.12415819E+002  0.14530609E+002  0.16905692E+002  0.19554949E+002  0.22492156E+002  0.25730963E+002  0.29284937E+002  0.33167534E+002  0.37392116E+002  0.41971986E+002
  0.97198618E+000  0.98093045E+000  0.10225826E+001  0.11114136E+001  0.12582029E+001  0.14719862E+001  0.16857695E+001  0.18325588E+001  0.19213897E+001  0.19630419E+001  0.19719862E+001  0.19765423E+001  0.20049992E+001  0.20771346E+001  0.22111914E+001  0.24245255E+001  0.27338695E+001  0.31554774E+001  0.37052166E+001  0.43986317E+001  0.52509907E+001  0.62773207E+001  0.74924326E+001  0.89109478E+001  0.10547315E+002  0.12415819E+002  0.14530609E+002  0.16905692E+002  0.19554949E+002  0.22492156E+002  0.25730963E+002  0.29284937E+002  0.33167534E+002  0.37392116E+002  0.41971986E+002
  0.97198618E+000  0.98093045E+000  0.10225826E+001  0.11114136E+001  0.12582029E+001  0.14719862E+001  0.16857695E+001  0.18325588E+001  0.19213897E+001  0.19630419E+001  0.19719862E+001  0.19765423E+001  0.20049992E+001  0.20771346E+001  0.22111914E+001  0.24245255E+001  0.27338695E+001  0.31554774E+001  0.37052166E+001  0.43986317E+001  0.52509907E+001  0.62773207E+001  0.74924326E+001  0.89109478E+001  0.10547315E+002  0.12415819E+002  0.14530609E+002  0.16905692E+002  0.19554949E+002  0.22492156E+002  0.25730963E+002  0.29284937E+002  0.33167534E+002  0.37392116E+002  0.41971986E+002
  0.97198618E+000  0.98093045E+000  0.10225826E+001  0.11114136E+001  0.12582029E+001  0.14719862E+001  0.16857695E+001  0.18325588E+001  0.19213897E+001  0.19630419E+001  0.19719862E+001  0.19765423E+001  0.20049992E+001  0.20771346E+001  0.22111914E+001  0.24245255E+001  0.27338695E+001  0.31554774E+001  0.37052166E+001  0.43986317E+001  0.52509907E+001  0.62773207E+001  0.74924326E+001  0.89109478E+001  0.10547315E+002  0.12415819E+002  0.14530609E+002  0.16905692E+002  0.19554949E+002  0.22492156E+002  0.25730963E+002  0.29284937E+002  0.33167534E+002  0.37392116E+002  0.41971986E+002
  0.97198618E+000  0.98093045E+000  0.10225826E+001  0.11114136E+001  0.12582029E+001  0.14719862E+001  0.16857695E+001  0.18325588E+001  0.19213897E+001  0.19630419E+001  0.19719862E+001  0.19765423E+001  0.20049992E+001  0.20771346E+001  0.22111914E+001  0.24245255E+001  0.27338695E+001  0.31554774E+001  0.37052166E+001  0.43986317E+001  0.52509907E+001  0.62773207E+001  0.74924326E+001  0.89109478E+001  0.10547315E+002  0.12415819E+002  0.14530609E+002  0.16905692E+002  0.19554949E+002  0.22492156E+002  0.25730963E+002  0.29284937E+002  0.33167534E+002  0.37392116E+002  0.41971986E+002
  0.97198614E+000  0.98093042E+000  0.10225826E+001  0.11114136E+001  0.12582029E+001  0.14719861E+001  0.16857694E+001  0.18325587E+001  0.19213897E+001  0.19630419E+001  0.19719861E+001  0.19765423E+001  0.20049991E+001  0.20771346E+001  0.22111913E+001  0.24245254E+001  0.27338695E+001  0.31554774E+001  0.37052166E+001  0.43986317E+001  0.52509907E+001  0.62773206E+001  0.74924325E+001  0.89109478E+001  0.10547315E+002  0.12415819E+002  0.14530609E+002  0.16905692E+002  0.19554949E+002  0.22492156E+002  0.25730963E+002  0.29284937E+002  0.33167534E+002  0.37392116E+002  0.41971986E+002
  0.97198260E+000  0.98092688E+000  0.10225791E+001  0.11114100E+001  0.12581993E+001  0.14719826E+001  0.16857659E+001  0.18325552E+001  0.19213862E+001  0.19630383E+001  0.19719826E+001  0.19765388E+001  0.20049956E+001  0.20771310E+001  0.22111878E+001  0.24245219E+001  0.27338659E+001  0.31554739E+001  0.37052130E+001  0.43986282E+001  0.52509871E+001  0.62773171E+001  0.74924290E+001  0.89109442E+001  0.10547311E+002  0.12415815E+002  0.14530606E+002  0.16905689E+002  0.19554946E+002  0.22492152E+002  0.25730959E+002  0.29284934E+002  0.33167530E+002  0.37392113E+002  0.41971982E+002
  0.97169856E+000  0.98064283E+000  0.10222950E+001  0.11111260E+001  0.12579153E+001  0.14716986E+001  0.16854818E+001  0.18322711E+001  0.19211021E+001  0.19627543E+001  0.19716985E+001  0.19762547E+001  0.20047115E+001  0.20768470E+001  0.22109037E+001  0.24242378E+001  0.27335819E+001  0.31551898E+001  0.37049290E+001  0.43983441E+001  0.52507031E+001  0.62770330E+001  0.74921449E+001  0.89106602E+001  0.10547027E+002  0.12415531E+002  0.14530322E+002  0.16905405E+002  0.19554662E+002  0.22491868E+002  0.25730675E+002  0.29284649E+002  0.33167246E+002  0.37391829E+002  0.41971698E+002
  0.95608162E+000  0.96502589E+000  0.10066781E+001  0.10955090E+001  0.12422983E+001  0.14560816E+001  0.16698649E+001  0.18166542E+001  0.19054852E+001  0.19471373E+001  0.19560816E+001  0.19606378E+001  0.19890946E+001  0.20612301E+001  0.21952868E+001  0.24086209E+001  0.27179650E+001  0.31395729E+001  0.36893120E+001  0.43827272E+001  0.52350861E+001  0.62614161E+001  0.74765280E+001  0.88950432E+001  0.10531410E+002  0.12399914E+002  0.14514705E+002  0.16889788E+002  0.19539045E+002  0.22476251E+002  0.25715058E+002  0.29269032E+002  0.33151629E+002  0.37376212E+002  0.41956081E+002
  0.46263855E+000  0.46263858E+000  0.50429075E+000  0.59312172E+000  0.59312206E+000  0.59316344E+000  0.59317614E+000  0.59317658E+000  0.59317821E+000  0.59317899E+000  0.59317914E+000  0.59317922E+000  0.59317972E+000  0.59318100E+000  0.59318348E+000  0.59318765E+000  0.59318911E+000  0.28502527E+001  0.28578512E+001  0.28616353E+001  0.28572183E+001  0.28545585E+001  0.28528780E+001  0.28519171E+001  0.80459057E+001  0.80458663E+001  0.80458441E+001  0.80458190E+001  0.80264176E+001  0.80262858E+001  0.80262859E+001  0.80263488E+001  0.80264926E+001  0.80267380E+001  0.80271083E+001
  0.97872437E+000  0.97884135E+000  0.10204935E+001  0.11093245E+001  0.10515648E+001  0.10544152E+001  0.10572518E+001  0.12040411E+001  0.12928720E+001  0.13345242E+001  0.10881067E+001  0.10881686E+001  0.11166254E+001  0.11887609E+001  0.13228176E+001  0.15361517E+001  0.15361533E+001  0.18624073E+001  0.18692494E+001  0.18777147E+001  0.18878945E+001  0.18998751E+001  0.19136435E+001  0.19291276E+001  0.19461837E+001  0.38146878E+001  0.59294780E+001  0.59294406E+001  0.18551129E+001  0.47923194E+001  0.80311266E+001  0.11585101E+002  0.15467698E+002  0.19692280E+002  0.24272149E+002
  0.97525421E+000  0.98419848E+000  0.10258507E+001  0.11146816E+001  0.12614709E+001  0.14752542E+001  0.16890375E+001  0.18358268E+001  0.19246578E+001  0.19663099E+001  0.19752542E+001  0.19798104E+001  0.20082672E+001  0.20804026E+001  0.22144594E+001  0.24277935E+001  0.27371376E+001  0.31587455E+001  0.37084846E+001  0.44018998E+001  0.52542587E+001  0.62805887E+001  0.74957006E+001  0.89142158E+001  0.10550583E+002  0.23206050E+001  0.23205789E+001  0.23205495E+001  0.23205166E+001  0.23204800E+001  0.23204447E+001  0.23204168E+001  0.23204197E+001  0.23203895E+001  0.23203896E+001
  0.97270813E+000  0.98165240E+000  0.10233046E+001  0.11121355E+001  0.12589248E+001  0.14727081E+001  0.16864914E+001  0.18332807E+001  0.19221117E+001  0.94878431E+000  0.94875452E+000  0.95331068E+000  0.98176752E+000  0.94506667E+000  0.94450162E+000  0.94339447E+000  0.12527385E+001  0.16743464E+001  0.22240856E+001  0.29175007E+001  0.37698597E+001  0.47961897E+001  0.60113016E+001  0.74298168E+001  0.83283785E+000  0.70283218E+000  0.68087365E+000  0.67406717E+000  0.66788429E+000  0.66494520E+000  0.87306959E+000  0.12780788E+001  0.24171128E+001  0.13712540E+001  0.23223294E+001
