  0.17812445E+001  0.17901888E+001  0.18318409E+001  0.19206719E+001  0.20674612E+001  0.22812445E+001  0.24950278E+001  0.26418171E+001  0.27306480E+001  0.27723002E+001  0.27812445E+001  0.27858006E+001  0.28142575E+001  0.28863929E+001  0.30204497E+001  0.32337838E+001  0.35431278E+001  0.39647358E+001  0.45144749E+001  0.52078900E+001  0.60602490E+001  0.70865790E+001  0.83016909E+001  0.97202061E+001  0.11356573E+002  0.13225077E+002  0.15339867E+002  0.17714951E+002  0.20364208E+002  0.23301414E+002  0.26540221E+002  0.30094195E+002  0.33976792E+002  0.38201375E+002  0.42781244E+002
  0.17812445E+001  0.17901888E+001  0.18318409E+001  0.19206719E+001  0.20674612E+001  0.22812445E+001  0.24950278E+001  0.26418171E+001  0.27306480E+001  0.27723002E+001  0.27812445E+001  0.27858006E+001  0.28142575E+001  0.28863929E+001  0.30204497E+001  0.32337838E+001  0.35431278E+001  0.39647358E+001  0.45144749E+001  0.52078900E+001  0.60602490E+001  0.70865790E+001  0.83016909E+001  0.97202061E+001  0.11356573E+002  0.13225077E+002  0.15339867E+002  0.17714951E+002  0.20364208E+002  0.23301414E+002  0.26540221E+002  0.30094195E+002  0.33976792E+002  0.38201375E+002  0.42781244E+002
  0.17812445E+001  0.17901888E+001  0.18318409E+001  0.19206719E+001  0.20674612E+001  0.22812445E+001  0.24950278E+001  0.26418171E+001  0.27306480E+001  0.27723002E+001  0.27812445E+001  0.27858006E+001  0.28142575E+001  0.28863929E+001  0.30204497E+001  0.32337838E+001  0.35431278E+001  0.39647358E+001  0.45144749E+001  0.52078900E+001  0.60602490E+001  0.70865790E+001  0.83016909E+001  0.97202061E+001  0.11356573E+002  0.13225077E+002  0.15339867E+002  0.17714951E+002  0.20364208E+002  0.23301414E+002  0.26540221E+002  0.30094195E+002  0.33976792E+002  0.38201375E+002  0.42781244E+002
  0.17812445E+001  0.17901888E+001  0.18318409E+001  0.19206719E+001  0.20674612E+001  0.22812445E+001  0.24950278E+001  0.26418171E+001  0.27306480E+001  0.27723002E+001  0.27812445E+001  0.27858006E+001  0.28142575E+001  0.28863929E+001  0.30204497E+001  0.32337838E+001  0.35431278E+001  0.39647358E+001  0.45144749E+001  0.52078900E+001  0.60602490E+001  0.70865790E+001  0.83016909E+001  0.97202061E+001  0.11356573E+002  0.13225077E+002  0.15339867E+002  0.17714951E+002  0.20364208E+002  0.23301414E+002  0.26540221E+002  0.30094195E+002  0.33976792E+002  0.38201375E+002  0.42781244E+002
  0.17812445E+001  0.17901888E+001  0.18318409E+001  0.19206719E+001  0.20674612E+001  0.22812445E+001  0.24950278E+001  0.26418171E+001  0.27306480E+001  0.27723002E+001  0.27812445E+001  0.27858006E+001  0.28142575E+001  0.28863929E+001  0.30204497E+001  0.32337838E+001  0.35431278E+001  0.39647358E+001  0.45144749E+001  0.52078900E+001  0.60602490E+001  0.70865790E+001  0.83016909E+001  0.97202061E+001  0.11356573E+002  0.13225077E+002  0.15339867E+002  0.17714951E+002  0.20364208E+002  0.23301414E+002  0.26540221E+002  0.30094195E+002  0.33976792E+002  0.38201375E+002  0.42781244E+002
  0.17812445E+001  0.17901888E+001  0.18318409E+001  0.19206719E+001  0.20674612E+001  0.22812445E+001  0.24950278E+001  0.26418171E+001  0.27306480E+001  0.27723002E+001  0.27812445E+001  0.27858006E+001  0.28142575E+001  0.28863929E+001  0.30204497E+001  0.32337838E+001  0.35431278E+001  0.39647358E+001  0.45144749E+001  0.52078900E+001  0.60602490E+001  0.70865790E+001  0.83016909E+001  0.97202061E+001  0.11356573E+002  0.13225077E+002  0.15339867E+002  0.17714951E+002  0.20364208E+002  0.23301414E+002  0.26540221E+002  0.30094195E+002  0.33976792E+002  0.38201375E+002  0.42781244E+002
  0.17812445E+001  0.17901888E+001  0.18318409E+001  0.19206719E+001  0.20674612E+001  0.22812445E+001  0.24950278E+001  0.26418171E+001  0.27306480E+001  0.27723002E+001  0.27812445E+001  0.27858006E+001  0.28142575E+001  0.28863929E+001  0.30204497E+001  0.32337838E+001  0.35431278E+001  0.39647358E+001  0.45144749E+001  0.52078900E+001  0.60602490E+001  0.70865790E+001  0.83016909E+001  0.97202061E+001  0.11356573E+002  0.13225077E+002  0.15339867E+002  0.17714951E+002  0.20364208E+002  0.23301414E+002  0.26540221E+002  0.30094195E+002  0.33976792E+002  0.38201375E+002  0.42781244E+002
  0.17812445E+001  0.17901888E+001  0.18318409E+001  0.19206719E+001  0.20674612E+001  0.22812445E+001  0.24950278E+001  0.26418171E+001  0.27306480E+001  0.27723002E+001  0.27812445E+001  0.27858006E+001  0.28142575E+001  0.28863929E+001  0.30204497E+001  0.32337838E+001  0.35431278E+001  0.39647358E+001  0.45144749E+001  0.52078900E+001  0.60602490E+001  0.70865790E+001  0.83016909E+001  0.97202061E+001  0.11356573E+002  0.13225077E+002  0.15339867E+002  0.17714951E+002  0.20364208E+002  0.23301414E+002  0.26540221E+002  0.30094195E+002  0.33976792E+002  0.38201375E+002  0.42781244E+002
  0.17812445E+001  0.17901888E+001  0.18318409E+001  0.19206719E+001  0.20674612E+001  0.22812445E+001  0.24950278E+001  0.26418171E+001  0.27306480E+001  0.27723002E+001  0.27812445E+001  0.27858006E+001  0.28142575E+001  0.28863929E+001  0.30204497E+001  0.32337838E+001  0.35431278E+001  0.39647358E+001  0.45144749E+001  0.52078900E+001  0.60602490E+001  0.70865790E+001  0.83016909E+001  0.97202061E+001  0.11356573E+002  0.13225077E+002  0.15339867E+002  0.17714951E+002  0.20364208E+002  0.23301414E+002  0.26540221E+002  0.30094195E+002  0.33976792E+002  0.38201375E+002  0.42781244E+002
  0.17812445E+001  0.17901888E+001  0.18318409E+001  0.19206719E+001  0.20674612E+001  0.22812445E+001  0.24950278E+001  0.26418171E+001  0.27306480E+001  0.27723002E+001  0.27812445E+001  0.27858006E+001  0.28142575E+001  0.28863929E+001  0.30204497E+001  0.32337838E+001  0.35431278E+001  0.39647358E+001  0.45144749E+001  0.52078900E+001  0.60602490E+001  0.70865790E+001  0.83016909E+001  0.97202061E+001  0.11356573E+002  0.13225077E+002  0.15339867E+002  0.17714951E+002  0.20364208E+002  0.23301414E+002  0.26540221E+002  0.30094195E+002  0.33976792E+002  0.38201375E+002  0.42781244E+002
  0.17812445E+001  0.17901888E+001  0.18318409E+001  0.19206719E+001  0.20674612E+001  0.22812445E+001  0.24950278E+001  0.26418171E+001  0.27306480E+001  0.27723002E+001  0.27812445E+001  0.27858006E+001  0.28142575E+001  0.28863929E+001  0.30204497E+001  0.32337838E+001  0.35431278E+001  0.39647358E+001  0.45144749E+001  0.52078900E+001  0.60602490E+001  0.70865790E+001  0.83016909E+001  0.97202061E+001  0.11356573E+002  0.13225077E+002  0.15339867E+002  0.17714951E+002  0.20364208E+002  0.23301414E+002  0.26540221E+002  0.30094195E+002  0.33976792E+002  0.38201375E+002  0.42781244E+002
  0.17812445E+001  0.17901888E+001  0.18318409E+001  0.19206719E+001  0.20674612E+001  0.22812445E+001  0.24950278E+001  0.26418171E+001  0.27306480E+001  0.27723002E+001  0.27812445E+001  0.27858006E+001  0.28142575E+001  0.28863929E+001  0.30204497E+001  0.32337838E+001  0.35431278E+001  0.39647358E+001  0.45144749E+001  0.52078900E+001  0.60602490E+001  0.70865790E+001  0.83016909E+001  0.97202061E+001  0.11356573E+002  0.13225077E+002  0.15339867E+002  0.17714951E+002  0.20364208E+002  0.23301414E+002  0.26540221E+002  0.30094195E+002  0.33976792E+002  0.38201375E+002  0.42781244E+002
  0.17812445E+001  0.17901888E+001  0.18318409E+001  0.19206719E+001  0.20674612E+001  0.22812445E+001  0.24950278E+001  0.26418171E+001  0.27306480E+001  0.27723002E+001  0.27812445E+001  0.27858006E+001  0.28142575E+001  0.28863929E+001  0.30204497E+001  0.32337838E+001  0.35431278E+001  0.39647358E+001  0.45144749E+001  0.52078900E+001  0.60602490E+001  0.70865790E+001  0.83016909E+001  0.97202061E+001  0.11356573E+002  0.13225077E+002  0.15339867E+002  0.17714951E+002  0.20364208E+002  0.23301414E+002  0.26540221E+002  0.30094195E+002  0.33976792E+002  0.38201375E+002  0.42781244E+002
  0.17812445E+001  0.17901888E+001  0.18318409E+001  0.19206719E+001  0.20674612E+001  0.22812445E+001  0.24950278E+001  0.26418171E+001  0.27306480E+001  0.27723002E+001  0.27812445E+001  0.27858006E+001  0.28142575E+001  0.28863929E+001  0.30204497E+001  0.32337838E+001  0.35431278E+001  0.39647358E+001  0.45144749E+001  0.52078900E+001  0.60602490E+001  0.70865790E+001  0.83016909E+001  0.97202061E+001  0.11356573E+002  0.13225077E+002  0.15339867E+002  0.17714951E+002  0.20364208E+002  0.23301414E+002  0.26540221E+002  0.30094195E+002  0.33976792E+002  0.38201375E+002  0.42781244E+002
  0.17812445E+001  0.17901888E+001  0.18318409E+001  0.19206719E+001  0.20674612E+001  0.22812445E+001  0.24950278E+001  0.26418171E+001  0.27306480E+001  0.27723002E+001  0.27812445E+001  0.27858006E+001  0.28142575E+001  0.28863929E+001  0.30204497E+001  0.32337838E+001  0.35431278E+001  0.39647358E+001  0.45144749E+001  0.52078900E+001  0.60602490E+001  0.70865790E+001  0.83016909E+001  0.97202061E+001  0.11356573E+002  0.13225077E+002  0.15339867E+002  0.17714951E+002  0.20364208E+002  0.23301414E+002  0.26540221E+002  0.30094195E+002  0.33976792E+002  0.38201375E+002  0.42781244E+002
  0.17812445E+001  0.17901888E+001  0.18318409E+001  0.19206719E+001  0.20674612E+001  0.22812445E+001  0.24950278E+001  0.26418171E+001  0.27306480E+001  0.27723002E+001  0.27812445E+001  0.27858006E+001  0.28142575E+001  0.28863929E+001  0.30204497E+001  0.32337838E+001  0.35431278E+001  0.39647358E+001  0.45144749E+001  0.52078900E+001  0.60602490E+001  0.70865790E+001  0.83016909E+001  0.97202061E+001  0.11356573E+002  0.13225077E+002  0.15339867E+002  0.17714951E+002  0.20364208E+002  0.23301414E+002  0.26540221E+002  0.30094195E+002  0.33976792E+002  0.38201375E+002  0.42781244E+002
  0.17812445E+001  0.17901888E+001  0.18318409E+001  0.19206719E+001  0.20674612E+001  0.22812445E+001  0.24950278E+001  0.26418171E+001  0.27306480E+001  0.27723002E+001  0.27812445E+001  0.27858006E+001  0.28142575E+001  0.28863929E+001  0.30204497E+001  0.32337838E+001  0.35431278E+001  0.39647357E+001  0.45144749E+001  0.52078900E+001  0.60602490E+001  0.70865790E+001  0.83016909E+001  0.97202061E+001  0.11356573E+002  0.13225077E+002  0.15339867E+002  0.17714951E+002  0.20364208E+002  0.23301414E+002  0.26540221E+002  0.30094195E+002  0.33976792E+002  0.38201375E+002  0.42781244E+002
  0.17812444E+001  0.17901886E+001  0.18318408E+001  0.19206718E+001  0.20674611E+001  0.22812443E+001  0.24950276E+001  0.26418169E+001  0.27306479E+001  0.27723001E+001  0.27812443E+001  0.27858005E+001  0.28142573E+001  0.28863928E+001  0.30204495E+001  0.32337836E+001  0.35431277E+001  0.39647356E+001  0.45144748E+001  0.52078899E+001  0.60602489E+001  0.70865788E+001  0.83016907E+001  0.97202060E+001  0.11356573E+002  0.13225077E+002  0.15339867E+002  0.17714951E+002  0.20364207E+002  0.23301414E+002  0.26540221E+002  0.30094195E+002  0.33976792E+002  0.38201375E+002  0.42781244E+002
  0.17812388E+001  0.17901831E+001  0.18318353E+001  0.19206663E+001  0.20674556E+001  0.22812388E+001  0.24950221E+001  0.26418114E+001  0.27306424E+001  0.27722946E+001  0.27812388E+001  0.27857950E+001  0.28142518E+001  0.28863873E+001  0.30204440E+001  0.32337781E+001  0.35431222E+001  0.39647301E+001  0.45144693E+001  0.52078844E+001  0.60602434E+001  0.70865733E+001  0.83016852E+001  0.97202005E+001  0.11356568E+002  0.13225072E+002  0.15339862E+002  0.17714945E+002  0.20364202E+002  0.23301409E+002  0.26540216E+002  0.30094190E+002  0.33976787E+002  0.38201369E+002  0.42781239E+002
  0.17810939E+001  0.17900382E+001  0.18316904E+001  0.19205213E+001  0.20673106E+001  0.22810939E+001  0.24948772E+001  0.26416665E+001  0.27304975E+001  0.27721496E+001  0.27810939E+001  0.27856501E+001  0.28141069E+001  0.28862423E+001  0.30202991E+001  0.32336332E+001  0.35429773E+001  0.39645852E+001  0.45143243E+001  0.52077395E+001  0.60600984E+001  0.70864284E+001  0.83015403E+001  0.97200555E+001  0.11356423E+002  0.13224927E+002  0.15339717E+002  0.17714800E+002  0.20364057E+002  0.23301264E+002  0.26540071E+002  0.30094045E+002  0.33976642E+002  0.38201224E+002  0.42781094E+002
  0.17791500E+001  0.17880943E+001  0.18297464E+001  0.19185774E+001  0.20653667E+001  0.22791500E+001  0.24929333E+001  0.26397226E+001  0.27285535E+001  0.27702057E+001  0.27791500E+001  0.27837061E+001  0.28121630E+001  0.28842984E+001  0.30183552E+001  0.32316893E+001  0.35410333E+001  0.39626412E+001  0.45123804E+001  0.52057955E+001  0.60581545E+001  0.70844845E+001  0.82995964E+001  0.97181116E+001  0.11354479E+002  0.13222983E+002  0.15337773E+002  0.17712856E+002  0.20362113E+002  0.23299320E+002  0.26538127E+002  0.30092101E+002  0.33974698E+002  0.38199280E+002  0.42779150E+002
  0.17768815E+001  0.17858257E+001  0.18274779E+001  0.19163089E+001  0.20630982E+001  0.22768815E+001  0.24906648E+001  0.26374541E+001  0.27262850E+001  0.27679372E+001  0.27768815E+001  0.27814376E+001  0.28098945E+001  0.28820299E+001  0.30160867E+001  0.32294208E+001  0.35387648E+001  0.39603727E+001  0.45101119E+001  0.52035270E+001  0.60558860E+001  0.70822160E+001  0.82973279E+001  0.97158431E+001  0.11352210E+002  0.13220714E+002  0.15335504E+002  0.17710588E+002  0.20359845E+002  0.23297051E+002  0.26535858E+002  0.30089832E+002  0.33972429E+002  0.38197012E+002  0.42776881E+002
  0.17771870E+001  0.17861313E+001  0.18277835E+001  0.19166144E+001  0.20634037E+001  0.22771870E+001  0.24909703E+001  0.26377596E+001  0.27265906E+001  0.27682427E+001  0.27771870E+001  0.27817432E+001  0.28102000E+001  0.28823355E+001  0.30163922E+001  0.32297263E+001  0.35390704E+001  0.39606783E+001  0.45104175E+001  0.52038326E+001  0.60561916E+001  0.70825215E+001  0.82976334E+001  0.97161487E+001  0.11352516E+002  0.13221020E+002  0.15335810E+002  0.17710893E+002  0.20360150E+002  0.23297357E+002  0.26536164E+002  0.30090138E+002  0.33972735E+002  0.38197317E+002  0.42777187E+002
  0.17753260E+001  0.17842702E+001  0.18259224E+001  0.19147534E+001  0.20615427E+001  0.22753260E+001  0.24891092E+001  0.26358985E+001  0.27247295E+001  0.27663817E+001  0.27753260E+001  0.27798821E+001  0.28083390E+001  0.28804744E+001  0.30145311E+001  0.32278653E+001  0.35372093E+001  0.39588172E+001  0.45085564E+001  0.52019715E+001  0.60543305E+001  0.70806604E+001  0.82957723E+001  0.97142876E+001  0.11350655E+002  0.13219159E+002  0.15333949E+002  0.17709032E+002  0.20358289E+002  0.23295496E+002  0.26534303E+002  0.30088277E+002  0.33970874E+002  0.38195456E+002  0.42775326E+002
  0.17842334E+001  0.17931777E+001  0.18348298E+001  0.19236608E+001  0.20704501E+001  0.22842334E+001  0.24980167E+001  0.26448060E+001  0.27336369E+001  0.27752891E+001  0.27842334E+001  0.27887896E+001  0.28172464E+001  0.28893818E+001  0.30234386E+001  0.32367727E+001  0.35461167E+001  0.39677247E+001  0.45174638E+001  0.52108790E+001  0.60632379E+001  0.70895679E+001  0.83046798E+001  0.97231950E+001  0.11359562E+002  0.13228066E+002  0.15342856E+002  0.17717940E+002  0.20367196E+002  0.23304403E+002  0.26543210E+002  0.30097184E+002  0.33979781E+002  0.38204364E+002  0.42784233E+002
