  0.86848698E+001  0.86938140E+001  0.87354662E+001  0.88242972E+001  0.89710865E+001  0.91848698E+001  0.93986530E+001  0.95454423E+001  0.96342733E+001  0.96759255E+001  0.96848697E+001  0.96894259E+001  0.97178827E+001  0.97900182E+001  0.99240749E+001  0.10137409E+002  0.10446753E+002  0.10868361E+002  0.11418100E+002  0.12111515E+002  0.12963874E+002  0.13990204E+002  0.15205316E+002  0.16623831E+002  0.18260198E+002  0.20128702E+002  0.22243493E+002  0.24618576E+002  0.27267833E+002  0.30205039E+002  0.33443846E+002  0.36997820E+002  0.40880417E+002  0.45105000E+002  0.49684869E+002
  0.86848698E+001  0.86938140E+001  0.87354662E+001  0.88242972E+001  0.89710865E+001  0.91848698E+001  0.93986530E+001  0.95454423E+001  0.96342733E+001  0.96759255E+001  0.96848697E+001  0.96894259E+001  0.97178827E+001  0.97900182E+001  0.99240749E+001  0.10137409E+002  0.10446753E+002  0.10868361E+002  0.11418100E+002  0.12111515E+002  0.12963874E+002  0.13990204E+002  0.15205316E+002  0.16623831E+002  0.18260198E+002  0.20128702E+002  0.22243493E+002  0.24618576E+002  0.27267833E+002  0.30205039E+002  0.33443846E+002  0.36997820E+002  0.40880417E+002  0.45105000E+002  0.49684869E+002
  0.86848698E+001  0.86938140E+001  0.87354662E+001  0.88242972E+001  0.89710865E+001  0.91848698E+001  0.93986530E+001  0.95454423E+001  0.96342733E+001  0.96759255E+001  0.96848697E+001  0.96894259E+001  0.97178827E+001  0.97900182E+001  0.99240749E+001  0.10137409E+002  0.10446753E+002  0.10868361E+002  0.11418100E+002  0.12111515E+002  0.12963874E+002  0.13990204E+002  0.15205316E+002  0.16623831E+002  0.18260198E+002  0.20128702E+002  0.22243493E+002  0.24618576E+002  0.27267833E+002  0.30205039E+002  0.33443846E+002  0.36997820E+002  0.40880417E+002  0.45105000E+002  0.49684869E+002
  0.86848698E+001  0.86938140E+001  0.87354662E+001  0.88242972E+001  0.89710865E+001  0.91848698E+001  0.93986530E+001  0.95454423E+001  0.96342733E+001  0.96759255E+001  0.96848697E+001  0.96894259E+001  0.97178827E+001  0.97900182E+001  0.99240749E+001  0.10137409E+002  0.10446753E+002  0.10868361E+002  0.11418100E+002  0.12111515E+002  0.12963874E+002  0.13990204E+002  0.15205316E+002  0.16623831E+002  0.18260198E+002  0.20128702E+002  0.22243493E+002  0.24618576E+002  0.27267833E+002  0.30205039E+002  0.33443846E+002  0.36997820E+002  0.40880417E+002  0.45105000E+002  0.49684869E+002
  0.86848698E+001  0.86938140E+001  0.87354662E+001  0.88242972E+001  0.89710865E+001  0.91848698E+001  0.93986530E+001  0.95454423E+001  0.96342733E+001  0.96759255E+001  0.96848697E+001  0.96894259E+001  0.97178827E+001  0.97900182E+001  0.99240749E+001  0.10137409E+002  0.10446753E+002  0.10868361E+002  0.11418100E+002  0.12111515E+002  0.12963874E+002  0.13990204E+002  0.15205316E+002  0.16623831E+002  0.18260198E+002  0.20128702E+002  0.22243493E+002  0.24618576E+002  0.27267833E+002  0.30205039E+002  0.33443846E+002  0.36997820E+002  0.40880417E+002  0.45105000E+002  0.49684869E+002
  0.86848698E+001  0.86938140E+001  0.87354662E+001  0.88242972E+001  0.89710865E+001  0.91848698E+001  0.93986530E+001  0.95454423E+001  0.96342733E+001  0.96759255E+001  0.96848697E+001  0.96894259E+001  0.97178827E+001  0.97900182E+001  0.99240749E+001  0.10137409E+002  0.10446753E+002  0.10868361E+002  0.11418100E+002  0.12111515E+002  0.12963874E+002  0.13990204E+002  0.15205316E+002  0.16623831E+002  0.18260198E+002  0.20128702E+002  0.22243493E+002  0.24618576E+002  0.27267833E+002  0.30205039E+002  0.33443846E+002  0.36997820E+002  0.40880417E+002  0.45105000E+002  0.49684869E+002
  0.86848698E+001  0.86938140E+001  0.87354662E+001  0.88242972E+001  0.89710865E+001  0.91848698E+001  0.93986530E+001  0.95454423E+001  0.96342733E+001  0.96759255E+001  0.96848697E+001  0.96894259E+001  0.97178827E+001  0.97900182E+001  0.99240749E+001  0.10137409E+002  0.10446753E+002  0.10868361E+002  0.11418100E+002  0.12111515E+002  0.12963874E+002  0.13990204E+002  0.15205316E+002  0.16623831E+002  0.18260198E+002  0.20128702E+002  0.22243493E+002  0.24618576E+002  0.27267833E+002  0.30205039E+002  0.33443846E+002  0.36997820E+002  0.40880417E+002  0.45105000E+002  0.49684869E+002
  0.86848698E+001  0.86938140E+001  0.87354662E+001  0.88242972E+001  0.89710865E+001  0.91848698E+001  0.93986530E+001  0.95454423E+001  0.96342733E+001  0.96759255E+001  0.96848697E+001  0.96894259E+001  0.97178827E+001  0.97900182E+001  0.99240749E+001  0.10137409E+002  0.10446753E+002  0.10868361E+002  0.11418100E+002  0.12111515E+002  0.12963874E+002  0.13990204E+002  0.15205316E+002  0.16623831E+002  0.18260198E+002  0.20128702E+002  0.22243493E+002  0.24618576E+002  0.27267833E+002  0.30205039E+002  0.33443846E+002  0.36997820E+002  0.40880417E+002  0.45105000E+002  0.49684869E+002
  0.86848698E+001  0.86938140E+001  0.87354662E+001  0.88242972E+001  0.89710865E+001  0.91848698E+001  0.93986530E+001  0.95454423E+001  0.96342733E+001  0.96759255E+001  0.96848697E+001  0.96894259E+001  0.97178827E+001  0.97900182E+001  0.99240749E+001  0.10137409E+002  0.10446753E+002  0.10868361E+002  0.11418100E+002  0.12111515E+002  0.12963874E+002  0.13990204E+002  0.15205316E+002  0.16623831E+002  0.18260198E+002  0.20128702E+002  0.22243493E+002  0.24618576E+002  0.27267833E+002  0.30205039E+002  0.33443846E+002  0.36997820E+002  0.40880417E+002  0.45105000E+002  0.49684869E+002
  0.86848698E+001  0.86938140E+001  0.87354662E+001  0.88242972E+001  0.89710865E+001  0.91848698E+001  0.93986530E+001  0.95454423E+001  0.96342733E+001  0.96759255E+001  0.96848697E+001  0.96894259E+001  0.97178827E+001  0.97900182E+001  0.99240749E+001  0.10137409E+002  0.10446753E+002  0.10868361E+002  0.11418100E+002  0.12111515E+002  0.12963874E+002  0.13990204E+002  0.15205316E+002  0.16623831E+002  0.18260198E+002  0.20128702E+002  0.22243493E+002  0.24618576E+002  0.27267833E+002  0.30205039E+002  0.33443846E+002  0.36997820E+002  0.40880417E+002  0.45105000E+002  0.49684869E+002
  0.86848698E+001  0.86938140E+001  0.87354662E+001  0.88242972E+001  0.89710865E+001  0.91848698E+001  0.93986530E+001  0.95454423E+001  0.96342733E+001  0.96759255E+001  0.96848697E+001  0.96894259E+001  0.97178827E+001  0.97900182E+001  0.99240749E+001  0.10137409E+002  0.10446753E+002  0.10868361E+002  0.11418100E+002  0.12111515E+002  0.12963874E+002  0.13990204E+002  0.15205316E+002  0.16623831E+002  0.18260198E+002  0.20128702E+002  0.22243493E+002  0.24618576E+002  0.27267833E+002  0.30205039E+002  0.33443846E+002  0.36997820E+002  0.40880417E+002  0.45105000E+002  0.49684869E+002
  0.86848698E+001  0.86938140E+001  0.87354662E+001  0.88242972E+001  0.89710865E+001  0.91848698E+001  0.93986530E+001  0.95454423E+001  0.96342733E+001  0.96759255E+001  0.96848697E+001  0.96894259E+001  0.97178827E+001  0.97900182E+001  0.99240749E+001  0.10137409E+002  0.10446753E+002  0.10868361E+002  0.11418100E+002  0.12111515E+002  0.12963874E+002  0.13990204E+002  0.15205316E+002  0.16623831E+002  0.18260198E+002  0.20128702E+002  0.22243493E+002  0.24618576E+002  0.27267833E+002  0.30205039E+002  0.33443846E+002  0.36997820E+002  0.40880417E+002  0.45105000E+002  0.49684869E+002
  0.86848698E+001  0.86938140E+001  0.87354662E+001  0.88242972E+001  0.89710865E+001  0.91848698E+001  0.93986530E+001  0.95454423E+001  0.96342733E+001  0.96759255E+001  0.96848697E+001  0.96894259E+001  0.97178827E+001  0.97900182E+001  0.99240749E+001  0.10137409E+002  0.10446753E+002  0.10868361E+002  0.11418100E+002  0.12111515E+002  0.12963874E+002  0.13990204E+002  0.15205316E+002  0.16623831E+002  0.18260198E+002  0.20128702E+002  0.22243493E+002  0.24618576E+002  0.27267833E+002  0.30205039E+002  0.33443846E+002  0.36997820E+002  0.40880417E+002  0.45105000E+002  0.49684869E+002
  0.86848698E+001  0.86938140E+001  0.87354662E+001  0.88242972E+001  0.89710865E+001  0.91848698E+001  0.93986530E+001  0.95454423E+001  0.96342733E+001  0.96759255E+001  0.96848697E+001  0.96894259E+001  0.97178827E+001  0.97900182E+001  0.99240749E+001  0.10137409E+002  0.10446753E+002  0.10868361E+002  0.11418100E+002  0.12111515E+002  0.12963874E+002  0.13990204E+002  0.15205316E+002  0.16623831E+002  0.18260198E+002  0.20128702E+002  0.22243493E+002  0.24618576E+002  0.27267833E+002  0.30205039E+002  0.33443846E+002  0.36997820E+002  0.40880417E+002  0.45105000E+002  0.49684869E+002
  0.86848698E+001  0.86938140E+001  0.87354662E+001  0.88242972E+001  0.89710865E+001  0.91848697E+001  0.93986530E+001  0.95454423E+001  0.96342733E+001  0.96759255E+001  0.96848697E+001  0.96894259E+001  0.97178827E+001  0.97900182E+001  0.99240749E+001  0.10137409E+002  0.10446753E+002  0.10868361E+002  0.11418100E+002  0.12111515E+002  0.12963874E+002  0.13990204E+002  0.15205316E+002  0.16623831E+002  0.18260198E+002  0.20128702E+002  0.22243493E+002  0.24618576E+002  0.27267833E+002  0.30205039E+002  0.33443846E+002  0.36997820E+002  0.40880417E+002  0.45105000E+002  0.49684869E+002
  0.86848689E+001  0.86938132E+001  0.87354654E+001  0.88242963E+001  0.89710856E+001  0.91848689E+001  0.93986522E+001  0.95454415E+001  0.96342725E+001  0.96759246E+001  0.96848689E+001  0.96894251E+001  0.97178819E+001  0.97900174E+001  0.99240741E+001  0.10137408E+002  0.10446752E+002  0.10868360E+002  0.11418099E+002  0.12111514E+002  0.12963873E+002  0.13990203E+002  0.15205315E+002  0.16623830E+002  0.18260197E+002  0.20128702E+002  0.22243492E+002  0.24618575E+002  0.27267832E+002  0.30205038E+002  0.33443845E+002  0.36997819E+002  0.40880416E+002  0.45104999E+002  0.49684868E+002
  0.86848384E+001  0.86937827E+001  0.87354349E+001  0.88242659E+001  0.89710552E+001  0.91848384E+001  0.93986217E+001  0.95454110E+001  0.96342420E+001  0.96758942E+001  0.96848384E+001  0.96893946E+001  0.97178514E+001  0.97899869E+001  0.99240436E+001  0.10137378E+002  0.10446722E+002  0.10868330E+002  0.11418069E+002  0.12111484E+002  0.12963843E+002  0.13990173E+002  0.15205285E+002  0.16623800E+002  0.18260167E+002  0.20128671E+002  0.22243461E+002  0.24618544E+002  0.27267801E+002  0.30205008E+002  0.33443815E+002  0.36997789E+002  0.40880386E+002  0.45104968E+002  0.49684838E+002
  0.86839837E+001  0.86929279E+001  0.87345801E+001  0.88234111E+001  0.89702004E+001  0.91839836E+001  0.93977669E+001  0.95445562E+001  0.96333872E+001  0.96750394E+001  0.96839836E+001  0.96885398E+001  0.97169966E+001  0.97891321E+001  0.99231888E+001  0.10136523E+002  0.10445867E+002  0.10867475E+002  0.11417214E+002  0.12110629E+002  0.12962988E+002  0.13989318E+002  0.15204430E+002  0.16622945E+002  0.18259312E+002  0.20127816E+002  0.22242606E+002  0.24617690E+002  0.27266947E+002  0.30204153E+002  0.33442960E+002  0.36996934E+002  0.40879531E+002  0.45104114E+002  0.49683983E+002
  0.86667959E+001  0.86757401E+001  0.87173923E+001  0.88062233E+001  0.89530126E+001  0.91667959E+001  0.93805791E+001  0.95273684E+001  0.96161994E+001  0.96578516E+001  0.96667959E+001  0.96713520E+001  0.96998089E+001  0.97719443E+001  0.99060010E+001  0.10119335E+002  0.10428679E+002  0.10850287E+002  0.11400026E+002  0.12093441E+002  0.12945800E+002  0.13972130E+002  0.15187242E+002  0.16605757E+002  0.18242124E+002  0.20110629E+002  0.22225419E+002  0.24600502E+002  0.27249759E+002  0.30186965E+002  0.33425772E+002  0.36979746E+002  0.40862343E+002  0.45086926E+002  0.49666795E+002
  0.84414206E+001  0.84503649E+001  0.84920170E+001  0.85808480E+001  0.87276373E+001  0.89414206E+001  0.91552039E+001  0.93019932E+001  0.93908241E+001  0.94324763E+001  0.94414206E+001  0.94459767E+001  0.94744336E+001  0.95465690E+001  0.96806258E+001  0.98939599E+001  0.10203304E+002  0.10624912E+002  0.11174651E+002  0.11868066E+002  0.12720425E+002  0.13746755E+002  0.14961867E+002  0.16380382E+002  0.18016749E+002  0.19885253E+002  0.22000043E+002  0.24375127E+002  0.27024383E+002  0.29961590E+002  0.33200397E+002  0.36754371E+002  0.40636968E+002  0.44861550E+002  0.49441420E+002
  0.68887438E+001  0.68887433E+001  0.69303955E+001  0.70192265E+001  0.71660158E+001  0.73797990E+001  0.75935823E+001  0.77403716E+001  0.78292026E+001  0.78708548E+001  0.78797990E+001  0.78843552E+001  0.79128120E+001  0.79849475E+001  0.81190042E+001  0.83323383E+001  0.86416824E+001  0.90632903E+001  0.96130294E+001  0.10306445E+002  0.11158803E+002  0.12185133E+002  0.13400245E+002  0.14818760E+002  0.16455127E+002  0.18323632E+002  0.20438422E+002  0.22813505E+002  0.25462762E+002  0.28399968E+002  0.31638775E+002  0.35192749E+002  0.39075346E+002  0.43299928E+002  0.47879798E+002
 -0.45760887E+000 -0.45760887E+000 -0.45760884E+000 -0.45760784E+000 -0.45760776E+000 -0.45760764E+000 -0.45760756E+000 -0.45760748E+000 -0.36877651E+000 -0.32712434E+000 -0.31818006E+000 -0.31362390E+000 -0.28516706E+000 -0.21303162E+000 -0.78974874E-001  0.13435924E+000  0.44370330E+000  0.86531122E+000  0.14150504E+001  0.21084655E+001  0.29608245E+001  0.39871545E+001  0.52022664E+001  0.66207817E+001  0.82571487E+001  0.10125653E+002  0.12240443E+002  0.14615526E+002  0.17264783E+002  0.20201990E+002  0.23440797E+002  0.26994771E+002  0.30877368E+002  0.35101951E+002  0.39681820E+002
 -0.37906969E+000 -0.37906962E+000 -0.37906931E+000 -0.37906864E+000 -0.37906754E+000 -0.37906595E+000 -0.37906435E+000 -0.37906325E+000 -0.37906258E+000 -0.37906227E+000 -0.37906220E+000 -0.37906217E+000 -0.37906196E+000 -0.37906142E+000 -0.37906042E+000 -0.37905882E+000 -0.37905651E+000  0.42551425E-001  0.59229060E+000  0.12857058E+001  0.21380647E+001  0.31643947E+001  0.43795067E+001  0.57980219E+001  0.74343890E+001  0.93028932E+001  0.11417683E+002  0.13792767E+002  0.16442024E+002  0.19379230E+002  0.22618038E+002  0.26172012E+002  0.30054609E+002  0.34279192E+002  0.38859061E+002
  0.84639966E+000  0.84640004E+000  0.84640178E+000  0.84640549E+000  0.84641174E+000  0.84642060E+000  0.84642947E+000  0.84643557E+000  0.84643926E+000  0.84644099E+000  0.84644136E+000  0.84644155E+000  0.84644274E+000  0.84644574E+000  0.84645668E+000  0.84646238E+000  0.84647082E+000  0.12680787E+001  0.18178179E+001  0.25112330E+001  0.33635920E+001  0.43899220E+001  0.56050339E+001  0.70235491E+001  0.86599161E+001  0.10528420E+002  0.12643210E+002  0.15018294E+002  0.17667551E+002  0.20604757E+002  0.23843564E+002  0.27397538E+002  0.31280135E+002  0.35504718E+002  0.40084587E+002
  0.86157285E+001  0.86163192E+001  0.86182177E+001  0.86224301E+001  0.87692194E+001  0.85592349E+001  0.85699150E+001  0.85770424E+001  0.85813209E+001  0.85833282E+001  0.85837594E+001  0.85839716E+001  0.85852929E+001  0.85888204E+001  0.85952480E+001  0.78089012E+001  0.79588786E+001  0.83804865E+001  0.89302257E+001  0.96236408E+001  0.10476000E+002  0.11502330E+002  0.12717442E+002  0.14135957E+002  0.15772324E+002  0.17640828E+002  0.19755617E+002  0.22130700E+002  0.24779957E+002  0.27717163E+002  0.30955970E+002  0.34509943E+002  0.38392539E+002  0.42617121E+002  0.47196990E+002
