  0.15859869E+001  0.15949312E+001  0.16365833E+001  0.17254143E+001  0.18722036E+001  0.20859869E+001  0.22997702E+001  0.24465595E+001  0.25353904E+001  0.25770426E+001  0.25859869E+001  0.25905431E+001  0.26189999E+001  0.26911353E+001  0.28251921E+001  0.30385262E+001  0.33478702E+001  0.37694782E+001  0.43192173E+001  0.50126325E+001  0.58649914E+001  0.68913214E+001  0.81064333E+001  0.95249485E+001  0.11161316E+002  0.13029820E+002  0.15144610E+002  0.17519693E+002  0.20168950E+002  0.23106157E+002  0.26344964E+002  0.29898938E+002  0.33781535E+002  0.38006117E+002  0.42585987E+002
  0.15859869E+001  0.15949312E+001  0.16365833E+001  0.17254143E+001  0.18722036E+001  0.20859869E+001  0.22997702E+001  0.24465595E+001  0.25353904E+001  0.25770426E+001  0.25859869E+001  0.25905431E+001  0.26189999E+001  0.26911353E+001  0.28251921E+001  0.30385262E+001  0.33478702E+001  0.37694782E+001  0.43192173E+001  0.50126325E+001  0.58649914E+001  0.68913214E+001  0.81064333E+001  0.95249485E+001  0.11161316E+002  0.13029820E+002  0.15144610E+002  0.17519693E+002  0.20168950E+002  0.23106157E+002  0.26344964E+002  0.29898938E+002  0.33781535E+002  0.38006117E+002  0.42585987E+002
  0.15859869E+001  0.15949312E+001  0.16365833E+001  0.17254143E+001  0.18722036E+001  0.20859869E+001  0.22997702E+001  0.24465595E+001  0.25353904E+001  0.25770426E+001  0.25859869E+001  0.25905431E+001  0.26189999E+001  0.26911353E+001  0.28251921E+001  0.30385262E+001  0.33478702E+001  0.37694782E+001  0.43192173E+001  0.50126325E+001  0.58649914E+001  0.68913214E+001  0.81064333E+001  0.95249485E+001  0.11161316E+002  0.13029820E+002  0.15144610E+002  0.17519693E+002  0.20168950E+002  0.23106157E+002  0.26344964E+002  0.29898938E+002  0.33781535E+002  0.38006117E+002  0.42585987E+002
  0.15859869E+001  0.15949312E+001  0.16365833E+001  0.17254143E+001  0.18722036E+001  0.20859869E+001  0.22997702E+001  0.24465595E+001  0.25353904E+001  0.25770426E+001  0.25859869E+001  0.25905431E+001  0.26189999E+001  0.26911353E+001  0.28251921E+001  0.30385262E+001  0.33478702E+001  0.37694782E+001  0.43192173E+001  0.50126325E+001  0.58649914E+001  0.68913214E+001  0.81064333E+001  0.95249485E+001  0.11161316E+002  0.13029820E+002  0.15144610E+002  0.17519693E+002  0.20168950E+002  0.23106157E+002  0.26344964E+002  0.29898938E+002  0.33781535E+002  0.38006117E+002  0.42585987E+002
  0.15859869E+001  0.15949312E+001  0.16365833E+001  0.17254143E+001  0.18722036E+001  0.20859869E+001  0.22997702E+001  0.24465595E+001  0.25353904E+001  0.25770426E+001  0.25859869E+001  0.25905431E+001  0.26189999E+001  0.26911353E+001  0.28251921E+001  0.30385262E+001  0.33478702E+001  0.37694782E+001  0.43192173E+001  0.50126325E+001  0.58649914E+001  0.68913214E+001  0.81064333E+001  0.95249485E+001  0.11161316E+002  0.13029820E+002  0.15144610E+002  0.17519693E+002  0.20168950E+002  0.23106157E+002  0.26344964E+002  0.29898938E+002  0.33781535E+002  0.38006117E+002  0.42585987E+002
  0.15859869E+001  0.15949312E+001  0.16365833E+001  0.17254143E+001  0.18722036E+001  0.20859869E+001  0.22997702E+001  0.24465595E+001  0.25353904E+001  0.25770426E+001  0.25859869E+001  0.25905431E+001  0.26189999E+001  0.26911353E+001  0.28251921E+001  0.30385262E+001  0.33478702E+001  0.37694782E+001  0.43192173E+001  0.50126325E+001  0.58649914E+001  0.68913214E+001  0.81064333E+001  0.95249485E+001  0.11161316E+002  0.13029820E+002  0.15144610E+002  0.17519693E+002  0.20168950E+002  0.23106157E+002  0.26344964E+002  0.29898938E+002  0.33781535E+002  0.38006117E+002  0.42585987E+002
  0.15859869E+001  0.15949312E+001  0.16365833E+001  0.17254143E+001  0.18722036E+001  0.20859869E+001  0.22997702E+001  0.24465595E+001  0.25353904E+001  0.25770426E+001  0.25859869E+001  0.25905431E+001  0.26189999E+001  0.26911353E+001  0.28251921E+001  0.30385262E+001  0.33478702E+001  0.37694782E+001  0.43192173E+001  0.50126325E+001  0.58649914E+001  0.68913214E+001  0.81064333E+001  0.95249485E+001  0.11161316E+002  0.13029820E+002  0.15144610E+002  0.17519693E+002  0.20168950E+002  0.23106157E+002  0.26344964E+002  0.29898938E+002  0.33781535E+002  0.38006117E+002  0.42585987E+002
  0.15859869E+001  0.15949312E+001  0.16365833E+001  0.17254143E+001  0.18722036E+001  0.20859869E+001  0.22997702E+001  0.24465595E+001  0.25353904E+001  0.25770426E+001  0.25859869E+001  0.25905431E+001  0.26189999E+001  0.26911353E+001  0.28251921E+001  0.30385262E+001  0.33478702E+001  0.37694782E+001  0.43192173E+001  0.50126325E+001  0.58649914E+001  0.68913214E+001  0.81064333E+001  0.95249485E+001  0.11161316E+002  0.13029820E+002  0.15144610E+002  0.17519693E+002  0.20168950E+002  0.23106157E+002  0.26344964E+002  0.29898938E+002  0.33781535E+002  0.38006117E+002  0.42585987E+002
  0.15859869E+001  0.15949312E+001  0.16365833E+001  0.17254143E+001  0.18722036E+001  0.20859869E+001  0.22997702E+001  0.24465595E+001  0.25353904E+001  0.25770426E+001  0.25859869E+001  0.25905431E+001  0.26189999E+001  0.26911353E+001  0.28251921E+001  0.30385262E+001  0.33478702E+001  0.37694782E+001  0.43192173E+001  0.50126325E+001  0.58649914E+001  0.68913214E+001  0.81064333E+001  0.95249485E+001  0.11161316E+002  0.13029820E+002  0.15144610E+002  0.17519693E+002  0.20168950E+002  0.23106157E+002  0.26344964E+002  0.29898938E+002  0.33781535E+002  0.38006117E+002  0.42585987E+002
  0.15859869E+001  0.15949312E+001  0.16365833E+001  0.17254143E+001  0.18722036E+001  0.20859869E+001  0.22997702E+001  0.24465595E+001  0.25353904E+001  0.25770426E+001  0.25859869E+001  0.25905431E+001  0.26189999E+001  0.26911353E+001  0.28251921E+001  0.30385262E+001  0.33478702E+001  0.37694782E+001  0.43192173E+001  0.50126325E+001  0.58649914E+001  0.68913214E+001  0.81064333E+001  0.95249485E+001  0.11161316E+002  0.13029820E+002  0.15144610E+002  0.17519693E+002  0.20168950E+002  0.23106157E+002  0.26344964E+002  0.29898938E+002  0.33781535E+002  0.38006117E+002  0.42585987E+002
  0.15859869E+001  0.15949312E+001  0.16365833E+001  0.17254143E+001  0.18722036E+001  0.20859869E+001  0.22997702E+001  0.24465595E+001  0.25353904E+001  0.25770426E+001  0.25859869E+001  0.25905431E+001  0.26189999E+001  0.26911353E+001  0.28251921E+001  0.30385262E+001  0.33478702E+001  0.37694782E+001  0.43192173E+001  0.50126325E+001  0.58649914E+001  0.68913214E+001  0.81064333E+001  0.95249485E+001  0.11161316E+002  0.13029820E+002  0.15144610E+002  0.17519693E+002  0.20168950E+002  0.23106157E+002  0.26344964E+002  0.29898938E+002  0.33781535E+002  0.38006117E+002  0.42585987E+002
  0.15859869E+001  0.15949312E+001  0.16365833E+001  0.17254143E+001  0.18722036E+001  0.20859869E+001  0.22997702E+001  0.24465595E+001  0.25353904E+001  0.25770426E+001  0.25859869E+001  0.25905431E+001  0.26189999E+001  0.26911353E+001  0.28251921E+001  0.30385262E+001  0.33478702E+001  0.37694782E+001  0.43192173E+001  0.50126325E+001  0.58649914E+001  0.68913214E+001  0.81064333E+001  0.95249485E+001  0.11161316E+002  0.13029820E+002  0.15144610E+002  0.17519693E+002  0.20168950E+002  0.23106157E+002  0.26344964E+002  0.29898938E+002  0.33781535E+002  0.38006117E+002  0.42585987E+002
  0.15859869E+001  0.15949312E+001  0.16365833E+001  0.17254143E+001  0.18722036E+001  0.20859869E+001  0.22997702E+001  0.24465595E+001  0.25353904E+001  0.25770426E+001  0.25859869E+001  0.25905431E+001  0.26189999E+001  0.26911353E+001  0.28251921E+001  0.30385262E+001  0.33478702E+001  0.37694782E+001  0.43192173E+001  0.50126325E+001  0.58649914E+001  0.68913214E+001  0.81064333E+001  0.95249485E+001  0.11161316E+002  0.13029820E+002  0.15144610E+002  0.17519693E+002  0.20168950E+002  0.23106157E+002  0.26344964E+002  0.29898938E+002  0.33781535E+002  0.38006117E+002  0.42585987E+002
  0.15859869E+001  0.15949312E+001  0.16365833E+001  0.17254143E+001  0.18722036E+001  0.20859869E+001  0.22997702E+001  0.24465595E+001  0.25353904E+001  0.25770426E+001  0.25859869E+001  0.25905431E+001  0.26189999E+001  0.26911353E+001  0.28251921E+001  0.30385262E+001  0.33478702E+001  0.37694782E+001  0.43192173E+001  0.50126325E+001  0.58649914E+001  0.68913214E+001  0.81064333E+001  0.95249485E+001  0.11161316E+002  0.13029820E+002  0.15144610E+002  0.17519693E+002  0.20168950E+002  0.23106157E+002  0.26344964E+002  0.29898938E+002  0.33781535E+002  0.38006117E+002  0.42585987E+002
  0.15859869E+001  0.15949312E+001  0.16365833E+001  0.17254143E+001  0.18722036E+001  0.20859869E+001  0.22997702E+001  0.24465595E+001  0.25353904E+001  0.25770426E+001  0.25859869E+001  0.25905431E+001  0.26189999E+001  0.26911353E+001  0.28251921E+001  0.30385262E+001  0.33478702E+001  0.37694782E+001  0.43192173E+001  0.50126325E+001  0.58649914E+001  0.68913214E+001  0.81064333E+001  0.95249485E+001  0.11161316E+002  0.13029820E+002  0.15144610E+002  0.17519693E+002  0.20168950E+002  0.23106157E+002  0.26344964E+002  0.29898938E+002  0.33781535E+002  0.38006117E+002  0.42585987E+002
  0.15859869E+001  0.15949312E+001  0.16365833E+001  0.17254143E+001  0.18722036E+001  0.20859869E+001  0.22997702E+001  0.24465595E+001  0.25353904E+001  0.25770426E+001  0.25859869E+001  0.25905430E+001  0.26189999E+001  0.26911353E+001  0.28251921E+001  0.30385262E+001  0.33478702E+001  0.37694782E+001  0.43192173E+001  0.50126325E+001  0.58649914E+001  0.68913214E+001  0.81064333E+001  0.95249485E+001  0.11161316E+002  0.13029820E+002  0.15144610E+002  0.17519693E+002  0.20168950E+002  0.23106157E+002  0.26344964E+002  0.29898938E+002  0.33781535E+002  0.38006117E+002  0.42585987E+002
  0.15859864E+001  0.15949307E+001  0.16365829E+001  0.17254138E+001  0.18722031E+001  0.20859864E+001  0.22997697E+001  0.24465590E+001  0.25353900E+001  0.25770422E+001  0.25859864E+001  0.25905426E+001  0.26189994E+001  0.26911349E+001  0.28251916E+001  0.30385257E+001  0.33478698E+001  0.37694777E+001  0.43192169E+001  0.50126320E+001  0.58649910E+001  0.68913209E+001  0.81064328E+001  0.95249481E+001  0.11161315E+002  0.13029819E+002  0.15144609E+002  0.17519693E+002  0.20168950E+002  0.23106156E+002  0.26344963E+002  0.29898937E+002  0.33781534E+002  0.38006117E+002  0.42585986E+002
  0.15859603E+001  0.15949046E+001  0.16365568E+001  0.17253877E+001  0.18721770E+001  0.20859603E+001  0.22997436E+001  0.24465329E+001  0.25353639E+001  0.25770160E+001  0.25859603E+001  0.25905165E+001  0.26189733E+001  0.26911088E+001  0.28251655E+001  0.30384996E+001  0.33478437E+001  0.37694516E+001  0.43191908E+001  0.50126059E+001  0.58649649E+001  0.68912948E+001  0.81064067E+001  0.95249220E+001  0.11161289E+002  0.13029793E+002  0.15144583E+002  0.17519667E+002  0.20168923E+002  0.23106130E+002  0.26344937E+002  0.29898911E+002  0.33781508E+002  0.38006091E+002  0.42585960E+002
  0.15848712E+001  0.15938155E+001  0.16354676E+001  0.17242986E+001  0.18710879E+001  0.20848712E+001  0.22986545E+001  0.24454438E+001  0.25342747E+001  0.25759269E+001  0.25848712E+001  0.25894274E+001  0.26178842E+001  0.26900196E+001  0.28240764E+001  0.30374105E+001  0.33467545E+001  0.37683625E+001  0.43181016E+001  0.50115168E+001  0.58638757E+001  0.68902057E+001  0.81053176E+001  0.95238328E+001  0.11160200E+002  0.13028704E+002  0.15143494E+002  0.17518577E+002  0.20167834E+002  0.23105041E+002  0.26343848E+002  0.29897822E+002  0.33780419E+002  0.38005002E+002  0.42584871E+002
  0.15547907E+001  0.15637349E+001  0.16053871E+001  0.16942181E+001  0.18410074E+001  0.20547907E+001  0.22685739E+001  0.24153632E+001  0.25041942E+001  0.25458464E+001  0.25547907E+001  0.25593468E+001  0.25878037E+001  0.26599391E+001  0.27939958E+001  0.30073300E+001  0.33166740E+001  0.37382819E+001  0.42880211E+001  0.49814362E+001  0.58337952E+001  0.68601252E+001  0.80752371E+001  0.94937523E+001  0.11130119E+002  0.12998623E+002  0.15113414E+002  0.17488497E+002  0.20137754E+002  0.23074960E+002  0.26313768E+002  0.29867742E+002  0.33750339E+002  0.37974921E+002  0.42554791E+002
  0.11112722E+001  0.11112722E+001  0.11529244E+001  0.12417554E+001  0.13885447E+001  0.16023280E+001  0.18161113E+001  0.19629006E+001  0.20517315E+001  0.20933837E+001  0.21023280E+001  0.21068841E+001  0.21353410E+001  0.22074764E+001  0.23415332E+001  0.25548673E+001  0.28642113E+001  0.32858192E+001  0.38355584E+001  0.45289735E+001  0.53813325E+001  0.64076625E+001  0.76227744E+001  0.90412896E+001  0.10677657E+002  0.12546161E+002  0.14660951E+002  0.17036034E+002  0.19685291E+002  0.22622498E+002  0.25861305E+002  0.29415279E+002  0.33297876E+002  0.37522458E+002  0.42102328E+002
  0.16057120E+001  0.16057120E+001  0.16057120E+001  0.16057120E+001  0.16057120E+001  0.16057152E+001  0.16057152E+001  0.16057152E+001  0.16057152E+001  0.16057159E+001  0.16057160E+001  0.16057161E+001  0.16057165E+001  0.16057176E+001  0.16057196E+001  0.16057227E+001  0.16057274E+001  0.16057336E+001  0.16057418E+001  0.22991570E+001  0.31515159E+001  0.31515233E+001  0.31515321E+001  0.31515423E+001  0.47879093E+001  0.66564134E+001  0.87712036E+001  0.11146287E+002  0.13795544E+002  0.16732750E+002  0.19971557E+002  0.23525531E+002  0.23525136E+002  0.27749718E+002  0.32329587E+002
  0.16130276E+001  0.16130276E+001  0.16130275E+001  0.16130273E+001  0.16130270E+001  0.16130268E+001  0.16130267E+001  0.16130266E+001  0.16130266E+001  0.16130267E+001  0.16130267E+001  0.16130267E+001  0.16130267E+001  0.16130261E+001  0.16130250E+001  0.16130233E+001  0.16130207E+001  0.16130173E+001  0.16130129E+001  0.16130072E+001  0.16130003E+001  0.16129920E+001  0.16129821E+001  0.16129706E+001  0.16129573E+001  0.16129421E+001  0.16129249E+001  0.16129056E+001  0.63575053E-001  0.63627296E-001  0.63684905E-001  0.63748126E-001  0.63817199E-001  0.63892354E-001  0.63973828E-001
  0.15232269E+001  0.15321711E+001  0.10231253E+001  0.10838224E+001  0.11842859E+001  0.13310793E+001  0.14795683E+001  0.15750364E+001  0.16323221E+001  0.16533441E+001  0.16533944E+001  0.16579505E+001  0.16864074E+001  0.28199729E+000  0.28199901E+000  0.28200176E+000  0.28200614E+000  0.28201363E+000  0.28203368E+000  0.28206049E+000  0.28210975E+000  0.28214489E+000  0.28218689E+000  0.28223648E+000  0.28229464E+000  0.28258984E+000  0.28266933E+000  0.28273570E+000  0.28281075E+000  0.28292922E+000  0.28319152E+000  0.28362686E+000  0.28404233E+000  0.28396001E+000  0.28402739E+000
  0.15787217E+001  0.15787510E+001  0.15788851E+001  0.16677161E+001  0.17928507E+001  0.17946408E+001  0.18141047E+001  0.18148930E+001  0.18153101E+001  0.18569622E+001  0.18659065E+001  0.18704627E+001  0.18989195E+001  0.11529359E+001  0.11541207E+001  0.11561431E+001  0.12430054E+001  0.14881143E+001  0.15512135E+001  0.16280584E+001  0.17255411E+001  0.11373998E+001  0.11454763E+001  0.11554423E+001  0.11700555E+001  0.42288407E+001  0.52781705E+001  0.39967525E+001  0.40478031E+001  0.41129558E+001  0.42177031E+001  0.62344639E+001  0.54826784E+001 -0.66273395E+000  0.99875738E+000
