  0.12910304E+002  0.12919249E+002  0.12960901E+002  0.13049732E+002  0.13196521E+002  0.13410304E+002  0.13624088E+002  0.13770877E+002  0.13859708E+002  0.13901360E+002  0.13910304E+002  0.13914861E+002  0.13943317E+002  0.14015453E+002  0.14149510E+002  0.14362844E+002  0.14672188E+002  0.15093796E+002  0.15643535E+002  0.16336950E+002  0.17189309E+002  0.18215639E+002  0.19430751E+002  0.20849266E+002  0.22485633E+002  0.24354137E+002  0.26468927E+002  0.28844011E+002  0.31493268E+002  0.34430474E+002  0.37669281E+002  0.41223255E+002  0.45105852E+002  0.49330435E+002  0.53910304E+002
  0.12910304E+002  0.12919249E+002  0.12960901E+002  0.13049732E+002  0.13196521E+002  0.13410304E+002  0.13624088E+002  0.13770877E+002  0.13859708E+002  0.13901360E+002  0.13910304E+002  0.13914861E+002  0.13943317E+002  0.14015453E+002  0.14149510E+002  0.14362844E+002  0.14672188E+002  0.15093796E+002  0.15643535E+002  0.16336950E+002  0.17189309E+002  0.18215639E+002  0.19430751E+002  0.20849266E+002  0.22485633E+002  0.24354137E+002  0.26468927E+002  0.28844011E+002  0.31493268E+002  0.34430474E+002  0.37669281E+002  0.41223255E+002  0.45105852E+002  0.49330435E+002  0.53910304E+002
  0.12910304E+002  0.12919249E+002  0.12960901E+002  0.13049732E+002  0.13196521E+002  0.13410304E+002  0.13624088E+002  0.13770877E+002  0.13859708E+002  0.13901360E+002  0.13910304E+002  0.13914861E+002  0.13943317E+002  0.14015453E+002  0.14149510E+002  0.14362844E+002  0.14672188E+002  0.15093796E+002  0.15643535E+002  0.16336950E+002  0.17189309E+002  0.18215639E+002  0.19430751E+002  0.20849266E+002  0.22485633E+002  0.24354137E+002  0.26468927E+002  0.28844011E+002  0.31493268E+002  0.34430474E+002  0.37669281E+002  0.41223255E+002  0.45105852E+002  0.49330435E+002  0.53910304E+002
  0.12910304E+002  0.12919249E+002  0.12960901E+002  0.13049732E+002  0.13196521E+002  0.13410304E+002  0.13624088E+002  0.13770877E+002  0.13859708E+002  0.13901360E+002  0.13910304E+002  0.13914861E+002  0.13943317E+002  0.14015453E+002  0.14149510E+002  0.14362844E+002  0.14672188E+002  0.15093796E+002  0.15643535E+002  0.16336950E+002  0.17189309E+002  0.18215639E+002  0.19430751E+002  0.20849266E+002  0.22485633E+002  0.24354137E+002  0.26468927E+002  0.28844011E+002  0.31493268E+002  0.34430474E+002  0.37669281E+002  0.41223255E+002  0.45105852E+002  0.49330435E+002  0.53910304E+002
  0.12910304E+002  0.12919249E+002  0.12960901E+002  0.13049732E+002  0.13196521E+002  0.13410304E+002  0.13624088E+002  0.13770877E+002  0.13859708E+002  0.13901360E+002  0.13910304E+002  0.13914861E+002  0.13943317E+002  0.14015453E+002  0.14149510E+002  0.14362844E+002  0.14672188E+002  0.15093796E+002  0.15643535E+002  0.16336950E+002  0.17189309E+002  0.18215639E+002  0.19430751E+002  0.20849266E+002  0.22485633E+002  0.24354137E+002  0.26468927E+002  0.28844011E+002  0.31493268E+002  0.34430474E+002  0.37669281E+002  0.41223255E+002  0.45105852E+002  0.49330435E+002  0.53910304E+002
  0.12910304E+002  0.12919249E+002  0.12960901E+002  0.13049732E+002  0.13196521E+002  0.13410304E+002  0.13624088E+002  0.13770877E+002  0.13859708E+002  0.13901360E+002  0.13910304E+002  0.13914861E+002  0.13943317E+002  0.14015453E+002  0.14149510E+002  0.14362844E+002  0.14672188E+002  0.15093796E+002  0.15643535E+002  0.16336950E+002  0.17189309E+002  0.18215639E+002  0.19430751E+002  0.20849266E+002  0.22485633E+002  0.24354137E+002  0.26468927E+002  0.28844011E+002  0.31493268E+002  0.34430474E+002  0.37669281E+002  0.41223255E+002  0.45105852E+002  0.49330435E+002  0.53910304E+002
  0.12910304E+002  0.12919249E+002  0.12960901E+002  0.13049732E+002  0.13196521E+002  0.13410304E+002  0.13624088E+002  0.13770877E+002  0.13859708E+002  0.13901360E+002  0.13910304E+002  0.13914861E+002  0.13943317E+002  0.14015453E+002  0.14149510E+002  0.14362844E+002  0.14672188E+002  0.15093796E+002  0.15643535E+002  0.16336950E+002  0.17189309E+002  0.18215639E+002  0.19430751E+002  0.20849266E+002  0.22485633E+002  0.24354137E+002  0.26468927E+002  0.28844011E+002  0.31493268E+002  0.34430474E+002  0.37669281E+002  0.41223255E+002  0.45105852E+002  0.49330435E+002  0.53910304E+002
  0.12910304E+002  0.12919249E+002  0.12960901E+002  0.13049732E+002  0.13196521E+002  0.13410304E+002  0.13624088E+002  0.13770877E+002  0.13859708E+002  0.13901360E+002  0.13910304E+002  0.13914861E+002  0.13943317E+002  0.14015453E+002  0.14149510E+002  0.14362844E+002  0.14672188E+002  0.15093796E+002  0.15643535E+002  0.16336950E+002  0.17189309E+002  0.18215639E+002  0.19430751E+002  0.20849266E+002  0.22485633E+002  0.24354137E+002  0.26468927E+002  0.28844011E+002  0.31493268E+002  0.34430474E+002  0.37669281E+002  0.41223255E+002  0.45105852E+002  0.49330435E+002  0.53910304E+002
  0.12910304E+002  0.12919249E+002  0.12960901E+002  0.13049732E+002  0.13196521E+002  0.13410304E+002  0.13624088E+002  0.13770877E+002  0.13859708E+002  0.13901360E+002  0.13910304E+002  0.13914861E+002  0.13943317E+002  0.14015453E+002  0.14149510E+002  0.14362844E+002  0.14672188E+002  0.15093796E+002  0.15643535E+002  0.16336950E+002  0.17189309E+002  0.18215639E+002  0.19430751E+002  0.20849266E+002  0.22485633E+002  0.24354137E+002  0.26468927E+002  0.28844011E+002  0.31493268E+002  0.34430474E+002  0.37669281E+002  0.41223255E+002  0.45105852E+002  0.49330435E+002  0.53910304E+002
  0.12910304E+002  0.12919249E+002  0.12960901E+002  0.13049732E+002  0.13196521E+002  0.13410304E+002  0.13624088E+002  0.13770877E+002  0.13859708E+002  0.13901360E+002  0.13910304E+002  0.13914861E+002  0.13943317E+002  0.14015453E+002  0.14149510E+002  0.14362844E+002  0.14672188E+002  0.15093796E+002  0.15643535E+002  0.16336950E+002  0.17189309E+002  0.18215639E+002  0.19430751E+002  0.20849266E+002  0.22485633E+002  0.24354137E+002  0.26468927E+002  0.28844011E+002  0.31493268E+002  0.34430474E+002  0.37669281E+002  0.41223255E+002  0.45105852E+002  0.49330435E+002  0.53910304E+002
  0.12910304E+002  0.12919249E+002  0.12960901E+002  0.13049732E+002  0.13196521E+002  0.13410304E+002  0.13624088E+002  0.13770877E+002  0.13859708E+002  0.13901360E+002  0.13910304E+002  0.13914861E+002  0.13943317E+002  0.14015453E+002  0.14149510E+002  0.14362844E+002  0.14672188E+002  0.15093796E+002  0.15643535E+002  0.16336950E+002  0.17189309E+002  0.18215639E+002  0.19430751E+002  0.20849266E+002  0.22485633E+002  0.24354137E+002  0.26468927E+002  0.28844011E+002  0.31493268E+002  0.34430474E+002  0.37669281E+002  0.41223255E+002  0.45105852E+002  0.49330435E+002  0.53910304E+002
  0.12910304E+002  0.12919249E+002  0.12960901E+002  0.13049732E+002  0.13196521E+002  0.13410304E+002  0.13624088E+002  0.13770877E+002  0.13859708E+002  0.13901360E+002  0.13910304E+002  0.13914861E+002  0.13943317E+002  0.14015453E+002  0.14149510E+002  0.14362844E+002  0.14672188E+002  0.15093796E+002  0.15643535E+002  0.16336950E+002  0.17189309E+002  0.18215639E+002  0.19430751E+002  0.20849266E+002  0.22485633E+002  0.24354137E+002  0.26468927E+002  0.28844011E+002  0.31493268E+002  0.34430474E+002  0.37669281E+002  0.41223255E+002  0.45105852E+002  0.49330435E+002  0.53910304E+002
  0.12910304E+002  0.12919249E+002  0.12960901E+002  0.13049732E+002  0.13196521E+002  0.13410304E+002  0.13624088E+002  0.13770877E+002  0.13859708E+002  0.13901360E+002  0.13910304E+002  0.13914861E+002  0.13943317E+002  0.14015453E+002  0.14149510E+002  0.14362844E+002  0.14672188E+002  0.15093796E+002  0.15643535E+002  0.16336950E+002  0.17189309E+002  0.18215639E+002  0.19430751E+002  0.20849266E+002  0.22485633E+002  0.24354137E+002  0.26468927E+002  0.28844011E+002  0.31493268E+002  0.34430474E+002  0.37669281E+002  0.41223255E+002  0.45105852E+002  0.49330435E+002  0.53910304E+002
  0.12910304E+002  0.12919249E+002  0.12960901E+002  0.13049732E+002  0.13196521E+002  0.13410304E+002  0.13624088E+002  0.13770877E+002  0.13859708E+002  0.13901360E+002  0.13910304E+002  0.13914861E+002  0.13943317E+002  0.14015453E+002  0.14149510E+002  0.14362844E+002  0.14672188E+002  0.15093796E+002  0.15643535E+002  0.16336950E+002  0.17189309E+002  0.18215639E+002  0.19430751E+002  0.20849266E+002  0.22485633E+002  0.24354137E+002  0.26468927E+002  0.28844011E+002  0.31493268E+002  0.34430474E+002  0.37669281E+002  0.41223255E+002  0.45105852E+002  0.49330435E+002  0.53910304E+002
  0.12910304E+002  0.12919249E+002  0.12960901E+002  0.13049732E+002  0.13196521E+002  0.13410304E+002  0.13624088E+002  0.13770877E+002  0.13859708E+002  0.13901360E+002  0.13910304E+002  0.13914861E+002  0.13943317E+002  0.14015453E+002  0.14149510E+002  0.14362844E+002  0.14672188E+002  0.15093796E+002  0.15643535E+002  0.16336950E+002  0.17189309E+002  0.18215639E+002  0.19430751E+002  0.20849266E+002  0.22485633E+002  0.24354137E+002  0.26468927E+002  0.28844011E+002  0.31493268E+002  0.34430474E+002  0.37669281E+002  0.41223255E+002  0.45105852E+002  0.49330435E+002  0.53910304E+002
  0.12910304E+002  0.12919249E+002  0.12960901E+002  0.13049732E+002  0.13196521E+002  0.13410304E+002  0.13624088E+002  0.13770877E+002  0.13859708E+002  0.13901360E+002  0.13910304E+002  0.13914860E+002  0.13943317E+002  0.14015453E+002  0.14149509E+002  0.14362844E+002  0.14672188E+002  0.15093796E+002  0.15643535E+002  0.16336950E+002  0.17189309E+002  0.18215639E+002  0.19430751E+002  0.20849266E+002  0.22485633E+002  0.24354137E+002  0.26468927E+002  0.28844010E+002  0.31493267E+002  0.34430474E+002  0.37669281E+002  0.41223255E+002  0.45105852E+002  0.49330435E+002  0.53910304E+002
  0.12910299E+002  0.12919244E+002  0.12960896E+002  0.13049727E+002  0.13196516E+002  0.13410299E+002  0.13624083E+002  0.13770872E+002  0.13859703E+002  0.13901355E+002  0.13910299E+002  0.13914856E+002  0.13943312E+002  0.14015448E+002  0.14149505E+002  0.14362839E+002  0.14672183E+002  0.15093791E+002  0.15643530E+002  0.16336945E+002  0.17189304E+002  0.18215634E+002  0.19430746E+002  0.20849261E+002  0.22485628E+002  0.24354132E+002  0.26468922E+002  0.28844006E+002  0.31493263E+002  0.34430469E+002  0.37669276E+002  0.41223250E+002  0.45105847E+002  0.49330430E+002  0.53910299E+002
  0.12910167E+002  0.12919111E+002  0.12960763E+002  0.13049594E+002  0.13196383E+002  0.13410167E+002  0.13623950E+002  0.13770739E+002  0.13859570E+002  0.13901222E+002  0.13910167E+002  0.13914723E+002  0.13943180E+002  0.14015315E+002  0.14149372E+002  0.14362706E+002  0.14672050E+002  0.15093658E+002  0.15643397E+002  0.16336812E+002  0.17189171E+002  0.18215501E+002  0.19430613E+002  0.20849128E+002  0.22485495E+002  0.24353999E+002  0.26468790E+002  0.28843873E+002  0.31493130E+002  0.34430336E+002  0.37669143E+002  0.41223118E+002  0.45105714E+002  0.49330297E+002  0.53910166E+002
  0.12907556E+002  0.12916500E+002  0.12958152E+002  0.13046983E+002  0.13193773E+002  0.13407556E+002  0.13621339E+002  0.13768129E+002  0.13856960E+002  0.13898612E+002  0.13907556E+002  0.13912112E+002  0.13940569E+002  0.14012704E+002  0.14146761E+002  0.14360095E+002  0.14669439E+002  0.15091047E+002  0.15640786E+002  0.16334202E+002  0.17186561E+002  0.18212891E+002  0.19428002E+002  0.20846518E+002  0.22482885E+002  0.24351389E+002  0.26466179E+002  0.28841262E+002  0.31490519E+002  0.34427726E+002  0.37666533E+002  0.41220507E+002  0.45103104E+002  0.49327686E+002  0.53907556E+002
  0.12874161E+002  0.12883105E+002  0.12924757E+002  0.13013588E+002  0.13160377E+002  0.13374161E+002  0.13587944E+002  0.13734733E+002  0.13823564E+002  0.13865216E+002  0.13874161E+002  0.13878717E+002  0.13907174E+002  0.13979309E+002  0.14113366E+002  0.14326700E+002  0.14636044E+002  0.15057652E+002  0.15607391E+002  0.16300806E+002  0.17153165E+002  0.18179495E+002  0.19394607E+002  0.20813122E+002  0.22449489E+002  0.24317993E+002  0.26432784E+002  0.28807867E+002  0.31457124E+002  0.34394330E+002  0.37633138E+002  0.41187112E+002  0.45069709E+002  0.49294291E+002  0.53874161E+002
  0.12644929E+002  0.12644948E+002  0.12686601E+002  0.12775432E+002  0.12922221E+002  0.13136004E+002  0.13349787E+002  0.13496577E+002  0.13585408E+002  0.13627060E+002  0.13636004E+002  0.13640560E+002  0.13669017E+002  0.13741153E+002  0.13875209E+002  0.14088543E+002  0.14397888E+002  0.14819495E+002  0.15369235E+002  0.16062650E+002  0.16915009E+002  0.17941339E+002  0.19156451E+002  0.20574966E+002  0.22211333E+002  0.24079837E+002  0.26194627E+002  0.28569710E+002  0.31218967E+002  0.34156174E+002  0.37394981E+002  0.40948955E+002  0.44831552E+002  0.49056135E+002  0.53636004E+002
  0.12259342E+002  0.12268286E+002  0.12309938E+002  0.12398769E+002  0.12545559E+002  0.12759342E+002  0.12973125E+002  0.12154078E+002  0.12152657E+002  0.12151931E+002  0.12160876E+002  0.12165432E+002  0.12193889E+002  0.12266024E+002  0.12400081E+002  0.12613415E+002  0.12922759E+002  0.13344367E+002  0.13894106E+002  0.14587521E+002  0.15439880E+002  0.16466210E+002  0.17681322E+002  0.19099837E+002  0.20736204E+002  0.22604709E+002  0.24719499E+002  0.27094582E+002  0.29743839E+002  0.32681045E+002  0.35919853E+002  0.39473827E+002  0.43356424E+002  0.47581006E+002  0.52160876E+002
  0.10952289E+002  0.10961233E+002  0.11002885E+002  0.11091716E+002  0.10316288E+002  0.10310991E+002  0.10305156E+002  0.10300779E+002  0.10298971E+002  0.10298124E+002  0.10307068E+002  0.10311624E+002  0.10340081E+002  0.10412216E+002  0.10546273E+002  0.10759607E+002  0.11068951E+002  0.11490559E+002  0.12040298E+002  0.12733713E+002  0.13586072E+002  0.14612402E+002  0.15827514E+002  0.17246030E+002  0.18882397E+002  0.20750901E+002  0.22865691E+002  0.25240774E+002  0.27890031E+002  0.30827238E+002  0.34066045E+002  0.37620019E+002  0.41502616E+002  0.45727198E+002  0.50307068E+002
  0.28604539E+001  0.28598572E+001  0.29015094E+001  0.29903403E+001  0.31371296E+001  0.33509129E+001  0.35646962E+001  0.37114855E+001  0.38003165E+001  0.38419686E+001  0.38509129E+001  0.38554691E+001  0.38839259E+001  0.39560613E+001  0.40901181E+001  0.43034522E+001  0.46127963E+001  0.50344042E+001  0.55841433E+001  0.55841838E+001  0.64365428E+001  0.74628727E+001  0.86779846E+001  0.10096500E+002  0.11732867E+002  0.13601371E+002  0.15716161E+002  0.18091244E+002  0.20740501E+002  0.23677708E+002  0.26916515E+002  0.30470489E+002  0.34353086E+002  0.38577669E+002  0.43157538E+002
  0.12475067E+002  0.12475717E+002  0.12478749E+002  0.12567580E+002  0.12714369E+002  0.12928152E+002  0.13141936E+002  0.13288725E+002  0.13377556E+002  0.13419208E+002  0.13428152E+002  0.13432709E+002  0.13461165E+002  0.13533301E+002  0.13667358E+002  0.13880692E+002  0.14190036E+002  0.14611644E+002  0.15161383E+002  0.15854798E+002  0.16707157E+002  0.17733487E+002  0.18948599E+002  0.20367114E+002  0.22003481E+002  0.23871985E+002  0.25986775E+002  0.28361859E+002  0.31011115E+002  0.33948322E+002  0.37187129E+002  0.40741103E+002  0.44623700E+002  0.48848283E+002  0.53428152E+002
