  0.64162349E+000  0.65056776E+000  0.69221994E+000  0.78105091E+000  0.92784020E+000  0.11416235E+001  0.13554068E+001  0.15021961E+001  0.15910270E+001  0.16326792E+001  0.16416235E+001  0.16461797E+001  0.16746365E+001  0.17467719E+001  0.18808287E+001  0.20941628E+001  0.24035068E+001  0.28251148E+001  0.33748539E+001  0.40682691E+001  0.49206280E+001  0.59469580E+001  0.71620699E+001  0.85805852E+001  0.10216952E+002  0.12085456E+002  0.14200247E+002  0.16575330E+002  0.19224587E+002  0.22161793E+002  0.25400601E+002  0.28954575E+002  0.32837171E+002  0.37061754E+002  0.41641624E+002
  0.64162349E+000  0.65056776E+000  0.69221994E+000  0.78105091E+000  0.92784020E+000  0.11416235E+001  0.13554068E+001  0.15021961E+001  0.15910270E+001  0.16326792E+001  0.16416235E+001  0.16461797E+001  0.16746365E+001  0.17467719E+001  0.18808287E+001  0.20941628E+001  0.24035068E+001  0.28251148E+001  0.33748539E+001  0.40682691E+001  0.49206280E+001  0.59469580E+001  0.71620699E+001  0.85805852E+001  0.10216952E+002  0.12085456E+002  0.14200247E+002  0.16575330E+002  0.19224587E+002  0.22161793E+002  0.25400601E+002  0.28954575E+002  0.32837171E+002  0.37061754E+002  0.41641624E+002
  0.64162349E+000  0.65056776E+000  0.69221994E+000  0.78105091E+000  0.92784020E+000  0.11416235E+001  0.13554068E+001  0.15021961E+001  0.15910270E+001  0.16326792E+001  0.16416235E+001  0.16461797E+001  0.16746365E+001  0.17467719E+001  0.18808287E+001  0.20941628E+001  0.24035068E+001  0.28251148E+001  0.33748539E+001  0.40682691E+001  0.49206280E+001  0.59469580E+001  0.71620699E+001  0.85805852E+001  0.10216952E+002  0.12085456E+002  0.14200247E+002  0.16575330E+002  0.19224587E+002  0.22161793E+002  0.25400601E+002  0.28954575E+002  0.32837171E+002  0.37061754E+002  0.41641624E+002
  0.64162349E+000  0.65056776E+000  0.69221994E+000  0.78105091E+000  0.92784020E+000  0.11416235E+001  0.13554068E+001  0.15021961E+001  0.15910270E+001  0.16326792E+001  0.16416235E+001  0.16461797E+001  0.16746365E+001  0.17467719E+001  0.18808287E+001  0.20941628E+001  0.24035068E+001  0.28251148E+001  0.33748539E+001  0.40682691E+001  0.49206280E+001  0.59469580E+001  0.71620699E+001  0.85805852E+001  0.10216952E+002  0.12085456E+002  0.14200247E+002  0.16575330E+002  0.19224587E+002  0.22161793E+002  0.25400601E+002  0.28954575E+002  0.32837171E+002  0.37061754E+002  0.41641624E+002
  0.64162349E+000  0.65056776E+000  0.69221994E+000  0.78105091E+000  0.92784020E+000  0.11416235E+001  0.13554068E+001  0.15021961E+001  0.15910270E+001  0.16326792E+001  0.16416235E+001  0.16461797E+001  0.16746365E+001  0.17467719E+001  0.18808287E+001  0.20941628E+001  0.24035068E+001  0.28251148E+001  0.33748539E+001  0.40682691E+001  0.49206280E+001  0.59469580E+001  0.71620699E+001  0.85805852E+001  0.10216952E+002  0.12085456E+002  0.14200247E+002  0.16575330E+002  0.19224587E+002  0.22161793E+002  0.25400601E+002  0.28954575E+002  0.32837171E+002  0.37061754E+002  0.41641624E+002
  0.64162349E+000  0.65056776E+000  0.69221994E+000  0.78105091E+000  0.92784020E+000  0.11416235E+001  0.13554068E+001  0.15021961E+001  0.15910270E+001  0.16326792E+001  0.16416235E+001  0.16461797E+001  0.16746365E+001  0.17467719E+001  0.18808287E+001  0.20941628E+001  0.24035068E+001  0.28251148E+001  0.33748539E+001  0.40682691E+001  0.49206280E+001  0.59469580E+001  0.71620699E+001  0.85805852E+001  0.10216952E+002  0.12085456E+002  0.14200247E+002  0.16575330E+002  0.19224587E+002  0.22161793E+002  0.25400601E+002  0.28954575E+002  0.32837171E+002  0.37061754E+002  0.41641624E+002
  0.64162349E+000  0.65056776E+000  0.69221994E+000  0.78105091E+000  0.92784020E+000  0.11416235E+001  0.13554068E+001  0.15021961E+001  0.15910270E+001  0.16326792E+001  0.16416235E+001  0.16461797E+001  0.16746365E+001  0.17467719E+001  0.18808287E+001  0.20941628E+001  0.24035068E+001  0.28251148E+001  0.33748539E+001  0.40682691E+001  0.49206280E+001  0.59469580E+001  0.71620699E+001  0.85805852E+001  0.10216952E+002  0.12085456E+002  0.14200247E+002  0.16575330E+002  0.19224587E+002  0.22161793E+002  0.25400601E+002  0.28954575E+002  0.32837171E+002  0.37061754E+002  0.41641624E+002
  0.64162349E+000  0.65056776E+000  0.69221994E+000  0.78105091E+000  0.92784020E+000  0.11416235E+001  0.13554068E+001  0.15021961E+001  0.15910270E+001  0.16326792E+001  0.16416235E+001  0.16461797E+001  0.16746365E+001  0.17467719E+001  0.18808287E+001  0.20941628E+001  0.24035068E+001  0.28251148E+001  0.33748539E+001  0.40682691E+001  0.49206280E+001  0.59469580E+001  0.71620699E+001  0.85805852E+001  0.10216952E+002  0.12085456E+002  0.14200247E+002  0.16575330E+002  0.19224587E+002  0.22161793E+002  0.25400601E+002  0.28954575E+002  0.32837171E+002  0.37061754E+002  0.41641624E+002
  0.64162349E+000  0.65056776E+000  0.69221994E+000  0.78105091E+000  0.92784020E+000  0.11416235E+001  0.13554068E+001  0.15021961E+001  0.15910270E+001  0.16326792E+001  0.16416235E+001  0.16461797E+001  0.16746365E+001  0.17467719E+001  0.18808287E+001  0.20941628E+001  0.24035068E+001  0.28251148E+001  0.33748539E+001  0.40682691E+001  0.49206280E+001  0.59469580E+001  0.71620699E+001  0.85805852E+001  0.10216952E+002  0.12085456E+002  0.14200247E+002  0.16575330E+002  0.19224587E+002  0.22161793E+002  0.25400601E+002  0.28954575E+002  0.32837171E+002  0.37061754E+002  0.41641624E+002
  0.64162349E+000  0.65056776E+000  0.69221994E+000  0.78105091E+000  0.92784020E+000  0.11416235E+001  0.13554068E+001  0.15021961E+001  0.15910270E+001  0.16326792E+001  0.16416235E+001  0.16461797E+001  0.16746365E+001  0.17467719E+001  0.18808287E+001  0.20941628E+001  0.24035068E+001  0.28251148E+001  0.33748539E+001  0.40682691E+001  0.49206280E+001  0.59469580E+001  0.71620699E+001  0.85805852E+001  0.10216952E+002  0.12085456E+002  0.14200247E+002  0.16575330E+002  0.19224587E+002  0.22161793E+002  0.25400601E+002  0.28954575E+002  0.32837171E+002  0.37061754E+002  0.41641624E+002
  0.64162349E+000  0.65056776E+000  0.69221994E+000  0.78105091E+000  0.92784020E+000  0.11416235E+001  0.13554068E+001  0.15021961E+001  0.15910270E+001  0.16326792E+001  0.16416235E+001  0.16461797E+001  0.16746365E+001  0.17467719E+001  0.18808287E+001  0.20941628E+001  0.24035068E+001  0.28251148E+001  0.33748539E+001  0.40682691E+001  0.49206280E+001  0.59469580E+001  0.71620699E+001  0.85805852E+001  0.10216952E+002  0.12085456E+002  0.14200247E+002  0.16575330E+002  0.19224587E+002  0.22161793E+002  0.25400601E+002  0.28954575E+002  0.32837171E+002  0.37061754E+002  0.41641624E+002
  0.64162349E+000  0.65056776E+000  0.69221994E+000  0.78105091E+000  0.92784020E+000  0.11416235E+001  0.13554068E+001  0.15021961E+001  0.15910270E+001  0.16326792E+001  0.16416235E+001  0.16461797E+001  0.16746365E+001  0.17467719E+001  0.18808287E+001  0.20941628E+001  0.24035068E+001  0.28251148E+001  0.33748539E+001  0.40682691E+001  0.49206280E+001  0.59469580E+001  0.71620699E+001  0.85805852E+001  0.10216952E+002  0.12085456E+002  0.14200247E+002  0.16575330E+002  0.19224587E+002  0.22161793E+002  0.25400601E+002  0.28954575E+002  0.32837171E+002  0.37061754E+002  0.41641624E+002
  0.64162349E+000  0.65056776E+000  0.69221994E+000  0.78105091E+000  0.92784020E+000  0.11416235E+001  0.13554068E+001  0.15021961E+001  0.15910270E+001  0.16326792E+001  0.16416235E+001  0.16461797E+001  0.16746365E+001  0.17467719E+001  0.18808287E+001  0.20941628E+001  0.24035068E+001  0.28251148E+001  0.33748539E+001  0.40682691E+001  0.49206280E+001  0.59469580E+001  0.71620699E+001  0.85805852E+001  0.10216952E+002  0.12085456E+002  0.14200247E+002  0.16575330E+002  0.19224587E+002  0.22161793E+002  0.25400601E+002  0.28954575E+002  0.32837171E+002  0.37061754E+002  0.41641624E+002
  0.64162349E+000  0.65056776E+000  0.69221994E+000  0.78105091E+000  0.92784020E+000  0.11416235E+001  0.13554068E+001  0.15021961E+001  0.15910270E+001  0.16326792E+001  0.16416235E+001  0.16461797E+001  0.16746365E+001  0.17467719E+001  0.18808287E+001  0.20941628E+001  0.24035068E+001  0.28251148E+001  0.33748539E+001  0.40682691E+001  0.49206280E+001  0.59469580E+001  0.71620699E+001  0.85805852E+001  0.10216952E+002  0.12085456E+002  0.14200247E+002  0.16575330E+002  0.19224587E+002  0.22161793E+002  0.25400601E+002  0.28954575E+002  0.32837171E+002  0.37061754E+002  0.41641624E+002
  0.64162349E+000  0.65056776E+000  0.69221994E+000  0.78105091E+000  0.92784020E+000  0.11416235E+001  0.13554068E+001  0.15021961E+001  0.15910270E+001  0.16326792E+001  0.16416235E+001  0.16461797E+001  0.16746365E+001  0.17467719E+001  0.18808287E+001  0.20941628E+001  0.24035068E+001  0.28251148E+001  0.33748539E+001  0.40682691E+001  0.49206280E+001  0.59469580E+001  0.71620699E+001  0.85805852E+001  0.10216952E+002  0.12085456E+002  0.14200247E+002  0.16575330E+002  0.19224587E+002  0.22161793E+002  0.25400601E+002  0.28954575E+002  0.32837171E+002  0.37061754E+002  0.41641624E+002
  0.64162349E+000  0.65056776E+000  0.69221994E+000  0.78105091E+000  0.92784020E+000  0.11416235E+001  0.13554068E+001  0.15021961E+001  0.15910270E+001  0.16326792E+001  0.16416235E+001  0.16461797E+001  0.16746365E+001  0.17467719E+001  0.18808287E+001  0.20941628E+001  0.24035068E+001  0.28251148E+001  0.33748539E+001  0.40682691E+001  0.49206280E+001  0.59469580E+001  0.71620699E+001  0.85805852E+001  0.10216952E+002  0.12085456E+002  0.14200247E+002  0.16575330E+002  0.19224587E+002  0.22161793E+002  0.25400601E+002  0.28954575E+002  0.32837171E+002  0.37061754E+002  0.41641624E+002
  0.64162349E+000  0.65056776E+000  0.69221994E+000  0.78105091E+000  0.92784020E+000  0.11416235E+001  0.13554068E+001  0.15021961E+001  0.15910270E+001  0.16326792E+001  0.16416235E+001  0.16461797E+001  0.16746365E+001  0.17467719E+001  0.18808287E+001  0.20941628E+001  0.24035068E+001  0.28251148E+001  0.33748539E+001  0.40682691E+001  0.49206280E+001  0.59469580E+001  0.71620699E+001  0.85805852E+001  0.10216952E+002  0.12085456E+002  0.14200247E+002  0.16575330E+002  0.19224587E+002  0.22161793E+002  0.25400601E+002  0.28954575E+002  0.32837171E+002  0.37061754E+002  0.41641624E+002
  0.64162334E+000  0.65056761E+000  0.69221979E+000  0.78105076E+000  0.92784005E+000  0.11416233E+001  0.13554066E+001  0.15021959E+001  0.15910269E+001  0.16326791E+001  0.16416233E+001  0.16461795E+001  0.16746363E+001  0.17467718E+001  0.18808285E+001  0.20941626E+001  0.24035067E+001  0.28251146E+001  0.33748538E+001  0.40682689E+001  0.49206279E+001  0.59469579E+001  0.71620698E+001  0.85805850E+001  0.10216952E+002  0.12085456E+002  0.14200246E+002  0.16575330E+002  0.19224587E+002  0.22161793E+002  0.25400600E+002  0.28954574E+002  0.32837171E+002  0.37061754E+002  0.41641623E+002
  0.64161606E+000  0.65056033E+000  0.69221251E+000  0.78104348E+000  0.92783277E+000  0.11416161E+001  0.13553993E+001  0.15021886E+001  0.15910196E+001  0.16326718E+001  0.16416161E+001  0.16461722E+001  0.16746291E+001  0.17467645E+001  0.18808212E+001  0.20941554E+001  0.24034994E+001  0.28251073E+001  0.33748465E+001  0.40682616E+001  0.49206206E+001  0.59469506E+001  0.71620625E+001  0.85805777E+001  0.10216945E+002  0.12085449E+002  0.14200239E+002  0.16575322E+002  0.19224579E+002  0.22161786E+002  0.25400593E+002  0.28954567E+002  0.32837164E+002  0.37061747E+002  0.41641616E+002
  0.64136100E+000  0.65030527E+000  0.69195744E+000  0.78078841E+000  0.92757771E+000  0.11413610E+001  0.13551443E+001  0.15019336E+001  0.15907646E+001  0.16324167E+001  0.16413610E+001  0.16459172E+001  0.16743740E+001  0.17465094E+001  0.18805662E+001  0.20939003E+001  0.24032443E+001  0.28248523E+001  0.33745914E+001  0.40680066E+001  0.49203656E+001  0.59466955E+001  0.71618074E+001  0.85803227E+001  0.10216690E+002  0.12085194E+002  0.14199984E+002  0.16575067E+002  0.19224324E+002  0.22161531E+002  0.25400338E+002  0.28954312E+002  0.32836909E+002  0.37061492E+002  0.41641361E+002
  0.63560629E+000  0.64455056E+000  0.68620274E+000  0.77503371E+000  0.92182301E+000  0.11356063E+001  0.13493896E+001  0.14961789E+001  0.15850098E+001  0.16266620E+001  0.16356063E+001  0.16401625E+001  0.16686193E+001  0.17407547E+001  0.18748115E+001  0.20881456E+001  0.23974896E+001  0.28190976E+001  0.33688367E+001  0.40622519E+001  0.49146109E+001  0.59409408E+001  0.71560528E+001  0.85745680E+001  0.10210935E+002  0.12079439E+002  0.14194229E+002  0.16569313E+002  0.19218570E+002  0.22155776E+002  0.25394584E+002  0.28948558E+002  0.32831155E+002  0.37055737E+002  0.41635607E+002
  0.57173841E+000  0.58068269E+000  0.62233486E+000  0.71116583E+000  0.85795513E+000  0.10717384E+001  0.12855217E+001  0.14323110E+001  0.14323123E+001  0.14739645E+001  0.14829088E+001  0.14829089E+001  0.14829093E+001  0.15550447E+001  0.16891015E+001  0.19024356E+001  0.22117796E+001  0.26333876E+001  0.31831267E+001  0.38765419E+001  0.47289008E+001  0.57552308E+001  0.69703427E+001  0.83888579E+001  0.10025225E+002  0.11893729E+002  0.14008519E+002  0.16383603E+002  0.19032859E+002  0.21970066E+002  0.25208873E+002  0.28762847E+002  0.32645444E+002  0.36870027E+002  0.41449896E+002
  0.54644788E+000  0.55539215E+000  0.59704432E+000  0.68587529E+000  0.83266459E+000  0.10464479E+001  0.12602312E+001  0.14070204E+001  0.14958514E+001  0.15375036E+001  0.15375036E+001  0.15375035E+001  0.15375034E+001  0.16096388E+001  0.17436956E+001  0.19570297E+001  0.22663737E+001  0.26879817E+001  0.32377208E+001  0.39311359E+001  0.47834949E+001  0.58098249E+001  0.70249367E+001  0.84434520E+001  0.10079819E+002  0.11948323E+002  0.14063113E+002  0.16438196E+002  0.19087453E+002  0.22024660E+002  0.25263467E+002  0.28817441E+002  0.32700038E+002  0.36924621E+002  0.41504490E+002
  0.46697931E+000  0.46697931E+000  0.46697932E+000  0.46697934E+000  0.73588950E+000  0.73588931E+000  0.73588905E+000  0.73588881E+000  0.73588865E+000  0.73588858E+000  0.73588857E+000  0.73588856E+000  0.73588851E+000  0.73588842E+000  0.73588835E+000  0.73588857E+000  0.73588975E+000  0.73589027E+000  0.31573362E+001  0.31573300E+001  0.31573237E+001  0.41836537E+001  0.53987656E+001  0.68172809E+001  0.84536479E+001  0.10322152E+002  0.12436942E+002  0.14812026E+002  0.17461283E+002  0.20398489E+002  0.23637296E+002  0.27191271E+002  0.31073868E+002  0.35298450E+002  0.39878320E+002
  0.50670058E+000  0.50672805E+000  0.50694574E+000  0.50743009E+000  0.50816719E+000  0.50933838E+000  0.50969434E+000  0.51026024E+000  0.51103622E+000  0.51140293E+000  0.51148201E+000  0.51152632E+000  0.51153951E+000  0.56411076E+000  0.67081572E+000  0.87262420E+000  0.12408140E+001  0.89871330E+000  0.11663358E+001  0.83836111E+000  0.12289474E+001  0.22552773E+001  0.34703892E+001  0.48889045E+001  0.65252715E+001  0.83937757E+001  0.10508566E+002  0.12883649E+002  0.15532906E+002  0.18470113E+002  0.21708920E+002  0.25262895E+002  0.29145492E+002  0.33370075E+002  0.37949945E+002
