 -0.28822564E+001 -0.28733121E+001 -0.28316599E+001 -0.27428290E+001 -0.25960397E+001 -0.23822564E+001 -0.21684731E+001 -0.20216838E+001 -0.19328528E+001 -0.18912007E+001 -0.18822564E+001 -0.18777002E+001 -0.18492434E+001 -0.17771079E+001 -0.16430512E+001 -0.14297171E+001 -0.11203730E+001 -0.69876512E+000 -0.14902595E+000  0.54438918E+000  0.13967482E+001  0.24230781E+001  0.36381900E+001  0.50567053E+001  0.66930723E+001  0.85615764E+001  0.10676367E+002  0.13051450E+002  0.15700707E+002  0.18637913E+002  0.21876721E+002  0.25430695E+002  0.29313292E+002  0.33537874E+002  0.38117744E+002
 -0.28822564E+001 -0.28733121E+001 -0.28316599E+001 -0.27428290E+001 -0.25960397E+001 -0.23822564E+001 -0.21684731E+001 -0.20216838E+001 -0.19328528E+001 -0.18912007E+001 -0.18822564E+001 -0.18777002E+001 -0.18492434E+001 -0.17771079E+001 -0.16430512E+001 -0.14297171E+001 -0.11203730E+001 -0.69876512E+000 -0.14902595E+000  0.54438918E+000  0.13967482E+001  0.24230781E+001  0.36381900E+001  0.50567053E+001  0.66930723E+001  0.85615764E+001  0.10676367E+002  0.13051450E+002  0.15700707E+002  0.18637913E+002  0.21876721E+002  0.25430695E+002  0.29313292E+002  0.33537874E+002  0.38117744E+002
 -0.28822564E+001 -0.28733121E+001 -0.28316599E+001 -0.27428290E+001 -0.25960397E+001 -0.23822564E+001 -0.21684731E+001 -0.20216838E+001 -0.19328528E+001 -0.18912007E+001 -0.18822564E+001 -0.18777002E+001 -0.18492434E+001 -0.17771079E+001 -0.16430512E+001 -0.14297171E+001 -0.11203730E+001 -0.69876512E+000 -0.14902595E+000  0.54438918E+000  0.13967482E+001  0.24230781E+001  0.36381900E+001  0.50567053E+001  0.66930723E+001  0.85615764E+001  0.10676367E+002  0.13051450E+002  0.15700707E+002  0.18637913E+002  0.21876721E+002  0.25430695E+002  0.29313292E+002  0.33537874E+002  0.38117744E+002
 -0.28822564E+001 -0.28733121E+001 -0.28316599E+001 -0.27428290E+001 -0.25960397E+001 -0.23822564E+001 -0.21684731E+001 -0.20216838E+001 -0.19328528E+001 -0.18912007E+001 -0.18822564E+001 -0.18777002E+001 -0.18492434E+001 -0.17771079E+001 -0.16430512E+001 -0.14297171E+001 -0.11203730E+001 -0.69876512E+000 -0.14902595E+000  0.54438918E+000  0.13967482E+001  0.24230781E+001  0.36381900E+001  0.50567053E+001  0.66930723E+001  0.85615764E+001  0.10676367E+002  0.13051450E+002  0.15700707E+002  0.18637913E+002  0.21876721E+002  0.25430695E+002  0.29313292E+002  0.33537874E+002  0.38117744E+002
 -0.28822564E+001 -0.28733121E+001 -0.28316599E+001 -0.27428290E+001 -0.25960397E+001 -0.23822564E+001 -0.21684731E+001 -0.20216838E+001 -0.19328528E+001 -0.18912007E+001 -0.18822564E+001 -0.18777002E+001 -0.18492434E+001 -0.17771079E+001 -0.16430512E+001 -0.14297171E+001 -0.11203730E+001 -0.69876512E+000 -0.14902595E+000  0.54438918E+000  0.13967482E+001  0.24230781E+001  0.36381900E+001  0.50567053E+001  0.66930723E+001  0.85615764E+001  0.10676367E+002  0.13051450E+002  0.15700707E+002  0.18637913E+002  0.21876721E+002  0.25430695E+002  0.29313292E+002  0.33537874E+002  0.38117744E+002
 -0.28822564E+001 -0.28733121E+001 -0.28316599E+001 -0.27428290E+001 -0.25960397E+001 -0.23822564E+001 -0.21684731E+001 -0.20216838E+001 -0.19328528E+001 -0.18912007E+001 -0.18822564E+001 -0.18777002E+001 -0.18492434E+001 -0.17771079E+001 -0.16430512E+001 -0.14297171E+001 -0.11203730E+001 -0.69876512E+000 -0.14902595E+000  0.54438918E+000  0.13967482E+001  0.24230781E+001  0.36381900E+001  0.50567053E+001  0.66930723E+001  0.85615764E+001  0.10676367E+002  0.13051450E+002  0.15700707E+002  0.18637913E+002  0.21876721E+002  0.25430695E+002  0.29313292E+002  0.33537874E+002  0.38117744E+002
 -0.28822564E+001 -0.28733121E+001 -0.28316599E+001 -0.27428290E+001 -0.25960397E+001 -0.23822564E+001 -0.21684731E+001 -0.20216838E+001 -0.19328528E+001 -0.18912007E+001 -0.18822564E+001 -0.18777002E+001 -0.18492434E+001 -0.17771079E+001 -0.16430512E+001 -0.14297171E+001 -0.11203730E+001 -0.69876512E+000 -0.14902595E+000  0.54438918E+000  0.13967482E+001  0.24230781E+001  0.36381900E+001  0.50567053E+001  0.66930723E+001  0.85615764E+001  0.10676367E+002  0.13051450E+002  0.15700707E+002  0.18637913E+002  0.21876721E+002  0.25430695E+002  0.29313292E+002  0.33537874E+002  0.38117744E+002
 -0.28822564E+001 -0.28733121E+001 -0.28316599E+001 -0.27428290E+001 -0.25960397E+001 -0.23822564E+001 -0.21684731E+001 -0.20216838E+001 -0.19328528E+001 -0.18912007E+001 -0.18822564E+001 -0.18777002E+001 -0.18492434E+001 -0.17771079E+001 -0.16430512E+001 -0.14297171E+001 -0.11203730E+001 -0.69876512E+000 -0.14902595E+000  0.54438918E+000  0.13967482E+001  0.24230781E+001  0.36381900E+001  0.50567053E+001  0.66930723E+001  0.85615764E+001  0.10676367E+002  0.13051450E+002  0.15700707E+002  0.18637913E+002  0.21876721E+002  0.25430695E+002  0.29313292E+002  0.33537874E+002  0.38117744E+002
 -0.28822564E+001 -0.28733121E+001 -0.28316599E+001 -0.27428290E+001 -0.25960397E+001 -0.23822564E+001 -0.21684731E+001 -0.20216838E+001 -0.19328528E+001 -0.18912007E+001 -0.18822564E+001 -0.18777002E+001 -0.18492434E+001 -0.17771079E+001 -0.16430512E+001 -0.14297171E+001 -0.11203730E+001 -0.69876512E+000 -0.14902595E+000  0.54438918E+000  0.13967482E+001  0.24230781E+001  0.36381900E+001  0.50567053E+001  0.66930723E+001  0.85615764E+001  0.10676367E+002  0.13051450E+002  0.15700707E+002  0.18637913E+002  0.21876721E+002  0.25430695E+002  0.29313292E+002  0.33537874E+002  0.38117744E+002
 -0.28822564E+001 -0.28733121E+001 -0.28316599E+001 -0.27428290E+001 -0.25960397E+001 -0.23822564E+001 -0.21684731E+001 -0.20216838E+001 -0.19328528E+001 -0.18912007E+001 -0.18822564E+001 -0.18777002E+001 -0.18492434E+001 -0.17771079E+001 -0.16430512E+001 -0.14297171E+001 -0.11203730E+001 -0.69876512E+000 -0.14902595E+000  0.54438918E+000  0.13967482E+001  0.24230781E+001  0.36381900E+001  0.50567053E+001  0.66930723E+001  0.85615764E+001  0.10676367E+002  0.13051450E+002  0.15700707E+002  0.18637913E+002  0.21876721E+002  0.25430695E+002  0.29313292E+002  0.33537874E+002  0.38117744E+002
 -0.28822564E+001 -0.28733121E+001 -0.28316599E+001 -0.27428290E+001 -0.25960397E+001 -0.23822564E+001 -0.21684731E+001 -0.20216838E+001 -0.19328528E+001 -0.18912007E+001 -0.18822564E+001 -0.18777002E+001 -0.18492434E+001 -0.17771079E+001 -0.16430512E+001 -0.14297171E+001 -0.11203730E+001 -0.69876512E+000 -0.14902595E+000  0.54438918E+000  0.13967482E+001  0.24230781E+001  0.36381900E+001  0.50567053E+001  0.66930723E+001  0.85615764E+001  0.10676367E+002  0.13051450E+002  0.15700707E+002  0.18637913E+002  0.21876721E+002  0.25430695E+002  0.29313292E+002  0.33537874E+002  0.38117744E+002
 -0.28822564E+001 -0.28733121E+001 -0.28316599E+001 -0.27428290E+001 -0.25960397E+001 -0.23822564E+001 -0.21684731E+001 -0.20216838E+001 -0.19328528E+001 -0.18912007E+001 -0.18822564E+001 -0.18777002E+001 -0.18492434E+001 -0.17771079E+001 -0.16430512E+001 -0.14297171E+001 -0.11203730E+001 -0.69876512E+000 -0.14902595E+000  0.54438918E+000  0.13967482E+001  0.24230781E+001  0.36381900E+001  0.50567053E+001  0.66930723E+001  0.85615764E+001  0.10676367E+002  0.13051450E+002  0.15700707E+002  0.18637913E+002  0.21876721E+002  0.25430695E+002  0.29313292E+002  0.33537874E+002  0.38117744E+002
 -0.28822564E+001 -0.28733121E+001 -0.28316599E+001 -0.27428290E+001 -0.25960397E+001 -0.23822564E+001 -0.21684731E+001 -0.20216838E+001 -0.19328528E+001 -0.18912007E+001 -0.18822564E+001 -0.18777002E+001 -0.18492434E+001 -0.17771079E+001 -0.16430512E+001 -0.14297171E+001 -0.11203730E+001 -0.69876512E+000 -0.14902595E+000  0.54438918E+000  0.13967482E+001  0.24230781E+001  0.36381900E+001  0.50567053E+001  0.66930723E+001  0.85615764E+001  0.10676367E+002  0.13051450E+002  0.15700707E+002  0.18637913E+002  0.21876721E+002  0.25430695E+002  0.29313292E+002  0.33537874E+002  0.38117744E+002
 -0.28822564E+001 -0.28733121E+001 -0.28316599E+001 -0.27428290E+001 -0.25960397E+001 -0.23822564E+001 -0.21684731E+001 -0.20216838E+001 -0.19328528E+001 -0.18912007E+001 -0.18822564E+001 -0.18777002E+001 -0.18492434E+001 -0.17771079E+001 -0.16430512E+001 -0.14297171E+001 -0.11203730E+001 -0.69876512E+000 -0.14902595E+000  0.54438918E+000  0.13967482E+001  0.24230781E+001  0.36381900E+001  0.50567053E+001  0.66930723E+001  0.85615764E+001  0.10676367E+002  0.13051450E+002  0.15700707E+002  0.18637913E+002  0.21876721E+002  0.25430695E+002  0.29313292E+002  0.33537874E+002  0.38117744E+002
 -0.28822564E+001 -0.28733121E+001 -0.28316599E+001 -0.27428290E+001 -0.25960397E+001 -0.23822564E+001 -0.21684731E+001 -0.20216838E+001 -0.19328528E+001 -0.18912007E+001 -0.18822564E+001 -0.18777002E+001 -0.18492434E+001 -0.17771079E+001 -0.16430512E+001 -0.14297171E+001 -0.11203730E+001 -0.69876512E+000 -0.14902595E+000  0.54438918E+000  0.13967482E+001  0.24230781E+001  0.36381900E+001  0.50567053E+001  0.66930723E+001  0.85615764E+001  0.10676367E+002  0.13051450E+002  0.15700707E+002  0.18637913E+002  0.21876721E+002  0.25430695E+002  0.29313292E+002  0.33537874E+002  0.38117744E+002
 -0.28822564E+001 -0.28733121E+001 -0.28316599E+001 -0.27428290E+001 -0.25960397E+001 -0.23822564E+001 -0.21684731E+001 -0.20216838E+001 -0.19328528E+001 -0.18912007E+001 -0.18822564E+001 -0.18777002E+001 -0.18492434E+001 -0.17771079E+001 -0.16430512E+001 -0.14297171E+001 -0.11203730E+001 -0.69876512E+000 -0.14902595E+000  0.54438919E+000  0.13967482E+001  0.24230781E+001  0.36381900E+001  0.50567053E+001  0.66930723E+001  0.85615764E+001  0.10676367E+002  0.13051450E+002  0.15700707E+002  0.18637913E+002  0.21876721E+002  0.25430695E+002  0.29313292E+002  0.33537874E+002  0.38117744E+002
 -0.28822563E+001 -0.28733120E+001 -0.28316599E+001 -0.27428289E+001 -0.25960396E+001 -0.23822563E+001 -0.21684730E+001 -0.20216837E+001 -0.19328528E+001 -0.18912006E+001 -0.18822563E+001 -0.18777001E+001 -0.18492433E+001 -0.17771079E+001 -0.16430511E+001 -0.14297170E+001 -0.11203730E+001 -0.69876504E+000 -0.14902587E+000  0.54438927E+000  0.13967482E+001  0.24230782E+001  0.36381901E+001  0.50567053E+001  0.66930724E+001  0.85615765E+001  0.10676367E+002  0.13051450E+002  0.15700707E+002  0.18637913E+002  0.21876721E+002  0.25430695E+002  0.29313292E+002  0.33537874E+002  0.38117744E+002
 -0.28822520E+001 -0.28733077E+001 -0.28316555E+001 -0.27428246E+001 -0.25960353E+001 -0.23822520E+001 -0.21684687E+001 -0.20216794E+001 -0.19328484E+001 -0.18911962E+001 -0.18822520E+001 -0.18776958E+001 -0.18492390E+001 -0.17771035E+001 -0.16430468E+001 -0.14297127E+001 -0.11203686E+001 -0.69876070E+000 -0.14902154E+000  0.54439360E+000  0.13967526E+001  0.24230825E+001  0.36381944E+001  0.50567097E+001  0.66930767E+001  0.85615808E+001  0.10676371E+002  0.13051454E+002  0.15700711E+002  0.18637918E+002  0.21876725E+002  0.25430699E+002  0.29313296E+002  0.33537878E+002  0.38117748E+002
 -0.28820835E+001 -0.28731392E+001 -0.28314870E+001 -0.27426561E+001 -0.25958668E+001 -0.23820835E+001 -0.21683002E+001 -0.20215109E+001 -0.19326799E+001 -0.18910278E+001 -0.18820835E+001 -0.18775273E+001 -0.18490705E+001 -0.17769350E+001 -0.16428783E+001 -0.14295442E+001 -0.11202001E+001 -0.69859221E+000 -0.14885304E+000  0.54456209E+000  0.13969211E+001  0.24232510E+001  0.36383629E+001  0.50568782E+001  0.66932452E+001  0.85617493E+001  0.10676540E+002  0.13051623E+002  0.15700880E+002  0.18638086E+002  0.21876893E+002  0.25430868E+002  0.29313464E+002  0.33538047E+002  0.38117916E+002
 -0.28778911E+001 -0.28689468E+001 -0.28272946E+001 -0.27384636E+001 -0.25916744E+001 -0.23778911E+001 -0.21641078E+001 -0.20173185E+001 -0.19284875E+001 -0.18868353E+001 -0.18778911E+001 -0.18733349E+001 -0.18448781E+001 -0.17727426E+001 -0.16386859E+001 -0.14253518E+001 -0.11160077E+001 -0.69439980E+000 -0.14466063E+000  0.54875450E+000  0.14011135E+001  0.24274434E+001  0.36425554E+001  0.50610706E+001  0.66974376E+001  0.85659418E+001  0.10680732E+002  0.13055815E+002  0.15705072E+002  0.18642279E+002  0.21881086E+002  0.25435060E+002  0.29317657E+002  0.33542239E+002  0.38122109E+002
 -0.28267362E+001 -0.28177919E+001 -0.27761398E+001 -0.26873088E+001 -0.25405195E+001 -0.23267362E+001 -0.21129529E+001 -0.19661636E+001 -0.18773327E+001 -0.18356805E+001 -0.18267362E+001 -0.18221800E+001 -0.17937232E+001 -0.17215878E+001 -0.15875310E+001 -0.13741969E+001 -0.10648529E+001 -0.64324494E+000 -0.93505770E-001  0.59990936E+000  0.14522683E+001  0.24785983E+001  0.36937102E+001  0.51122254E+001  0.67485925E+001  0.86170966E+001  0.10731887E+002  0.13106970E+002  0.15756227E+002  0.18693434E+002  0.21932241E+002  0.25486215E+002  0.29368812E+002  0.33593394E+002  0.38173264E+002
 -0.27932137E+001 -0.27842694E+001 -0.27426172E+001 -0.26537863E+001 -0.25069970E+001 -0.22932137E+001 -0.20794304E+001 -0.19326411E+001 -0.18438101E+001 -0.18021580E+001 -0.17932137E+001 -0.17886575E+001 -0.17602007E+001 -0.16880653E+001 -0.15540085E+001 -0.13406744E+001 -0.10313303E+001 -0.60972242E+000 -0.59983253E-001  0.63343188E+000  0.14857909E+001  0.25121208E+001  0.37272327E+001  0.51457480E+001  0.67821150E+001  0.86506191E+001  0.10765409E+002  0.13140493E+002  0.15789749E+002  0.18726956E+002  0.21965763E+002  0.25519737E+002  0.29402334E+002  0.33626917E+002  0.38206786E+002
 -0.24165297E+001 -0.24075854E+001 -0.23659332E+001 -0.22771023E+001 -0.21303130E+001 -0.19165297E+001 -0.17027464E+001 -0.15559571E+001 -0.14671261E+001 -0.14254740E+001 -0.14165297E+001 -0.14119735E+001 -0.13835167E+001 -0.13113812E+001 -0.11773245E+001 -0.96399038E+000 -0.65464633E+000 -0.23303841E+000  0.31670076E+000  0.10101159E+001  0.18624749E+001  0.28888048E+001  0.41039167E+001  0.55224320E+001  0.71587990E+001  0.90273031E+001  0.11142093E+002  0.13517177E+002  0.16166433E+002  0.19103640E+002  0.22342447E+002  0.25896421E+002  0.29779018E+002  0.34003600E+002  0.38583470E+002
  0.22308467E+001  0.22397910E+001  0.22814431E+001  0.23702741E+001  0.25170634E+001  0.27308467E+001  0.29446300E+001  0.30914193E+001  0.31802502E+001  0.32219024E+001  0.32308467E+001  0.32354028E+001  0.32638597E+001  0.33359951E+001  0.34700519E+001  0.36833860E+001  0.39927300E+001  0.44143380E+001  0.49640771E+001  0.15409003E+001  0.15407577E+001  0.15405847E+001  0.15404158E+001  0.15401872E+001  0.15398796E+001  0.15394640E+001  0.15389277E+001  0.15382553E+001  0.15374563E+001  0.15367087E+001  0.15358810E+001  0.15349698E+001  0.15339582E+001  0.15328557E+001  0.15316591E+001
 -0.25192507E+001 -0.25103064E+001 -0.24686543E+001 -0.23798233E+001 -0.22330340E+001 -0.20192507E+001 -0.18054674E+001 -0.16586781E+001 -0.15698471E+001 -0.15281950E+001 -0.15192507E+001 -0.15146945E+001 -0.14862377E+001 -0.14141023E+001 -0.12800455E+001 -0.10667114E+001 -0.75736735E+000 -0.33575943E+000  0.21397974E+000 -0.29378218E+002 -0.29589869E+002 -0.29835280E+002 -0.34687747E+002 -0.40460323E+002 -0.47462061E+002 -0.56427020E+002 -0.64562603E+002 -0.72261202E+002 -0.77067363E+002 -0.64809831E+002 -0.65075747E+002 -0.65290232E+002 -0.66378022E+002 -0.66494121E+002 -0.66569918E+002
