 -0.28295663E+001 -0.28206220E+001 -0.27789699E+001 -0.26901389E+001 -0.25433496E+001 -0.23295663E+001 -0.21157830E+001 -0.19689937E+001 -0.18801628E+001 -0.18385106E+001 -0.18295663E+001 -0.18250101E+001 -0.17965533E+001 -0.17244179E+001 -0.15903611E+001 -0.13770270E+001 -0.10676830E+001 -0.64607504E+000 -0.96335874E-001  0.59707926E+000  0.14494382E+001  0.24757682E+001  0.36908801E+001  0.51093953E+001  0.67457624E+001  0.86142665E+001  0.10729057E+002  0.13104140E+002  0.15753397E+002  0.18690603E+002  0.21929411E+002  0.25483385E+002  0.29365982E+002  0.33590564E+002  0.38170434E+002
 -0.28295663E+001 -0.28206220E+001 -0.27789699E+001 -0.26901389E+001 -0.25433496E+001 -0.23295663E+001 -0.21157830E+001 -0.19689937E+001 -0.18801628E+001 -0.18385106E+001 -0.18295663E+001 -0.18250101E+001 -0.17965533E+001 -0.17244179E+001 -0.15903611E+001 -0.13770270E+001 -0.10676830E+001 -0.64607504E+000 -0.96335874E-001  0.59707926E+000  0.14494382E+001  0.24757682E+001  0.36908801E+001  0.51093953E+001  0.67457624E+001  0.86142665E+001  0.10729057E+002  0.13104140E+002  0.15753397E+002  0.18690603E+002  0.21929411E+002  0.25483385E+002  0.29365982E+002  0.33590564E+002  0.38170434E+002
 -0.28295663E+001 -0.28206220E+001 -0.27789699E+001 -0.26901389E+001 -0.25433496E+001 -0.23295663E+001 -0.21157830E+001 -0.19689937E+001 -0.18801628E+001 -0.18385106E+001 -0.18295663E+001 -0.18250101E+001 -0.17965533E+001 -0.17244179E+001 -0.15903611E+001 -0.13770270E+001 -0.10676830E+001 -0.64607504E+000 -0.96335874E-001  0.59707926E+000  0.14494382E+001  0.24757682E+001  0.36908801E+001  0.51093953E+001  0.67457624E+001  0.86142665E+001  0.10729057E+002  0.13104140E+002  0.15753397E+002  0.18690603E+002  0.21929411E+002  0.25483385E+002  0.29365982E+002  0.33590564E+002  0.38170434E+002
 -0.28295663E+001 -0.28206220E+001 -0.27789699E+001 -0.26901389E+001 -0.25433496E+001 -0.23295663E+001 -0.21157830E+001 -0.19689937E+001 -0.18801628E+001 -0.18385106E+001 -0.18295663E+001 -0.18250101E+001 -0.17965533E+001 -0.17244179E+001 -0.15903611E+001 -0.13770270E+001 -0.10676830E+001 -0.64607504E+000 -0.96335874E-001  0.59707926E+000  0.14494382E+001  0.24757682E+001  0.36908801E+001  0.51093953E+001  0.67457624E+001  0.86142665E+001  0.10729057E+002  0.13104140E+002  0.15753397E+002  0.18690603E+002  0.21929411E+002  0.25483385E+002  0.29365982E+002  0.33590564E+002  0.38170434E+002
 -0.28295663E+001 -0.28206220E+001 -0.27789699E+001 -0.26901389E+001 -0.25433496E+001 -0.23295663E+001 -0.21157830E+001 -0.19689937E+001 -0.18801628E+001 -0.18385106E+001 -0.18295663E+001 -0.18250101E+001 -0.17965533E+001 -0.17244179E+001 -0.15903611E+001 -0.13770270E+001 -0.10676830E+001 -0.64607504E+000 -0.96335874E-001  0.59707926E+000  0.14494382E+001  0.24757682E+001  0.36908801E+001  0.51093953E+001  0.67457624E+001  0.86142665E+001  0.10729057E+002  0.13104140E+002  0.15753397E+002  0.18690603E+002  0.21929411E+002  0.25483385E+002  0.29365982E+002  0.33590564E+002  0.38170434E+002
 -0.28295663E+001 -0.28206220E+001 -0.27789699E+001 -0.26901389E+001 -0.25433496E+001 -0.23295663E+001 -0.21157830E+001 -0.19689937E+001 -0.18801628E+001 -0.18385106E+001 -0.18295663E+001 -0.18250101E+001 -0.17965533E+001 -0.17244179E+001 -0.15903611E+001 -0.13770270E+001 -0.10676830E+001 -0.64607504E+000 -0.96335874E-001  0.59707926E+000  0.14494382E+001  0.24757682E+001  0.36908801E+001  0.51093953E+001  0.67457624E+001  0.86142665E+001  0.10729057E+002  0.13104140E+002  0.15753397E+002  0.18690603E+002  0.21929411E+002  0.25483385E+002  0.29365982E+002  0.33590564E+002  0.38170434E+002
 -0.28295663E+001 -0.28206220E+001 -0.27789699E+001 -0.26901389E+001 -0.25433496E+001 -0.23295663E+001 -0.21157830E+001 -0.19689937E+001 -0.18801628E+001 -0.18385106E+001 -0.18295663E+001 -0.18250101E+001 -0.17965533E+001 -0.17244179E+001 -0.15903611E+001 -0.13770270E+001 -0.10676830E+001 -0.64607504E+000 -0.96335874E-001  0.59707926E+000  0.14494382E+001  0.24757682E+001  0.36908801E+001  0.51093953E+001  0.67457624E+001  0.86142665E+001  0.10729057E+002  0.13104140E+002  0.15753397E+002  0.18690603E+002  0.21929411E+002  0.25483385E+002  0.29365982E+002  0.33590564E+002  0.38170434E+002
 -0.28295663E+001 -0.28206220E+001 -0.27789699E+001 -0.26901389E+001 -0.25433496E+001 -0.23295663E+001 -0.21157830E+001 -0.19689937E+001 -0.18801628E+001 -0.18385106E+001 -0.18295663E+001 -0.18250101E+001 -0.17965533E+001 -0.17244179E+001 -0.15903611E+001 -0.13770270E+001 -0.10676830E+001 -0.64607504E+000 -0.96335874E-001  0.59707926E+000  0.14494382E+001  0.24757682E+001  0.36908801E+001  0.51093953E+001  0.67457624E+001  0.86142665E+001  0.10729057E+002  0.13104140E+002  0.15753397E+002  0.18690603E+002  0.21929411E+002  0.25483385E+002  0.29365982E+002  0.33590564E+002  0.38170434E+002
 -0.28295663E+001 -0.28206220E+001 -0.27789699E+001 -0.26901389E+001 -0.25433496E+001 -0.23295663E+001 -0.21157830E+001 -0.19689937E+001 -0.18801628E+001 -0.18385106E+001 -0.18295663E+001 -0.18250101E+001 -0.17965533E+001 -0.17244179E+001 -0.15903611E+001 -0.13770270E+001 -0.10676830E+001 -0.64607504E+000 -0.96335874E-001  0.59707926E+000  0.14494382E+001  0.24757682E+001  0.36908801E+001  0.51093953E+001  0.67457624E+001  0.86142665E+001  0.10729057E+002  0.13104140E+002  0.15753397E+002  0.18690603E+002  0.21929411E+002  0.25483385E+002  0.29365982E+002  0.33590564E+002  0.38170434E+002
 -0.28295663E+001 -0.28206220E+001 -0.27789699E+001 -0.26901389E+001 -0.25433496E+001 -0.23295663E+001 -0.21157830E+001 -0.19689937E+001 -0.18801628E+001 -0.18385106E+001 -0.18295663E+001 -0.18250101E+001 -0.17965533E+001 -0.17244179E+001 -0.15903611E+001 -0.13770270E+001 -0.10676830E+001 -0.64607504E+000 -0.96335874E-001  0.59707926E+000  0.14494382E+001  0.24757682E+001  0.36908801E+001  0.51093953E+001  0.67457624E+001  0.86142665E+001  0.10729057E+002  0.13104140E+002  0.15753397E+002  0.18690603E+002  0.21929411E+002  0.25483385E+002  0.29365982E+002  0.33590564E+002  0.38170434E+002
 -0.28295663E+001 -0.28206220E+001 -0.27789699E+001 -0.26901389E+001 -0.25433496E+001 -0.23295663E+001 -0.21157830E+001 -0.19689937E+001 -0.18801628E+001 -0.18385106E+001 -0.18295663E+001 -0.18250101E+001 -0.17965533E+001 -0.17244179E+001 -0.15903611E+001 -0.13770270E+001 -0.10676830E+001 -0.64607504E+000 -0.96335874E-001  0.59707926E+000  0.14494382E+001  0.24757682E+001  0.36908801E+001  0.51093953E+001  0.67457624E+001  0.86142665E+001  0.10729057E+002  0.13104140E+002  0.15753397E+002  0.18690603E+002  0.21929411E+002  0.25483385E+002  0.29365982E+002  0.33590564E+002  0.38170434E+002
 -0.28295663E+001 -0.28206220E+001 -0.27789699E+001 -0.26901389E+001 -0.25433496E+001 -0.23295663E+001 -0.21157830E+001 -0.19689937E+001 -0.18801628E+001 -0.18385106E+001 -0.18295663E+001 -0.18250101E+001 -0.17965533E+001 -0.17244179E+001 -0.15903611E+001 -0.13770270E+001 -0.10676830E+001 -0.64607504E+000 -0.96335874E-001  0.59707926E+000  0.14494382E+001  0.24757682E+001  0.36908801E+001  0.51093953E+001  0.67457624E+001  0.86142665E+001  0.10729057E+002  0.13104140E+002  0.15753397E+002  0.18690603E+002  0.21929411E+002  0.25483385E+002  0.29365982E+002  0.33590564E+002  0.38170434E+002
 -0.28295663E+001 -0.28206220E+001 -0.27789699E+001 -0.26901389E+001 -0.25433496E+001 -0.23295663E+001 -0.21157830E+001 -0.19689937E+001 -0.18801628E+001 -0.18385106E+001 -0.18295663E+001 -0.18250101E+001 -0.17965533E+001 -0.17244179E+001 -0.15903611E+001 -0.13770270E+001 -0.10676830E+001 -0.64607504E+000 -0.96335874E-001  0.59707926E+000  0.14494382E+001  0.24757682E+001  0.36908801E+001  0.51093953E+001  0.67457624E+001  0.86142665E+001  0.10729057E+002  0.13104140E+002  0.15753397E+002  0.18690603E+002  0.21929411E+002  0.25483385E+002  0.29365982E+002  0.33590564E+002  0.38170434E+002
 -0.28295663E+001 -0.28206220E+001 -0.27789699E+001 -0.26901389E+001 -0.25433496E+001 -0.23295663E+001 -0.21157830E+001 -0.19689937E+001 -0.18801628E+001 -0.18385106E+001 -0.18295663E+001 -0.18250101E+001 -0.17965533E+001 -0.17244179E+001 -0.15903611E+001 -0.13770270E+001 -0.10676830E+001 -0.64607504E+000 -0.96335874E-001  0.59707926E+000  0.14494382E+001  0.24757682E+001  0.36908801E+001  0.51093953E+001  0.67457624E+001  0.86142665E+001  0.10729057E+002  0.13104140E+002  0.15753397E+002  0.18690603E+002  0.21929411E+002  0.25483385E+002  0.29365982E+002  0.33590564E+002  0.38170434E+002
 -0.28295663E+001 -0.28206220E+001 -0.27789698E+001 -0.26901389E+001 -0.25433496E+001 -0.23295663E+001 -0.21157830E+001 -0.19689937E+001 -0.18801627E+001 -0.18385106E+001 -0.18295663E+001 -0.18250101E+001 -0.17965533E+001 -0.17244178E+001 -0.15903611E+001 -0.13770270E+001 -0.10676829E+001 -0.64607502E+000 -0.96335856E-001  0.59707928E+000  0.14494383E+001  0.24757682E+001  0.36908801E+001  0.51093953E+001  0.67457624E+001  0.86142665E+001  0.10729057E+002  0.13104140E+002  0.15753397E+002  0.18690603E+002  0.21929411E+002  0.25483385E+002  0.29365982E+002  0.33590564E+002  0.38170434E+002
 -0.28295654E+001 -0.28206212E+001 -0.27789690E+001 -0.26901380E+001 -0.25433487E+001 -0.23295654E+001 -0.21157821E+001 -0.19689928E+001 -0.18801619E+001 -0.18385097E+001 -0.18295654E+001 -0.18250093E+001 -0.17965524E+001 -0.17244170E+001 -0.15903602E+001 -0.13770261E+001 -0.10676821E+001 -0.64607416E+000 -0.96334999E-001  0.59708013E+000  0.14494391E+001  0.24757691E+001  0.36908810E+001  0.51093962E+001  0.67457632E+001  0.86142674E+001  0.10729058E+002  0.13104141E+002  0.15753398E+002  0.18690604E+002  0.21929411E+002  0.25483386E+002  0.29365982E+002  0.33590565E+002  0.38170434E+002
 -0.28295337E+001 -0.28205894E+001 -0.27789372E+001 -0.26901063E+001 -0.25433170E+001 -0.23295337E+001 -0.21157504E+001 -0.19689611E+001 -0.18801301E+001 -0.18384780E+001 -0.18295337E+001 -0.18249775E+001 -0.17965207E+001 -0.17243852E+001 -0.15903285E+001 -0.13769944E+001 -0.10676503E+001 -0.64604242E+000 -0.96303252E-001  0.59711188E+000  0.14494709E+001  0.24758008E+001  0.36909127E+001  0.51094279E+001  0.67457950E+001  0.86142991E+001  0.10729089E+002  0.13104173E+002  0.15753429E+002  0.18690636E+002  0.21929443E+002  0.25483417E+002  0.29366014E+002  0.33590597E+002  0.38170466E+002
 -0.28286475E+001 -0.28197032E+001 -0.27780510E+001 -0.26892200E+001 -0.25424308E+001 -0.23286475E+001 -0.21148642E+001 -0.19680749E+001 -0.18792439E+001 -0.18375917E+001 -0.18286475E+001 -0.18240913E+001 -0.17956345E+001 -0.17234990E+001 -0.15894423E+001 -0.13761082E+001 -0.10667641E+001 -0.64515620E+000 -0.95417038E-001  0.59799809E+000  0.14503571E+001  0.24766870E+001  0.36917989E+001  0.51103142E+001  0.67466812E+001  0.86151853E+001  0.10729976E+002  0.13105059E+002  0.15754316E+002  0.18691522E+002  0.21930329E+002  0.25484303E+002  0.29366900E+002  0.33591483E+002  0.38171352E+002
 -0.28109479E+001 -0.28020036E+001 -0.27603514E+001 -0.26715205E+001 -0.25247312E+001 -0.23109479E+001 -0.20971646E+001 -0.19503753E+001 -0.18615443E+001 -0.18198921E+001 -0.18109479E+001 -0.18063917E+001 -0.17779349E+001 -0.17057994E+001 -0.15717427E+001 -0.13584086E+001 -0.10490645E+001 -0.62745661E+000 -0.77717439E-001  0.61569769E+000  0.14680567E+001  0.24943866E+001  0.37094985E+001  0.51280138E+001  0.67643808E+001  0.86328849E+001  0.10747675E+002  0.13122758E+002  0.15772015E+002  0.18709222E+002  0.21948029E+002  0.25502003E+002  0.29384600E+002  0.33609182E+002  0.38189052E+002
 -0.25809475E+001 -0.25720032E+001 -0.25303510E+001 -0.24415201E+001 -0.22947308E+001 -0.20809475E+001 -0.18671642E+001 -0.17203749E+001 -0.16315439E+001 -0.15898918E+001 -0.15809475E+001 -0.15763913E+001 -0.15479345E+001 -0.14757991E+001 -0.13417423E+001 -0.11284082E+001 -0.81906414E+000 -0.39745622E+000  0.15228294E+000  0.84569807E+000  0.16980570E+001  0.27243870E+001  0.39394989E+001  0.53580141E+001  0.69943812E+001  0.88628853E+001  0.10977675E+002  0.13352759E+002  0.16002016E+002  0.18939222E+002  0.22178029E+002  0.25732003E+002  0.29614600E+002  0.33839183E+002  0.38419052E+002
 -0.98446742E+000 -0.97552314E+000 -0.93387097E+000 -0.84504000E+000 -0.69825070E+000 -0.48446742E+000 -0.27068414E+000 -0.12389484E+000 -0.35063869E-001  0.65883044E-002  0.15532577E-001  0.20088740E-001  0.48545577E-001  0.12068102E+000  0.25473776E+000  0.46807188E+000  0.77741592E+000  0.11990238E+001  0.17487630E+001  0.24421781E+001  0.32945371E+001  0.43208671E+001  0.55359790E+001  0.69544942E+001  0.85908613E+001  0.10459365E+002  0.12574156E+002  0.14949239E+002  0.17598496E+002  0.20535702E+002  0.23774509E+002  0.27328484E+002  0.31211080E+002  0.35435663E+002  0.40015532E+002
  0.35481063E+001  0.35570506E+001  0.35987028E+001  0.36875338E+001  0.38343231E+001  0.40481063E+001  0.42618896E+001  0.44086789E+001  0.44975099E+001  0.45391621E+001  0.45481063E+001  0.45526625E+001  0.45811193E+001  0.46532548E+001  0.47873115E+001  0.50006456E+001  0.53099897E+001  0.57315976E+001  0.62813368E+001  0.69747519E+001  0.78271109E+001  0.88534408E+001  0.10068553E+002  0.11487068E+002  0.13123435E+002  0.14991939E+002  0.17106729E+002  0.19481812E+002  0.22131069E+002  0.25068275E+002  0.28307082E+002  0.31861056E+002  0.31861152E+002  0.31861423E+002  0.31861863E+002
  0.42478338E+001  0.42567780E+001  0.42984302E+001  0.43872612E+001  0.45340505E+001  0.47478338E+001  0.49616171E+001  0.51084064E+001  0.51972373E+001  0.54995316E+001  0.54996741E+001  0.56749894E+001  0.56755506E+001  0.57476861E+001  0.58817428E+001  0.60950769E+001  0.64044210E+001  0.68260289E+001  0.73757681E+001  0.80691832E+001  0.89215422E+001  0.99478722E+001  0.11162984E+002  0.12581499E+002  0.14217866E+002  0.16086370E+002  0.18201160E+002  0.20576243E+002  0.23225500E+002  0.26162706E+002  0.29401513E+002  0.32955487E+002  0.36838083E+002  0.41062665E+002  0.45642534E+002
  0.36442629E+001  0.36442626E+001  0.36442614E+001  0.36442588E+001  0.36442544E+001  0.36442481E+001  0.36442419E+001  0.36442377E+001  0.36442347E+001  0.36442333E+001  0.36442330E+001  0.36442328E+001  0.53832567E+001  0.54553922E+001  0.55894489E+001  0.58027830E+001  0.61121271E+001  0.65337350E+001  0.70834742E+001  0.77768893E+001  0.86292483E+001  0.96555783E+001  0.10870690E+002  0.12289205E+002  0.13925572E+002  0.15794076E+002  0.17908866E+002  0.30549508E+002  0.31052368E+002  0.31560443E+002  0.32058138E+002  0.32525650E+002  0.32938136E+002  0.33264694E+002  0.33467137E+002
 -0.18629792E+001 -0.18632789E+001 -0.18646774E+001 -0.18676821E+001 -0.18672709E+001 -0.18689085E+001 -0.17554662E+001 -0.17054289E+001 -0.26202752E+001 -0.26195962E+001 -0.22274751E+001 -0.22276448E+001 -0.22018069E+001 -0.21296715E+001 -0.29143541E+001 -0.29280998E+001 -0.29494478E+001 -0.29802808E+001 -0.30231539E+001 -0.30816427E+001 -0.31604168E+001 -0.32655251E+001 -0.34047205E+001 -0.35878305E+001 -0.38271819E+001 -0.19586778E+001  0.15611230E+000  0.25311954E+001  0.51804521E+001  0.81176584E+001  0.11356465E+002  0.14910439E+002  0.18793035E+002  0.23017617E+002  0.27597485E+002
