  0.33424688E+001  0.33514130E+001  0.33930652E+001  0.34818962E+001  0.36286855E+001  0.38424688E+001  0.40562520E+001  0.42030413E+001  0.42918723E+001  0.43335245E+001  0.43424688E+001  0.43470249E+001  0.43754818E+001  0.44476172E+001  0.45816739E+001  0.47950081E+001  0.51043521E+001  0.55259600E+001  0.60756992E+001  0.67691143E+001  0.76214733E+001  0.86478032E+001  0.98629152E+001  0.11281430E+002  0.12917797E+002  0.14786302E+002  0.16901092E+002  0.19276175E+002  0.21925432E+002  0.24862638E+002  0.28101446E+002  0.31655420E+002  0.35538017E+002  0.39762599E+002  0.44342469E+002
  0.33424688E+001  0.33514130E+001  0.33930652E+001  0.34818962E+001  0.36286855E+001  0.38424688E+001  0.40562520E+001  0.42030413E+001  0.42918723E+001  0.43335245E+001  0.43424688E+001  0.43470249E+001  0.43754818E+001  0.44476172E+001  0.45816739E+001  0.47950081E+001  0.51043521E+001  0.55259600E+001  0.60756992E+001  0.67691143E+001  0.76214733E+001  0.86478032E+001  0.98629152E+001  0.11281430E+002  0.12917797E+002  0.14786302E+002  0.16901092E+002  0.19276175E+002  0.21925432E+002  0.24862638E+002  0.28101446E+002  0.31655420E+002  0.35538017E+002  0.39762599E+002  0.44342469E+002
  0.33424688E+001  0.33514130E+001  0.33930652E+001  0.34818962E+001  0.36286855E+001  0.38424688E+001  0.40562520E+001  0.42030413E+001  0.42918723E+001  0.43335245E+001  0.43424688E+001  0.43470249E+001  0.43754818E+001  0.44476172E+001  0.45816739E+001  0.47950081E+001  0.51043521E+001  0.55259600E+001  0.60756992E+001  0.67691143E+001  0.76214733E+001  0.86478032E+001  0.98629152E+001  0.11281430E+002  0.12917797E+002  0.14786302E+002  0.16901092E+002  0.19276175E+002  0.21925432E+002  0.24862638E+002  0.28101446E+002  0.31655420E+002  0.35538017E+002  0.39762599E+002  0.44342469E+002
  0.33424688E+001  0.33514130E+001  0.33930652E+001  0.34818962E+001  0.36286855E+001  0.38424688E+001  0.40562520E+001  0.42030413E+001  0.42918723E+001  0.43335245E+001  0.43424688E+001  0.43470249E+001  0.43754818E+001  0.44476172E+001  0.45816739E+001  0.47950081E+001  0.51043521E+001  0.55259600E+001  0.60756992E+001  0.67691143E+001  0.76214733E+001  0.86478032E+001  0.98629152E+001  0.11281430E+002  0.12917797E+002  0.14786302E+002  0.16901092E+002  0.19276175E+002  0.21925432E+002  0.24862638E+002  0.28101446E+002  0.31655420E+002  0.35538017E+002  0.39762599E+002  0.44342469E+002
  0.33424688E+001  0.33514130E+001  0.33930652E+001  0.34818962E+001  0.36286855E+001  0.38424688E+001  0.40562520E+001  0.42030413E+001  0.42918723E+001  0.43335245E+001  0.43424688E+001  0.43470249E+001  0.43754818E+001  0.44476172E+001  0.45816739E+001  0.47950081E+001  0.51043521E+001  0.55259600E+001  0.60756992E+001  0.67691143E+001  0.76214733E+001  0.86478032E+001  0.98629152E+001  0.11281430E+002  0.12917797E+002  0.14786302E+002  0.16901092E+002  0.19276175E+002  0.21925432E+002  0.24862638E+002  0.28101446E+002  0.31655420E+002  0.35538017E+002  0.39762599E+002  0.44342469E+002
  0.33424688E+001  0.33514130E+001  0.33930652E+001  0.34818962E+001  0.36286855E+001  0.38424688E+001  0.40562520E+001  0.42030413E+001  0.42918723E+001  0.43335245E+001  0.43424688E+001  0.43470249E+001  0.43754818E+001  0.44476172E+001  0.45816739E+001  0.47950081E+001  0.51043521E+001  0.55259600E+001  0.60756992E+001  0.67691143E+001  0.76214733E+001  0.86478032E+001  0.98629152E+001  0.11281430E+002  0.12917797E+002  0.14786302E+002  0.16901092E+002  0.19276175E+002  0.21925432E+002  0.24862638E+002  0.28101446E+002  0.31655420E+002  0.35538017E+002  0.39762599E+002  0.44342469E+002
  0.33424688E+001  0.33514130E+001  0.33930652E+001  0.34818962E+001  0.36286855E+001  0.38424688E+001  0.40562520E+001  0.42030413E+001  0.42918723E+001  0.43335245E+001  0.43424688E+001  0.43470249E+001  0.43754818E+001  0.44476172E+001  0.45816739E+001  0.47950081E+001  0.51043521E+001  0.55259600E+001  0.60756992E+001  0.67691143E+001  0.76214733E+001  0.86478032E+001  0.98629152E+001  0.11281430E+002  0.12917797E+002  0.14786302E+002  0.16901092E+002  0.19276175E+002  0.21925432E+002  0.24862638E+002  0.28101446E+002  0.31655420E+002  0.35538017E+002  0.39762599E+002  0.44342469E+002
  0.33424688E+001  0.33514130E+001  0.33930652E+001  0.34818962E+001  0.36286855E+001  0.38424688E+001  0.40562520E+001  0.42030413E+001  0.42918723E+001  0.43335245E+001  0.43424688E+001  0.43470249E+001  0.43754818E+001  0.44476172E+001  0.45816739E+001  0.47950081E+001  0.51043521E+001  0.55259600E+001  0.60756992E+001  0.67691143E+001  0.76214733E+001  0.86478032E+001  0.98629152E+001  0.11281430E+002  0.12917797E+002  0.14786302E+002  0.16901092E+002  0.19276175E+002  0.21925432E+002  0.24862638E+002  0.28101446E+002  0.31655420E+002  0.35538017E+002  0.39762599E+002  0.44342469E+002
  0.33424688E+001  0.33514130E+001  0.33930652E+001  0.34818962E+001  0.36286855E+001  0.38424688E+001  0.40562520E+001  0.42030413E+001  0.42918723E+001  0.43335245E+001  0.43424688E+001  0.43470249E+001  0.43754818E+001  0.44476172E+001  0.45816739E+001  0.47950081E+001  0.51043521E+001  0.55259600E+001  0.60756992E+001  0.67691143E+001  0.76214733E+001  0.86478032E+001  0.98629152E+001  0.11281430E+002  0.12917797E+002  0.14786302E+002  0.16901092E+002  0.19276175E+002  0.21925432E+002  0.24862638E+002  0.28101446E+002  0.31655420E+002  0.35538017E+002  0.39762599E+002  0.44342469E+002
  0.33424688E+001  0.33514130E+001  0.33930652E+001  0.34818962E+001  0.36286855E+001  0.38424688E+001  0.40562520E+001  0.42030413E+001  0.42918723E+001  0.43335245E+001  0.43424688E+001  0.43470249E+001  0.43754818E+001  0.44476172E+001  0.45816739E+001  0.47950081E+001  0.51043521E+001  0.55259600E+001  0.60756992E+001  0.67691143E+001  0.76214733E+001  0.86478032E+001  0.98629152E+001  0.11281430E+002  0.12917797E+002  0.14786302E+002  0.16901092E+002  0.19276175E+002  0.21925432E+002  0.24862638E+002  0.28101446E+002  0.31655420E+002  0.35538017E+002  0.39762599E+002  0.44342469E+002
  0.33424688E+001  0.33514130E+001  0.33930652E+001  0.34818962E+001  0.36286855E+001  0.38424688E+001  0.40562520E+001  0.42030413E+001  0.42918723E+001  0.43335245E+001  0.43424688E+001  0.43470249E+001  0.43754818E+001  0.44476172E+001  0.45816739E+001  0.47950081E+001  0.51043521E+001  0.55259600E+001  0.60756992E+001  0.67691143E+001  0.76214733E+001  0.86478032E+001  0.98629152E+001  0.11281430E+002  0.12917797E+002  0.14786302E+002  0.16901092E+002  0.19276175E+002  0.21925432E+002  0.24862638E+002  0.28101446E+002  0.31655420E+002  0.35538017E+002  0.39762599E+002  0.44342469E+002
  0.33424688E+001  0.33514130E+001  0.33930652E+001  0.34818962E+001  0.36286855E+001  0.38424688E+001  0.40562520E+001  0.42030413E+001  0.42918723E+001  0.43335245E+001  0.43424688E+001  0.43470249E+001  0.43754818E+001  0.44476172E+001  0.45816739E+001  0.47950081E+001  0.51043521E+001  0.55259600E+001  0.60756992E+001  0.67691143E+001  0.76214733E+001  0.86478032E+001  0.98629152E+001  0.11281430E+002  0.12917797E+002  0.14786302E+002  0.16901092E+002  0.19276175E+002  0.21925432E+002  0.24862638E+002  0.28101446E+002  0.31655420E+002  0.35538017E+002  0.39762599E+002  0.44342469E+002
  0.33424688E+001  0.33514130E+001  0.33930652E+001  0.34818962E+001  0.36286855E+001  0.38424688E+001  0.40562520E+001  0.42030413E+001  0.42918723E+001  0.43335245E+001  0.43424688E+001  0.43470249E+001  0.43754818E+001  0.44476172E+001  0.45816739E+001  0.47950081E+001  0.51043521E+001  0.55259600E+001  0.60756992E+001  0.67691143E+001  0.76214733E+001  0.86478032E+001  0.98629152E+001  0.11281430E+002  0.12917797E+002  0.14786302E+002  0.16901092E+002  0.19276175E+002  0.21925432E+002  0.24862638E+002  0.28101446E+002  0.31655420E+002  0.35538017E+002  0.39762599E+002  0.44342469E+002
  0.33424688E+001  0.33514130E+001  0.33930652E+001  0.34818962E+001  0.36286855E+001  0.38424688E+001  0.40562520E+001  0.42030413E+001  0.42918723E+001  0.43335245E+001  0.43424688E+001  0.43470249E+001  0.43754818E+001  0.44476172E+001  0.45816739E+001  0.47950081E+001  0.51043521E+001  0.55259600E+001  0.60756992E+001  0.67691143E+001  0.76214733E+001  0.86478032E+001  0.98629152E+001  0.11281430E+002  0.12917797E+002  0.14786302E+002  0.16901092E+002  0.19276175E+002  0.21925432E+002  0.24862638E+002  0.28101446E+002  0.31655420E+002  0.35538017E+002  0.39762599E+002  0.44342469E+002
  0.33424688E+001  0.33514130E+001  0.33930652E+001  0.34818962E+001  0.36286855E+001  0.38424688E+001  0.40562520E+001  0.42030413E+001  0.42918723E+001  0.43335245E+001  0.43424688E+001  0.43470249E+001  0.43754818E+001  0.44476172E+001  0.45816739E+001  0.47950081E+001  0.51043521E+001  0.55259600E+001  0.60756992E+001  0.67691143E+001  0.76214733E+001  0.86478032E+001  0.98629152E+001  0.11281430E+002  0.12917797E+002  0.14786302E+002  0.16901092E+002  0.19276175E+002  0.21925432E+002  0.24862638E+002  0.28101446E+002  0.31655420E+002  0.35538017E+002  0.39762599E+002  0.44342469E+002
  0.33424688E+001  0.33514130E+001  0.33930652E+001  0.34818962E+001  0.36286855E+001  0.38424688E+001  0.40562520E+001  0.42030413E+001  0.42918723E+001  0.43335245E+001  0.43424687E+001  0.43470249E+001  0.43754817E+001  0.44476172E+001  0.45816739E+001  0.47950080E+001  0.51043521E+001  0.55259600E+001  0.60756992E+001  0.67691143E+001  0.76214733E+001  0.86478032E+001  0.98629151E+001  0.11281430E+002  0.12917797E+002  0.14786302E+002  0.16901092E+002  0.19276175E+002  0.21925432E+002  0.24862638E+002  0.28101446E+002  0.31655420E+002  0.35538017E+002  0.39762599E+002  0.44342469E+002
  0.33424686E+001  0.33514128E+001  0.33930650E+001  0.34818960E+001  0.36286853E+001  0.38424686E+001  0.40562518E+001  0.42030411E+001  0.42918721E+001  0.43335243E+001  0.43424686E+001  0.43470247E+001  0.43754816E+001  0.44476170E+001  0.45816737E+001  0.47950079E+001  0.51043519E+001  0.55259598E+001  0.60756990E+001  0.67691141E+001  0.76214731E+001  0.86478031E+001  0.98629150E+001  0.11281430E+002  0.12917797E+002  0.14786301E+002  0.16901092E+002  0.19276175E+002  0.21925432E+002  0.24862638E+002  0.28101445E+002  0.31655419E+002  0.35538016E+002  0.39762599E+002  0.44342468E+002
  0.33424601E+001  0.33514044E+001  0.33930566E+001  0.34818876E+001  0.36286769E+001  0.38424601E+001  0.40562434E+001  0.42030327E+001  0.42918637E+001  0.43335159E+001  0.43424601E+001  0.43470163E+001  0.43754731E+001  0.44476086E+001  0.45816653E+001  0.47949994E+001  0.51043435E+001  0.55259514E+001  0.60756906E+001  0.67691057E+001  0.76214647E+001  0.86477946E+001  0.98629065E+001  0.11281422E+002  0.12917789E+002  0.14786293E+002  0.16901083E+002  0.19276166E+002  0.21925423E+002  0.24862630E+002  0.28101437E+002  0.31655411E+002  0.35538008E+002  0.39762590E+002  0.44342460E+002
  0.33421965E+001  0.33511407E+001  0.33927929E+001  0.34816239E+001  0.36284132E+001  0.38421964E+001  0.40559797E+001  0.42027690E+001  0.42916000E+001  0.43332522E+001  0.43421964E+001  0.43467526E+001  0.43752094E+001  0.44473449E+001  0.45814016E+001  0.47947357E+001  0.51040798E+001  0.55256877E+001  0.60754269E+001  0.67688420E+001  0.76212010E+001  0.86475309E+001  0.98626428E+001  0.11281158E+002  0.12917525E+002  0.14786029E+002  0.16900819E+002  0.19275903E+002  0.21925160E+002  0.24862366E+002  0.28101173E+002  0.31655147E+002  0.35537744E+002  0.39762327E+002  0.44342196E+002
  0.33364309E+001  0.33453752E+001  0.33870274E+001  0.34758583E+001  0.36226476E+001  0.38364309E+001  0.40502142E+001  0.41970035E+001  0.42858345E+001  0.43274866E+001  0.43364309E+001  0.43409871E+001  0.43694439E+001  0.44415793E+001  0.45756361E+001  0.47889702E+001  0.50983142E+001  0.55199222E+001  0.60696613E+001  0.67630765E+001  0.76154354E+001  0.86417654E+001  0.98568773E+001  0.11275393E+002  0.12911760E+002  0.14780264E+002  0.16895054E+002  0.19270137E+002  0.21919394E+002  0.24856601E+002  0.28095408E+002  0.31649382E+002  0.35531979E+002  0.39756561E+002  0.44336431E+002
  0.32554187E+001  0.32643630E+001  0.33060152E+001  0.33948461E+001  0.35416354E+001  0.37554187E+001  0.39692020E+001  0.41159913E+001  0.42048223E+001  0.42464744E+001  0.42554187E+001  0.42599749E+001  0.42884317E+001  0.43605672E+001  0.44946239E+001  0.47079580E+001  0.50173021E+001  0.54389100E+001  0.59886491E+001  0.66820643E+001  0.75344232E+001  0.85607532E+001  0.97758651E+001  0.11194380E+002  0.12830747E+002  0.14699251E+002  0.16814042E+002  0.19189125E+002  0.21838382E+002  0.24775588E+002  0.28014395E+002  0.31568369E+002  0.35450966E+002  0.39675549E+002  0.44255418E+002
  0.26489605E+001  0.26489605E+001  0.26906127E+001  0.27794437E+001  0.27794445E+001  0.27795533E+001  0.27795865E+001  0.27795875E+001  0.27795894E+001  0.27795904E+001  0.27795905E+001  0.27795906E+001  0.27795913E+001  0.27795928E+001  0.27795959E+001  0.27796009E+001  0.27796037E+001  0.61035248E+001  0.61142374E+001  0.61219807E+001  0.61224789E+001  0.61238433E+001  0.61254000E+001  0.61265306E+001  0.12472860E+002  0.12472829E+002  0.12472816E+002  0.12472802E+002  0.12457030E+002  0.12456939E+002  0.12456955E+002  0.12457035E+002  0.12457198E+002  0.12457464E+002  0.12457857E+002
  0.36707669E+001  0.36709132E+001  0.37125654E+001  0.38013964E+001  0.39849448E+001  0.39887881E+001  0.39926190E+001  0.41394083E+001  0.42282392E+001  0.42698914E+001  0.41080820E+001  0.41081673E+001  0.41366241E+001  0.42087595E+001  0.43428163E+001  0.45561504E+001  0.45561519E+001  0.71168135E+001  0.71294805E+001  0.71453290E+001  0.71646404E+001  0.71876990E+001  0.72147153E+001  0.72458616E+001  0.72812681E+001  0.91497722E+001  0.11264562E+002  0.11264524E+002  0.72726172E+001  0.10209824E+002  0.13448631E+002  0.17002605E+002  0.20885202E+002  0.25109784E+002  0.29689654E+002
  0.38831493E+001  0.38920935E+001  0.39337457E+001  0.40225767E+001  0.41693660E+001  0.43831493E+001  0.45969326E+001  0.47437218E+001  0.48325528E+001  0.48742050E+001  0.48831493E+001  0.48877054E+001  0.49161623E+001  0.49882977E+001  0.51223544E+001  0.53356886E+001  0.56450326E+001  0.60666405E+001  0.66163797E+001  0.73097948E+001  0.81621538E+001  0.91884837E+001  0.10403596E+002  0.11822111E+002  0.13458478E+002  0.75648170E+001  0.75646874E+001  0.75645422E+001  0.75643819E+001  0.75642104E+001  0.75640513E+001  0.75639307E+001  0.75638746E+001  0.75637286E+001  0.75636488E+001
  0.33857893E+001  0.33947336E+001  0.34363857E+001  0.35252167E+001  0.36720060E+001  0.38857893E+001  0.40995726E+001  0.42463619E+001  0.43351928E+001  0.32589377E+001  0.32588686E+001  0.32634248E+001  0.32918816E+001  0.32499246E+001  0.32487667E+001  0.32467153E+001  0.35560593E+001  0.39776673E+001  0.45274064E+001  0.52208215E+001  0.60731805E+001  0.70995104E+001  0.83146223E+001  0.97331374E+001 -0.33322255E+000 -0.49460220E+000 -0.57994581E+000 -0.55771977E+000 -0.48039731E+000 -0.19384091E+000  0.10370156E+001  0.30523354E+001  0.56441970E+001  0.29713984E+001  0.52472494E+001
