  0.13581279E+001  0.13670721E+001  0.14087243E+001  0.14975553E+001  0.16443446E+001  0.18581279E+001  0.20719111E+001  0.22187004E+001  0.23075314E+001  0.23491836E+001  0.23581279E+001  0.23626840E+001  0.23911409E+001  0.24632763E+001  0.25973330E+001  0.28106672E+001  0.31200112E+001  0.35416191E+001  0.40913583E+001  0.47847734E+001  0.56371324E+001  0.66634623E+001  0.78785742E+001  0.92970895E+001  0.10933457E+002  0.12801961E+002  0.14916751E+002  0.17291834E+002  0.19941091E+002  0.22878297E+002  0.26117105E+002  0.29671079E+002  0.33553676E+002  0.37778258E+002  0.42358128E+002
  0.13581279E+001  0.13670721E+001  0.14087243E+001  0.14975553E+001  0.16443446E+001  0.18581279E+001  0.20719111E+001  0.22187004E+001  0.23075314E+001  0.23491836E+001  0.23581279E+001  0.23626840E+001  0.23911409E+001  0.24632763E+001  0.25973330E+001  0.28106672E+001  0.31200112E+001  0.35416191E+001  0.40913583E+001  0.47847734E+001  0.56371324E+001  0.66634623E+001  0.78785742E+001  0.92970895E+001  0.10933457E+002  0.12801961E+002  0.14916751E+002  0.17291834E+002  0.19941091E+002  0.22878297E+002  0.26117105E+002  0.29671079E+002  0.33553676E+002  0.37778258E+002  0.42358128E+002
  0.13581279E+001  0.13670721E+001  0.14087243E+001  0.14975553E+001  0.16443446E+001  0.18581279E+001  0.20719111E+001  0.22187004E+001  0.23075314E+001  0.23491836E+001  0.23581279E+001  0.23626840E+001  0.23911409E+001  0.24632763E+001  0.25973330E+001  0.28106672E+001  0.31200112E+001  0.35416191E+001  0.40913583E+001  0.47847734E+001  0.56371324E+001  0.66634623E+001  0.78785742E+001  0.92970895E+001  0.10933457E+002  0.12801961E+002  0.14916751E+002  0.17291834E+002  0.19941091E+002  0.22878297E+002  0.26117105E+002  0.29671079E+002  0.33553676E+002  0.37778258E+002  0.42358128E+002
  0.13581279E+001  0.13670721E+001  0.14087243E+001  0.14975553E+001  0.16443446E+001  0.18581279E+001  0.20719111E+001  0.22187004E+001  0.23075314E+001  0.23491836E+001  0.23581279E+001  0.23626840E+001  0.23911409E+001  0.24632763E+001  0.25973330E+001  0.28106672E+001  0.31200112E+001  0.35416191E+001  0.40913583E+001  0.47847734E+001  0.56371324E+001  0.66634623E+001  0.78785742E+001  0.92970895E+001  0.10933457E+002  0.12801961E+002  0.14916751E+002  0.17291834E+002  0.19941091E+002  0.22878297E+002  0.26117105E+002  0.29671079E+002  0.33553676E+002  0.37778258E+002  0.42358128E+002
  0.13581279E+001  0.13670721E+001  0.14087243E+001  0.14975553E+001  0.16443446E+001  0.18581279E+001  0.20719111E+001  0.22187004E+001  0.23075314E+001  0.23491836E+001  0.23581279E+001  0.23626840E+001  0.23911409E+001  0.24632763E+001  0.25973330E+001  0.28106672E+001  0.31200112E+001  0.35416191E+001  0.40913583E+001  0.47847734E+001  0.56371324E+001  0.66634623E+001  0.78785742E+001  0.92970895E+001  0.10933457E+002  0.12801961E+002  0.14916751E+002  0.17291834E+002  0.19941091E+002  0.22878297E+002  0.26117105E+002  0.29671079E+002  0.33553676E+002  0.37778258E+002  0.42358128E+002
  0.13581279E+001  0.13670721E+001  0.14087243E+001  0.14975553E+001  0.16443446E+001  0.18581279E+001  0.20719111E+001  0.22187004E+001  0.23075314E+001  0.23491836E+001  0.23581279E+001  0.23626840E+001  0.23911409E+001  0.24632763E+001  0.25973330E+001  0.28106672E+001  0.31200112E+001  0.35416191E+001  0.40913583E+001  0.47847734E+001  0.56371324E+001  0.66634623E+001  0.78785742E+001  0.92970895E+001  0.10933457E+002  0.12801961E+002  0.14916751E+002  0.17291834E+002  0.19941091E+002  0.22878297E+002  0.26117105E+002  0.29671079E+002  0.33553676E+002  0.37778258E+002  0.42358128E+002
  0.13581279E+001  0.13670721E+001  0.14087243E+001  0.14975553E+001  0.16443446E+001  0.18581279E+001  0.20719111E+001  0.22187004E+001  0.23075314E+001  0.23491836E+001  0.23581279E+001  0.23626840E+001  0.23911409E+001  0.24632763E+001  0.25973330E+001  0.28106672E+001  0.31200112E+001  0.35416191E+001  0.40913583E+001  0.47847734E+001  0.56371324E+001  0.66634623E+001  0.78785742E+001  0.92970895E+001  0.10933457E+002  0.12801961E+002  0.14916751E+002  0.17291834E+002  0.19941091E+002  0.22878297E+002  0.26117105E+002  0.29671079E+002  0.33553676E+002  0.37778258E+002  0.42358128E+002
  0.13581279E+001  0.13670721E+001  0.14087243E+001  0.14975553E+001  0.16443446E+001  0.18581279E+001  0.20719111E+001  0.22187004E+001  0.23075314E+001  0.23491836E+001  0.23581279E+001  0.23626840E+001  0.23911409E+001  0.24632763E+001  0.25973330E+001  0.28106672E+001  0.31200112E+001  0.35416191E+001  0.40913583E+001  0.47847734E+001  0.56371324E+001  0.66634623E+001  0.78785742E+001  0.92970895E+001  0.10933457E+002  0.12801961E+002  0.14916751E+002  0.17291834E+002  0.19941091E+002  0.22878297E+002  0.26117105E+002  0.29671079E+002  0.33553676E+002  0.37778258E+002  0.42358128E+002
  0.13581279E+001  0.13670721E+001  0.14087243E+001  0.14975553E+001  0.16443446E+001  0.18581279E+001  0.20719111E+001  0.22187004E+001  0.23075314E+001  0.23491836E+001  0.23581279E+001  0.23626840E+001  0.23911409E+001  0.24632763E+001  0.25973330E+001  0.28106672E+001  0.31200112E+001  0.35416191E+001  0.40913583E+001  0.47847734E+001  0.56371324E+001  0.66634623E+001  0.78785742E+001  0.92970895E+001  0.10933457E+002  0.12801961E+002  0.14916751E+002  0.17291834E+002  0.19941091E+002  0.22878297E+002  0.26117105E+002  0.29671079E+002  0.33553676E+002  0.37778258E+002  0.42358128E+002
  0.13581279E+001  0.13670721E+001  0.14087243E+001  0.14975553E+001  0.16443446E+001  0.18581279E+001  0.20719111E+001  0.22187004E+001  0.23075314E+001  0.23491836E+001  0.23581279E+001  0.23626840E+001  0.23911409E+001  0.24632763E+001  0.25973330E+001  0.28106672E+001  0.31200112E+001  0.35416191E+001  0.40913583E+001  0.47847734E+001  0.56371324E+001  0.66634623E+001  0.78785742E+001  0.92970895E+001  0.10933457E+002  0.12801961E+002  0.14916751E+002  0.17291834E+002  0.19941091E+002  0.22878297E+002  0.26117105E+002  0.29671079E+002  0.33553676E+002  0.37778258E+002  0.42358128E+002
  0.13581279E+001  0.13670721E+001  0.14087243E+001  0.14975553E+001  0.16443446E+001  0.18581279E+001  0.20719111E+001  0.22187004E+001  0.23075314E+001  0.23491836E+001  0.23581279E+001  0.23626840E+001  0.23911409E+001  0.24632763E+001  0.25973330E+001  0.28106672E+001  0.31200112E+001  0.35416191E+001  0.40913583E+001  0.47847734E+001  0.56371324E+001  0.66634623E+001  0.78785742E+001  0.92970895E+001  0.10933457E+002  0.12801961E+002  0.14916751E+002  0.17291834E+002  0.19941091E+002  0.22878297E+002  0.26117105E+002  0.29671079E+002  0.33553676E+002  0.37778258E+002  0.42358128E+002
  0.13581279E+001  0.13670721E+001  0.14087243E+001  0.14975553E+001  0.16443446E+001  0.18581279E+001  0.20719111E+001  0.22187004E+001  0.23075314E+001  0.23491836E+001  0.23581279E+001  0.23626840E+001  0.23911409E+001  0.24632763E+001  0.25973330E+001  0.28106672E+001  0.31200112E+001  0.35416191E+001  0.40913583E+001  0.47847734E+001  0.56371324E+001  0.66634623E+001  0.78785742E+001  0.92970895E+001  0.10933457E+002  0.12801961E+002  0.14916751E+002  0.17291834E+002  0.19941091E+002  0.22878297E+002  0.26117105E+002  0.29671079E+002  0.33553676E+002  0.37778258E+002  0.42358128E+002
  0.13581279E+001  0.13670721E+001  0.14087243E+001  0.14975553E+001  0.16443446E+001  0.18581279E+001  0.20719111E+001  0.22187004E+001  0.23075314E+001  0.23491836E+001  0.23581279E+001  0.23626840E+001  0.23911409E+001  0.24632763E+001  0.25973330E+001  0.28106672E+001  0.31200112E+001  0.35416191E+001  0.40913583E+001  0.47847734E+001  0.56371324E+001  0.66634623E+001  0.78785742E+001  0.92970895E+001  0.10933457E+002  0.12801961E+002  0.14916751E+002  0.17291834E+002  0.19941091E+002  0.22878297E+002  0.26117105E+002  0.29671079E+002  0.33553676E+002  0.37778258E+002  0.42358128E+002
  0.13581279E+001  0.13670721E+001  0.14087243E+001  0.14975553E+001  0.16443446E+001  0.18581279E+001  0.20719111E+001  0.22187004E+001  0.23075314E+001  0.23491836E+001  0.23581279E+001  0.23626840E+001  0.23911409E+001  0.24632763E+001  0.25973330E+001  0.28106672E+001  0.31200112E+001  0.35416191E+001  0.40913583E+001  0.47847734E+001  0.56371324E+001  0.66634623E+001  0.78785742E+001  0.92970895E+001  0.10933457E+002  0.12801961E+002  0.14916751E+002  0.17291834E+002  0.19941091E+002  0.22878297E+002  0.26117105E+002  0.29671079E+002  0.33553676E+002  0.37778258E+002  0.42358128E+002
  0.13581279E+001  0.13670721E+001  0.14087243E+001  0.14975553E+001  0.16443446E+001  0.18581279E+001  0.20719111E+001  0.22187004E+001  0.23075314E+001  0.23491836E+001  0.23581279E+001  0.23626840E+001  0.23911409E+001  0.24632763E+001  0.25973330E+001  0.28106672E+001  0.31200112E+001  0.35416191E+001  0.40913583E+001  0.47847734E+001  0.56371324E+001  0.66634623E+001  0.78785742E+001  0.92970895E+001  0.10933457E+002  0.12801961E+002  0.14916751E+002  0.17291834E+002  0.19941091E+002  0.22878297E+002  0.26117105E+002  0.29671079E+002  0.33553676E+002  0.37778258E+002  0.42358128E+002
  0.13581279E+001  0.13670721E+001  0.14087243E+001  0.14975553E+001  0.16443446E+001  0.18581279E+001  0.20719111E+001  0.22187004E+001  0.23075314E+001  0.23491836E+001  0.23581279E+001  0.23626840E+001  0.23911409E+001  0.24632763E+001  0.25973330E+001  0.28106672E+001  0.31200112E+001  0.35416191E+001  0.40913583E+001  0.47847734E+001  0.56371324E+001  0.66634623E+001  0.78785742E+001  0.92970895E+001  0.10933457E+002  0.12801961E+002  0.14916751E+002  0.17291834E+002  0.19941091E+002  0.22878297E+002  0.26117105E+002  0.29671079E+002  0.33553676E+002  0.37778258E+002  0.42358128E+002
  0.13581279E+001  0.13670721E+001  0.14087243E+001  0.14975553E+001  0.16443446E+001  0.18581279E+001  0.20719111E+001  0.22187004E+001  0.23075314E+001  0.23491836E+001  0.23581279E+001  0.23626840E+001  0.23911409E+001  0.24632763E+001  0.25973330E+001  0.28106672E+001  0.31200112E+001  0.35416191E+001  0.40913583E+001  0.47847734E+001  0.56371324E+001  0.66634623E+001  0.78785742E+001  0.92970895E+001  0.10933457E+002  0.12801961E+002  0.14916751E+002  0.17291834E+002  0.19941091E+002  0.22878297E+002  0.26117105E+002  0.29671079E+002  0.33553676E+002  0.37778258E+002  0.42358128E+002
  0.13581278E+001  0.13670721E+001  0.14087243E+001  0.14975553E+001  0.16443446E+001  0.18581278E+001  0.20719111E+001  0.22187004E+001  0.23075314E+001  0.23491836E+001  0.23581278E+001  0.23626840E+001  0.23911408E+001  0.24632763E+001  0.25973330E+001  0.28106671E+001  0.31200112E+001  0.35416191E+001  0.40913583E+001  0.47847734E+001  0.56371324E+001  0.66634623E+001  0.78785742E+001  0.92970894E+001  0.10933456E+002  0.12801961E+002  0.14916751E+002  0.17291834E+002  0.19941091E+002  0.22878297E+002  0.26117105E+002  0.29671079E+002  0.33553676E+002  0.37778258E+002  0.42358127E+002
  0.13581257E+001  0.13670700E+001  0.14087222E+001  0.14975531E+001  0.16443424E+001  0.18581257E+001  0.20719090E+001  0.22186983E+001  0.23075293E+001  0.23491814E+001  0.23581257E+001  0.23626819E+001  0.23911387E+001  0.24632742E+001  0.25973309E+001  0.28106650E+001  0.31200091E+001  0.35416170E+001  0.40913561E+001  0.47847713E+001  0.56371302E+001  0.66634602E+001  0.78785721E+001  0.92970873E+001  0.10933454E+002  0.12801958E+002  0.14916749E+002  0.17291832E+002  0.19941089E+002  0.22878295E+002  0.26117103E+002  0.29671077E+002  0.33553673E+002  0.37778256E+002  0.42358125E+002
  0.13580188E+001  0.13669631E+001  0.14086152E+001  0.14974462E+001  0.16442355E+001  0.18580188E+001  0.20718021E+001  0.22185914E+001  0.23074223E+001  0.23490745E+001  0.23580188E+001  0.23625749E+001  0.23910318E+001  0.24631672E+001  0.25972240E+001  0.28105581E+001  0.31199021E+001  0.35415100E+001  0.40912492E+001  0.47846643E+001  0.56370233E+001  0.66633533E+001  0.78784652E+001  0.92969804E+001  0.10933347E+002  0.12801852E+002  0.14916642E+002  0.17291725E+002  0.19940982E+002  0.22878188E+002  0.26116996E+002  0.29670970E+002  0.33553566E+002  0.37778149E+002  0.42358018E+002
  0.13553612E+001  0.13643055E+001  0.14059577E+001  0.14947886E+001  0.16415779E+001  0.18553612E+001  0.20691445E+001  0.22159338E+001  0.23047647E+001  0.23464169E+001  0.23553612E+001  0.23599174E+001  0.23883742E+001  0.24605096E+001  0.25945664E+001  0.28079005E+001  0.31172445E+001  0.35388525E+001  0.40885916E+001  0.47820067E+001  0.56343657E+001  0.66606957E+001  0.78758076E+001  0.92943228E+001  0.10930690E+002  0.12799194E+002  0.14913984E+002  0.17289067E+002  0.19938324E+002  0.22875531E+002  0.26114338E+002  0.29668312E+002  0.33550909E+002  0.37775491E+002  0.42355360E+002
  0.13548549E+001  0.13637991E+001  0.14054513E+001  0.14942823E+001  0.16410716E+001  0.18548549E+001  0.20686381E+001  0.22154274E+001  0.23042584E+001  0.23459106E+001  0.23548549E+001  0.23594110E+001  0.23878679E+001  0.24600033E+001  0.24600026E+001  0.24600009E+001  0.24599930E+001  0.28816009E+001  0.34313401E+001  0.41247552E+001  0.49771142E+001  0.60034442E+001  0.72185561E+001  0.86370713E+001  0.10273438E+002  0.12141942E+002  0.14256733E+002  0.36020060E+001  0.31242337E+001  0.24590342E+001  0.56978413E+001  0.38776146E+001  0.24996365E+001  0.67242190E+001  0.11304088E+002
  0.13427837E+001  0.13517280E+001  0.13933801E+001  0.14822111E+001  0.13367641E+001  0.13381444E+001  0.13390126E+001  0.13392562E+001  0.14280872E+001  0.14697393E+001  0.14786836E+001  0.14832398E+001  0.15116966E+001  0.13512572E+001  0.13509163E+001  0.13509169E+001  0.13809351E+001  0.18025430E+001  0.23522822E+001  0.30456973E+001  0.38980563E+001  0.49243862E+001  0.61394981E+001  0.75580133E+001  0.91943804E+001  0.11062884E+002  0.13177675E+002  0.15552758E+002  0.18202015E+002  0.21139221E+002  0.24378029E+002  0.27932003E+002  0.31814599E+002  0.36039182E+002  0.40619051E+002
  0.13516275E+001  0.13605718E+001  0.14022240E+001  0.14910549E+001  0.14910547E+001  0.14910544E+001  0.14910542E+001  0.14910541E+001  0.14910541E+001  0.14910540E+001  0.14999983E+001  0.15045545E+001  0.15330113E+001  0.16051468E+001  0.17392035E+001  0.19525376E+001  0.22618817E+001  0.26834896E+001  0.32332287E+001  0.39266439E+001  0.47790028E+001  0.58053328E+001  0.70204447E+001  0.84389599E+001  0.10075327E+002  0.11943831E+002  0.14058621E+002  0.16433704E+002  0.19082961E+002  0.22020168E+002  0.25258975E+002  0.28812949E+002  0.32695546E+002  0.36920128E+002  0.41499998E+002
  0.13522160E+001  0.13611603E+001  0.14028125E+001  0.14916434E+001  0.10939208E+001  0.10951687E+001  0.12338490E+001  0.13293904E+001  0.14182214E+001  0.14598736E+001  0.14688178E+001  0.14733740E+001  0.15018308E+001  0.15739663E+001  0.17080230E+001  0.19213571E+001  0.22307012E+001  0.26523091E+001  0.32020483E+001  0.38954634E+001  0.47478224E+001  0.57741523E+001  0.69892642E+001  0.84077794E+001  0.10044146E+002  0.11912651E+002  0.14027441E+002  0.16402524E+002  0.19051781E+002  0.21988987E+002  0.25227795E+002  0.28781769E+002  0.32664365E+002  0.36888948E+002  0.41468817E+002
