 -0.18879212E+000 -0.17984785E+000 -0.13819567E+000 -0.49364704E-001  0.97424593E-001  0.31120788E+000  0.52499116E+000  0.67178046E+000  0.76061143E+000  0.80226360E+000  0.81120788E+000  0.81576404E+000  0.84422088E+000  0.91635632E+000  0.10504131E+001  0.12637472E+001  0.15730912E+001  0.19946992E+001  0.25444383E+001  0.32378535E+001  0.40902124E+001  0.51165424E+001  0.63316543E+001  0.77501695E+001  0.93865366E+001  0.11255041E+002  0.13369831E+002  0.15744914E+002  0.18394171E+002  0.21331378E+002  0.24570185E+002  0.28124159E+002  0.32006756E+002  0.36231338E+002  0.40811208E+002
 -0.18879212E+000 -0.17984785E+000 -0.13819567E+000 -0.49364704E-001  0.97424593E-001  0.31120788E+000  0.52499116E+000  0.67178046E+000  0.76061143E+000  0.80226360E+000  0.81120788E+000  0.81576404E+000  0.84422088E+000  0.91635632E+000  0.10504131E+001  0.12637472E+001  0.15730912E+001  0.19946992E+001  0.25444383E+001  0.32378535E+001  0.40902124E+001  0.51165424E+001  0.63316543E+001  0.77501695E+001  0.93865366E+001  0.11255041E+002  0.13369831E+002  0.15744914E+002  0.18394171E+002  0.21331378E+002  0.24570185E+002  0.28124159E+002  0.32006756E+002  0.36231338E+002  0.40811208E+002
 -0.18879212E+000 -0.17984785E+000 -0.13819567E+000 -0.49364704E-001  0.97424593E-001  0.31120788E+000  0.52499116E+000  0.67178046E+000  0.76061143E+000  0.80226360E+000  0.81120788E+000  0.81576404E+000  0.84422088E+000  0.91635632E+000  0.10504131E+001  0.12637472E+001  0.15730912E+001  0.19946992E+001  0.25444383E+001  0.32378535E+001  0.40902124E+001  0.51165424E+001  0.63316543E+001  0.77501695E+001  0.93865366E+001  0.11255041E+002  0.13369831E+002  0.15744914E+002  0.18394171E+002  0.21331378E+002  0.24570185E+002  0.28124159E+002  0.32006756E+002  0.36231338E+002  0.40811208E+002
 -0.18879212E+000 -0.17984785E+000 -0.13819567E+000 -0.49364704E-001  0.97424593E-001  0.31120788E+000  0.52499116E+000  0.67178046E+000  0.76061143E+000  0.80226360E+000  0.81120788E+000  0.81576404E+000  0.84422088E+000  0.91635632E+000  0.10504131E+001  0.12637472E+001  0.15730912E+001  0.19946992E+001  0.25444383E+001  0.32378535E+001  0.40902124E+001  0.51165424E+001  0.63316543E+001  0.77501695E+001  0.93865366E+001  0.11255041E+002  0.13369831E+002  0.15744914E+002  0.18394171E+002  0.21331378E+002  0.24570185E+002  0.28124159E+002  0.32006756E+002  0.36231338E+002  0.40811208E+002
 -0.18879212E+000 -0.17984785E+000 -0.13819567E+000 -0.49364704E-001  0.97424593E-001  0.31120788E+000  0.52499116E+000  0.67178046E+000  0.76061143E+000  0.80226360E+000  0.81120788E+000  0.81576404E+000  0.84422088E+000  0.91635632E+000  0.10504131E+001  0.12637472E+001  0.15730912E+001  0.19946992E+001  0.25444383E+001  0.32378535E+001  0.40902124E+001  0.51165424E+001  0.63316543E+001  0.77501695E+001  0.93865366E+001  0.11255041E+002  0.13369831E+002  0.15744914E+002  0.18394171E+002  0.21331378E+002  0.24570185E+002  0.28124159E+002  0.32006756E+002  0.36231338E+002  0.40811208E+002
 -0.18879212E+000 -0.17984785E+000 -0.13819567E+000 -0.49364704E-001  0.97424593E-001  0.31120788E+000  0.52499116E+000  0.67178046E+000  0.76061143E+000  0.80226360E+000  0.81120788E+000  0.81576404E+000  0.84422088E+000  0.91635632E+000  0.10504131E+001  0.12637472E+001  0.15730912E+001  0.19946992E+001  0.25444383E+001  0.32378535E+001  0.40902124E+001  0.51165424E+001  0.63316543E+001  0.77501695E+001  0.93865366E+001  0.11255041E+002  0.13369831E+002  0.15744914E+002  0.18394171E+002  0.21331378E+002  0.24570185E+002  0.28124159E+002  0.32006756E+002  0.36231338E+002  0.40811208E+002
 -0.18879212E+000 -0.17984785E+000 -0.13819567E+000 -0.49364704E-001  0.97424593E-001  0.31120788E+000  0.52499116E+000  0.67178046E+000  0.76061143E+000  0.80226360E+000  0.81120788E+000  0.81576404E+000  0.84422088E+000  0.91635632E+000  0.10504131E+001  0.12637472E+001  0.15730912E+001  0.19946992E+001  0.25444383E+001  0.32378535E+001  0.40902124E+001  0.51165424E+001  0.63316543E+001  0.77501695E+001  0.93865366E+001  0.11255041E+002  0.13369831E+002  0.15744914E+002  0.18394171E+002  0.21331378E+002  0.24570185E+002  0.28124159E+002  0.32006756E+002  0.36231338E+002  0.40811208E+002
 -0.18879212E+000 -0.17984785E+000 -0.13819567E+000 -0.49364704E-001  0.97424593E-001  0.31120788E+000  0.52499116E+000  0.67178046E+000  0.76061143E+000  0.80226360E+000  0.81120788E+000  0.81576404E+000  0.84422088E+000  0.91635632E+000  0.10504131E+001  0.12637472E+001  0.15730912E+001  0.19946992E+001  0.25444383E+001  0.32378535E+001  0.40902124E+001  0.51165424E+001  0.63316543E+001  0.77501695E+001  0.93865366E+001  0.11255041E+002  0.13369831E+002  0.15744914E+002  0.18394171E+002  0.21331378E+002  0.24570185E+002  0.28124159E+002  0.32006756E+002  0.36231338E+002  0.40811208E+002
 -0.18879212E+000 -0.17984785E+000 -0.13819567E+000 -0.49364704E-001  0.97424593E-001  0.31120788E+000  0.52499116E+000  0.67178046E+000  0.76061143E+000  0.80226360E+000  0.81120788E+000  0.81576404E+000  0.84422088E+000  0.91635632E+000  0.10504131E+001  0.12637472E+001  0.15730912E+001  0.19946992E+001  0.25444383E+001  0.32378535E+001  0.40902124E+001  0.51165424E+001  0.63316543E+001  0.77501695E+001  0.93865366E+001  0.11255041E+002  0.13369831E+002  0.15744914E+002  0.18394171E+002  0.21331378E+002  0.24570185E+002  0.28124159E+002  0.32006756E+002  0.36231338E+002  0.40811208E+002
 -0.18879212E+000 -0.17984785E+000 -0.13819567E+000 -0.49364704E-001  0.97424593E-001  0.31120788E+000  0.52499116E+000  0.67178046E+000  0.76061143E+000  0.80226360E+000  0.81120788E+000  0.81576404E+000  0.84422088E+000  0.91635632E+000  0.10504131E+001  0.12637472E+001  0.15730912E+001  0.19946992E+001  0.25444383E+001  0.32378535E+001  0.40902124E+001  0.51165424E+001  0.63316543E+001  0.77501695E+001  0.93865366E+001  0.11255041E+002  0.13369831E+002  0.15744914E+002  0.18394171E+002  0.21331378E+002  0.24570185E+002  0.28124159E+002  0.32006756E+002  0.36231338E+002  0.40811208E+002
 -0.18879212E+000 -0.17984785E+000 -0.13819567E+000 -0.49364704E-001  0.97424593E-001  0.31120788E+000  0.52499116E+000  0.67178046E+000  0.76061143E+000  0.80226360E+000  0.81120788E+000  0.81576404E+000  0.84422088E+000  0.91635632E+000  0.10504131E+001  0.12637472E+001  0.15730912E+001  0.19946992E+001  0.25444383E+001  0.32378535E+001  0.40902124E+001  0.51165424E+001  0.63316543E+001  0.77501695E+001  0.93865366E+001  0.11255041E+002  0.13369831E+002  0.15744914E+002  0.18394171E+002  0.21331378E+002  0.24570185E+002  0.28124159E+002  0.32006756E+002  0.36231338E+002  0.40811208E+002
 -0.18879212E+000 -0.17984785E+000 -0.13819567E+000 -0.49364704E-001  0.97424593E-001  0.31120788E+000  0.52499116E+000  0.67178046E+000  0.76061143E+000  0.80226360E+000  0.81120788E+000  0.81576404E+000  0.84422088E+000  0.91635632E+000  0.10504131E+001  0.12637472E+001  0.15730912E+001  0.19946992E+001  0.25444383E+001  0.32378535E+001  0.40902124E+001  0.51165424E+001  0.63316543E+001  0.77501695E+001  0.93865366E+001  0.11255041E+002  0.13369831E+002  0.15744914E+002  0.18394171E+002  0.21331378E+002  0.24570185E+002  0.28124159E+002  0.32006756E+002  0.36231338E+002  0.40811208E+002
 -0.18879212E+000 -0.17984785E+000 -0.13819567E+000 -0.49364704E-001  0.97424593E-001  0.31120788E+000  0.52499116E+000  0.67178046E+000  0.76061143E+000  0.80226360E+000  0.81120788E+000  0.81576404E+000  0.84422088E+000  0.91635632E+000  0.10504131E+001  0.12637472E+001  0.15730912E+001  0.19946992E+001  0.25444383E+001  0.32378535E+001  0.40902124E+001  0.51165424E+001  0.63316543E+001  0.77501695E+001  0.93865366E+001  0.11255041E+002  0.13369831E+002  0.15744914E+002  0.18394171E+002  0.21331378E+002  0.24570185E+002  0.28124159E+002  0.32006756E+002  0.36231338E+002  0.40811208E+002
 -0.18879212E+000 -0.17984785E+000 -0.13819567E+000 -0.49364704E-001  0.97424593E-001  0.31120788E+000  0.52499116E+000  0.67178046E+000  0.76061143E+000  0.80226360E+000  0.81120788E+000  0.81576404E+000  0.84422088E+000  0.91635632E+000  0.10504131E+001  0.12637472E+001  0.15730912E+001  0.19946992E+001  0.25444383E+001  0.32378535E+001  0.40902124E+001  0.51165424E+001  0.63316543E+001  0.77501695E+001  0.93865366E+001  0.11255041E+002  0.13369831E+002  0.15744914E+002  0.18394171E+002  0.21331378E+002  0.24570185E+002  0.28124159E+002  0.32006756E+002  0.36231338E+002  0.40811208E+002
 -0.18879212E+000 -0.17984785E+000 -0.13819567E+000 -0.49364704E-001  0.97424593E-001  0.31120788E+000  0.52499116E+000  0.67178046E+000  0.76061143E+000  0.80226360E+000  0.81120788E+000  0.81576404E+000  0.84422088E+000  0.91635632E+000  0.10504131E+001  0.12637472E+001  0.15730912E+001  0.19946992E+001  0.25444383E+001  0.32378535E+001  0.40902124E+001  0.51165424E+001  0.63316543E+001  0.77501695E+001  0.93865366E+001  0.11255041E+002  0.13369831E+002  0.15744914E+002  0.18394171E+002  0.21331378E+002  0.24570185E+002  0.28124159E+002  0.32006756E+002  0.36231338E+002  0.40811208E+002
 -0.18879212E+000 -0.17984785E+000 -0.13819567E+000 -0.49364704E-001  0.97424593E-001  0.31120788E+000  0.52499116E+000  0.67178046E+000  0.76061143E+000  0.80226360E+000  0.81120788E+000  0.81576404E+000  0.84422088E+000  0.91635632E+000  0.10504131E+001  0.12637472E+001  0.15730912E+001  0.19946992E+001  0.25444383E+001  0.32378535E+001  0.40902124E+001  0.51165424E+001  0.63316543E+001  0.77501695E+001  0.93865366E+001  0.11255041E+002  0.13369831E+002  0.15744914E+002  0.18394171E+002  0.21331378E+002  0.24570185E+002  0.28124159E+002  0.32006756E+002  0.36231338E+002  0.40811208E+002
 -0.18879212E+000 -0.17984785E+000 -0.13819568E+000 -0.49364705E-001  0.97424592E-001  0.31120788E+000  0.52499116E+000  0.67178046E+000  0.76061143E+000  0.80226360E+000  0.81120788E+000  0.81576404E+000  0.84422088E+000  0.91635632E+000  0.10504131E+001  0.12637472E+001  0.15730912E+001  0.19946992E+001  0.25444383E+001  0.32378535E+001  0.40902124E+001  0.51165424E+001  0.63316543E+001  0.77501695E+001  0.93865366E+001  0.11255041E+002  0.13369831E+002  0.15744914E+002  0.18394171E+002  0.21331378E+002  0.24570185E+002  0.28124159E+002  0.32006756E+002  0.36231338E+002  0.40811208E+002
 -0.18879223E+000 -0.17984796E+000 -0.13819578E+000 -0.49364813E-001  0.97424483E-001  0.31120777E+000  0.52499105E+000  0.67178035E+000  0.76061132E+000  0.80226349E+000  0.81120777E+000  0.81576393E+000  0.84422077E+000  0.91635621E+000  0.10504130E+001  0.12637471E+001  0.15730911E+001  0.19946990E+001  0.25444382E+001  0.32378533E+001  0.40902123E+001  0.51165423E+001  0.63316542E+001  0.77501694E+001  0.93865365E+001  0.11255041E+002  0.13369831E+002  0.15744914E+002  0.18394171E+002  0.21331378E+002  0.24570185E+002  0.28124159E+002  0.32006756E+002  0.36231338E+002  0.40811208E+002
 -0.18880127E+000 -0.17985700E+000 -0.13820483E+000 -0.49373858E-001  0.97415439E-001  0.31119872E+000  0.52498201E+000  0.67177131E+000  0.76060228E+000  0.80225445E+000  0.81119872E+000  0.81575489E+000  0.84421172E+000  0.91634716E+000  0.10504039E+001  0.12637380E+001  0.15730821E+001  0.19946900E+001  0.25444292E+001  0.32378443E+001  0.40902033E+001  0.51165332E+001  0.63316452E+001  0.77501604E+001  0.93865274E+001  0.11255032E+002  0.13369822E+002  0.15744905E+002  0.18394162E+002  0.21331369E+002  0.24570176E+002  0.28124150E+002  0.32006747E+002  0.36231329E+002  0.40811199E+002
 -0.18931658E+000 -0.18037231E+000 -0.13872013E+000 -0.49889161E-001  0.96900136E-001  0.31068342E+000  0.52446671E+000  0.67125600E+000  0.76008697E+000  0.80173915E+000  0.81068342E+000  0.81523958E+000  0.84369642E+000  0.91583186E+000  0.10498886E+001  0.12632227E+001  0.15725668E+001  0.19941747E+001  0.25439139E+001  0.32373290E+001  0.40896880E+001  0.51160179E+001  0.63311299E+001  0.77496451E+001  0.93860121E+001  0.11254516E+002  0.13369306E+002  0.15744390E+002  0.18393647E+002  0.21330853E+002  0.24569660E+002  0.28123634E+002  0.32006231E+002  0.36230814E+002  0.40810683E+002
 -0.20682056E+000 -0.19787628E+000 -0.15622411E+000 -0.67393139E-001  0.79396158E-001  0.29317944E+000  0.50696273E+000  0.65375203E+000  0.74258300E+000  0.78423517E+000  0.79317944E+000  0.79773560E+000  0.82619244E+000  0.89832788E+000  0.10323846E+001  0.12457187E+001  0.15550628E+001  0.19766707E+001  0.25264099E+001  0.32198250E+001  0.40721840E+001  0.50985140E+001  0.63136259E+001  0.77321411E+001  0.93685082E+001  0.11237012E+002  0.13351802E+002  0.15726886E+002  0.18376143E+002  0.21313349E+002  0.24552156E+002  0.28106131E+002  0.31988727E+002  0.36213310E+002  0.40793179E+002
 -0.45828581E+000 -0.45828580E+000 -0.45828575E+000 -0.45828562E+000 -0.45828510E+000 -0.24450182E+000 -0.30718533E-001  0.11607076E+000  0.20490173E+000  0.24655391E+000  0.25549818E+000  0.26005434E+000  0.28851118E+000  0.36064662E+000  0.49470337E+000  0.70803748E+000  0.10173815E+001  0.14389895E+001  0.19887286E+001  0.26821438E+001  0.35345027E+001  0.45608327E+001  0.57759446E+001  0.71944598E+001  0.88308269E+001  0.10699331E+002  0.12814121E+002  0.15189204E+002  0.17838461E+002  0.20775668E+002  0.24014475E+002  0.27568449E+002  0.31451046E+002  0.35675629E+002  0.40255498E+002
 -0.35081280E+000 -0.35063564E+000 -0.34974893E+000 -0.34761548E+000 -0.20082618E+000  0.12957106E-001  0.22674039E+000  0.37352969E+000  0.46236066E+000  0.50401283E+000  0.51295710E+000  0.51751327E+000  0.54597010E+000  0.61810555E+000  0.75216229E+000  0.96549641E+000  0.12748405E+001  0.16964484E+001  0.22461875E+001  0.29396027E+001  0.37919617E+001  0.48182916E+001  0.60334035E+001  0.74519188E+001  0.90882858E+001  0.10956790E+002  0.13071580E+002  0.15446663E+002  0.18095920E+002  0.21033127E+002  0.24271934E+002  0.27825908E+002  0.31708505E+002  0.35933088E+002  0.40512957E+002
 -0.14626970E+000 -0.14606053E+000 -0.10440836E+000 -0.15577389E-001  0.13121191E+000  0.34499519E+000 -0.12994741E+000 -0.13015166E+000 -0.41320689E-001  0.33148421E-003 -0.11178886E+000 -0.11180596E+000 -0.83349125E-001 -0.28160276E+000 -0.28250827E+000 -0.69174149E-001  0.24016990E+000  0.66177782E+000  0.12115170E+001  0.19049321E+001  0.27572911E+001  0.37836211E+001  0.49987330E+001  0.64172482E+001  0.80536153E+001  0.99221194E+001  0.12036910E+002  0.14411993E+002  0.17061250E+002  0.19998456E+002  0.23237263E+002  0.26791237E+002  0.30673834E+002  0.34898417E+002  0.39478287E+002
 -0.19119987E+000 -0.18225560E+000 -0.14060343E+000 -0.51772455E-001  0.95016842E-001 -0.10654479E+001 -0.10674959E+001 -0.92070659E+000 -0.83187562E+000 -0.79022345E+000 -0.78127917E+000 -0.77672301E+000 -0.74826617E+000 -0.67613073E+000 -0.68921615E+000 -0.68967276E+000 -0.38032872E+000 -0.34427447E-001 -0.36333992E-001  0.65708114E+000  0.15094401E+001  0.25357701E+001  0.37508820E+001  0.51693972E+001  0.68057640E+001 -0.89527082E+001 -0.92434441E+001 -0.68683608E+001 -0.79132129E+001 -0.84465524E+001 -0.52077452E+001 -0.19836016E+002 -0.21206020E+002  0.28955757E+002  0.29051151E+002
