  0.65208164E+000  0.66102591E+000  0.70267808E+000  0.79150905E+000  0.93829835E+000  0.11520816E+001  0.13658649E+001  0.15126542E+001  0.16014852E+001  0.16431374E+001  0.16520816E+001  0.16566378E+001  0.16850946E+001  0.17572301E+001  0.18912868E+001  0.21046209E+001  0.24139650E+001  0.28355729E+001  0.33853121E+001  0.40787272E+001  0.49310862E+001  0.59574162E+001  0.71725281E+001  0.85910433E+001  0.10227410E+002  0.12095914E+002  0.14210705E+002  0.16585788E+002  0.19235045E+002  0.22172251E+002  0.25411059E+002  0.28965033E+002  0.32847630E+002  0.37072212E+002  0.41652082E+002
  0.65208164E+000  0.66102591E+000  0.70267808E+000  0.79150905E+000  0.93829835E+000  0.11520816E+001  0.13658649E+001  0.15126542E+001  0.16014852E+001  0.16431374E+001  0.16520816E+001  0.16566378E+001  0.16850946E+001  0.17572301E+001  0.18912868E+001  0.21046209E+001  0.24139650E+001  0.28355729E+001  0.33853121E+001  0.40787272E+001  0.49310862E+001  0.59574162E+001  0.71725281E+001  0.85910433E+001  0.10227410E+002  0.12095914E+002  0.14210705E+002  0.16585788E+002  0.19235045E+002  0.22172251E+002  0.25411059E+002  0.28965033E+002  0.32847630E+002  0.37072212E+002  0.41652082E+002
  0.65208164E+000  0.66102591E+000  0.70267808E+000  0.79150905E+000  0.93829835E+000  0.11520816E+001  0.13658649E+001  0.15126542E+001  0.16014852E+001  0.16431374E+001  0.16520816E+001  0.16566378E+001  0.16850946E+001  0.17572301E+001  0.18912868E+001  0.21046209E+001  0.24139650E+001  0.28355729E+001  0.33853121E+001  0.40787272E+001  0.49310862E+001  0.59574162E+001  0.71725281E+001  0.85910433E+001  0.10227410E+002  0.12095914E+002  0.14210705E+002  0.16585788E+002  0.19235045E+002  0.22172251E+002  0.25411059E+002  0.28965033E+002  0.32847630E+002  0.37072212E+002  0.41652082E+002
  0.65208164E+000  0.66102591E+000  0.70267808E+000  0.79150905E+000  0.93829835E+000  0.11520816E+001  0.13658649E+001  0.15126542E+001  0.16014852E+001  0.16431374E+001  0.16520816E+001  0.16566378E+001  0.16850946E+001  0.17572301E+001  0.18912868E+001  0.21046209E+001  0.24139650E+001  0.28355729E+001  0.33853121E+001  0.40787272E+001  0.49310862E+001  0.59574162E+001  0.71725281E+001  0.85910433E+001  0.10227410E+002  0.12095914E+002  0.14210705E+002  0.16585788E+002  0.19235045E+002  0.22172251E+002  0.25411059E+002  0.28965033E+002  0.32847630E+002  0.37072212E+002  0.41652082E+002
  0.65208164E+000  0.66102591E+000  0.70267808E+000  0.79150905E+000  0.93829835E+000  0.11520816E+001  0.13658649E+001  0.15126542E+001  0.16014852E+001  0.16431374E+001  0.16520816E+001  0.16566378E+001  0.16850946E+001  0.17572301E+001  0.18912868E+001  0.21046209E+001  0.24139650E+001  0.28355729E+001  0.33853121E+001  0.40787272E+001  0.49310862E+001  0.59574162E+001  0.71725281E+001  0.85910433E+001  0.10227410E+002  0.12095914E+002  0.14210705E+002  0.16585788E+002  0.19235045E+002  0.22172251E+002  0.25411059E+002  0.28965033E+002  0.32847630E+002  0.37072212E+002  0.41652082E+002
  0.65208164E+000  0.66102591E+000  0.70267808E+000  0.79150905E+000  0.93829835E+000  0.11520816E+001  0.13658649E+001  0.15126542E+001  0.16014852E+001  0.16431374E+001  0.16520816E+001  0.16566378E+001  0.16850946E+001  0.17572301E+001  0.18912868E+001  0.21046209E+001  0.24139650E+001  0.28355729E+001  0.33853121E+001  0.40787272E+001  0.49310862E+001  0.59574162E+001  0.71725281E+001  0.85910433E+001  0.10227410E+002  0.12095914E+002  0.14210705E+002  0.16585788E+002  0.19235045E+002  0.22172251E+002  0.25411059E+002  0.28965033E+002  0.32847630E+002  0.37072212E+002  0.41652082E+002
  0.65208164E+000  0.66102591E+000  0.70267808E+000  0.79150905E+000  0.93829835E+000  0.11520816E+001  0.13658649E+001  0.15126542E+001  0.16014852E+001  0.16431374E+001  0.16520816E+001  0.16566378E+001  0.16850946E+001  0.17572301E+001  0.18912868E+001  0.21046209E+001  0.24139650E+001  0.28355729E+001  0.33853121E+001  0.40787272E+001  0.49310862E+001  0.59574162E+001  0.71725281E+001  0.85910433E+001  0.10227410E+002  0.12095914E+002  0.14210705E+002  0.16585788E+002  0.19235045E+002  0.22172251E+002  0.25411059E+002  0.28965033E+002  0.32847630E+002  0.37072212E+002  0.41652082E+002
  0.65208164E+000  0.66102591E+000  0.70267808E+000  0.79150905E+000  0.93829835E+000  0.11520816E+001  0.13658649E+001  0.15126542E+001  0.16014852E+001  0.16431374E+001  0.16520816E+001  0.16566378E+001  0.16850946E+001  0.17572301E+001  0.18912868E+001  0.21046209E+001  0.24139650E+001  0.28355729E+001  0.33853121E+001  0.40787272E+001  0.49310862E+001  0.59574162E+001  0.71725281E+001  0.85910433E+001  0.10227410E+002  0.12095914E+002  0.14210705E+002  0.16585788E+002  0.19235045E+002  0.22172251E+002  0.25411059E+002  0.28965033E+002  0.32847630E+002  0.37072212E+002  0.41652082E+002
  0.65208164E+000  0.66102591E+000  0.70267808E+000  0.79150905E+000  0.93829835E+000  0.11520816E+001  0.13658649E+001  0.15126542E+001  0.16014852E+001  0.16431374E+001  0.16520816E+001  0.16566378E+001  0.16850946E+001  0.17572301E+001  0.18912868E+001  0.21046209E+001  0.24139650E+001  0.28355729E+001  0.33853121E+001  0.40787272E+001  0.49310862E+001  0.59574162E+001  0.71725281E+001  0.85910433E+001  0.10227410E+002  0.12095914E+002  0.14210705E+002  0.16585788E+002  0.19235045E+002  0.22172251E+002  0.25411059E+002  0.28965033E+002  0.32847630E+002  0.37072212E+002  0.41652082E+002
  0.65208164E+000  0.66102591E+000  0.70267808E+000  0.79150905E+000  0.93829835E+000  0.11520816E+001  0.13658649E+001  0.15126542E+001  0.16014852E+001  0.16431374E+001  0.16520816E+001  0.16566378E+001  0.16850946E+001  0.17572301E+001  0.18912868E+001  0.21046209E+001  0.24139650E+001  0.28355729E+001  0.33853121E+001  0.40787272E+001  0.49310862E+001  0.59574162E+001  0.71725281E+001  0.85910433E+001  0.10227410E+002  0.12095914E+002  0.14210705E+002  0.16585788E+002  0.19235045E+002  0.22172251E+002  0.25411059E+002  0.28965033E+002  0.32847630E+002  0.37072212E+002  0.41652082E+002
  0.65208164E+000  0.66102591E+000  0.70267808E+000  0.79150905E+000  0.93829835E+000  0.11520816E+001  0.13658649E+001  0.15126542E+001  0.16014852E+001  0.16431374E+001  0.16520816E+001  0.16566378E+001  0.16850946E+001  0.17572301E+001  0.18912868E+001  0.21046209E+001  0.24139650E+001  0.28355729E+001  0.33853121E+001  0.40787272E+001  0.49310862E+001  0.59574162E+001  0.71725281E+001  0.85910433E+001  0.10227410E+002  0.12095914E+002  0.14210705E+002  0.16585788E+002  0.19235045E+002  0.22172251E+002  0.25411059E+002  0.28965033E+002  0.32847630E+002  0.37072212E+002  0.41652082E+002
  0.65208164E+000  0.66102591E+000  0.70267808E+000  0.79150905E+000  0.93829835E+000  0.11520816E+001  0.13658649E+001  0.15126542E+001  0.16014852E+001  0.16431374E+001  0.16520816E+001  0.16566378E+001  0.16850946E+001  0.17572301E+001  0.18912868E+001  0.21046209E+001  0.24139650E+001  0.28355729E+001  0.33853121E+001  0.40787272E+001  0.49310862E+001  0.59574162E+001  0.71725281E+001  0.85910433E+001  0.10227410E+002  0.12095914E+002  0.14210705E+002  0.16585788E+002  0.19235045E+002  0.22172251E+002  0.25411059E+002  0.28965033E+002  0.32847630E+002  0.37072212E+002  0.41652082E+002
  0.65208164E+000  0.66102591E+000  0.70267808E+000  0.79150905E+000  0.93829835E+000  0.11520816E+001  0.13658649E+001  0.15126542E+001  0.16014852E+001  0.16431374E+001  0.16520816E+001  0.16566378E+001  0.16850946E+001  0.17572301E+001  0.18912868E+001  0.21046209E+001  0.24139650E+001  0.28355729E+001  0.33853121E+001  0.40787272E+001  0.49310862E+001  0.59574162E+001  0.71725281E+001  0.85910433E+001  0.10227410E+002  0.12095914E+002  0.14210705E+002  0.16585788E+002  0.19235045E+002  0.22172251E+002  0.25411059E+002  0.28965033E+002  0.32847630E+002  0.37072212E+002  0.41652082E+002
  0.65208164E+000  0.66102591E+000  0.70267808E+000  0.79150905E+000  0.93829835E+000  0.11520816E+001  0.13658649E+001  0.15126542E+001  0.16014852E+001  0.16431374E+001  0.16520816E+001  0.16566378E+001  0.16850946E+001  0.17572301E+001  0.18912868E+001  0.21046209E+001  0.24139650E+001  0.28355729E+001  0.33853121E+001  0.40787272E+001  0.49310862E+001  0.59574162E+001  0.71725281E+001  0.85910433E+001  0.10227410E+002  0.12095914E+002  0.14210705E+002  0.16585788E+002  0.19235045E+002  0.22172251E+002  0.25411059E+002  0.28965033E+002  0.32847630E+002  0.37072212E+002  0.41652082E+002
  0.65208164E+000  0.66102591E+000  0.70267808E+000  0.79150905E+000  0.93829835E+000  0.11520816E+001  0.13658649E+001  0.15126542E+001  0.16014852E+001  0.16431374E+001  0.16520816E+001  0.16566378E+001  0.16850946E+001  0.17572301E+001  0.18912868E+001  0.21046209E+001  0.24139650E+001  0.28355729E+001  0.33853121E+001  0.40787272E+001  0.49310862E+001  0.59574162E+001  0.71725281E+001  0.85910433E+001  0.10227410E+002  0.12095914E+002  0.14210705E+002  0.16585788E+002  0.19235045E+002  0.22172251E+002  0.25411059E+002  0.28965033E+002  0.32847630E+002  0.37072212E+002  0.41652082E+002
  0.65208164E+000  0.66102591E+000  0.70267808E+000  0.79150905E+000  0.93829835E+000  0.11520816E+001  0.13658649E+001  0.15126542E+001  0.16014852E+001  0.16431374E+001  0.16520816E+001  0.16566378E+001  0.16850946E+001  0.17572301E+001  0.18912868E+001  0.21046209E+001  0.24139650E+001  0.28355729E+001  0.33853121E+001  0.40787272E+001  0.49310862E+001  0.59574162E+001  0.71725281E+001  0.85910433E+001  0.10227410E+002  0.12095914E+002  0.14210705E+002  0.16585788E+002  0.19235045E+002  0.22172251E+002  0.25411059E+002  0.28965033E+002  0.32847630E+002  0.37072212E+002  0.41652082E+002
  0.65208164E+000  0.66102591E+000  0.70267808E+000  0.79150905E+000  0.93829835E+000  0.11520816E+001  0.13658649E+001  0.15126542E+001  0.16014852E+001  0.16431374E+001  0.16520816E+001  0.16566378E+001  0.16850946E+001  0.17572301E+001  0.18912868E+001  0.21046209E+001  0.24139650E+001  0.28355729E+001  0.33853121E+001  0.40787272E+001  0.49310862E+001  0.59574162E+001  0.71725281E+001  0.85910433E+001  0.10227410E+002  0.12095914E+002  0.14210705E+002  0.16585788E+002  0.19235045E+002  0.22172251E+002  0.25411059E+002  0.28965033E+002  0.32847630E+002  0.37072212E+002  0.41652082E+002
  0.65208165E+000  0.66102592E+000  0.70267809E+000  0.79150906E+000  0.93829836E+000  0.11520816E+001  0.13658649E+001  0.15126542E+001  0.16014852E+001  0.16431374E+001  0.16520816E+001  0.16566378E+001  0.16850946E+001  0.17572301E+001  0.18912868E+001  0.21046209E+001  0.24139650E+001  0.28355729E+001  0.33853121E+001  0.40787272E+001  0.49310862E+001  0.59574162E+001  0.71725281E+001  0.85910433E+001  0.10227410E+002  0.12095914E+002  0.14210705E+002  0.16585788E+002  0.19235045E+002  0.22172251E+002  0.25411059E+002  0.28965033E+002  0.32847630E+002  0.37072212E+002  0.41652082E+002
  0.65208226E+000  0.66102653E+000  0.70267871E+000  0.79150968E+000  0.93829897E+000  0.11520823E+001  0.13658655E+001  0.15126548E+001  0.16014858E+001  0.16431380E+001  0.16520823E+001  0.16566384E+001  0.16850953E+001  0.17572307E+001  0.18912874E+001  0.21046216E+001  0.24139656E+001  0.28355735E+001  0.33853127E+001  0.40787278E+001  0.49310868E+001  0.59574168E+001  0.71725287E+001  0.85910439E+001  0.10227411E+002  0.12095915E+002  0.14210705E+002  0.16585789E+002  0.19235045E+002  0.22172252E+002  0.25411059E+002  0.28965033E+002  0.32847630E+002  0.37072213E+002  0.41652082E+002
  0.65210975E+000  0.66105402E+000  0.70270619E+000  0.79153716E+000  0.93832646E+000  0.11521097E+001  0.13658930E+001  0.15126823E+001  0.16015133E+001  0.16431655E+001  0.16521097E+001  0.16566659E+001  0.16851227E+001  0.17572582E+001  0.18913149E+001  0.21046490E+001  0.24139931E+001  0.28356010E+001  0.33853402E+001  0.40787553E+001  0.49311143E+001  0.59574443E+001  0.71725562E+001  0.85910714E+001  0.10227438E+002  0.12095943E+002  0.14210733E+002  0.16585816E+002  0.19235073E+002  0.22172280E+002  0.25411087E+002  0.28965061E+002  0.32847658E+002  0.37072240E+002  0.41652110E+002
  0.65263924E+000  0.66158352E+000  0.70323569E+000  0.70323567E+000  0.70323534E+000  0.70323487E+000  0.70323420E+000  0.70323386E+000  0.70323357E+000  0.70323343E+000  0.70323340E+000  0.70778956E+000  0.73624640E+000  0.80838184E+000  0.94243859E+000  0.11557727E+001  0.14651168E+001  0.18867247E+001  0.24364638E+001  0.31298790E+001  0.39822380E+001  0.50085679E+001  0.62236798E+001  0.76421951E+001  0.92785621E+001  0.11147066E+002  0.13261856E+002  0.15636940E+002  0.18286197E+002  0.21223403E+002  0.24462210E+002  0.28016184E+002  0.31898781E+002  0.36123364E+002  0.40703233E+002
  0.65972275E+000  0.65972275E+000  0.65972275E+000  0.65972275E+000  0.31534510E+000  0.31534562E+000  0.31534613E+000  0.29284999E+000  0.29285022E+000  0.29285032E+000  0.29285035E+000  0.29285036E+000  0.29285043E+000  0.29285061E+000  0.29285096E+000  0.29285150E+000  0.29285229E+000  0.29285337E+000  0.29285478E+000  0.29285655E+000  0.29285873E+000  0.29286136E+000  0.29286447E+000  0.29286810E+000  0.29287229E+000  0.29287707E+000  0.29288249E+000  0.29288858E+000  0.29289538E+000  0.29290292E+000  0.29291125E+000  0.29292040E+000  0.29293042E+000  0.29294136E+000  0.29295324E+000
  0.65965384E+000  0.65965384E+000  0.65965389E+000  0.65965403E+000  0.65965440E+000  0.65965522E+000  0.65965632E+000  0.65965721E+000  0.65965779E+000  0.65965807E+000  0.65965814E+000  0.65965817E+000  0.65965837E+000  0.65965891E+000  0.65966003E+000  0.65966209E+000  0.65966565E+000  0.65967160E+000  0.65968120E+000  0.65969624E+000  0.65971917E+000  0.65975320E+000  0.65980251E+000  0.65987235E+000  0.65996927E+000  0.66010124E+000  0.66027790E+000  0.66051074E+000  0.66081330E+000  0.66120139E+000  0.66169336E+000  0.66231029E+000  0.66307627E+000  0.66401863E+000  0.66516825E+000
  0.78697317E+000  0.79591744E+000  0.83756961E+000  0.92640058E+000  0.10731899E+001  0.12869732E+001  0.15007564E+001  0.16475457E+001  0.17363767E+001  0.17780289E+001  0.17869732E+001  0.17915293E+001  0.18199862E+001  0.18921216E+001  0.20261783E+001  0.22395125E+001  0.25488565E+001  0.29704644E+001  0.35202036E+001  0.42136187E+001  0.50659777E+001  0.60923077E+001  0.73074196E+001  0.87259348E+001  0.10362302E+002  0.12230806E+002  0.14345596E+002  0.16720679E+002  0.19369936E+002  0.22307143E+002  0.25545950E+002  0.29099924E+002  0.32982521E+002  0.37207103E+002  0.41786973E+002
  0.76865567E+000  0.76866752E+000  0.50059412E+000  0.50036576E+000  0.49987474E+000  0.71365802E+000  0.92744131E+000  0.10742306E+001  0.11630616E+001  0.12047137E+001  0.18759455E+000  0.18754767E+000  0.21600450E+000  0.28813994E+000  0.42219669E+000  0.63553081E+000  0.94487485E+000  0.13788553E+000  0.12706456E+000  0.11060106E+000  0.85984964E-001  0.49827115E-001  0.12649390E+001  0.26834543E+001  0.43198213E+001  0.61883254E+001  0.83031156E+001 -0.48199611E-001 -0.37090341E+000  0.25663035E+001  0.58051112E+001  0.93590858E+001  0.42778912E+002  0.43045548E+002  0.43204523E+002
