  0.13927666E+001  0.14017109E+001  0.14433630E+001  0.15321940E+001  0.16789833E+001  0.18927666E+001  0.21065499E+001  0.22533392E+001  0.23421701E+001  0.23838223E+001  0.23927666E+001  0.23973228E+001  0.24257796E+001  0.24979150E+001  0.26319718E+001  0.28453059E+001  0.31546499E+001  0.35762579E+001  0.41259970E+001  0.48194122E+001  0.56717711E+001  0.66981011E+001  0.79132130E+001  0.93317283E+001  0.10968095E+002  0.12836599E+002  0.14951390E+002  0.17326473E+002  0.19975730E+002  0.22912936E+002  0.26151744E+002  0.29705718E+002  0.33588315E+002  0.37812897E+002  0.42392767E+002
  0.13927666E+001  0.14017109E+001  0.14433630E+001  0.15321940E+001  0.16789833E+001  0.18927666E+001  0.21065499E+001  0.22533392E+001  0.23421701E+001  0.23838223E+001  0.23927666E+001  0.23973228E+001  0.24257796E+001  0.24979150E+001  0.26319718E+001  0.28453059E+001  0.31546499E+001  0.35762579E+001  0.41259970E+001  0.48194122E+001  0.56717711E+001  0.66981011E+001  0.79132130E+001  0.93317283E+001  0.10968095E+002  0.12836599E+002  0.14951390E+002  0.17326473E+002  0.19975730E+002  0.22912936E+002  0.26151744E+002  0.29705718E+002  0.33588315E+002  0.37812897E+002  0.42392767E+002
  0.13927666E+001  0.14017109E+001  0.14433630E+001  0.15321940E+001  0.16789833E+001  0.18927666E+001  0.21065499E+001  0.22533392E+001  0.23421701E+001  0.23838223E+001  0.23927666E+001  0.23973228E+001  0.24257796E+001  0.24979150E+001  0.26319718E+001  0.28453059E+001  0.31546499E+001  0.35762579E+001  0.41259970E+001  0.48194122E+001  0.56717711E+001  0.66981011E+001  0.79132130E+001  0.93317283E+001  0.10968095E+002  0.12836599E+002  0.14951390E+002  0.17326473E+002  0.19975730E+002  0.22912936E+002  0.26151744E+002  0.29705718E+002  0.33588315E+002  0.37812897E+002  0.42392767E+002
  0.13927666E+001  0.14017109E+001  0.14433630E+001  0.15321940E+001  0.16789833E+001  0.18927666E+001  0.21065499E+001  0.22533392E+001  0.23421701E+001  0.23838223E+001  0.23927666E+001  0.23973228E+001  0.24257796E+001  0.24979150E+001  0.26319718E+001  0.28453059E+001  0.31546499E+001  0.35762579E+001  0.41259970E+001  0.48194122E+001  0.56717711E+001  0.66981011E+001  0.79132130E+001  0.93317283E+001  0.10968095E+002  0.12836599E+002  0.14951390E+002  0.17326473E+002  0.19975730E+002  0.22912936E+002  0.26151744E+002  0.29705718E+002  0.33588315E+002  0.37812897E+002  0.42392767E+002
  0.13927666E+001  0.14017109E+001  0.14433630E+001  0.15321940E+001  0.16789833E+001  0.18927666E+001  0.21065499E+001  0.22533392E+001  0.23421701E+001  0.23838223E+001  0.23927666E+001  0.23973228E+001  0.24257796E+001  0.24979150E+001  0.26319718E+001  0.28453059E+001  0.31546499E+001  0.35762579E+001  0.41259970E+001  0.48194122E+001  0.56717711E+001  0.66981011E+001  0.79132130E+001  0.93317283E+001  0.10968095E+002  0.12836599E+002  0.14951390E+002  0.17326473E+002  0.19975730E+002  0.22912936E+002  0.26151744E+002  0.29705718E+002  0.33588315E+002  0.37812897E+002  0.42392767E+002
  0.13927666E+001  0.14017109E+001  0.14433630E+001  0.15321940E+001  0.16789833E+001  0.18927666E+001  0.21065499E+001  0.22533392E+001  0.23421701E+001  0.23838223E+001  0.23927666E+001  0.23973228E+001  0.24257796E+001  0.24979150E+001  0.26319718E+001  0.28453059E+001  0.31546499E+001  0.35762579E+001  0.41259970E+001  0.48194122E+001  0.56717711E+001  0.66981011E+001  0.79132130E+001  0.93317283E+001  0.10968095E+002  0.12836599E+002  0.14951390E+002  0.17326473E+002  0.19975730E+002  0.22912936E+002  0.26151744E+002  0.29705718E+002  0.33588315E+002  0.37812897E+002  0.42392767E+002
  0.13927666E+001  0.14017109E+001  0.14433630E+001  0.15321940E+001  0.16789833E+001  0.18927666E+001  0.21065499E+001  0.22533392E+001  0.23421701E+001  0.23838223E+001  0.23927666E+001  0.23973228E+001  0.24257796E+001  0.24979150E+001  0.26319718E+001  0.28453059E+001  0.31546499E+001  0.35762579E+001  0.41259970E+001  0.48194122E+001  0.56717711E+001  0.66981011E+001  0.79132130E+001  0.93317283E+001  0.10968095E+002  0.12836599E+002  0.14951390E+002  0.17326473E+002  0.19975730E+002  0.22912936E+002  0.26151744E+002  0.29705718E+002  0.33588315E+002  0.37812897E+002  0.42392767E+002
  0.13927666E+001  0.14017109E+001  0.14433630E+001  0.15321940E+001  0.16789833E+001  0.18927666E+001  0.21065499E+001  0.22533392E+001  0.23421701E+001  0.23838223E+001  0.23927666E+001  0.23973228E+001  0.24257796E+001  0.24979150E+001  0.26319718E+001  0.28453059E+001  0.31546499E+001  0.35762579E+001  0.41259970E+001  0.48194122E+001  0.56717711E+001  0.66981011E+001  0.79132130E+001  0.93317283E+001  0.10968095E+002  0.12836599E+002  0.14951390E+002  0.17326473E+002  0.19975730E+002  0.22912936E+002  0.26151744E+002  0.29705718E+002  0.33588315E+002  0.37812897E+002  0.42392767E+002
  0.13927666E+001  0.14017109E+001  0.14433630E+001  0.15321940E+001  0.16789833E+001  0.18927666E+001  0.21065499E+001  0.22533392E+001  0.23421701E+001  0.23838223E+001  0.23927666E+001  0.23973228E+001  0.24257796E+001  0.24979150E+001  0.26319718E+001  0.28453059E+001  0.31546499E+001  0.35762579E+001  0.41259970E+001  0.48194122E+001  0.56717711E+001  0.66981011E+001  0.79132130E+001  0.93317283E+001  0.10968095E+002  0.12836599E+002  0.14951390E+002  0.17326473E+002  0.19975730E+002  0.22912936E+002  0.26151744E+002  0.29705718E+002  0.33588315E+002  0.37812897E+002  0.42392767E+002
  0.13927666E+001  0.14017109E+001  0.14433630E+001  0.15321940E+001  0.16789833E+001  0.18927666E+001  0.21065499E+001  0.22533392E+001  0.23421701E+001  0.23838223E+001  0.23927666E+001  0.23973228E+001  0.24257796E+001  0.24979150E+001  0.26319718E+001  0.28453059E+001  0.31546499E+001  0.35762579E+001  0.41259970E+001  0.48194122E+001  0.56717711E+001  0.66981011E+001  0.79132130E+001  0.93317283E+001  0.10968095E+002  0.12836599E+002  0.14951390E+002  0.17326473E+002  0.19975730E+002  0.22912936E+002  0.26151744E+002  0.29705718E+002  0.33588315E+002  0.37812897E+002  0.42392767E+002
  0.13927666E+001  0.14017109E+001  0.14433630E+001  0.15321940E+001  0.16789833E+001  0.18927666E+001  0.21065499E+001  0.22533392E+001  0.23421701E+001  0.23838223E+001  0.23927666E+001  0.23973228E+001  0.24257796E+001  0.24979150E+001  0.26319718E+001  0.28453059E+001  0.31546499E+001  0.35762579E+001  0.41259970E+001  0.48194122E+001  0.56717711E+001  0.66981011E+001  0.79132130E+001  0.93317283E+001  0.10968095E+002  0.12836599E+002  0.14951390E+002  0.17326473E+002  0.19975730E+002  0.22912936E+002  0.26151744E+002  0.29705718E+002  0.33588315E+002  0.37812897E+002  0.42392767E+002
  0.13927666E+001  0.14017109E+001  0.14433630E+001  0.15321940E+001  0.16789833E+001  0.18927666E+001  0.21065499E+001  0.22533392E+001  0.23421701E+001  0.23838223E+001  0.23927666E+001  0.23973228E+001  0.24257796E+001  0.24979150E+001  0.26319718E+001  0.28453059E+001  0.31546499E+001  0.35762579E+001  0.41259970E+001  0.48194122E+001  0.56717711E+001  0.66981011E+001  0.79132130E+001  0.93317283E+001  0.10968095E+002  0.12836599E+002  0.14951390E+002  0.17326473E+002  0.19975730E+002  0.22912936E+002  0.26151744E+002  0.29705718E+002  0.33588315E+002  0.37812897E+002  0.42392767E+002
  0.13927666E+001  0.14017109E+001  0.14433630E+001  0.15321940E+001  0.16789833E+001  0.18927666E+001  0.21065499E+001  0.22533392E+001  0.23421701E+001  0.23838223E+001  0.23927666E+001  0.23973228E+001  0.24257796E+001  0.24979150E+001  0.26319718E+001  0.28453059E+001  0.31546499E+001  0.35762579E+001  0.41259970E+001  0.48194122E+001  0.56717711E+001  0.66981011E+001  0.79132130E+001  0.93317283E+001  0.10968095E+002  0.12836599E+002  0.14951390E+002  0.17326473E+002  0.19975730E+002  0.22912936E+002  0.26151744E+002  0.29705718E+002  0.33588315E+002  0.37812897E+002  0.42392767E+002
  0.13927666E+001  0.14017109E+001  0.14433630E+001  0.15321940E+001  0.16789833E+001  0.18927666E+001  0.21065499E+001  0.22533392E+001  0.23421701E+001  0.23838223E+001  0.23927666E+001  0.23973228E+001  0.24257796E+001  0.24979150E+001  0.26319718E+001  0.28453059E+001  0.31546499E+001  0.35762579E+001  0.41259970E+001  0.48194122E+001  0.56717711E+001  0.66981011E+001  0.79132130E+001  0.93317283E+001  0.10968095E+002  0.12836599E+002  0.14951390E+002  0.17326473E+002  0.19975730E+002  0.22912936E+002  0.26151744E+002  0.29705718E+002  0.33588315E+002  0.37812897E+002  0.42392767E+002
  0.13927666E+001  0.14017109E+001  0.14433630E+001  0.15321940E+001  0.16789833E+001  0.18927666E+001  0.21065499E+001  0.22533392E+001  0.23421701E+001  0.23838223E+001  0.23927666E+001  0.23973228E+001  0.24257796E+001  0.24979150E+001  0.26319718E+001  0.28453059E+001  0.31546499E+001  0.35762579E+001  0.41259970E+001  0.48194122E+001  0.56717711E+001  0.66981011E+001  0.79132130E+001  0.93317283E+001  0.10968095E+002  0.12836599E+002  0.14951390E+002  0.17326473E+002  0.19975730E+002  0.22912936E+002  0.26151744E+002  0.29705718E+002  0.33588315E+002  0.37812897E+002  0.42392767E+002
  0.13927666E+001  0.14017109E+001  0.14433630E+001  0.15321940E+001  0.16789833E+001  0.18927666E+001  0.21065499E+001  0.22533392E+001  0.23421701E+001  0.23838223E+001  0.23927666E+001  0.23973227E+001  0.24257796E+001  0.24979150E+001  0.26319718E+001  0.28453059E+001  0.31546499E+001  0.35762579E+001  0.41259970E+001  0.48194122E+001  0.56717711E+001  0.66981011E+001  0.79132130E+001  0.93317282E+001  0.10968095E+002  0.12836599E+002  0.14951390E+002  0.17326473E+002  0.19975730E+002  0.22912936E+002  0.26151744E+002  0.29705718E+002  0.33588315E+002  0.37812897E+002  0.42392767E+002
  0.13927661E+001  0.14017103E+001  0.14433625E+001  0.15321935E+001  0.16789828E+001  0.18927661E+001  0.21065493E+001  0.22533386E+001  0.23421696E+001  0.23838218E+001  0.23927661E+001  0.23973222E+001  0.24257791E+001  0.24979145E+001  0.26319712E+001  0.28453054E+001  0.31546494E+001  0.35762573E+001  0.41259965E+001  0.48194116E+001  0.56717706E+001  0.66981006E+001  0.79132125E+001  0.93317277E+001  0.10968095E+002  0.12836599E+002  0.14951389E+002  0.17326472E+002  0.19975729E+002  0.22912936E+002  0.26151743E+002  0.29705717E+002  0.33588314E+002  0.37812897E+002  0.42392766E+002
  0.13927497E+001  0.14016939E+001  0.14433461E+001  0.15321771E+001  0.16789664E+001  0.18927497E+001  0.21065330E+001  0.22533223E+001  0.23421532E+001  0.23838054E+001  0.23927497E+001  0.23973058E+001  0.24257627E+001  0.24978981E+001  0.26319549E+001  0.28452890E+001  0.31546330E+001  0.35762409E+001  0.41259801E+001  0.48193953E+001  0.56717542E+001  0.66980842E+001  0.79131961E+001  0.93317113E+001  0.10968078E+002  0.12836583E+002  0.14951373E+002  0.17326456E+002  0.19975713E+002  0.22912919E+002  0.26151727E+002  0.29705701E+002  0.33588298E+002  0.37812880E+002  0.42392750E+002
  0.13923539E+001  0.14012981E+001  0.14429503E+001  0.15317813E+001  0.16785706E+001  0.18923539E+001  0.21061372E+001  0.22529265E+001  0.23417574E+001  0.23834096E+001  0.23923539E+001  0.23969100E+001  0.24253669E+001  0.24975023E+001  0.26315591E+001  0.28448932E+001  0.31542372E+001  0.35758451E+001  0.41255843E+001  0.48189995E+001  0.56713584E+001  0.66976884E+001  0.79128003E+001  0.93313155E+001  0.10967683E+002  0.12836187E+002  0.14950977E+002  0.17326060E+002  0.19975317E+002  0.22912524E+002  0.26151331E+002  0.29705305E+002  0.33587902E+002  0.37812484E+002  0.42392354E+002
  0.13854396E+001  0.13943839E+001  0.14360360E+001  0.15248670E+001  0.16716563E+001  0.18854396E+001  0.20992229E+001  0.22460122E+001  0.23348431E+001  0.23764953E+001  0.23854396E+001  0.23899958E+001  0.24184526E+001  0.24905880E+001  0.26246448E+001  0.28379789E+001  0.31473229E+001  0.35689309E+001  0.41186700E+001  0.48120852E+001  0.56644442E+001  0.66907741E+001  0.79058860E+001  0.93244013E+001  0.10960768E+002  0.12829272E+002  0.14944063E+002  0.17319146E+002  0.19968403E+002  0.22905609E+002  0.26144417E+002  0.29698391E+002  0.33580988E+002  0.37805570E+002  0.42385440E+002
  0.13056041E+001  0.13145484E+001  0.13562005E+001  0.14450315E+001  0.15918208E+001  0.18056041E+001  0.20193874E+001  0.21661767E+001  0.22550076E+001  0.22966598E+001  0.23056041E+001  0.23101603E+001  0.23386171E+001  0.24107525E+001  0.25448093E+001  0.27581434E+001  0.30674875E+001  0.34890954E+001  0.40388346E+001  0.47322498E+001  0.55846088E+001  0.66109388E+001  0.78260507E+001  0.92445660E+001  0.10880933E+002  0.12749437E+002  0.14864228E+002  0.17239311E+002  0.19888568E+002  0.22825775E+002  0.26064582E+002  0.29618556E+002  0.33501153E+002  0.37725736E+002  0.42305606E+002
  0.82445204E+000  0.83339631E+000  0.87504848E+000  0.96387945E+000  0.11106688E+001  0.13244520E+001  0.15382353E+001  0.16850246E+001  0.16850260E+001  0.17266782E+001  0.17356224E+001  0.17356225E+001  0.17356229E+001  0.18077584E+001  0.19418151E+001  0.21551492E+001  0.24644933E+001  0.28861012E+001  0.34358404E+001  0.41292555E+001  0.49816144E+001  0.60079444E+001  0.72230563E+001  0.86415715E+001  0.10277939E+002  0.12146443E+002  0.14261233E+002  0.16636316E+002  0.19285573E+002  0.22222779E+002  0.25461587E+002  0.29015561E+002  0.32898157E+002  0.37122740E+002  0.41702609E+002
  0.83676568E+000  0.84570995E+000  0.88736212E+000  0.97619309E+000  0.11229824E+001  0.13367657E+001  0.15505489E+001  0.16973382E+001  0.17861692E+001  0.18278214E+001  0.18278214E+001  0.18278214E+001  0.18278215E+001  0.18999570E+001  0.20340137E+001  0.22473478E+001  0.25566918E+001  0.29782997E+001  0.35280389E+001  0.42214540E+001  0.50738129E+001  0.61001429E+001  0.73152547E+001  0.87337699E+001  0.10370137E+002  0.12238641E+002  0.14353431E+002  0.16728514E+002  0.19377771E+002  0.22314977E+002  0.25553785E+002  0.29107759E+002  0.32990355E+002  0.37214938E+002  0.41794807E+002
  0.12043230E+001  0.12043231E+001  0.12043235E+001  0.12043244E+001  0.24417951E+001  0.24417956E+001  0.24417963E+001  0.24417969E+001  0.24417974E+001  0.24417975E+001  0.24417976E+001  0.24417976E+001  0.24417977E+001  0.24417982E+001  0.24417993E+001  0.24418022E+001  0.24418093E+001  0.24418174E+001  0.54368879E+001  0.54368786E+001  0.54368689E+001  0.64631989E+001  0.76783108E+001  0.90968261E+001  0.10733193E+002  0.12601697E+002  0.14716488E+002  0.17091571E+002  0.19740828E+002  0.22678035E+002  0.25916842E+002  0.29470817E+002  0.33353414E+002  0.37577997E+002  0.42157866E+002
  0.30288615E+001  0.30290369E+001  0.30301496E+001  0.30325658E+001  0.30363992E+001  0.30422531E+001  0.30451834E+001  0.30483876E+001  0.30521058E+001  0.30538553E+001  0.30542316E+001  0.30544291E+001  0.30547995E+001  0.32278293E+001  0.35793776E+001  0.42425827E+001  0.54958427E+001  0.50068845E+001  0.53264522E+001  0.19486643E+001  0.24539955E+001  0.34803255E+001  0.46954374E+001  0.61139526E+001  0.77503196E+001  0.96188239E+001  0.11733614E+002  0.14108698E+002  0.16757955E+002  0.19695161E+002  0.22933970E+002  0.26487946E+002  0.30370545E+002  0.34595130E+002  0.39175002E+002
