  0.16624174E+001  0.16713617E+001  0.17130139E+001  0.18018448E+001  0.19486341E+001  0.21624174E+001  0.23762007E+001  0.25229900E+001  0.26118210E+001  0.26534731E+001  0.26624174E+001  0.26669736E+001  0.26954304E+001  0.27675658E+001  0.29016226E+001  0.31149567E+001  0.34243008E+001  0.38459087E+001  0.43956478E+001  0.50890630E+001  0.59414220E+001  0.69677519E+001  0.81828638E+001  0.96013791E+001  0.11237746E+002  0.13106250E+002  0.15221040E+002  0.17596124E+002  0.20245381E+002  0.23182587E+002  0.26421394E+002  0.29975368E+002  0.33857965E+002  0.38082548E+002  0.42662417E+002
  0.16624174E+001  0.16713617E+001  0.17130139E+001  0.18018448E+001  0.19486341E+001  0.21624174E+001  0.23762007E+001  0.25229900E+001  0.26118210E+001  0.26534731E+001  0.26624174E+001  0.26669736E+001  0.26954304E+001  0.27675658E+001  0.29016226E+001  0.31149567E+001  0.34243008E+001  0.38459087E+001  0.43956478E+001  0.50890630E+001  0.59414220E+001  0.69677519E+001  0.81828638E+001  0.96013791E+001  0.11237746E+002  0.13106250E+002  0.15221040E+002  0.17596124E+002  0.20245381E+002  0.23182587E+002  0.26421394E+002  0.29975368E+002  0.33857965E+002  0.38082548E+002  0.42662417E+002
  0.16624174E+001  0.16713617E+001  0.17130139E+001  0.18018448E+001  0.19486341E+001  0.21624174E+001  0.23762007E+001  0.25229900E+001  0.26118210E+001  0.26534731E+001  0.26624174E+001  0.26669736E+001  0.26954304E+001  0.27675658E+001  0.29016226E+001  0.31149567E+001  0.34243008E+001  0.38459087E+001  0.43956478E+001  0.50890630E+001  0.59414220E+001  0.69677519E+001  0.81828638E+001  0.96013791E+001  0.11237746E+002  0.13106250E+002  0.15221040E+002  0.17596124E+002  0.20245381E+002  0.23182587E+002  0.26421394E+002  0.29975368E+002  0.33857965E+002  0.38082548E+002  0.42662417E+002
  0.16624174E+001  0.16713617E+001  0.17130139E+001  0.18018448E+001  0.19486341E+001  0.21624174E+001  0.23762007E+001  0.25229900E+001  0.26118210E+001  0.26534731E+001  0.26624174E+001  0.26669736E+001  0.26954304E+001  0.27675658E+001  0.29016226E+001  0.31149567E+001  0.34243008E+001  0.38459087E+001  0.43956478E+001  0.50890630E+001  0.59414220E+001  0.69677519E+001  0.81828638E+001  0.96013791E+001  0.11237746E+002  0.13106250E+002  0.15221040E+002  0.17596124E+002  0.20245381E+002  0.23182587E+002  0.26421394E+002  0.29975368E+002  0.33857965E+002  0.38082548E+002  0.42662417E+002
  0.16624174E+001  0.16713617E+001  0.17130139E+001  0.18018448E+001  0.19486341E+001  0.21624174E+001  0.23762007E+001  0.25229900E+001  0.26118210E+001  0.26534731E+001  0.26624174E+001  0.26669736E+001  0.26954304E+001  0.27675658E+001  0.29016226E+001  0.31149567E+001  0.34243008E+001  0.38459087E+001  0.43956478E+001  0.50890630E+001  0.59414220E+001  0.69677519E+001  0.81828638E+001  0.96013791E+001  0.11237746E+002  0.13106250E+002  0.15221040E+002  0.17596124E+002  0.20245381E+002  0.23182587E+002  0.26421394E+002  0.29975368E+002  0.33857965E+002  0.38082548E+002  0.42662417E+002
  0.16624174E+001  0.16713617E+001  0.17130139E+001  0.18018448E+001  0.19486341E+001  0.21624174E+001  0.23762007E+001  0.25229900E+001  0.26118210E+001  0.26534731E+001  0.26624174E+001  0.26669736E+001  0.26954304E+001  0.27675658E+001  0.29016226E+001  0.31149567E+001  0.34243008E+001  0.38459087E+001  0.43956478E+001  0.50890630E+001  0.59414220E+001  0.69677519E+001  0.81828638E+001  0.96013791E+001  0.11237746E+002  0.13106250E+002  0.15221040E+002  0.17596124E+002  0.20245381E+002  0.23182587E+002  0.26421394E+002  0.29975368E+002  0.33857965E+002  0.38082548E+002  0.42662417E+002
  0.16624174E+001  0.16713617E+001  0.17130139E+001  0.18018448E+001  0.19486341E+001  0.21624174E+001  0.23762007E+001  0.25229900E+001  0.26118210E+001  0.26534731E+001  0.26624174E+001  0.26669736E+001  0.26954304E+001  0.27675658E+001  0.29016226E+001  0.31149567E+001  0.34243008E+001  0.38459087E+001  0.43956478E+001  0.50890630E+001  0.59414220E+001  0.69677519E+001  0.81828638E+001  0.96013791E+001  0.11237746E+002  0.13106250E+002  0.15221040E+002  0.17596124E+002  0.20245381E+002  0.23182587E+002  0.26421394E+002  0.29975368E+002  0.33857965E+002  0.38082548E+002  0.42662417E+002
  0.16624174E+001  0.16713617E+001  0.17130139E+001  0.18018448E+001  0.19486341E+001  0.21624174E+001  0.23762007E+001  0.25229900E+001  0.26118210E+001  0.26534731E+001  0.26624174E+001  0.26669736E+001  0.26954304E+001  0.27675658E+001  0.29016226E+001  0.31149567E+001  0.34243008E+001  0.38459087E+001  0.43956478E+001  0.50890630E+001  0.59414220E+001  0.69677519E+001  0.81828638E+001  0.96013791E+001  0.11237746E+002  0.13106250E+002  0.15221040E+002  0.17596124E+002  0.20245381E+002  0.23182587E+002  0.26421394E+002  0.29975368E+002  0.33857965E+002  0.38082548E+002  0.42662417E+002
  0.16624174E+001  0.16713617E+001  0.17130139E+001  0.18018448E+001  0.19486341E+001  0.21624174E+001  0.23762007E+001  0.25229900E+001  0.26118210E+001  0.26534731E+001  0.26624174E+001  0.26669736E+001  0.26954304E+001  0.27675658E+001  0.29016226E+001  0.31149567E+001  0.34243008E+001  0.38459087E+001  0.43956478E+001  0.50890630E+001  0.59414220E+001  0.69677519E+001  0.81828638E+001  0.96013791E+001  0.11237746E+002  0.13106250E+002  0.15221040E+002  0.17596124E+002  0.20245381E+002  0.23182587E+002  0.26421394E+002  0.29975368E+002  0.33857965E+002  0.38082548E+002  0.42662417E+002
  0.16624174E+001  0.16713617E+001  0.17130139E+001  0.18018448E+001  0.19486341E+001  0.21624174E+001  0.23762007E+001  0.25229900E+001  0.26118210E+001  0.26534731E+001  0.26624174E+001  0.26669736E+001  0.26954304E+001  0.27675658E+001  0.29016226E+001  0.31149567E+001  0.34243008E+001  0.38459087E+001  0.43956478E+001  0.50890630E+001  0.59414220E+001  0.69677519E+001  0.81828638E+001  0.96013791E+001  0.11237746E+002  0.13106250E+002  0.15221040E+002  0.17596124E+002  0.20245381E+002  0.23182587E+002  0.26421394E+002  0.29975368E+002  0.33857965E+002  0.38082548E+002  0.42662417E+002
  0.16624174E+001  0.16713617E+001  0.17130139E+001  0.18018448E+001  0.19486341E+001  0.21624174E+001  0.23762007E+001  0.25229900E+001  0.26118210E+001  0.26534731E+001  0.26624174E+001  0.26669736E+001  0.26954304E+001  0.27675658E+001  0.29016226E+001  0.31149567E+001  0.34243008E+001  0.38459087E+001  0.43956478E+001  0.50890630E+001  0.59414220E+001  0.69677519E+001  0.81828638E+001  0.96013791E+001  0.11237746E+002  0.13106250E+002  0.15221040E+002  0.17596124E+002  0.20245381E+002  0.23182587E+002  0.26421394E+002  0.29975368E+002  0.33857965E+002  0.38082548E+002  0.42662417E+002
  0.16624174E+001  0.16713617E+001  0.17130139E+001  0.18018448E+001  0.19486341E+001  0.21624174E+001  0.23762007E+001  0.25229900E+001  0.26118210E+001  0.26534731E+001  0.26624174E+001  0.26669736E+001  0.26954304E+001  0.27675658E+001  0.29016226E+001  0.31149567E+001  0.34243008E+001  0.38459087E+001  0.43956478E+001  0.50890630E+001  0.59414220E+001  0.69677519E+001  0.81828638E+001  0.96013791E+001  0.11237746E+002  0.13106250E+002  0.15221040E+002  0.17596124E+002  0.20245381E+002  0.23182587E+002  0.26421394E+002  0.29975368E+002  0.33857965E+002  0.38082548E+002  0.42662417E+002
  0.16624174E+001  0.16713617E+001  0.17130139E+001  0.18018448E+001  0.19486341E+001  0.21624174E+001  0.23762007E+001  0.25229900E+001  0.26118210E+001  0.26534731E+001  0.26624174E+001  0.26669736E+001  0.26954304E+001  0.27675658E+001  0.29016226E+001  0.31149567E+001  0.34243008E+001  0.38459087E+001  0.43956478E+001  0.50890630E+001  0.59414220E+001  0.69677519E+001  0.81828638E+001  0.96013791E+001  0.11237746E+002  0.13106250E+002  0.15221040E+002  0.17596124E+002  0.20245381E+002  0.23182587E+002  0.26421394E+002  0.29975368E+002  0.33857965E+002  0.38082548E+002  0.42662417E+002
  0.16624174E+001  0.16713617E+001  0.17130139E+001  0.18018448E+001  0.19486341E+001  0.21624174E+001  0.23762007E+001  0.25229900E+001  0.26118210E+001  0.26534731E+001  0.26624174E+001  0.26669736E+001  0.26954304E+001  0.27675658E+001  0.29016226E+001  0.31149567E+001  0.34243008E+001  0.38459087E+001  0.43956478E+001  0.50890630E+001  0.59414220E+001  0.69677519E+001  0.81828638E+001  0.96013791E+001  0.11237746E+002  0.13106250E+002  0.15221040E+002  0.17596124E+002  0.20245381E+002  0.23182587E+002  0.26421394E+002  0.29975368E+002  0.33857965E+002  0.38082548E+002  0.42662417E+002
  0.16624174E+001  0.16713617E+001  0.17130139E+001  0.18018448E+001  0.19486341E+001  0.21624174E+001  0.23762007E+001  0.25229900E+001  0.26118210E+001  0.26534731E+001  0.26624174E+001  0.26669736E+001  0.26954304E+001  0.27675658E+001  0.29016226E+001  0.31149567E+001  0.34243008E+001  0.38459087E+001  0.43956478E+001  0.50890630E+001  0.59414220E+001  0.69677519E+001  0.81828638E+001  0.96013791E+001  0.11237746E+002  0.13106250E+002  0.15221040E+002  0.17596124E+002  0.20245381E+002  0.23182587E+002  0.26421394E+002  0.29975368E+002  0.33857965E+002  0.38082548E+002  0.42662417E+002
  0.16624174E+001  0.16713617E+001  0.17130138E+001  0.18018448E+001  0.19486341E+001  0.21624174E+001  0.23762007E+001  0.25229900E+001  0.26118210E+001  0.26534731E+001  0.26624174E+001  0.26669736E+001  0.26954304E+001  0.27675658E+001  0.29016226E+001  0.31149567E+001  0.34243007E+001  0.38459087E+001  0.43956478E+001  0.50890630E+001  0.59414220E+001  0.69677519E+001  0.81828638E+001  0.96013791E+001  0.11237746E+002  0.13106250E+002  0.15221040E+002  0.17596124E+002  0.20245381E+002  0.23182587E+002  0.26421394E+002  0.29975368E+002  0.33857965E+002  0.38082548E+002  0.42662417E+002
  0.16624172E+001  0.16713615E+001  0.17130136E+001  0.18018446E+001  0.19486339E+001  0.21624172E+001  0.23762005E+001  0.25229898E+001  0.26118207E+001  0.26534729E+001  0.26624172E+001  0.26669733E+001  0.26954302E+001  0.27675656E+001  0.29016224E+001  0.31149565E+001  0.34243005E+001  0.38459085E+001  0.43956476E+001  0.50890628E+001  0.59414217E+001  0.69677517E+001  0.81828636E+001  0.96013788E+001  0.11237746E+002  0.13106250E+002  0.15221040E+002  0.17596123E+002  0.20245380E+002  0.23182587E+002  0.26421394E+002  0.29975368E+002  0.33857965E+002  0.38082548E+002  0.42662417E+002
  0.16624099E+001  0.16713541E+001  0.17130063E+001  0.18018373E+001  0.19486266E+001  0.21624099E+001  0.23761931E+001  0.25229824E+001  0.26118134E+001  0.26534656E+001  0.26624099E+001  0.26669660E+001  0.26954229E+001  0.27675583E+001  0.29016150E+001  0.31149492E+001  0.34242932E+001  0.38459011E+001  0.43956403E+001  0.50890554E+001  0.59414144E+001  0.69677444E+001  0.81828563E+001  0.96013715E+001  0.11237739E+002  0.13106243E+002  0.15221033E+002  0.17596116E+002  0.20245373E+002  0.23182580E+002  0.26421387E+002  0.29975361E+002  0.33857958E+002  0.38082540E+002  0.42662410E+002
  0.16622202E+001  0.16711645E+001  0.17128167E+001  0.18016476E+001  0.19484369E+001  0.21622202E+001  0.23760035E+001  0.25227928E+001  0.26116238E+001  0.26532759E+001  0.26622202E+001  0.26667764E+001  0.26952332E+001  0.27673687E+001  0.29014254E+001  0.31147595E+001  0.34241036E+001  0.38457115E+001  0.43954507E+001  0.50888658E+001  0.59412248E+001  0.69675547E+001  0.81826666E+001  0.96011819E+001  0.11237549E+002  0.13106053E+002  0.15220843E+002  0.17595926E+002  0.20245183E+002  0.23182390E+002  0.26421197E+002  0.29975171E+002  0.33857768E+002  0.38082351E+002  0.42662220E+002
  0.16587083E+001  0.16676526E+001  0.17093048E+001  0.17981358E+001  0.19449251E+001  0.21587083E+001  0.23724916E+001  0.25192809E+001  0.26081119E+001  0.26497641E+001  0.26587083E+001  0.26632645E+001  0.26917213E+001  0.27638568E+001  0.28979135E+001  0.31112476E+001  0.34205917E+001  0.38421996E+001  0.43919388E+001  0.50853539E+001  0.59377129E+001  0.69640429E+001  0.81791548E+001  0.95976700E+001  0.11234037E+002  0.13102541E+002  0.15217331E+002  0.17592415E+002  0.20241672E+002  0.23178878E+002  0.26417685E+002  0.29971659E+002  0.33854256E+002  0.38078839E+002  0.42658708E+002
  0.16165117E+001  0.16254560E+001  0.16671081E+001  0.17559391E+001  0.19027284E+001  0.21165117E+001  0.23302950E+001  0.24770843E+001  0.25659152E+001  0.26075674E+001  0.26165117E+001  0.26210678E+001  0.26495247E+001  0.27216601E+001  0.28557169E+001  0.30690510E+001  0.33783950E+001  0.38000030E+001  0.43497421E+001  0.50431573E+001  0.58955162E+001  0.69218462E+001  0.81369581E+001  0.95554733E+001  0.11191840E+002  0.13060344E+002  0.15175135E+002  0.17550218E+002  0.20199475E+002  0.23136681E+002  0.26375488E+002  0.29929462E+002  0.33812059E+002  0.38036642E+002  0.42616511E+002
  0.13501800E+001  0.13501799E+001  0.13501797E+001  0.13501792E+001  0.13501783E+001  0.13501770E+001  0.13501757E+001  0.13501748E+001  0.13501742E+001  0.13501740E+001  0.13501739E+001  0.13501740E+001  0.13501738E+001  0.13501733E+001  0.13501725E+001  0.13501712E+001  0.13501693E+001  0.13501668E+001  0.13501634E+001  0.13501695E+001  0.13501770E+001  0.13501860E+001  0.13501967E+001  0.13502091E+001  0.13502235E+001  0.13502399E+001  0.13502585E+001  0.13502793E+001  0.13503026E+001  0.13503285E+001  0.13503570E+001  0.13503883E+001  0.13504225E+001  0.13504599E+001  0.13505004E+001
  0.12747264E+000  0.12747276E+000  0.12747335E+000  0.12747467E+000  0.12747704E+000  0.12748649E+000  0.12749325E+000  0.12749789E+000  0.12750069E+000  0.12750201E+000  0.12750229E+000  0.12750244E+000  0.12750334E+000  0.12750562E+000  0.12750985E+000  0.12751659E+000  0.12752670E+000  0.12754252E+000  0.12756819E+000  0.12760863E+000  0.12767050E+000  0.12776263E+000  0.12789641E+000  0.12808628E+000  0.12835012E+000  0.12870983E+000  0.12919181E+000  0.12982752E+000  0.13065407E+000  0.13171484E+000  0.13306007E+000  0.13474755E+000  0.13684329E+000  0.13942221E+000  0.14256893E+000
  0.17292623E+001  0.17382066E+001  0.17798588E+001  0.18686897E+001  0.20154790E+001  0.20154791E+001  0.20154794E+001  0.20154796E+001  0.20154798E+001  0.20154799E+001  0.20154799E+001  0.20154799E+001  0.20154800E+001  0.20154802E+001  0.20154806E+001  0.20154814E+001  0.20795330E+001  0.23678912E+001  0.29176304E+001  0.36110455E+001  0.44634045E+001  0.54897345E+001  0.67048464E+001  0.81233616E+001  0.97597287E+001  0.11628233E+002  0.13743023E+002  0.16118106E+002  0.18767363E+002  0.21704570E+002  0.24943377E+002  0.28497351E+002  0.32379948E+002  0.36604530E+002  0.41184399E+002
  0.16013920E+001  0.16103363E+001  0.16519885E+001  0.17408195E+001  0.18876088E+001  0.21013920E+001  0.23151753E+001  0.24619646E+001  0.25507956E+001  0.25924478E+001  0.26013920E+001  0.26059482E+001  0.26344050E+001  0.27065405E+001  0.28405972E+001  0.30539313E+001  0.33632754E+001  0.37848833E+001  0.43346225E+001  0.50280376E+001  0.58803966E+001  0.69067266E+001  0.81218385E+001  0.95403537E+001  0.14492945E+001  0.13381465E+001  0.34529367E+001  0.18741449E+001  0.16024943E+001  0.12381369E+001  0.75596568E+000  0.13079284E+000 -0.67014183E+000  0.35544407E+001  0.81343102E+001
