  0.61108120E+000  0.62002548E+000  0.66167765E+000  0.75050862E+000  0.89729792E+000  0.11110812E+001  0.13248645E+001  0.14716538E+001  0.15604848E+001  0.16021369E+001  0.16110812E+001  0.16156374E+001  0.16440942E+001  0.17162296E+001  0.18502864E+001  0.20636205E+001  0.23729645E+001  0.27945725E+001  0.33443116E+001  0.40377268E+001  0.48900857E+001  0.59164157E+001  0.71315276E+001  0.85500428E+001  0.10186410E+002  0.12054914E+002  0.14169704E+002  0.16544787E+002  0.19194044E+002  0.22131251E+002  0.25370058E+002  0.28924032E+002  0.32806629E+002  0.37031212E+002  0.41611081E+002
  0.61108120E+000  0.62002548E+000  0.66167765E+000  0.75050862E+000  0.89729792E+000  0.11110812E+001  0.13248645E+001  0.14716538E+001  0.15604848E+001  0.16021369E+001  0.16110812E+001  0.16156374E+001  0.16440942E+001  0.17162296E+001  0.18502864E+001  0.20636205E+001  0.23729645E+001  0.27945725E+001  0.33443116E+001  0.40377268E+001  0.48900857E+001  0.59164157E+001  0.71315276E+001  0.85500428E+001  0.10186410E+002  0.12054914E+002  0.14169704E+002  0.16544787E+002  0.19194044E+002  0.22131251E+002  0.25370058E+002  0.28924032E+002  0.32806629E+002  0.37031212E+002  0.41611081E+002
  0.61108120E+000  0.62002548E+000  0.66167765E+000  0.75050862E+000  0.89729792E+000  0.11110812E+001  0.13248645E+001  0.14716538E+001  0.15604848E+001  0.16021369E+001  0.16110812E+001  0.16156374E+001  0.16440942E+001  0.17162296E+001  0.18502864E+001  0.20636205E+001  0.23729645E+001  0.27945725E+001  0.33443116E+001  0.40377268E+001  0.48900857E+001  0.59164157E+001  0.71315276E+001  0.85500428E+001  0.10186410E+002  0.12054914E+002  0.14169704E+002  0.16544787E+002  0.19194044E+002  0.22131251E+002  0.25370058E+002  0.28924032E+002  0.32806629E+002  0.37031212E+002  0.41611081E+002
  0.61108120E+000  0.62002548E+000  0.66167765E+000  0.75050862E+000  0.89729792E+000  0.11110812E+001  0.13248645E+001  0.14716538E+001  0.15604848E+001  0.16021369E+001  0.16110812E+001  0.16156374E+001  0.16440942E+001  0.17162296E+001  0.18502864E+001  0.20636205E+001  0.23729645E+001  0.27945725E+001  0.33443116E+001  0.40377268E+001  0.48900857E+001  0.59164157E+001  0.71315276E+001  0.85500428E+001  0.10186410E+002  0.12054914E+002  0.14169704E+002  0.16544787E+002  0.19194044E+002  0.22131251E+002  0.25370058E+002  0.28924032E+002  0.32806629E+002  0.37031212E+002  0.41611081E+002
  0.61108120E+000  0.62002548E+000  0.66167765E+000  0.75050862E+000  0.89729792E+000  0.11110812E+001  0.13248645E+001  0.14716538E+001  0.15604848E+001  0.16021369E+001  0.16110812E+001  0.16156374E+001  0.16440942E+001  0.17162296E+001  0.18502864E+001  0.20636205E+001  0.23729645E+001  0.27945725E+001  0.33443116E+001  0.40377268E+001  0.48900857E+001  0.59164157E+001  0.71315276E+001  0.85500428E+001  0.10186410E+002  0.12054914E+002  0.14169704E+002  0.16544787E+002  0.19194044E+002  0.22131251E+002  0.25370058E+002  0.28924032E+002  0.32806629E+002  0.37031212E+002  0.41611081E+002
  0.61108120E+000  0.62002548E+000  0.66167765E+000  0.75050862E+000  0.89729792E+000  0.11110812E+001  0.13248645E+001  0.14716538E+001  0.15604848E+001  0.16021369E+001  0.16110812E+001  0.16156374E+001  0.16440942E+001  0.17162296E+001  0.18502864E+001  0.20636205E+001  0.23729645E+001  0.27945725E+001  0.33443116E+001  0.40377268E+001  0.48900857E+001  0.59164157E+001  0.71315276E+001  0.85500428E+001  0.10186410E+002  0.12054914E+002  0.14169704E+002  0.16544787E+002  0.19194044E+002  0.22131251E+002  0.25370058E+002  0.28924032E+002  0.32806629E+002  0.37031212E+002  0.41611081E+002
  0.61108120E+000  0.62002548E+000  0.66167765E+000  0.75050862E+000  0.89729792E+000  0.11110812E+001  0.13248645E+001  0.14716538E+001  0.15604848E+001  0.16021369E+001  0.16110812E+001  0.16156374E+001  0.16440942E+001  0.17162296E+001  0.18502864E+001  0.20636205E+001  0.23729645E+001  0.27945725E+001  0.33443116E+001  0.40377268E+001  0.48900857E+001  0.59164157E+001  0.71315276E+001  0.85500428E+001  0.10186410E+002  0.12054914E+002  0.14169704E+002  0.16544787E+002  0.19194044E+002  0.22131251E+002  0.25370058E+002  0.28924032E+002  0.32806629E+002  0.37031212E+002  0.41611081E+002
  0.61108120E+000  0.62002548E+000  0.66167765E+000  0.75050862E+000  0.89729792E+000  0.11110812E+001  0.13248645E+001  0.14716538E+001  0.15604848E+001  0.16021369E+001  0.16110812E+001  0.16156374E+001  0.16440942E+001  0.17162296E+001  0.18502864E+001  0.20636205E+001  0.23729645E+001  0.27945725E+001  0.33443116E+001  0.40377268E+001  0.48900857E+001  0.59164157E+001  0.71315276E+001  0.85500428E+001  0.10186410E+002  0.12054914E+002  0.14169704E+002  0.16544787E+002  0.19194044E+002  0.22131251E+002  0.25370058E+002  0.28924032E+002  0.32806629E+002  0.37031212E+002  0.41611081E+002
  0.61108120E+000  0.62002548E+000  0.66167765E+000  0.75050862E+000  0.89729792E+000  0.11110812E+001  0.13248645E+001  0.14716538E+001  0.15604848E+001  0.16021369E+001  0.16110812E+001  0.16156374E+001  0.16440942E+001  0.17162296E+001  0.18502864E+001  0.20636205E+001  0.23729645E+001  0.27945725E+001  0.33443116E+001  0.40377268E+001  0.48900857E+001  0.59164157E+001  0.71315276E+001  0.85500428E+001  0.10186410E+002  0.12054914E+002  0.14169704E+002  0.16544787E+002  0.19194044E+002  0.22131251E+002  0.25370058E+002  0.28924032E+002  0.32806629E+002  0.37031212E+002  0.41611081E+002
  0.61108120E+000  0.62002548E+000  0.66167765E+000  0.75050862E+000  0.89729792E+000  0.11110812E+001  0.13248645E+001  0.14716538E+001  0.15604848E+001  0.16021369E+001  0.16110812E+001  0.16156374E+001  0.16440942E+001  0.17162296E+001  0.18502864E+001  0.20636205E+001  0.23729645E+001  0.27945725E+001  0.33443116E+001  0.40377268E+001  0.48900857E+001  0.59164157E+001  0.71315276E+001  0.85500428E+001  0.10186410E+002  0.12054914E+002  0.14169704E+002  0.16544787E+002  0.19194044E+002  0.22131251E+002  0.25370058E+002  0.28924032E+002  0.32806629E+002  0.37031212E+002  0.41611081E+002
  0.61108120E+000  0.62002548E+000  0.66167765E+000  0.75050862E+000  0.89729792E+000  0.11110812E+001  0.13248645E+001  0.14716538E+001  0.15604848E+001  0.16021369E+001  0.16110812E+001  0.16156374E+001  0.16440942E+001  0.17162296E+001  0.18502864E+001  0.20636205E+001  0.23729645E+001  0.27945725E+001  0.33443116E+001  0.40377268E+001  0.48900857E+001  0.59164157E+001  0.71315276E+001  0.85500428E+001  0.10186410E+002  0.12054914E+002  0.14169704E+002  0.16544787E+002  0.19194044E+002  0.22131251E+002  0.25370058E+002  0.28924032E+002  0.32806629E+002  0.37031212E+002  0.41611081E+002
  0.61108120E+000  0.62002548E+000  0.66167765E+000  0.75050862E+000  0.89729792E+000  0.11110812E+001  0.13248645E+001  0.14716538E+001  0.15604848E+001  0.16021369E+001  0.16110812E+001  0.16156374E+001  0.16440942E+001  0.17162296E+001  0.18502864E+001  0.20636205E+001  0.23729645E+001  0.27945725E+001  0.33443116E+001  0.40377268E+001  0.48900857E+001  0.59164157E+001  0.71315276E+001  0.85500428E+001  0.10186410E+002  0.12054914E+002  0.14169704E+002  0.16544787E+002  0.19194044E+002  0.22131251E+002  0.25370058E+002  0.28924032E+002  0.32806629E+002  0.37031212E+002  0.41611081E+002
  0.61108120E+000  0.62002548E+000  0.66167765E+000  0.75050862E+000  0.89729792E+000  0.11110812E+001  0.13248645E+001  0.14716538E+001  0.15604848E+001  0.16021369E+001  0.16110812E+001  0.16156374E+001  0.16440942E+001  0.17162296E+001  0.18502864E+001  0.20636205E+001  0.23729645E+001  0.27945725E+001  0.33443116E+001  0.40377268E+001  0.48900857E+001  0.59164157E+001  0.71315276E+001  0.85500428E+001  0.10186410E+002  0.12054914E+002  0.14169704E+002  0.16544787E+002  0.19194044E+002  0.22131251E+002  0.25370058E+002  0.28924032E+002  0.32806629E+002  0.37031212E+002  0.41611081E+002
  0.61108120E+000  0.62002548E+000  0.66167765E+000  0.75050862E+000  0.89729792E+000  0.11110812E+001  0.13248645E+001  0.14716538E+001  0.15604848E+001  0.16021369E+001  0.16110812E+001  0.16156374E+001  0.16440942E+001  0.17162296E+001  0.18502864E+001  0.20636205E+001  0.23729645E+001  0.27945725E+001  0.33443116E+001  0.40377268E+001  0.48900857E+001  0.59164157E+001  0.71315276E+001  0.85500428E+001  0.10186410E+002  0.12054914E+002  0.14169704E+002  0.16544787E+002  0.19194044E+002  0.22131251E+002  0.25370058E+002  0.28924032E+002  0.32806629E+002  0.37031212E+002  0.41611081E+002
  0.61108120E+000  0.62002548E+000  0.66167765E+000  0.75050862E+000  0.89729792E+000  0.11110812E+001  0.13248645E+001  0.14716538E+001  0.15604848E+001  0.16021369E+001  0.16110812E+001  0.16156374E+001  0.16440942E+001  0.17162296E+001  0.18502864E+001  0.20636205E+001  0.23729645E+001  0.27945725E+001  0.33443116E+001  0.40377268E+001  0.48900857E+001  0.59164157E+001  0.71315276E+001  0.85500428E+001  0.10186410E+002  0.12054914E+002  0.14169704E+002  0.16544787E+002  0.19194044E+002  0.22131251E+002  0.25370058E+002  0.28924032E+002  0.32806629E+002  0.37031212E+002  0.41611081E+002
  0.61108120E+000  0.62002548E+000  0.66167765E+000  0.75050862E+000  0.89729792E+000  0.11110812E+001  0.13248645E+001  0.14716538E+001  0.15604848E+001  0.16021369E+001  0.16110812E+001  0.16156374E+001  0.16440942E+001  0.17162296E+001  0.18502864E+001  0.20636205E+001  0.23729645E+001  0.27945725E+001  0.33443116E+001  0.40377268E+001  0.48900857E+001  0.59164157E+001  0.71315276E+001  0.85500428E+001  0.10186410E+002  0.12054914E+002  0.14169704E+002  0.16544787E+002  0.19194044E+002  0.22131251E+002  0.25370058E+002  0.28924032E+002  0.32806629E+002  0.37031212E+002  0.41611081E+002
  0.61108120E+000  0.62002548E+000  0.66167765E+000  0.75050862E+000  0.89729792E+000  0.11110812E+001  0.13248645E+001  0.14716538E+001  0.15604848E+001  0.16021369E+001  0.16110812E+001  0.16156374E+001  0.16440942E+001  0.17162296E+001  0.18502864E+001  0.20636205E+001  0.23729645E+001  0.27945725E+001  0.33443116E+001  0.40377268E+001  0.48900857E+001  0.59164157E+001  0.71315276E+001  0.85500428E+001  0.10186410E+002  0.12054914E+002  0.14169704E+002  0.16544787E+002  0.19194044E+002  0.22131251E+002  0.25370058E+002  0.28924032E+002  0.32806629E+002  0.37031212E+002  0.41611081E+002
  0.61108120E+000  0.62002548E+000  0.66167765E+000  0.75050862E+000  0.89729792E+000  0.11110812E+001  0.13248645E+001  0.14716538E+001  0.15604848E+001  0.16021369E+001  0.16110812E+001  0.16156374E+001  0.16440942E+001  0.17162296E+001  0.18502864E+001  0.20636205E+001  0.23729645E+001  0.27945725E+001  0.33443116E+001  0.40377268E+001  0.48900857E+001  0.59164157E+001  0.71315276E+001  0.85500428E+001  0.10186410E+002  0.12054914E+002  0.14169704E+002  0.16544787E+002  0.19194044E+002  0.22131251E+002  0.25370058E+002  0.28924032E+002  0.32806629E+002  0.37031212E+002  0.41611081E+002
  0.61108127E+000  0.62002554E+000  0.66167772E+000  0.75050869E+000  0.89729798E+000  0.11110813E+001  0.13248646E+001  0.14716538E+001  0.15604848E+001  0.16021370E+001  0.16110813E+001  0.16156374E+001  0.16440943E+001  0.17162297E+001  0.18502865E+001  0.20636206E+001  0.23729646E+001  0.27945725E+001  0.33443117E+001  0.40377268E+001  0.48900858E+001  0.59164158E+001  0.71315277E+001  0.85500429E+001  0.10186410E+002  0.12054914E+002  0.14169704E+002  0.16544787E+002  0.19194044E+002  0.22131251E+002  0.25370058E+002  0.28924032E+002  0.32806629E+002  0.37031212E+002  0.41611081E+002
  0.61108448E+000  0.62002875E+000  0.66168092E+000  0.75051189E+000  0.89730119E+000  0.11110845E+001  0.13248678E+001  0.14716571E+001  0.15604880E+001  0.16021402E+001  0.16110845E+001  0.16156406E+001  0.16440975E+001  0.17162329E+001  0.18502897E+001  0.20636238E+001  0.23729678E+001  0.27945757E+001  0.33443149E+001  0.40377300E+001  0.48900890E+001  0.59164190E+001  0.71315309E+001  0.85500461E+001  0.10186413E+002  0.12054917E+002  0.14169707E+002  0.16544791E+002  0.19194048E+002  0.22131254E+002  0.25370061E+002  0.28924035E+002  0.32806632E+002  0.37031215E+002  0.41611084E+002
  0.61115363E+000  0.62009790E+000  0.66175007E+000  0.75058104E+000  0.89737034E+000  0.11111536E+001  0.13249369E+001  0.14717262E+001  0.15605572E+001  0.16022093E+001  0.16111536E+001  0.16157098E+001  0.16441666E+001  0.17163021E+001  0.18503588E+001  0.20636929E+001  0.23730370E+001  0.27946449E+001  0.33443841E+001  0.40377992E+001  0.48901582E+001  0.59164881E+001  0.71316000E+001  0.85501153E+001  0.10186482E+002  0.12054986E+002  0.14169777E+002  0.16544860E+002  0.19194117E+002  0.22131323E+002  0.25370131E+002  0.28924105E+002  0.32806701E+002  0.37031284E+002  0.41611153E+002
  0.61105494E+000  0.61999921E+000  0.66165139E+000  0.75048236E+000  0.89727165E+000  0.11110549E+001  0.13248382E+001  0.14716275E+001  0.15604585E+001  0.16021107E+001  0.16110549E+001  0.16156111E+001  0.16440679E+001  0.17162034E+001  0.18502601E+001  0.20635942E+001  0.23729383E+001  0.27945462E+001  0.33442854E+001  0.40377005E+001  0.48900595E+001  0.59163894E+001  0.71315013E+001  0.85500166E+001  0.10186384E+002  0.12054888E+002  0.14169678E+002  0.16544761E+002  0.19194018E+002  0.22131225E+002  0.25370032E+002  0.28924006E+002  0.32806603E+002  0.37031185E+002  0.41611055E+002
  0.61097950E+000  0.61992378E+000  0.66157595E+000  0.75040692E+000  0.89719622E+000  0.11109795E+001  0.13247628E+001  0.14715521E+001  0.15603831E+001  0.16020352E+001  0.16109795E+001  0.16155357E+001  0.16439925E+001  0.17161279E+001  0.18501847E+001  0.20635188E+001  0.23728628E+001  0.27944708E+001  0.33442099E+001  0.40376251E+001  0.48899840E+001  0.59163140E+001  0.71314259E+001  0.85499411E+001  0.10186308E+002  0.12054812E+002  0.14169603E+002  0.16544686E+002  0.19193943E+002  0.22131149E+002  0.25369956E+002  0.28923930E+002  0.32806527E+002  0.37031110E+002  0.41610979E+002
  0.61135266E+000  0.62029693E+000  0.66194911E+000  0.75078008E+000  0.89756937E+000  0.11113527E+001  0.13251359E+001  0.14719252E+001  0.15607562E+001  0.16024084E+001  0.16113527E+001  0.16159088E+001  0.16443657E+001  0.17165011E+001  0.18505578E+001  0.20638920E+001  0.23732360E+001  0.27948439E+001  0.33445831E+001  0.40379982E+001  0.48903572E+001  0.59166872E+001  0.71317991E+001  0.85503143E+001  0.10186681E+002  0.12055185E+002  0.14169976E+002  0.16545059E+002  0.19194316E+002  0.22131522E+002  0.25370330E+002  0.28924304E+002  0.32806901E+002  0.37031483E+002  0.41611353E+002
  0.61066476E+000  0.61960903E+000  0.66126121E+000  0.75009218E+000  0.89688147E+000  0.11106648E+001  0.13244480E+001  0.14712373E+001  0.15600683E+001  0.16017205E+001  0.16106648E+001  0.16152209E+001  0.16436778E+001  0.17158132E+001  0.18498699E+001  0.20632041E+001  0.23725481E+001  0.27941560E+001  0.33438952E+001  0.40373103E+001  0.48896693E+001  0.59159993E+001  0.71311112E+001  0.85496264E+001  0.10185993E+002  0.12054498E+002  0.14169288E+002  0.16544371E+002  0.19193628E+002  0.22130834E+002  0.25369642E+002  0.28923616E+002  0.32806213E+002  0.37030795E+002  0.41610665E+002
