  0.39595352E+000  0.40489779E+000  0.44654997E+000  0.53538094E+000  0.68217024E+000  0.89595352E+000  0.11097368E+001  0.12565261E+001  0.13453571E+001  0.13870092E+001  0.13959535E+001  0.14005097E+001  0.14289665E+001  0.15011020E+001  0.16351587E+001  0.18484928E+001  0.21578369E+001  0.25794448E+001  0.31291840E+001  0.38225991E+001  0.46749581E+001  0.57012880E+001  0.69164000E+001  0.83349152E+001  0.99712822E+001  0.11839786E+002  0.13954577E+002  0.16329660E+002  0.18978917E+002  0.21916123E+002  0.25154931E+002  0.28708905E+002  0.32591502E+002  0.36816084E+002  0.41395954E+002
  0.39595352E+000  0.40489779E+000  0.44654997E+000  0.53538094E+000  0.68217024E+000  0.89595352E+000  0.11097368E+001  0.12565261E+001  0.13453571E+001  0.13870092E+001  0.13959535E+001  0.14005097E+001  0.14289665E+001  0.15011020E+001  0.16351587E+001  0.18484928E+001  0.21578369E+001  0.25794448E+001  0.31291840E+001  0.38225991E+001  0.46749581E+001  0.57012880E+001  0.69164000E+001  0.83349152E+001  0.99712822E+001  0.11839786E+002  0.13954577E+002  0.16329660E+002  0.18978917E+002  0.21916123E+002  0.25154931E+002  0.28708905E+002  0.32591502E+002  0.36816084E+002  0.41395954E+002
  0.39595352E+000  0.40489779E+000  0.44654997E+000  0.53538094E+000  0.68217024E+000  0.89595352E+000  0.11097368E+001  0.12565261E+001  0.13453571E+001  0.13870092E+001  0.13959535E+001  0.14005097E+001  0.14289665E+001  0.15011020E+001  0.16351587E+001  0.18484928E+001  0.21578369E+001  0.25794448E+001  0.31291840E+001  0.38225991E+001  0.46749581E+001  0.57012880E+001  0.69164000E+001  0.83349152E+001  0.99712822E+001  0.11839786E+002  0.13954577E+002  0.16329660E+002  0.18978917E+002  0.21916123E+002  0.25154931E+002  0.28708905E+002  0.32591502E+002  0.36816084E+002  0.41395954E+002
  0.39595352E+000  0.40489779E+000  0.44654997E+000  0.53538094E+000  0.68217024E+000  0.89595352E+000  0.11097368E+001  0.12565261E+001  0.13453571E+001  0.13870092E+001  0.13959535E+001  0.14005097E+001  0.14289665E+001  0.15011020E+001  0.16351587E+001  0.18484928E+001  0.21578369E+001  0.25794448E+001  0.31291840E+001  0.38225991E+001  0.46749581E+001  0.57012880E+001  0.69164000E+001  0.83349152E+001  0.99712822E+001  0.11839786E+002  0.13954577E+002  0.16329660E+002  0.18978917E+002  0.21916123E+002  0.25154931E+002  0.28708905E+002  0.32591502E+002  0.36816084E+002  0.41395954E+002
  0.39595352E+000  0.40489779E+000  0.44654997E+000  0.53538094E+000  0.68217024E+000  0.89595352E+000  0.11097368E+001  0.12565261E+001  0.13453571E+001  0.13870092E+001  0.13959535E+001  0.14005097E+001  0.14289665E+001  0.15011020E+001  0.16351587E+001  0.18484928E+001  0.21578369E+001  0.25794448E+001  0.31291840E+001  0.38225991E+001  0.46749581E+001  0.57012880E+001  0.69164000E+001  0.83349152E+001  0.99712822E+001  0.11839786E+002  0.13954577E+002  0.16329660E+002  0.18978917E+002  0.21916123E+002  0.25154931E+002  0.28708905E+002  0.32591502E+002  0.36816084E+002  0.41395954E+002
  0.39595352E+000  0.40489779E+000  0.44654997E+000  0.53538094E+000  0.68217024E+000  0.89595352E+000  0.11097368E+001  0.12565261E+001  0.13453571E+001  0.13870092E+001  0.13959535E+001  0.14005097E+001  0.14289665E+001  0.15011020E+001  0.16351587E+001  0.18484928E+001  0.21578369E+001  0.25794448E+001  0.31291840E+001  0.38225991E+001  0.46749581E+001  0.57012880E+001  0.69164000E+001  0.83349152E+001  0.99712822E+001  0.11839786E+002  0.13954577E+002  0.16329660E+002  0.18978917E+002  0.21916123E+002  0.25154931E+002  0.28708905E+002  0.32591502E+002  0.36816084E+002  0.41395954E+002
  0.39595352E+000  0.40489779E+000  0.44654997E+000  0.53538094E+000  0.68217024E+000  0.89595352E+000  0.11097368E+001  0.12565261E+001  0.13453571E+001  0.13870092E+001  0.13959535E+001  0.14005097E+001  0.14289665E+001  0.15011020E+001  0.16351587E+001  0.18484928E+001  0.21578369E+001  0.25794448E+001  0.31291840E+001  0.38225991E+001  0.46749581E+001  0.57012880E+001  0.69164000E+001  0.83349152E+001  0.99712822E+001  0.11839786E+002  0.13954577E+002  0.16329660E+002  0.18978917E+002  0.21916123E+002  0.25154931E+002  0.28708905E+002  0.32591502E+002  0.36816084E+002  0.41395954E+002
  0.39595352E+000  0.40489779E+000  0.44654997E+000  0.53538094E+000  0.68217024E+000  0.89595352E+000  0.11097368E+001  0.12565261E+001  0.13453571E+001  0.13870092E+001  0.13959535E+001  0.14005097E+001  0.14289665E+001  0.15011020E+001  0.16351587E+001  0.18484928E+001  0.21578369E+001  0.25794448E+001  0.31291840E+001  0.38225991E+001  0.46749581E+001  0.57012880E+001  0.69164000E+001  0.83349152E+001  0.99712822E+001  0.11839786E+002  0.13954577E+002  0.16329660E+002  0.18978917E+002  0.21916123E+002  0.25154931E+002  0.28708905E+002  0.32591502E+002  0.36816084E+002  0.41395954E+002
  0.39595352E+000  0.40489779E+000  0.44654997E+000  0.53538094E+000  0.68217024E+000  0.89595352E+000  0.11097368E+001  0.12565261E+001  0.13453571E+001  0.13870092E+001  0.13959535E+001  0.14005097E+001  0.14289665E+001  0.15011020E+001  0.16351587E+001  0.18484928E+001  0.21578369E+001  0.25794448E+001  0.31291840E+001  0.38225991E+001  0.46749581E+001  0.57012880E+001  0.69164000E+001  0.83349152E+001  0.99712822E+001  0.11839786E+002  0.13954577E+002  0.16329660E+002  0.18978917E+002  0.21916123E+002  0.25154931E+002  0.28708905E+002  0.32591502E+002  0.36816084E+002  0.41395954E+002
  0.39595352E+000  0.40489779E+000  0.44654997E+000  0.53538094E+000  0.68217024E+000  0.89595352E+000  0.11097368E+001  0.12565261E+001  0.13453571E+001  0.13870092E+001  0.13959535E+001  0.14005097E+001  0.14289665E+001  0.15011020E+001  0.16351587E+001  0.18484928E+001  0.21578369E+001  0.25794448E+001  0.31291840E+001  0.38225991E+001  0.46749581E+001  0.57012880E+001  0.69164000E+001  0.83349152E+001  0.99712822E+001  0.11839786E+002  0.13954577E+002  0.16329660E+002  0.18978917E+002  0.21916123E+002  0.25154931E+002  0.28708905E+002  0.32591502E+002  0.36816084E+002  0.41395954E+002
  0.39595352E+000  0.40489779E+000  0.44654997E+000  0.53538094E+000  0.68217024E+000  0.89595352E+000  0.11097368E+001  0.12565261E+001  0.13453571E+001  0.13870092E+001  0.13959535E+001  0.14005097E+001  0.14289665E+001  0.15011020E+001  0.16351587E+001  0.18484928E+001  0.21578369E+001  0.25794448E+001  0.31291840E+001  0.38225991E+001  0.46749581E+001  0.57012880E+001  0.69164000E+001  0.83349152E+001  0.99712822E+001  0.11839786E+002  0.13954577E+002  0.16329660E+002  0.18978917E+002  0.21916123E+002  0.25154931E+002  0.28708905E+002  0.32591502E+002  0.36816084E+002  0.41395954E+002
  0.39595352E+000  0.40489779E+000  0.44654997E+000  0.53538094E+000  0.68217024E+000  0.89595352E+000  0.11097368E+001  0.12565261E+001  0.13453571E+001  0.13870092E+001  0.13959535E+001  0.14005097E+001  0.14289665E+001  0.15011020E+001  0.16351587E+001  0.18484928E+001  0.21578369E+001  0.25794448E+001  0.31291840E+001  0.38225991E+001  0.46749581E+001  0.57012880E+001  0.69164000E+001  0.83349152E+001  0.99712822E+001  0.11839786E+002  0.13954577E+002  0.16329660E+002  0.18978917E+002  0.21916123E+002  0.25154931E+002  0.28708905E+002  0.32591502E+002  0.36816084E+002  0.41395954E+002
  0.39595352E+000  0.40489779E+000  0.44654997E+000  0.53538094E+000  0.68217024E+000  0.89595352E+000  0.11097368E+001  0.12565261E+001  0.13453571E+001  0.13870092E+001  0.13959535E+001  0.14005097E+001  0.14289665E+001  0.15011020E+001  0.16351587E+001  0.18484928E+001  0.21578369E+001  0.25794448E+001  0.31291840E+001  0.38225991E+001  0.46749581E+001  0.57012880E+001  0.69164000E+001  0.83349152E+001  0.99712822E+001  0.11839786E+002  0.13954577E+002  0.16329660E+002  0.18978917E+002  0.21916123E+002  0.25154931E+002  0.28708905E+002  0.32591502E+002  0.36816084E+002  0.41395954E+002
  0.39595352E+000  0.40489779E+000  0.44654997E+000  0.53538094E+000  0.68217024E+000  0.89595352E+000  0.11097368E+001  0.12565261E+001  0.13453571E+001  0.13870092E+001  0.13959535E+001  0.14005097E+001  0.14289665E+001  0.15011020E+001  0.16351587E+001  0.18484928E+001  0.21578369E+001  0.25794448E+001  0.31291840E+001  0.38225991E+001  0.46749581E+001  0.57012880E+001  0.69164000E+001  0.83349152E+001  0.99712822E+001  0.11839786E+002  0.13954577E+002  0.16329660E+002  0.18978917E+002  0.21916123E+002  0.25154931E+002  0.28708905E+002  0.32591502E+002  0.36816084E+002  0.41395954E+002
  0.39595352E+000  0.40489779E+000  0.44654997E+000  0.53538094E+000  0.68217023E+000  0.89595352E+000  0.11097368E+001  0.12565261E+001  0.13453571E+001  0.13870092E+001  0.13959535E+001  0.14005097E+001  0.14289665E+001  0.15011020E+001  0.16351587E+001  0.18484928E+001  0.21578369E+001  0.25794448E+001  0.31291840E+001  0.38225991E+001  0.46749581E+001  0.57012880E+001  0.69164000E+001  0.83349152E+001  0.99712822E+001  0.11839786E+002  0.13954577E+002  0.16329660E+002  0.18978917E+002  0.21916123E+002  0.25154931E+002  0.28708905E+002  0.32591502E+002  0.36816084E+002  0.41395954E+002
  0.39595352E+000  0.40489779E+000  0.44654996E+000  0.53538093E+000  0.68217023E+000  0.89595351E+000  0.11097368E+001  0.12565261E+001  0.13453571E+001  0.13870092E+001  0.13959535E+001  0.14005097E+001  0.14289665E+001  0.15011020E+001  0.16351587E+001  0.18484928E+001  0.21578369E+001  0.25794448E+001  0.31291840E+001  0.38225991E+001  0.46749581E+001  0.57012880E+001  0.69164000E+001  0.83349152E+001  0.99712822E+001  0.11839786E+002  0.13954577E+002  0.16329660E+002  0.18978917E+002  0.21916123E+002  0.25154931E+002  0.28708905E+002  0.32591502E+002  0.36816084E+002  0.41395954E+002
  0.39595327E+000  0.40489755E+000  0.44654972E+000  0.53538069E+000  0.68216999E+000  0.89595327E+000  0.11097366E+001  0.12565259E+001  0.13453568E+001  0.13870090E+001  0.13959533E+001  0.14005094E+001  0.14289663E+001  0.15011017E+001  0.16351585E+001  0.18484926E+001  0.21578366E+001  0.25794445E+001  0.31291837E+001  0.38225989E+001  0.46749578E+001  0.57012878E+001  0.69163997E+001  0.83349149E+001  0.99712820E+001  0.11839786E+002  0.13954576E+002  0.16329660E+002  0.18978916E+002  0.21916123E+002  0.25154930E+002  0.28708904E+002  0.32591501E+002  0.36816084E+002  0.41395953E+002
  0.39594568E+000  0.40488995E+000  0.44654212E+000  0.53537309E+000  0.68216239E+000  0.89594568E+000  0.11097290E+001  0.12565183E+001  0.13453492E+001  0.13870014E+001  0.13959457E+001  0.14005018E+001  0.14289587E+001  0.15010941E+001  0.16351509E+001  0.18484850E+001  0.21578290E+001  0.25794370E+001  0.31291761E+001  0.38225913E+001  0.46749502E+001  0.57012802E+001  0.69163921E+001  0.83349073E+001  0.99712744E+001  0.11839779E+002  0.13954569E+002  0.16329652E+002  0.18978909E+002  0.21916115E+002  0.25154923E+002  0.28708897E+002  0.32591494E+002  0.36816076E+002  0.41395946E+002
  0.39577262E+000  0.40471689E+000  0.44636906E+000  0.53520003E+000  0.68198933E+000  0.89577262E+000  0.11095559E+001  0.12563452E+001  0.13451762E+001  0.13868283E+001  0.13957726E+001  0.14003288E+001  0.14287856E+001  0.15009211E+001  0.16349778E+001  0.18483119E+001  0.21576560E+001  0.25792639E+001  0.31290031E+001  0.38224182E+001  0.46747772E+001  0.57011071E+001  0.69162191E+001  0.83347343E+001  0.99711013E+001  0.11839605E+002  0.13954396E+002  0.16329479E+002  0.18978736E+002  0.21915942E+002  0.25154750E+002  0.28708724E+002  0.32591321E+002  0.36815903E+002  0.41395773E+002
  0.39312646E+000  0.40207073E+000  0.44372290E+000  0.53255387E+000  0.67934317E+000  0.89312646E+000  0.11069097E+001  0.12536990E+001  0.13425300E+001  0.13841822E+001  0.13931265E+001  0.13976826E+001  0.14261395E+001  0.14982749E+001  0.16323316E+001  0.18456658E+001  0.21550098E+001  0.25766177E+001  0.31263569E+001  0.38197720E+001  0.46721310E+001  0.56984610E+001  0.69135729E+001  0.83320881E+001  0.99684552E+001  0.11836959E+002  0.13951750E+002  0.16326833E+002  0.18976090E+002  0.21913296E+002  0.25152103E+002  0.28706078E+002  0.32588674E+002  0.36813257E+002  0.41393126E+002
  0.36952398E+000  0.37846825E+000  0.42012043E+000  0.50895140E+000  0.65574069E+000  0.86952398E+000  0.10833073E+001  0.12300966E+001  0.13189275E+001  0.13605797E+001  0.13695240E+001  0.13740801E+001  0.14025370E+001  0.14746724E+001  0.16087292E+001  0.18220633E+001  0.21314073E+001  0.25530153E+001  0.31027544E+001  0.37961696E+001  0.46485285E+001  0.56748585E+001  0.68899704E+001  0.83084857E+001  0.99448527E+001  0.11813357E+002  0.13928147E+002  0.16303230E+002  0.18952487E+002  0.21889694E+002  0.25128501E+002  0.28682475E+002  0.32565072E+002  0.36789655E+002  0.41369524E+002
  0.24650201E+000  0.25544629E+000  0.29709846E+000  0.38592943E+000  0.53271873E+000  0.74650201E+000  0.96028530E+000  0.11070746E+001  0.11959056E+001  0.12375577E+001  0.12465020E+001  0.12510582E+001  0.12795150E+001  0.13516505E+001  0.14857072E+001  0.16990413E+001  0.20083854E+001  0.24299933E+001  0.29797325E+001  0.36731476E+001  0.45255066E+001  0.55518365E+001  0.67669484E+001  0.81854637E+001  0.98218307E+001  0.11690335E+002  0.13805125E+002  0.16180208E+002  0.18829465E+002  0.21766672E+002  0.25005479E+002  0.28559453E+002  0.32442050E+002  0.36666633E+002  0.41246502E+002
  0.34373761E+000  0.35268189E+000  0.39433406E+000  0.48316503E+000  0.62995433E+000  0.84373761E+000  0.10575209E+001  0.12043102E+001  0.12931412E+001  0.13347933E+001  0.13437376E+001  0.13482938E+001  0.13767506E+001  0.14488861E+001  0.15829428E+001  0.17962769E+001  0.21056210E+001  0.25272289E+001  0.30769681E+001  0.37703832E+001  0.46227422E+001  0.56490721E+001  0.68641840E+001  0.82826993E+001  0.99190663E+001  0.11787570E+002  0.13902361E+002  0.16277444E+002  0.18926701E+002  0.21863907E+002  0.25102715E+002  0.28656689E+002  0.32539285E+002  0.36763868E+002  0.41343737E+002
  0.51724498E+000  0.51724501E+000  0.51724513E+000  0.51724541E+000  0.51724586E+000  0.51724652E+000  0.51724718E+000  0.51724763E+000  0.51724790E+000  0.51724803E+000  0.51724806E+000  0.51724807E+000  0.51724818E+000  0.51724856E+000  0.51724963E+000  0.51725228E+000  0.51725809E+000  0.51726966E+000  0.51729097E+000  0.51729938E+000  0.51731010E+000  0.51734468E+000  0.51741602E+000  0.51754072E+000  0.51773968E+000  0.23862440E+001  0.45010343E+001  0.68761177E+001  0.95253749E+001  0.12462582E+002  0.15701389E+002  0.19255363E+002  0.23137961E+002  0.27362544E+002  0.31942413E+002
  0.66605461E+000  0.66607674E+000  0.66618079E+000  0.66638700E+000  0.66669674E+000  0.66698353E+000  0.66704929E+000  0.66687527E+000  0.66712200E+000  0.66721196E+000  0.66723011E+000  0.67178628E+000  0.70024311E+000  0.77237855E+000  0.90643530E+000  0.11197694E+001  0.14291135E+001  0.18507214E+001  0.24004606E+001  0.11067061E+001  0.11281538E+001  0.21544838E+001  0.33695957E+001  0.47881109E+001  0.64244779E+001  0.82929819E+001  0.85375587E+001  0.86241288E+001  0.11273386E+002  0.14210593E+002  0.17449400E+002  0.21003374E+002  0.24885971E+002  0.33193808E+002  0.33421043E+002
