  0.30305217E+001  0.30394660E+001  0.30811182E+001  0.31699491E+001  0.33167384E+001  0.35305217E+001  0.37443050E+001  0.38910943E+001  0.39799253E+001  0.40215774E+001  0.40305217E+001  0.40350779E+001  0.40635347E+001  0.41356701E+001  0.42697269E+001  0.44830610E+001  0.47924051E+001  0.52140130E+001  0.57637521E+001  0.64571673E+001  0.73095263E+001  0.83358562E+001  0.95509681E+001  0.10969483E+002  0.12605850E+002  0.14474355E+002  0.16589145E+002  0.18964228E+002  0.21613485E+002  0.24550691E+002  0.27789499E+002  0.31343473E+002  0.35226070E+002  0.39450652E+002  0.44030522E+002
  0.30305217E+001  0.30394660E+001  0.30811182E+001  0.31699491E+001  0.33167384E+001  0.35305217E+001  0.37443050E+001  0.38910943E+001  0.39799253E+001  0.40215774E+001  0.40305217E+001  0.40350779E+001  0.40635347E+001  0.41356701E+001  0.42697269E+001  0.44830610E+001  0.47924051E+001  0.52140130E+001  0.57637521E+001  0.64571673E+001  0.73095263E+001  0.83358562E+001  0.95509681E+001  0.10969483E+002  0.12605850E+002  0.14474355E+002  0.16589145E+002  0.18964228E+002  0.21613485E+002  0.24550691E+002  0.27789499E+002  0.31343473E+002  0.35226070E+002  0.39450652E+002  0.44030522E+002
  0.30305217E+001  0.30394660E+001  0.30811182E+001  0.31699491E+001  0.33167384E+001  0.35305217E+001  0.37443050E+001  0.38910943E+001  0.39799253E+001  0.40215774E+001  0.40305217E+001  0.40350779E+001  0.40635347E+001  0.41356701E+001  0.42697269E+001  0.44830610E+001  0.47924051E+001  0.52140130E+001  0.57637521E+001  0.64571673E+001  0.73095263E+001  0.83358562E+001  0.95509681E+001  0.10969483E+002  0.12605850E+002  0.14474355E+002  0.16589145E+002  0.18964228E+002  0.21613485E+002  0.24550691E+002  0.27789499E+002  0.31343473E+002  0.35226070E+002  0.39450652E+002  0.44030522E+002
  0.30305217E+001  0.30394660E+001  0.30811182E+001  0.31699491E+001  0.33167384E+001  0.35305217E+001  0.37443050E+001  0.38910943E+001  0.39799253E+001  0.40215774E+001  0.40305217E+001  0.40350779E+001  0.40635347E+001  0.41356701E+001  0.42697269E+001  0.44830610E+001  0.47924051E+001  0.52140130E+001  0.57637521E+001  0.64571673E+001  0.73095263E+001  0.83358562E+001  0.95509681E+001  0.10969483E+002  0.12605850E+002  0.14474355E+002  0.16589145E+002  0.18964228E+002  0.21613485E+002  0.24550691E+002  0.27789499E+002  0.31343473E+002  0.35226070E+002  0.39450652E+002  0.44030522E+002
  0.30305217E+001  0.30394660E+001  0.30811182E+001  0.31699491E+001  0.33167384E+001  0.35305217E+001  0.37443050E+001  0.38910943E+001  0.39799253E+001  0.40215774E+001  0.40305217E+001  0.40350779E+001  0.40635347E+001  0.41356701E+001  0.42697269E+001  0.44830610E+001  0.47924051E+001  0.52140130E+001  0.57637521E+001  0.64571673E+001  0.73095263E+001  0.83358562E+001  0.95509681E+001  0.10969483E+002  0.12605850E+002  0.14474355E+002  0.16589145E+002  0.18964228E+002  0.21613485E+002  0.24550691E+002  0.27789499E+002  0.31343473E+002  0.35226070E+002  0.39450652E+002  0.44030522E+002
  0.30305217E+001  0.30394660E+001  0.30811182E+001  0.31699491E+001  0.33167384E+001  0.35305217E+001  0.37443050E+001  0.38910943E+001  0.39799253E+001  0.40215774E+001  0.40305217E+001  0.40350779E+001  0.40635347E+001  0.41356701E+001  0.42697269E+001  0.44830610E+001  0.47924051E+001  0.52140130E+001  0.57637521E+001  0.64571673E+001  0.73095263E+001  0.83358562E+001  0.95509681E+001  0.10969483E+002  0.12605850E+002  0.14474355E+002  0.16589145E+002  0.18964228E+002  0.21613485E+002  0.24550691E+002  0.27789499E+002  0.31343473E+002  0.35226070E+002  0.39450652E+002  0.44030522E+002
  0.30305217E+001  0.30394660E+001  0.30811182E+001  0.31699491E+001  0.33167384E+001  0.35305217E+001  0.37443050E+001  0.38910943E+001  0.39799253E+001  0.40215774E+001  0.40305217E+001  0.40350779E+001  0.40635347E+001  0.41356701E+001  0.42697269E+001  0.44830610E+001  0.47924051E+001  0.52140130E+001  0.57637521E+001  0.64571673E+001  0.73095263E+001  0.83358562E+001  0.95509681E+001  0.10969483E+002  0.12605850E+002  0.14474355E+002  0.16589145E+002  0.18964228E+002  0.21613485E+002  0.24550691E+002  0.27789499E+002  0.31343473E+002  0.35226070E+002  0.39450652E+002  0.44030522E+002
  0.30305217E+001  0.30394660E+001  0.30811182E+001  0.31699491E+001  0.33167384E+001  0.35305217E+001  0.37443050E+001  0.38910943E+001  0.39799253E+001  0.40215774E+001  0.40305217E+001  0.40350779E+001  0.40635347E+001  0.41356701E+001  0.42697269E+001  0.44830610E+001  0.47924051E+001  0.52140130E+001  0.57637521E+001  0.64571673E+001  0.73095263E+001  0.83358562E+001  0.95509681E+001  0.10969483E+002  0.12605850E+002  0.14474355E+002  0.16589145E+002  0.18964228E+002  0.21613485E+002  0.24550691E+002  0.27789499E+002  0.31343473E+002  0.35226070E+002  0.39450652E+002  0.44030522E+002
  0.30305217E+001  0.30394660E+001  0.30811182E+001  0.31699491E+001  0.33167384E+001  0.35305217E+001  0.37443050E+001  0.38910943E+001  0.39799253E+001  0.40215774E+001  0.40305217E+001  0.40350779E+001  0.40635347E+001  0.41356701E+001  0.42697269E+001  0.44830610E+001  0.47924051E+001  0.52140130E+001  0.57637521E+001  0.64571673E+001  0.73095263E+001  0.83358562E+001  0.95509681E+001  0.10969483E+002  0.12605850E+002  0.14474355E+002  0.16589145E+002  0.18964228E+002  0.21613485E+002  0.24550691E+002  0.27789499E+002  0.31343473E+002  0.35226070E+002  0.39450652E+002  0.44030522E+002
  0.30305217E+001  0.30394660E+001  0.30811182E+001  0.31699491E+001  0.33167384E+001  0.35305217E+001  0.37443050E+001  0.38910943E+001  0.39799253E+001  0.40215774E+001  0.40305217E+001  0.40350779E+001  0.40635347E+001  0.41356701E+001  0.42697269E+001  0.44830610E+001  0.47924051E+001  0.52140130E+001  0.57637521E+001  0.64571673E+001  0.73095263E+001  0.83358562E+001  0.95509681E+001  0.10969483E+002  0.12605850E+002  0.14474355E+002  0.16589145E+002  0.18964228E+002  0.21613485E+002  0.24550691E+002  0.27789499E+002  0.31343473E+002  0.35226070E+002  0.39450652E+002  0.44030522E+002
  0.30305217E+001  0.30394660E+001  0.30811182E+001  0.31699491E+001  0.33167384E+001  0.35305217E+001  0.37443050E+001  0.38910943E+001  0.39799253E+001  0.40215774E+001  0.40305217E+001  0.40350779E+001  0.40635347E+001  0.41356701E+001  0.42697269E+001  0.44830610E+001  0.47924051E+001  0.52140130E+001  0.57637521E+001  0.64571673E+001  0.73095263E+001  0.83358562E+001  0.95509681E+001  0.10969483E+002  0.12605850E+002  0.14474355E+002  0.16589145E+002  0.18964228E+002  0.21613485E+002  0.24550691E+002  0.27789499E+002  0.31343473E+002  0.35226070E+002  0.39450652E+002  0.44030522E+002
  0.30305217E+001  0.30394660E+001  0.30811182E+001  0.31699491E+001  0.33167384E+001  0.35305217E+001  0.37443050E+001  0.38910943E+001  0.39799253E+001  0.40215774E+001  0.40305217E+001  0.40350779E+001  0.40635347E+001  0.41356701E+001  0.42697269E+001  0.44830610E+001  0.47924051E+001  0.52140130E+001  0.57637521E+001  0.64571673E+001  0.73095263E+001  0.83358562E+001  0.95509681E+001  0.10969483E+002  0.12605850E+002  0.14474355E+002  0.16589145E+002  0.18964228E+002  0.21613485E+002  0.24550691E+002  0.27789499E+002  0.31343473E+002  0.35226070E+002  0.39450652E+002  0.44030522E+002
  0.30305217E+001  0.30394660E+001  0.30811182E+001  0.31699491E+001  0.33167384E+001  0.35305217E+001  0.37443050E+001  0.38910943E+001  0.39799253E+001  0.40215774E+001  0.40305217E+001  0.40350779E+001  0.40635347E+001  0.41356701E+001  0.42697269E+001  0.44830610E+001  0.47924051E+001  0.52140130E+001  0.57637521E+001  0.64571673E+001  0.73095263E+001  0.83358562E+001  0.95509681E+001  0.10969483E+002  0.12605850E+002  0.14474355E+002  0.16589145E+002  0.18964228E+002  0.21613485E+002  0.24550691E+002  0.27789499E+002  0.31343473E+002  0.35226070E+002  0.39450652E+002  0.44030522E+002
  0.30305217E+001  0.30394660E+001  0.30811182E+001  0.31699491E+001  0.33167384E+001  0.35305217E+001  0.37443050E+001  0.38910943E+001  0.39799253E+001  0.40215774E+001  0.40305217E+001  0.40350779E+001  0.40635347E+001  0.41356701E+001  0.42697269E+001  0.44830610E+001  0.47924051E+001  0.52140130E+001  0.57637521E+001  0.64571673E+001  0.73095263E+001  0.83358562E+001  0.95509681E+001  0.10969483E+002  0.12605850E+002  0.14474355E+002  0.16589145E+002  0.18964228E+002  0.21613485E+002  0.24550691E+002  0.27789499E+002  0.31343473E+002  0.35226070E+002  0.39450652E+002  0.44030522E+002
  0.30305217E+001  0.30394660E+001  0.30811182E+001  0.31699491E+001  0.33167384E+001  0.35305217E+001  0.37443050E+001  0.38910943E+001  0.39799253E+001  0.40215774E+001  0.40305217E+001  0.40350779E+001  0.40635347E+001  0.41356701E+001  0.42697269E+001  0.44830610E+001  0.47924051E+001  0.52140130E+001  0.57637521E+001  0.64571673E+001  0.73095263E+001  0.83358562E+001  0.95509681E+001  0.10969483E+002  0.12605850E+002  0.14474355E+002  0.16589145E+002  0.18964228E+002  0.21613485E+002  0.24550691E+002  0.27789499E+002  0.31343473E+002  0.35226070E+002  0.39450652E+002  0.44030522E+002
  0.30305217E+001  0.30394660E+001  0.30811182E+001  0.31699491E+001  0.33167384E+001  0.35305217E+001  0.37443050E+001  0.38910943E+001  0.39799253E+001  0.40215774E+001  0.40305217E+001  0.40350779E+001  0.40635347E+001  0.41356701E+001  0.42697269E+001  0.44830610E+001  0.47924051E+001  0.52140130E+001  0.57637521E+001  0.64571673E+001  0.73095263E+001  0.83358562E+001  0.95509681E+001  0.10969483E+002  0.12605850E+002  0.14474355E+002  0.16589145E+002  0.18964228E+002  0.21613485E+002  0.24550691E+002  0.27789499E+002  0.31343473E+002  0.35226070E+002  0.39450652E+002  0.44030522E+002
  0.30305217E+001  0.30394659E+001  0.30811181E+001  0.31699491E+001  0.33167384E+001  0.35305217E+001  0.37443049E+001  0.38910942E+001  0.39799252E+001  0.40215774E+001  0.40305217E+001  0.40350778E+001  0.40635346E+001  0.41356701E+001  0.42697268E+001  0.44830610E+001  0.47924050E+001  0.52140129E+001  0.57637521E+001  0.64571672E+001  0.73095262E+001  0.83358562E+001  0.95509681E+001  0.10969483E+002  0.12605850E+002  0.14474354E+002  0.16589145E+002  0.18964228E+002  0.21613485E+002  0.24550691E+002  0.27789499E+002  0.31343473E+002  0.35226070E+002  0.39450652E+002  0.44030522E+002
  0.30305186E+001  0.30394628E+001  0.30811150E+001  0.31699460E+001  0.33167353E+001  0.35305186E+001  0.37443018E+001  0.38910911E+001  0.39799221E+001  0.40215743E+001  0.40305186E+001  0.40350747E+001  0.40635316E+001  0.41356670E+001  0.42697237E+001  0.44830579E+001  0.47924019E+001  0.52140098E+001  0.57637490E+001  0.64571641E+001  0.73095231E+001  0.83358531E+001  0.95509650E+001  0.10969480E+002  0.12605847E+002  0.14474351E+002  0.16589142E+002  0.18964225E+002  0.21613482E+002  0.24550688E+002  0.27789496E+002  0.31343470E+002  0.35226066E+002  0.39450649E+002  0.44030519E+002
  0.30303940E+001  0.30393382E+001  0.30809904E+001  0.31698214E+001  0.33166107E+001  0.35303940E+001  0.37441772E+001  0.38909665E+001  0.39797975E+001  0.40214497E+001  0.40303940E+001  0.40349501E+001  0.40634070E+001  0.41355424E+001  0.42695991E+001  0.44829333E+001  0.47922773E+001  0.52138852E+001  0.57636244E+001  0.64570395E+001  0.73093985E+001  0.83357285E+001  0.95508404E+001  0.10969356E+002  0.12605723E+002  0.14474227E+002  0.16589017E+002  0.18964100E+002  0.21613357E+002  0.24550564E+002  0.27789371E+002  0.31343345E+002  0.35225942E+002  0.39450524E+002  0.44030394E+002
  0.30270985E+001  0.30360427E+001  0.30776949E+001  0.31665259E+001  0.33133152E+001  0.35270985E+001  0.37408817E+001  0.38876710E+001  0.39765020E+001  0.40181542E+001  0.40270985E+001  0.40316546E+001  0.40601115E+001  0.41322469E+001  0.42663036E+001  0.44796378E+001  0.47889818E+001  0.52105897E+001  0.57603289E+001  0.64537440E+001  0.73061030E+001  0.83324330E+001  0.95475449E+001  0.10966060E+002  0.12602427E+002  0.14470931E+002  0.16585721E+002  0.18960805E+002  0.21610062E+002  0.24547268E+002  0.27786075E+002  0.31340049E+002  0.35222646E+002  0.39447229E+002  0.44027098E+002
  0.29807927E+001  0.29808474E+001  0.30224995E+001  0.31113305E+001  0.32581198E+001  0.34719031E+001  0.36856864E+001  0.38324757E+001  0.39213066E+001  0.39629588E+001  0.39719031E+001  0.39764592E+001  0.40049161E+001  0.40770515E+001  0.42111083E+001  0.44244424E+001  0.47337864E+001  0.51553943E+001  0.57051335E+001  0.63985486E+001  0.72509076E+001  0.82772376E+001  0.94923495E+001  0.10910865E+002  0.12547232E+002  0.14415736E+002  0.16530526E+002  0.18905609E+002  0.21554866E+002  0.24492073E+002  0.27730880E+002  0.31284854E+002  0.35167451E+002  0.39392033E+002  0.43971903E+002
  0.29569394E+001  0.29658837E+001  0.30075359E+001  0.30963669E+001  0.32431562E+001  0.34569394E+001  0.36707227E+001  0.29183056E+001  0.29175220E+001  0.29170989E+001  0.29260432E+001  0.29305993E+001  0.29590562E+001  0.30311916E+001  0.31652483E+001  0.33785825E+001  0.36879265E+001  0.41095344E+001  0.46592736E+001  0.53526887E+001  0.62050477E+001  0.72313777E+001  0.84464896E+001  0.98650048E+001  0.11501372E+002  0.13369876E+002  0.15484666E+002  0.17859749E+002  0.20509006E+002  0.23446213E+002  0.26685020E+002  0.30238994E+002  0.34121591E+002  0.38346174E+002  0.42926043E+002
  0.27652039E+001  0.27741481E+001  0.28158003E+001  0.29046313E+001  0.24250592E+001  0.24237424E+001  0.24219001E+001  0.24202733E+001  0.24200639E+001  0.24199666E+001  0.24289109E+001  0.24334670E+001  0.24619239E+001  0.25340593E+001  0.26681161E+001  0.28814502E+001  0.31907942E+001  0.36124022E+001  0.41621413E+001  0.48555565E+001  0.57079154E+001  0.67342454E+001  0.79493573E+001  0.93678725E+001  0.11004240E+002  0.12872744E+002  0.14987534E+002  0.17362617E+002  0.20011874E+002  0.22949081E+002  0.26187888E+002  0.29741862E+002  0.33624459E+002  0.37849041E+002  0.42428911E+002
  0.32019524E+000  0.32003114E+000  0.36168332E+000  0.45051429E+000  0.59730358E+000  0.81108687E+000  0.10248702E+001  0.11716594E+001  0.12604904E+001  0.13021426E+001  0.13110869E+001  0.13156430E+001  0.13440999E+001  0.14162353E+001  0.15502920E+001  0.17636262E+001  0.20729702E+001  0.24945781E+001  0.30443173E+001  0.30443388E+001  0.38966978E+001  0.49230277E+001  0.61381396E+001  0.75566549E+001  0.91930219E+001  0.11061526E+002  0.13176316E+002  0.15551399E+002  0.18200656E+002  0.21137863E+002  0.24376670E+002  0.27930644E+002  0.31813241E+002  0.36037824E+002  0.40617693E+002
  0.28042273E+001  0.28044084E+001  0.28052534E+001  0.28940844E+001  0.30408736E+001  0.32546569E+001  0.34684402E+001  0.36152295E+001  0.37040605E+001  0.37457127E+001  0.37546569E+001  0.37592131E+001  0.37876699E+001  0.38598054E+001  0.39938621E+001  0.42071962E+001  0.45165403E+001  0.49381482E+001  0.54878874E+001  0.61813025E+001  0.70336615E+001  0.80599914E+001  0.92751033E+001  0.10693619E+002  0.12329986E+002  0.14198490E+002  0.16313280E+002  0.18688363E+002  0.21337620E+002  0.24274827E+002  0.27513634E+002  0.31067608E+002  0.34950205E+002  0.39174787E+002  0.43754657E+002
