  0.71441034E+000  0.72335461E+000  0.76500678E+000  0.85383775E+000  0.10006270E+001  0.12144103E+001  0.14281936E+001  0.15749829E+001  0.16638139E+001  0.17054661E+001  0.17144103E+001  0.17189665E+001  0.17474233E+001  0.18195588E+001  0.19536155E+001  0.21669496E+001  0.24762937E+001  0.28979016E+001  0.34476408E+001  0.41410559E+001  0.49934149E+001  0.60197448E+001  0.72348567E+001  0.86533720E+001  0.10289739E+002  0.12158243E+002  0.14273033E+002  0.16648117E+002  0.19297373E+002  0.22234580E+002  0.25473387E+002  0.29027361E+002  0.32909958E+002  0.37134541E+002  0.41714410E+002
  0.71441034E+000  0.72335461E+000  0.76500678E+000  0.85383775E+000  0.10006270E+001  0.12144103E+001  0.14281936E+001  0.15749829E+001  0.16638139E+001  0.17054661E+001  0.17144103E+001  0.17189665E+001  0.17474233E+001  0.18195588E+001  0.19536155E+001  0.21669496E+001  0.24762937E+001  0.28979016E+001  0.34476408E+001  0.41410559E+001  0.49934149E+001  0.60197448E+001  0.72348567E+001  0.86533720E+001  0.10289739E+002  0.12158243E+002  0.14273033E+002  0.16648117E+002  0.19297373E+002  0.22234580E+002  0.25473387E+002  0.29027361E+002  0.32909958E+002  0.37134541E+002  0.41714410E+002
  0.71441034E+000  0.72335461E+000  0.76500678E+000  0.85383775E+000  0.10006270E+001  0.12144103E+001  0.14281936E+001  0.15749829E+001  0.16638139E+001  0.17054661E+001  0.17144103E+001  0.17189665E+001  0.17474233E+001  0.18195588E+001  0.19536155E+001  0.21669496E+001  0.24762937E+001  0.28979016E+001  0.34476408E+001  0.41410559E+001  0.49934149E+001  0.60197448E+001  0.72348567E+001  0.86533720E+001  0.10289739E+002  0.12158243E+002  0.14273033E+002  0.16648117E+002  0.19297373E+002  0.22234580E+002  0.25473387E+002  0.29027361E+002  0.32909958E+002  0.37134541E+002  0.41714410E+002
  0.71441034E+000  0.72335461E+000  0.76500678E+000  0.85383775E+000  0.10006270E+001  0.12144103E+001  0.14281936E+001  0.15749829E+001  0.16638139E+001  0.17054661E+001  0.17144103E+001  0.17189665E+001  0.17474233E+001  0.18195588E+001  0.19536155E+001  0.21669496E+001  0.24762937E+001  0.28979016E+001  0.34476408E+001  0.41410559E+001  0.49934149E+001  0.60197448E+001  0.72348567E+001  0.86533720E+001  0.10289739E+002  0.12158243E+002  0.14273033E+002  0.16648117E+002  0.19297373E+002  0.22234580E+002  0.25473387E+002  0.29027361E+002  0.32909958E+002  0.37134541E+002  0.41714410E+002
  0.71441034E+000  0.72335461E+000  0.76500678E+000  0.85383775E+000  0.10006270E+001  0.12144103E+001  0.14281936E+001  0.15749829E+001  0.16638139E+001  0.17054661E+001  0.17144103E+001  0.17189665E+001  0.17474233E+001  0.18195588E+001  0.19536155E+001  0.21669496E+001  0.24762937E+001  0.28979016E+001  0.34476408E+001  0.41410559E+001  0.49934149E+001  0.60197448E+001  0.72348567E+001  0.86533720E+001  0.10289739E+002  0.12158243E+002  0.14273033E+002  0.16648117E+002  0.19297373E+002  0.22234580E+002  0.25473387E+002  0.29027361E+002  0.32909958E+002  0.37134541E+002  0.41714410E+002
  0.71441034E+000  0.72335461E+000  0.76500678E+000  0.85383775E+000  0.10006270E+001  0.12144103E+001  0.14281936E+001  0.15749829E+001  0.16638139E+001  0.17054661E+001  0.17144103E+001  0.17189665E+001  0.17474233E+001  0.18195588E+001  0.19536155E+001  0.21669496E+001  0.24762937E+001  0.28979016E+001  0.34476408E+001  0.41410559E+001  0.49934149E+001  0.60197448E+001  0.72348567E+001  0.86533720E+001  0.10289739E+002  0.12158243E+002  0.14273033E+002  0.16648117E+002  0.19297373E+002  0.22234580E+002  0.25473387E+002  0.29027361E+002  0.32909958E+002  0.37134541E+002  0.41714410E+002
  0.71441034E+000  0.72335461E+000  0.76500678E+000  0.85383775E+000  0.10006270E+001  0.12144103E+001  0.14281936E+001  0.15749829E+001  0.16638139E+001  0.17054661E+001  0.17144103E+001  0.17189665E+001  0.17474233E+001  0.18195588E+001  0.19536155E+001  0.21669496E+001  0.24762937E+001  0.28979016E+001  0.34476408E+001  0.41410559E+001  0.49934149E+001  0.60197448E+001  0.72348567E+001  0.86533720E+001  0.10289739E+002  0.12158243E+002  0.14273033E+002  0.16648117E+002  0.19297373E+002  0.22234580E+002  0.25473387E+002  0.29027361E+002  0.32909958E+002  0.37134541E+002  0.41714410E+002
  0.71441034E+000  0.72335461E+000  0.76500678E+000  0.85383775E+000  0.10006270E+001  0.12144103E+001  0.14281936E+001  0.15749829E+001  0.16638139E+001  0.17054661E+001  0.17144103E+001  0.17189665E+001  0.17474233E+001  0.18195588E+001  0.19536155E+001  0.21669496E+001  0.24762937E+001  0.28979016E+001  0.34476408E+001  0.41410559E+001  0.49934149E+001  0.60197448E+001  0.72348567E+001  0.86533720E+001  0.10289739E+002  0.12158243E+002  0.14273033E+002  0.16648117E+002  0.19297373E+002  0.22234580E+002  0.25473387E+002  0.29027361E+002  0.32909958E+002  0.37134541E+002  0.41714410E+002
  0.71441034E+000  0.72335461E+000  0.76500678E+000  0.85383775E+000  0.10006270E+001  0.12144103E+001  0.14281936E+001  0.15749829E+001  0.16638139E+001  0.17054661E+001  0.17144103E+001  0.17189665E+001  0.17474233E+001  0.18195588E+001  0.19536155E+001  0.21669496E+001  0.24762937E+001  0.28979016E+001  0.34476408E+001  0.41410559E+001  0.49934149E+001  0.60197448E+001  0.72348567E+001  0.86533720E+001  0.10289739E+002  0.12158243E+002  0.14273033E+002  0.16648117E+002  0.19297373E+002  0.22234580E+002  0.25473387E+002  0.29027361E+002  0.32909958E+002  0.37134541E+002  0.41714410E+002
  0.71441034E+000  0.72335461E+000  0.76500678E+000  0.85383775E+000  0.10006270E+001  0.12144103E+001  0.14281936E+001  0.15749829E+001  0.16638139E+001  0.17054661E+001  0.17144103E+001  0.17189665E+001  0.17474233E+001  0.18195588E+001  0.19536155E+001  0.21669496E+001  0.24762937E+001  0.28979016E+001  0.34476408E+001  0.41410559E+001  0.49934149E+001  0.60197448E+001  0.72348567E+001  0.86533720E+001  0.10289739E+002  0.12158243E+002  0.14273033E+002  0.16648117E+002  0.19297373E+002  0.22234580E+002  0.25473387E+002  0.29027361E+002  0.32909958E+002  0.37134541E+002  0.41714410E+002
  0.71441034E+000  0.72335461E+000  0.76500678E+000  0.85383775E+000  0.10006270E+001  0.12144103E+001  0.14281936E+001  0.15749829E+001  0.16638139E+001  0.17054661E+001  0.17144103E+001  0.17189665E+001  0.17474233E+001  0.18195588E+001  0.19536155E+001  0.21669496E+001  0.24762937E+001  0.28979016E+001  0.34476408E+001  0.41410559E+001  0.49934149E+001  0.60197448E+001  0.72348567E+001  0.86533720E+001  0.10289739E+002  0.12158243E+002  0.14273033E+002  0.16648117E+002  0.19297373E+002  0.22234580E+002  0.25473387E+002  0.29027361E+002  0.32909958E+002  0.37134541E+002  0.41714410E+002
  0.71441034E+000  0.72335461E+000  0.76500678E+000  0.85383775E+000  0.10006270E+001  0.12144103E+001  0.14281936E+001  0.15749829E+001  0.16638139E+001  0.17054661E+001  0.17144103E+001  0.17189665E+001  0.17474233E+001  0.18195588E+001  0.19536155E+001  0.21669496E+001  0.24762937E+001  0.28979016E+001  0.34476408E+001  0.41410559E+001  0.49934149E+001  0.60197448E+001  0.72348567E+001  0.86533720E+001  0.10289739E+002  0.12158243E+002  0.14273033E+002  0.16648117E+002  0.19297373E+002  0.22234580E+002  0.25473387E+002  0.29027361E+002  0.32909958E+002  0.37134541E+002  0.41714410E+002
  0.71441034E+000  0.72335461E+000  0.76500678E+000  0.85383775E+000  0.10006270E+001  0.12144103E+001  0.14281936E+001  0.15749829E+001  0.16638139E+001  0.17054661E+001  0.17144103E+001  0.17189665E+001  0.17474233E+001  0.18195588E+001  0.19536155E+001  0.21669496E+001  0.24762937E+001  0.28979016E+001  0.34476408E+001  0.41410559E+001  0.49934149E+001  0.60197448E+001  0.72348567E+001  0.86533720E+001  0.10289739E+002  0.12158243E+002  0.14273033E+002  0.16648117E+002  0.19297373E+002  0.22234580E+002  0.25473387E+002  0.29027361E+002  0.32909958E+002  0.37134541E+002  0.41714410E+002
  0.71441034E+000  0.72335461E+000  0.76500678E+000  0.85383775E+000  0.10006270E+001  0.12144103E+001  0.14281936E+001  0.15749829E+001  0.16638139E+001  0.17054661E+001  0.17144103E+001  0.17189665E+001  0.17474233E+001  0.18195588E+001  0.19536155E+001  0.21669496E+001  0.24762937E+001  0.28979016E+001  0.34476408E+001  0.41410559E+001  0.49934149E+001  0.60197448E+001  0.72348567E+001  0.86533720E+001  0.10289739E+002  0.12158243E+002  0.14273033E+002  0.16648117E+002  0.19297373E+002  0.22234580E+002  0.25473387E+002  0.29027361E+002  0.32909958E+002  0.37134541E+002  0.41714410E+002
  0.71441034E+000  0.72335461E+000  0.76500678E+000  0.85383775E+000  0.10006270E+001  0.12144103E+001  0.14281936E+001  0.15749829E+001  0.16638139E+001  0.17054661E+001  0.17144103E+001  0.17189665E+001  0.17474233E+001  0.18195588E+001  0.19536155E+001  0.21669496E+001  0.24762937E+001  0.28979016E+001  0.34476408E+001  0.41410559E+001  0.49934149E+001  0.60197448E+001  0.72348567E+001  0.86533720E+001  0.10289739E+002  0.12158243E+002  0.14273033E+002  0.16648117E+002  0.19297373E+002  0.22234580E+002  0.25473387E+002  0.29027361E+002  0.32909958E+002  0.37134541E+002  0.41714410E+002
  0.71441034E+000  0.72335461E+000  0.76500678E+000  0.85383775E+000  0.10006270E+001  0.12144103E+001  0.14281936E+001  0.15749829E+001  0.16638139E+001  0.17054661E+001  0.17144103E+001  0.17189665E+001  0.17474233E+001  0.18195588E+001  0.19536155E+001  0.21669496E+001  0.24762937E+001  0.28979016E+001  0.34476408E+001  0.41410559E+001  0.49934149E+001  0.60197448E+001  0.72348567E+001  0.86533720E+001  0.10289739E+002  0.12158243E+002  0.14273033E+002  0.16648117E+002  0.19297373E+002  0.22234580E+002  0.25473387E+002  0.29027361E+002  0.32909958E+002  0.37134541E+002  0.41714410E+002
  0.71441032E+000  0.72335459E+000  0.76500676E+000  0.85383773E+000  0.10006270E+001  0.12144103E+001  0.14281936E+001  0.15749829E+001  0.16638139E+001  0.17054660E+001  0.17144103E+001  0.17189665E+001  0.17474233E+001  0.18195588E+001  0.19536155E+001  0.21669496E+001  0.24762937E+001  0.28979016E+001  0.34476407E+001  0.41410559E+001  0.49934149E+001  0.60197448E+001  0.72348567E+001  0.86533720E+001  0.10289739E+002  0.12158243E+002  0.14273033E+002  0.16648117E+002  0.19297373E+002  0.22234580E+002  0.25473387E+002  0.29027361E+002  0.32909958E+002  0.37134541E+002  0.41714410E+002
  0.71440817E+000  0.72335244E+000  0.76500461E+000  0.85383558E+000  0.10006249E+001  0.12144082E+001  0.14281914E+001  0.15749807E+001  0.16638117E+001  0.17054639E+001  0.17144082E+001  0.17189643E+001  0.17474212E+001  0.18195566E+001  0.19536133E+001  0.21669475E+001  0.24762915E+001  0.28978994E+001  0.34476386E+001  0.41410537E+001  0.49934127E+001  0.60197427E+001  0.72348546E+001  0.86533698E+001  0.10289737E+002  0.12158241E+002  0.14273031E+002  0.16648114E+002  0.19297371E+002  0.22234578E+002  0.25473385E+002  0.29027359E+002  0.32909956E+002  0.37134539E+002  0.41714408E+002
  0.71422366E+000  0.72316793E+000  0.76482011E+000  0.85365108E+000  0.10004404E+001  0.12142237E+001  0.14280069E+001  0.15747962E+001  0.16636272E+001  0.17052794E+001  0.17142237E+001  0.17187798E+001  0.17472367E+001  0.18193721E+001  0.19534288E+001  0.21667630E+001  0.24761070E+001  0.28977149E+001  0.34474541E+001  0.41408692E+001  0.49932282E+001  0.60195582E+001  0.72346701E+001  0.86531853E+001  0.10289552E+002  0.12158056E+002  0.14272847E+002  0.16647930E+002  0.19297187E+002  0.22234393E+002  0.25473201E+002  0.29027175E+002  0.32909772E+002  0.37134354E+002  0.41714224E+002
  0.70343224E+000  0.71237651E+000  0.75402869E+000  0.84285966E+000  0.98964895E+000  0.12034322E+001  0.14172155E+001  0.15640048E+001  0.16528358E+001  0.16944880E+001  0.17034322E+001  0.17079884E+001  0.17364452E+001  0.18085807E+001  0.19426374E+001  0.21559715E+001  0.24653156E+001  0.28869235E+001  0.34366627E+001  0.41300778E+001  0.49824368E+001  0.60087667E+001  0.72238787E+001  0.86423939E+001  0.10278761E+002  0.12147265E+002  0.14262055E+002  0.16637138E+002  0.19286395E+002  0.22223602E+002  0.25462409E+002  0.29016383E+002  0.32898980E+002  0.37123563E+002  0.41703432E+002
  0.34233297E+000  0.34233299E+000  0.38398517E+000  0.47281614E+000  0.61960543E+000  0.83338872E+000  0.10471720E+001  0.11939613E+001  0.12827923E+001  0.13244444E+001  0.13333887E+001  0.13379449E+001  0.13664017E+001  0.14385372E+001  0.15725939E+001  0.17859280E+001  0.20952721E+001  0.25168800E+001  0.30666192E+001  0.37600343E+001  0.46123933E+001  0.56387232E+001  0.68538351E+001  0.82723504E+001  0.99087174E+001  0.11777222E+002  0.13892012E+002  0.16267095E+002  0.18916352E+002  0.21853558E+002  0.25092366E+002  0.28646340E+002  0.32528937E+002  0.36753519E+002  0.41333389E+002
  0.71763345E+000  0.71763345E+000  0.71763345E+000  0.71763345E+000  0.71763346E+000  0.71763664E+000  0.71763664E+000  0.71763664E+000  0.71763664E+000  0.71763726E+000  0.71763739E+000  0.71763746E+000  0.71763788E+000  0.71763895E+000  0.71764095E+000  0.71764412E+000  0.71764872E+000  0.71765499E+000  0.71766316E+000  0.14110783E+001  0.22634373E+001  0.22634446E+001  0.22634534E+001  0.22634635E+001  0.38998306E+001  0.57683347E+001  0.78831249E+001  0.10258208E+002  0.12907465E+002  0.15844671E+002  0.19083479E+002  0.22637453E+002  0.22637072E+002  0.26861654E+002  0.31441524E+002
  0.71916176E+000  0.71916176E+000  0.71916167E+000  0.71916149E+000  0.71916124E+000  0.71916101E+000  0.71916090E+000  0.71916089E+000  0.71916091E+000  0.71916092E+000  0.71916092E+000  0.71916092E+000  0.71916094E+000  0.71916065E+000  0.71916012E+000  0.71915928E+000  0.71915806E+000  0.71915640E+000  0.71915423E+000  0.71915150E+000  0.71914814E+000  0.71914409E+000  0.71913930E+000  0.71913371E+000  0.71912726E+000  0.71911989E+000  0.71911155E+000  0.71910219E+000 -0.54877111E-001 -0.54826034E-001 -0.54769713E-001 -0.54707912E-001 -0.54640395E-001 -0.54566934E-001 -0.54487295E-001
  0.70846739E+000  0.71741167E+000  0.21453907E+000  0.25771811E+000  0.33560272E+000  0.46409706E+000  0.60685123E+000  0.70213092E+000  0.75941557E+000  0.77102890E+000  0.77107929E+000  0.77563545E+000  0.80409229E+000  0.73157613E-001  0.73158000E-001  0.73158620E-001  0.73159832E-001  0.73162866E-001  0.73171560E-001  0.73184032E-001  0.73208681E-001  0.73225686E-001  0.73246070E-001  0.73270279E-001  0.73298969E-001  0.73341436E-001  0.73360669E-001  0.73369054E-001  0.73378571E-001  0.73393593E-001  0.73426291E-001  0.73504223E-001  0.73588904E-001  0.73553441E-001  0.73603872E-001
  0.71117002E+000  0.71119592E+000  0.71131385E+000  0.80014482E+000  0.76796269E+000  0.76934926E+000  0.77849731E+000  0.77911007E+000  0.77942078E+000  0.82107295E+000  0.83001722E+000  0.83457339E+000  0.86303022E+000  0.26875560E+000  0.26923733E+000  0.27049716E+000  0.33928390E+000  0.56173881E+000  0.62355331E+000  0.69919504E+000  0.79553510E+000  0.48706073E+000  0.49227021E+000  0.49955011E+000  0.51122717E+000  0.64104762E+000  0.12820410E+001  0.54257169E+000  0.55082994E+000  0.55905371E+000  0.56390302E+000  0.11387952E+001  0.11331723E+001 -0.33425605E+000  0.60855245E+000
