  0.14965970E+001  0.15055412E+001  0.15471934E+001  0.16360244E+001  0.17828137E+001  0.19965970E+001  0.22103802E+001  0.23571695E+001  0.24460005E+001  0.24876527E+001  0.24965970E+001  0.25011531E+001  0.25296100E+001  0.26017454E+001  0.27358021E+001  0.29491363E+001  0.32584803E+001  0.36800882E+001  0.42298274E+001  0.49232425E+001  0.57756015E+001  0.68019315E+001  0.80170434E+001  0.94355586E+001  0.11071926E+002  0.12940430E+002  0.15055220E+002  0.17430303E+002  0.20079560E+002  0.23016767E+002  0.26255574E+002  0.29809548E+002  0.33692145E+002  0.37916727E+002  0.42496597E+002
  0.14965970E+001  0.15055412E+001  0.15471934E+001  0.16360244E+001  0.17828137E+001  0.19965970E+001  0.22103802E+001  0.23571695E+001  0.24460005E+001  0.24876527E+001  0.24965970E+001  0.25011531E+001  0.25296100E+001  0.26017454E+001  0.27358021E+001  0.29491363E+001  0.32584803E+001  0.36800882E+001  0.42298274E+001  0.49232425E+001  0.57756015E+001  0.68019315E+001  0.80170434E+001  0.94355586E+001  0.11071926E+002  0.12940430E+002  0.15055220E+002  0.17430303E+002  0.20079560E+002  0.23016767E+002  0.26255574E+002  0.29809548E+002  0.33692145E+002  0.37916727E+002  0.42496597E+002
  0.14965970E+001  0.15055412E+001  0.15471934E+001  0.16360244E+001  0.17828137E+001  0.19965970E+001  0.22103802E+001  0.23571695E+001  0.24460005E+001  0.24876527E+001  0.24965970E+001  0.25011531E+001  0.25296100E+001  0.26017454E+001  0.27358021E+001  0.29491363E+001  0.32584803E+001  0.36800882E+001  0.42298274E+001  0.49232425E+001  0.57756015E+001  0.68019315E+001  0.80170434E+001  0.94355586E+001  0.11071926E+002  0.12940430E+002  0.15055220E+002  0.17430303E+002  0.20079560E+002  0.23016767E+002  0.26255574E+002  0.29809548E+002  0.33692145E+002  0.37916727E+002  0.42496597E+002
  0.14965970E+001  0.15055412E+001  0.15471934E+001  0.16360244E+001  0.17828137E+001  0.19965970E+001  0.22103802E+001  0.23571695E+001  0.24460005E+001  0.24876527E+001  0.24965970E+001  0.25011531E+001  0.25296100E+001  0.26017454E+001  0.27358021E+001  0.29491363E+001  0.32584803E+001  0.36800882E+001  0.42298274E+001  0.49232425E+001  0.57756015E+001  0.68019315E+001  0.80170434E+001  0.94355586E+001  0.11071926E+002  0.12940430E+002  0.15055220E+002  0.17430303E+002  0.20079560E+002  0.23016767E+002  0.26255574E+002  0.29809548E+002  0.33692145E+002  0.37916727E+002  0.42496597E+002
  0.14965970E+001  0.15055412E+001  0.15471934E+001  0.16360244E+001  0.17828137E+001  0.19965970E+001  0.22103802E+001  0.23571695E+001  0.24460005E+001  0.24876527E+001  0.24965970E+001  0.25011531E+001  0.25296100E+001  0.26017454E+001  0.27358021E+001  0.29491363E+001  0.32584803E+001  0.36800882E+001  0.42298274E+001  0.49232425E+001  0.57756015E+001  0.68019315E+001  0.80170434E+001  0.94355586E+001  0.11071926E+002  0.12940430E+002  0.15055220E+002  0.17430303E+002  0.20079560E+002  0.23016767E+002  0.26255574E+002  0.29809548E+002  0.33692145E+002  0.37916727E+002  0.42496597E+002
  0.14965970E+001  0.15055412E+001  0.15471934E+001  0.16360244E+001  0.17828137E+001  0.19965970E+001  0.22103802E+001  0.23571695E+001  0.24460005E+001  0.24876527E+001  0.24965970E+001  0.25011531E+001  0.25296100E+001  0.26017454E+001  0.27358021E+001  0.29491363E+001  0.32584803E+001  0.36800882E+001  0.42298274E+001  0.49232425E+001  0.57756015E+001  0.68019315E+001  0.80170434E+001  0.94355586E+001  0.11071926E+002  0.12940430E+002  0.15055220E+002  0.17430303E+002  0.20079560E+002  0.23016767E+002  0.26255574E+002  0.29809548E+002  0.33692145E+002  0.37916727E+002  0.42496597E+002
  0.14965970E+001  0.15055412E+001  0.15471934E+001  0.16360244E+001  0.17828137E+001  0.19965970E+001  0.22103802E+001  0.23571695E+001  0.24460005E+001  0.24876527E+001  0.24965970E+001  0.25011531E+001  0.25296100E+001  0.26017454E+001  0.27358021E+001  0.29491363E+001  0.32584803E+001  0.36800882E+001  0.42298274E+001  0.49232425E+001  0.57756015E+001  0.68019315E+001  0.80170434E+001  0.94355586E+001  0.11071926E+002  0.12940430E+002  0.15055220E+002  0.17430303E+002  0.20079560E+002  0.23016767E+002  0.26255574E+002  0.29809548E+002  0.33692145E+002  0.37916727E+002  0.42496597E+002
  0.14965970E+001  0.15055412E+001  0.15471934E+001  0.16360244E+001  0.17828137E+001  0.19965970E+001  0.22103802E+001  0.23571695E+001  0.24460005E+001  0.24876527E+001  0.24965970E+001  0.25011531E+001  0.25296100E+001  0.26017454E+001  0.27358021E+001  0.29491363E+001  0.32584803E+001  0.36800882E+001  0.42298274E+001  0.49232425E+001  0.57756015E+001  0.68019315E+001  0.80170434E+001  0.94355586E+001  0.11071926E+002  0.12940430E+002  0.15055220E+002  0.17430303E+002  0.20079560E+002  0.23016767E+002  0.26255574E+002  0.29809548E+002  0.33692145E+002  0.37916727E+002  0.42496597E+002
  0.14965970E+001  0.15055412E+001  0.15471934E+001  0.16360244E+001  0.17828137E+001  0.19965970E+001  0.22103802E+001  0.23571695E+001  0.24460005E+001  0.24876527E+001  0.24965970E+001  0.25011531E+001  0.25296100E+001  0.26017454E+001  0.27358021E+001  0.29491363E+001  0.32584803E+001  0.36800882E+001  0.42298274E+001  0.49232425E+001  0.57756015E+001  0.68019315E+001  0.80170434E+001  0.94355586E+001  0.11071926E+002  0.12940430E+002  0.15055220E+002  0.17430303E+002  0.20079560E+002  0.23016767E+002  0.26255574E+002  0.29809548E+002  0.33692145E+002  0.37916727E+002  0.42496597E+002
  0.14965970E+001  0.15055412E+001  0.15471934E+001  0.16360244E+001  0.17828137E+001  0.19965970E+001  0.22103802E+001  0.23571695E+001  0.24460005E+001  0.24876527E+001  0.24965970E+001  0.25011531E+001  0.25296100E+001  0.26017454E+001  0.27358021E+001  0.29491363E+001  0.32584803E+001  0.36800882E+001  0.42298274E+001  0.49232425E+001  0.57756015E+001  0.68019315E+001  0.80170434E+001  0.94355586E+001  0.11071926E+002  0.12940430E+002  0.15055220E+002  0.17430303E+002  0.20079560E+002  0.23016767E+002  0.26255574E+002  0.29809548E+002  0.33692145E+002  0.37916727E+002  0.42496597E+002
  0.14965970E+001  0.15055412E+001  0.15471934E+001  0.16360244E+001  0.17828137E+001  0.19965970E+001  0.22103802E+001  0.23571695E+001  0.24460005E+001  0.24876527E+001  0.24965970E+001  0.25011531E+001  0.25296100E+001  0.26017454E+001  0.27358021E+001  0.29491363E+001  0.32584803E+001  0.36800882E+001  0.42298274E+001  0.49232425E+001  0.57756015E+001  0.68019315E+001  0.80170434E+001  0.94355586E+001  0.11071926E+002  0.12940430E+002  0.15055220E+002  0.17430303E+002  0.20079560E+002  0.23016767E+002  0.26255574E+002  0.29809548E+002  0.33692145E+002  0.37916727E+002  0.42496597E+002
  0.14965970E+001  0.15055412E+001  0.15471934E+001  0.16360244E+001  0.17828137E+001  0.19965970E+001  0.22103802E+001  0.23571695E+001  0.24460005E+001  0.24876527E+001  0.24965970E+001  0.25011531E+001  0.25296100E+001  0.26017454E+001  0.27358021E+001  0.29491363E+001  0.32584803E+001  0.36800882E+001  0.42298274E+001  0.49232425E+001  0.57756015E+001  0.68019315E+001  0.80170434E+001  0.94355586E+001  0.11071926E+002  0.12940430E+002  0.15055220E+002  0.17430303E+002  0.20079560E+002  0.23016767E+002  0.26255574E+002  0.29809548E+002  0.33692145E+002  0.37916727E+002  0.42496597E+002
  0.14965970E+001  0.15055412E+001  0.15471934E+001  0.16360244E+001  0.17828137E+001  0.19965970E+001  0.22103802E+001  0.23571695E+001  0.24460005E+001  0.24876527E+001  0.24965970E+001  0.25011531E+001  0.25296100E+001  0.26017454E+001  0.27358021E+001  0.29491363E+001  0.32584803E+001  0.36800882E+001  0.42298274E+001  0.49232425E+001  0.57756015E+001  0.68019315E+001  0.80170434E+001  0.94355586E+001  0.11071926E+002  0.12940430E+002  0.15055220E+002  0.17430303E+002  0.20079560E+002  0.23016767E+002  0.26255574E+002  0.29809548E+002  0.33692145E+002  0.37916727E+002  0.42496597E+002
  0.14965970E+001  0.15055412E+001  0.15471934E+001  0.16360244E+001  0.17828137E+001  0.19965970E+001  0.22103802E+001  0.23571695E+001  0.24460005E+001  0.24876527E+001  0.24965970E+001  0.25011531E+001  0.25296100E+001  0.26017454E+001  0.27358021E+001  0.29491363E+001  0.32584803E+001  0.36800882E+001  0.42298274E+001  0.49232425E+001  0.57756015E+001  0.68019315E+001  0.80170434E+001  0.94355586E+001  0.11071926E+002  0.12940430E+002  0.15055220E+002  0.17430303E+002  0.20079560E+002  0.23016767E+002  0.26255574E+002  0.29809548E+002  0.33692145E+002  0.37916727E+002  0.42496597E+002
  0.14965970E+001  0.15055412E+001  0.15471934E+001  0.16360244E+001  0.17828137E+001  0.19965970E+001  0.22103802E+001  0.23571695E+001  0.24460005E+001  0.24876527E+001  0.24965970E+001  0.25011531E+001  0.25296100E+001  0.26017454E+001  0.27358021E+001  0.29491363E+001  0.32584803E+001  0.36800882E+001  0.42298274E+001  0.49232425E+001  0.57756015E+001  0.68019315E+001  0.80170434E+001  0.94355586E+001  0.11071926E+002  0.12940430E+002  0.15055220E+002  0.17430303E+002  0.20079560E+002  0.23016767E+002  0.26255574E+002  0.29809548E+002  0.33692145E+002  0.37916727E+002  0.42496597E+002
  0.14965970E+001  0.15055412E+001  0.15471934E+001  0.16360244E+001  0.17828137E+001  0.19965970E+001  0.22103802E+001  0.23571695E+001  0.24460005E+001  0.24876527E+001  0.24965970E+001  0.25011531E+001  0.25296100E+001  0.26017454E+001  0.27358021E+001  0.29491363E+001  0.32584803E+001  0.36800882E+001  0.42298274E+001  0.49232425E+001  0.57756015E+001  0.68019315E+001  0.80170434E+001  0.94355586E+001  0.11071926E+002  0.12940430E+002  0.15055220E+002  0.17430303E+002  0.20079560E+002  0.23016767E+002  0.26255574E+002  0.29809548E+002  0.33692145E+002  0.37916727E+002  0.42496597E+002
  0.14965966E+001  0.15055409E+001  0.15471931E+001  0.16360241E+001  0.17828134E+001  0.19965966E+001  0.22103799E+001  0.23571692E+001  0.24460002E+001  0.24876524E+001  0.24965966E+001  0.25011528E+001  0.25296096E+001  0.26017451E+001  0.27358018E+001  0.29491359E+001  0.32584800E+001  0.36800879E+001  0.42298271E+001  0.49232422E+001  0.57756012E+001  0.68019312E+001  0.80170431E+001  0.94355583E+001  0.11071925E+002  0.12940429E+002  0.15055220E+002  0.17430303E+002  0.20079560E+002  0.23016766E+002  0.26255574E+002  0.29809548E+002  0.33692145E+002  0.37916727E+002  0.42496597E+002
  0.14965868E+001  0.15055311E+001  0.15471833E+001  0.16360143E+001  0.17828036E+001  0.19965868E+001  0.22103701E+001  0.23571594E+001  0.24459904E+001  0.24876426E+001  0.24965868E+001  0.25011430E+001  0.25295998E+001  0.26017353E+001  0.27357920E+001  0.29491261E+001  0.32584702E+001  0.36800781E+001  0.42298173E+001  0.49232324E+001  0.57755914E+001  0.68019214E+001  0.80170333E+001  0.94355485E+001  0.11071916E+002  0.12940420E+002  0.15055210E+002  0.17430293E+002  0.20079550E+002  0.23016757E+002  0.26255564E+002  0.29809538E+002  0.33692135E+002  0.37916717E+002  0.42496587E+002
  0.14963523E+001  0.15052966E+001  0.15469487E+001  0.16357797E+001  0.17825690E+001  0.19963523E+001  0.22101356E+001  0.23569249E+001  0.24457558E+001  0.24874080E+001  0.24963523E+001  0.25009084E+001  0.25293653E+001  0.26015007E+001  0.27355575E+001  0.29488916E+001  0.32582356E+001  0.36798435E+001  0.42295827E+001  0.49229979E+001  0.57753568E+001  0.68016868E+001  0.80167987E+001  0.94353139E+001  0.11071681E+002  0.12940185E+002  0.15054975E+002  0.17430059E+002  0.20079315E+002  0.23016522E+002  0.26255329E+002  0.29809303E+002  0.33691900E+002  0.37916483E+002  0.42496352E+002
  0.14923478E+001  0.15012921E+001  0.15429443E+001  0.16317752E+001  0.17785645E+001  0.19923478E+001  0.22061311E+001  0.23529204E+001  0.24417514E+001  0.24834035E+001  0.24923478E+001  0.24969040E+001  0.25253608E+001  0.25974963E+001  0.27315530E+001  0.29448871E+001  0.32542312E+001  0.36758391E+001  0.42255783E+001  0.49189934E+001  0.57713524E+001  0.67976823E+001  0.80127942E+001  0.94313095E+001  0.11067677E+002  0.12936181E+002  0.15050971E+002  0.17426054E+002  0.20075311E+002  0.23012518E+002  0.26251325E+002  0.29805299E+002  0.33687896E+002  0.37912478E+002  0.42492348E+002
  0.14480291E+001  0.14480292E+001  0.14896814E+001  0.14896825E+001  0.14896844E+001  0.14896871E+001  0.14896904E+001  0.14896927E+001  0.14896941E+001  0.14896947E+001  0.14986390E+001  0.15031952E+001  0.15316520E+001  0.16037874E+001  0.17378442E+001  0.19511783E+001  0.22605224E+001  0.26821303E+001  0.32318694E+001  0.39252846E+001  0.47776436E+001  0.58039735E+001  0.70190855E+001  0.84376007E+001  0.10073968E+002  0.11942472E+002  0.14057262E+002  0.16432345E+002  0.19081602E+002  0.22018809E+002  0.25257616E+002  0.28811590E+002  0.32694187E+002  0.36918770E+002  0.41498639E+002
  0.11712624E+001  0.11712624E+001  0.13275071E+001  0.13277202E+001  0.14299207E+001  0.14299205E+001  0.19124371E+001  0.19138428E+001  0.19664641E+001  0.19939745E+001  0.20029187E+001  0.20074749E+001  0.20359317E+001  0.21080672E+001  0.22421239E+001  0.24554580E+001  0.27648021E+001  0.31864100E+001  0.37361492E+001  0.44295643E+001  0.52819233E+001  0.63082532E+001  0.75233651E+001  0.89418804E+001  0.89418170E+001  0.14110528E+002  0.14226489E+002  0.16601572E+002  0.19250829E+002  0.22188035E+002  0.25426843E+002  0.28980817E+002  0.32863413E+002  0.37087996E+002  0.41667865E+002
  0.11633530E+001  0.11633530E+001  0.11633530E+001  0.11633531E+001  0.11633531E+001  0.11633533E+001  0.11633534E+001  0.11633535E+001  0.11633535E+001  0.11633535E+001  0.11633535E+001  0.11633535E+001  0.11633536E+001  0.11633536E+001  0.11633538E+001  0.11633542E+001  0.11633547E+001  0.11633554E+001  0.11633563E+001  0.11633574E+001  0.11633588E+001  0.11633605E+001  0.11633625E+001  0.11633649E+001  0.11633676E+001  0.11633707E+001  0.14052052E+002  0.14052106E+002  0.14052256E+002  0.14052516E+002  0.14052917E+002  0.14053338E+002  0.14053928E+002  0.14054722E+002  0.14055762E+002
  0.12894996E+001  0.12894998E+001  0.12895007E+001  0.12895010E+001  0.12895016E+001  0.12895027E+001  0.12895039E+001  0.12895047E+001  0.12895051E+001  0.12895054E+001  0.12895054E+001  0.12895054E+001  0.12895056E+001  0.12895060E+001  0.15418806E+001  0.15418819E+001  0.15418843E+001  0.15418886E+001  0.15418957E+001  0.15418993E+001  0.15419097E+001  0.15419372E+001  0.15420093E+001  0.15420955E+001  0.15421973E+001  0.15423160E+001  0.15424524E+001  0.15949088E+002  0.18801275E+002  0.21454534E+002  0.24380849E+002  0.27934823E+002  0.31817420E+002  0.36042002E+002  0.40621872E+002
  0.20569827E+001  0.20649552E+001  0.21027389E+001  0.21899255E+001  0.23593019E+001  0.26772277E+001  0.26805712E+001  0.26825256E+001  0.26837088E+001  0.26842685E+001  0.26843887E+001  0.26844497E+001  0.26848306E+001  0.26857959E+001  0.26874850E+001  0.26896290E+001  0.29989731E+001  0.34205810E+001  0.39703202E+001  0.25115037E+001  0.38000259E+001  0.65382445E+001  0.12582817E+002  0.12849519E+002  0.13114235E+002  0.13366831E+002  0.13541150E+002  0.13693757E+002  0.19088490E+002  0.19131823E+002  0.22370630E+002  0.25924604E+002  0.29807201E+002  0.34031784E+002  0.38611653E+002
