  0.23215696E+001  0.23305139E+001  0.23721660E+001  0.24609970E+001  0.26077863E+001  0.28215696E+001  0.30353529E+001  0.31821422E+001  0.32709731E+001  0.33126253E+001  0.33215696E+001  0.33261257E+001  0.33545826E+001  0.34267180E+001  0.35607748E+001  0.37741089E+001  0.40834529E+001  0.45050608E+001  0.50548000E+001  0.57482151E+001  0.66005741E+001  0.76269040E+001  0.88420159E+001  0.10260531E+002  0.11896898E+002  0.13765402E+002  0.15880192E+002  0.18255276E+002  0.20904532E+002  0.23841739E+002  0.27080546E+002  0.30634520E+002  0.34517117E+002  0.38741699E+002  0.43321569E+002
  0.23215696E+001  0.23305139E+001  0.23721660E+001  0.24609970E+001  0.26077863E+001  0.28215696E+001  0.30353529E+001  0.31821422E+001  0.32709731E+001  0.33126253E+001  0.33215696E+001  0.33261257E+001  0.33545826E+001  0.34267180E+001  0.35607748E+001  0.37741089E+001  0.40834529E+001  0.45050608E+001  0.50548000E+001  0.57482151E+001  0.66005741E+001  0.76269040E+001  0.88420159E+001  0.10260531E+002  0.11896898E+002  0.13765402E+002  0.15880192E+002  0.18255276E+002  0.20904532E+002  0.23841739E+002  0.27080546E+002  0.30634520E+002  0.34517117E+002  0.38741699E+002  0.43321569E+002
  0.23215696E+001  0.23305139E+001  0.23721660E+001  0.24609970E+001  0.26077863E+001  0.28215696E+001  0.30353529E+001  0.31821422E+001  0.32709731E+001  0.33126253E+001  0.33215696E+001  0.33261257E+001  0.33545826E+001  0.34267180E+001  0.35607748E+001  0.37741089E+001  0.40834529E+001  0.45050608E+001  0.50548000E+001  0.57482151E+001  0.66005741E+001  0.76269040E+001  0.88420159E+001  0.10260531E+002  0.11896898E+002  0.13765402E+002  0.15880192E+002  0.18255276E+002  0.20904532E+002  0.23841739E+002  0.27080546E+002  0.30634520E+002  0.34517117E+002  0.38741699E+002  0.43321569E+002
  0.23215696E+001  0.23305139E+001  0.23721660E+001  0.24609970E+001  0.26077863E+001  0.28215696E+001  0.30353529E+001  0.31821422E+001  0.32709731E+001  0.33126253E+001  0.33215696E+001  0.33261257E+001  0.33545826E+001  0.34267180E+001  0.35607748E+001  0.37741089E+001  0.40834529E+001  0.45050608E+001  0.50548000E+001  0.57482151E+001  0.66005741E+001  0.76269040E+001  0.88420159E+001  0.10260531E+002  0.11896898E+002  0.13765402E+002  0.15880192E+002  0.18255276E+002  0.20904532E+002  0.23841739E+002  0.27080546E+002  0.30634520E+002  0.34517117E+002  0.38741699E+002  0.43321569E+002
  0.23215696E+001  0.23305139E+001  0.23721660E+001  0.24609970E+001  0.26077863E+001  0.28215696E+001  0.30353529E+001  0.31821422E+001  0.32709731E+001  0.33126253E+001  0.33215696E+001  0.33261257E+001  0.33545826E+001  0.34267180E+001  0.35607748E+001  0.37741089E+001  0.40834529E+001  0.45050608E+001  0.50548000E+001  0.57482151E+001  0.66005741E+001  0.76269040E+001  0.88420159E+001  0.10260531E+002  0.11896898E+002  0.13765402E+002  0.15880192E+002  0.18255276E+002  0.20904532E+002  0.23841739E+002  0.27080546E+002  0.30634520E+002  0.34517117E+002  0.38741699E+002  0.43321569E+002
  0.23215696E+001  0.23305139E+001  0.23721660E+001  0.24609970E+001  0.26077863E+001  0.28215696E+001  0.30353529E+001  0.31821422E+001  0.32709731E+001  0.33126253E+001  0.33215696E+001  0.33261257E+001  0.33545826E+001  0.34267180E+001  0.35607748E+001  0.37741089E+001  0.40834529E+001  0.45050608E+001  0.50548000E+001  0.57482151E+001  0.66005741E+001  0.76269040E+001  0.88420159E+001  0.10260531E+002  0.11896898E+002  0.13765402E+002  0.15880192E+002  0.18255276E+002  0.20904532E+002  0.23841739E+002  0.27080546E+002  0.30634520E+002  0.34517117E+002  0.38741699E+002  0.43321569E+002
  0.23215696E+001  0.23305139E+001  0.23721660E+001  0.24609970E+001  0.26077863E+001  0.28215696E+001  0.30353529E+001  0.31821422E+001  0.32709731E+001  0.33126253E+001  0.33215696E+001  0.33261257E+001  0.33545826E+001  0.34267180E+001  0.35607748E+001  0.37741089E+001  0.40834529E+001  0.45050608E+001  0.50548000E+001  0.57482151E+001  0.66005741E+001  0.76269040E+001  0.88420159E+001  0.10260531E+002  0.11896898E+002  0.13765402E+002  0.15880192E+002  0.18255276E+002  0.20904532E+002  0.23841739E+002  0.27080546E+002  0.30634520E+002  0.34517117E+002  0.38741699E+002  0.43321569E+002
  0.23215696E+001  0.23305139E+001  0.23721660E+001  0.24609970E+001  0.26077863E+001  0.28215696E+001  0.30353529E+001  0.31821422E+001  0.32709731E+001  0.33126253E+001  0.33215696E+001  0.33261257E+001  0.33545826E+001  0.34267180E+001  0.35607748E+001  0.37741089E+001  0.40834529E+001  0.45050608E+001  0.50548000E+001  0.57482151E+001  0.66005741E+001  0.76269040E+001  0.88420159E+001  0.10260531E+002  0.11896898E+002  0.13765402E+002  0.15880192E+002  0.18255276E+002  0.20904532E+002  0.23841739E+002  0.27080546E+002  0.30634520E+002  0.34517117E+002  0.38741699E+002  0.43321569E+002
  0.23215696E+001  0.23305139E+001  0.23721660E+001  0.24609970E+001  0.26077863E+001  0.28215696E+001  0.30353529E+001  0.31821422E+001  0.32709731E+001  0.33126253E+001  0.33215696E+001  0.33261257E+001  0.33545826E+001  0.34267180E+001  0.35607748E+001  0.37741089E+001  0.40834529E+001  0.45050608E+001  0.50548000E+001  0.57482151E+001  0.66005741E+001  0.76269040E+001  0.88420159E+001  0.10260531E+002  0.11896898E+002  0.13765402E+002  0.15880192E+002  0.18255276E+002  0.20904532E+002  0.23841739E+002  0.27080546E+002  0.30634520E+002  0.34517117E+002  0.38741699E+002  0.43321569E+002
  0.23215696E+001  0.23305139E+001  0.23721660E+001  0.24609970E+001  0.26077863E+001  0.28215696E+001  0.30353529E+001  0.31821422E+001  0.32709731E+001  0.33126253E+001  0.33215696E+001  0.33261257E+001  0.33545826E+001  0.34267180E+001  0.35607748E+001  0.37741089E+001  0.40834529E+001  0.45050608E+001  0.50548000E+001  0.57482151E+001  0.66005741E+001  0.76269040E+001  0.88420159E+001  0.10260531E+002  0.11896898E+002  0.13765402E+002  0.15880192E+002  0.18255276E+002  0.20904532E+002  0.23841739E+002  0.27080546E+002  0.30634520E+002  0.34517117E+002  0.38741699E+002  0.43321569E+002
  0.23215696E+001  0.23305139E+001  0.23721660E+001  0.24609970E+001  0.26077863E+001  0.28215696E+001  0.30353529E+001  0.31821422E+001  0.32709731E+001  0.33126253E+001  0.33215696E+001  0.33261257E+001  0.33545826E+001  0.34267180E+001  0.35607748E+001  0.37741089E+001  0.40834529E+001  0.45050608E+001  0.50548000E+001  0.57482151E+001  0.66005741E+001  0.76269040E+001  0.88420159E+001  0.10260531E+002  0.11896898E+002  0.13765402E+002  0.15880192E+002  0.18255276E+002  0.20904532E+002  0.23841739E+002  0.27080546E+002  0.30634520E+002  0.34517117E+002  0.38741699E+002  0.43321569E+002
  0.23215696E+001  0.23305139E+001  0.23721660E+001  0.24609970E+001  0.26077863E+001  0.28215696E+001  0.30353529E+001  0.31821422E+001  0.32709731E+001  0.33126253E+001  0.33215696E+001  0.33261257E+001  0.33545826E+001  0.34267180E+001  0.35607748E+001  0.37741089E+001  0.40834529E+001  0.45050608E+001  0.50548000E+001  0.57482151E+001  0.66005741E+001  0.76269040E+001  0.88420159E+001  0.10260531E+002  0.11896898E+002  0.13765402E+002  0.15880192E+002  0.18255276E+002  0.20904532E+002  0.23841739E+002  0.27080546E+002  0.30634520E+002  0.34517117E+002  0.38741699E+002  0.43321569E+002
  0.23215696E+001  0.23305139E+001  0.23721660E+001  0.24609970E+001  0.26077863E+001  0.28215696E+001  0.30353529E+001  0.31821422E+001  0.32709731E+001  0.33126253E+001  0.33215696E+001  0.33261257E+001  0.33545826E+001  0.34267180E+001  0.35607748E+001  0.37741089E+001  0.40834529E+001  0.45050608E+001  0.50548000E+001  0.57482151E+001  0.66005741E+001  0.76269040E+001  0.88420159E+001  0.10260531E+002  0.11896898E+002  0.13765402E+002  0.15880192E+002  0.18255276E+002  0.20904532E+002  0.23841739E+002  0.27080546E+002  0.30634520E+002  0.34517117E+002  0.38741699E+002  0.43321569E+002
  0.23215696E+001  0.23305139E+001  0.23721660E+001  0.24609970E+001  0.26077863E+001  0.28215696E+001  0.30353529E+001  0.31821422E+001  0.32709731E+001  0.33126253E+001  0.33215696E+001  0.33261257E+001  0.33545826E+001  0.34267180E+001  0.35607748E+001  0.37741089E+001  0.40834529E+001  0.45050608E+001  0.50548000E+001  0.57482151E+001  0.66005741E+001  0.76269040E+001  0.88420159E+001  0.10260531E+002  0.11896898E+002  0.13765402E+002  0.15880192E+002  0.18255276E+002  0.20904532E+002  0.23841739E+002  0.27080546E+002  0.30634520E+002  0.34517117E+002  0.38741699E+002  0.43321569E+002
  0.23215696E+001  0.23305139E+001  0.23721660E+001  0.24609970E+001  0.26077863E+001  0.28215696E+001  0.30353529E+001  0.31821422E+001  0.32709731E+001  0.33126253E+001  0.33215696E+001  0.33261257E+001  0.33545826E+001  0.34267180E+001  0.35607748E+001  0.37741089E+001  0.40834529E+001  0.45050608E+001  0.50548000E+001  0.57482151E+001  0.66005741E+001  0.76269040E+001  0.88420159E+001  0.10260531E+002  0.11896898E+002  0.13765402E+002  0.15880192E+002  0.18255276E+002  0.20904532E+002  0.23841739E+002  0.27080546E+002  0.30634520E+002  0.34517117E+002  0.38741699E+002  0.43321569E+002
  0.23215696E+001  0.23305139E+001  0.23721660E+001  0.24609970E+001  0.26077863E+001  0.28215696E+001  0.30353529E+001  0.31821422E+001  0.32709731E+001  0.33126253E+001  0.33215696E+001  0.33261257E+001  0.33545826E+001  0.34267180E+001  0.35607748E+001  0.37741089E+001  0.40834529E+001  0.45050608E+001  0.50548000E+001  0.57482151E+001  0.66005741E+001  0.76269040E+001  0.88420159E+001  0.10260531E+002  0.11896898E+002  0.13765402E+002  0.15880192E+002  0.18255276E+002  0.20904532E+002  0.23841739E+002  0.27080546E+002  0.30634520E+002  0.34517117E+002  0.38741699E+002  0.43321569E+002
  0.23215695E+001  0.23305138E+001  0.23721660E+001  0.24609970E+001  0.26077863E+001  0.28215695E+001  0.30353528E+001  0.31821421E+001  0.32709731E+001  0.33126252E+001  0.33215695E+001  0.33261257E+001  0.33545825E+001  0.34267180E+001  0.35607747E+001  0.37741088E+001  0.40834529E+001  0.45050608E+001  0.50547999E+001  0.57482151E+001  0.66005740E+001  0.76269040E+001  0.88420159E+001  0.10260531E+002  0.11896898E+002  0.13765402E+002  0.15880192E+002  0.18255276E+002  0.20904532E+002  0.23841739E+002  0.27080546E+002  0.30634520E+002  0.34517117E+002  0.38741699E+002  0.43321569E+002
  0.23215625E+001  0.23305068E+001  0.23721589E+001  0.24609899E+001  0.26077792E+001  0.28215625E+001  0.30353458E+001  0.31821351E+001  0.32709660E+001  0.33126182E+001  0.33215625E+001  0.33261186E+001  0.33545755E+001  0.34267109E+001  0.35607677E+001  0.37741018E+001  0.40834458E+001  0.45050537E+001  0.50547929E+001  0.57482080E+001  0.66005670E+001  0.76268969E+001  0.88420088E+001  0.10260524E+002  0.11896891E+002  0.13765395E+002  0.15880185E+002  0.18255268E+002  0.20904525E+002  0.23841732E+002  0.27080539E+002  0.30634513E+002  0.34517110E+002  0.38741692E+002  0.43321562E+002
  0.23209565E+001  0.23299008E+001  0.23715530E+001  0.24603840E+001  0.26071733E+001  0.28209565E+001  0.30347398E+001  0.31815291E+001  0.32703601E+001  0.33120123E+001  0.33209565E+001  0.33255127E+001  0.33539695E+001  0.34261050E+001  0.35601617E+001  0.37734958E+001  0.40828399E+001  0.45044478E+001  0.50541869E+001  0.57476021E+001  0.65999610E+001  0.76262910E+001  0.88414029E+001  0.10259918E+002  0.11896285E+002  0.13764789E+002  0.15879579E+002  0.18254663E+002  0.20903919E+002  0.23841126E+002  0.27079933E+002  0.30633907E+002  0.34516504E+002  0.38741086E+002  0.43320956E+002
  0.22853459E+001  0.22942902E+001  0.23359424E+001  0.24247734E+001  0.25715627E+001  0.27853459E+001  0.29991292E+001  0.31459185E+001  0.32347495E+001  0.32764017E+001  0.32853459E+001  0.32899021E+001  0.33183589E+001  0.33904944E+001  0.35245511E+001  0.37378852E+001  0.40472293E+001  0.44688372E+001  0.50185763E+001  0.57119915E+001  0.65643504E+001  0.75906804E+001  0.88057923E+001  0.10224307E+002  0.11860674E+002  0.13729179E+002  0.15843969E+002  0.18219052E+002  0.20868309E+002  0.23805515E+002  0.27044323E+002  0.30598296E+002  0.34480893E+002  0.38705476E+002  0.43285345E+002
  0.10806668E+001  0.10806667E+001  0.11223189E+001  0.12111499E+001  0.13579392E+001  0.15717225E+001  0.17855057E+001  0.19322950E+001  0.20211260E+001  0.20627782E+001  0.20717225E+001  0.20762786E+001  0.21047355E+001  0.21768709E+001  0.23109276E+001  0.25242618E+001  0.28336058E+001  0.32552137E+001  0.38049529E+001  0.44983680E+001  0.53507270E+001  0.63770569E+001  0.75921688E+001  0.90106840E+001  0.10647051E+002  0.12515555E+002  0.14630345E+002  0.17005429E+002  0.19654685E+002  0.22591892E+002  0.25830699E+002  0.29384673E+002  0.33267270E+002  0.37491852E+002  0.42071722E+002
  0.77909856E-003  0.77909797E-003  0.77909525E-003  0.77897570E-003  0.77896610E-003  0.77895211E-003  0.77894213E-003  0.77893253E-003  0.89609904E-001  0.13126208E+000  0.14020635E+000  0.14476251E+000  0.17321935E+000  0.24535479E+000  0.37941154E+000  0.59274566E+000  0.90208971E+000  0.13236976E+001  0.18734368E+001  0.25668519E+001  0.34192109E+001  0.44455409E+001  0.56606528E+001  0.70791681E+001  0.87155351E+001  0.10584039E+002  0.12698829E+002  0.15073913E+002  0.17723170E+002  0.20660376E+002  0.23899184E+002  0.27453158E+002  0.31335755E+002  0.35560337E+002  0.40140207E+002
 -0.86025986E-002 -0.86025943E-002 -0.86025746E-002 -0.86025325E-002 -0.86024630E-002 -0.86023618E-002 -0.86022605E-002 -0.86021910E-002 -0.86021490E-002 -0.86021292E-002 -0.86021250E-002 -0.86021228E-002 -0.86021094E-002 -0.86020752E-002 -0.86020117E-002 -0.86019107E-002 -0.86017641E-002  0.41300616E+000  0.96274534E+000  0.16561605E+001  0.25085195E+001  0.35348494E+001  0.47499614E+001  0.61684766E+001  0.78048437E+001  0.96733478E+001  0.11788138E+002  0.14163221E+002  0.16812478E+002  0.19749685E+002  0.22988492E+002  0.26542466E+002  0.30425063E+002  0.34649646E+002  0.39229516E+002
  0.68970494E-001  0.68970602E-001  0.68971105E-001  0.68972178E-001  0.68974067E-001  0.68976679E-001  0.68979300E-001  0.68981104E-001  0.68982196E-001  0.68982709E-001  0.68982819E-001  0.68982875E-001  0.68983226E-001  0.68984115E-001  0.68987360E-001  0.68989079E-001  0.68991811E-001  0.49059974E+000  0.10403389E+001  0.17337540E+001  0.25861130E+001  0.36124430E+001  0.48275549E+001  0.62460702E+001  0.78824372E+001  0.97509414E+001  0.11865732E+002  0.14240815E+002  0.16890072E+002  0.19827278E+002  0.23066086E+002  0.26620060E+002  0.30502657E+002  0.34727239E+002  0.39307109E+002
  0.23130415E+001  0.23132738E+001  0.23142098E+001  0.23168795E+001  0.24636688E+001  0.23429676E+001  0.23505378E+001  0.23554500E+001  0.23583736E+001  0.23597461E+001  0.23600411E+001  0.23601802E+001  0.23610429E+001  0.23632435E+001  0.23673185E+001  0.21702475E+001  0.23703696E+001  0.27919775E+001  0.33417167E+001  0.40351318E+001  0.48874908E+001  0.59138207E+001  0.71289326E+001  0.85474478E+001  0.10183815E+002  0.12052319E+002  0.14167109E+002  0.16542192E+002  0.19191449E+002  0.22128656E+002  0.25367463E+002  0.28921437E+002  0.32804034E+002  0.37028616E+002  0.41608486E+002
