  0.86946678E+000  0.87841106E+000  0.92006323E+000  0.10088942E+001  0.11556835E+001  0.13694668E+001  0.15832501E+001  0.17300394E+001  0.18188703E+001  0.18605225E+001  0.18694668E+001  0.18740229E+001  0.19024798E+001  0.19746152E+001  0.21086720E+001  0.23220061E+001  0.26313501E+001  0.30529581E+001  0.36026972E+001  0.42961124E+001  0.51484713E+001  0.61748013E+001  0.73899132E+001  0.88084284E+001  0.10444795E+002  0.12313300E+002  0.14428090E+002  0.16803173E+002  0.19452430E+002  0.22389637E+002  0.25628444E+002  0.29182418E+002  0.33065015E+002  0.37289597E+002  0.41869467E+002
  0.86946678E+000  0.87841106E+000  0.92006323E+000  0.10088942E+001  0.11556835E+001  0.13694668E+001  0.15832501E+001  0.17300394E+001  0.18188703E+001  0.18605225E+001  0.18694668E+001  0.18740229E+001  0.19024798E+001  0.19746152E+001  0.21086720E+001  0.23220061E+001  0.26313501E+001  0.30529581E+001  0.36026972E+001  0.42961124E+001  0.51484713E+001  0.61748013E+001  0.73899132E+001  0.88084284E+001  0.10444795E+002  0.12313300E+002  0.14428090E+002  0.16803173E+002  0.19452430E+002  0.22389637E+002  0.25628444E+002  0.29182418E+002  0.33065015E+002  0.37289597E+002  0.41869467E+002
  0.86946678E+000  0.87841106E+000  0.92006323E+000  0.10088942E+001  0.11556835E+001  0.13694668E+001  0.15832501E+001  0.17300394E+001  0.18188703E+001  0.18605225E+001  0.18694668E+001  0.18740229E+001  0.19024798E+001  0.19746152E+001  0.21086720E+001  0.23220061E+001  0.26313501E+001  0.30529581E+001  0.36026972E+001  0.42961124E+001  0.51484713E+001  0.61748013E+001  0.73899132E+001  0.88084284E+001  0.10444795E+002  0.12313300E+002  0.14428090E+002  0.16803173E+002  0.19452430E+002  0.22389637E+002  0.25628444E+002  0.29182418E+002  0.33065015E+002  0.37289597E+002  0.41869467E+002
  0.86946678E+000  0.87841106E+000  0.92006323E+000  0.10088942E+001  0.11556835E+001  0.13694668E+001  0.15832501E+001  0.17300394E+001  0.18188703E+001  0.18605225E+001  0.18694668E+001  0.18740229E+001  0.19024798E+001  0.19746152E+001  0.21086720E+001  0.23220061E+001  0.26313501E+001  0.30529581E+001  0.36026972E+001  0.42961124E+001  0.51484713E+001  0.61748013E+001  0.73899132E+001  0.88084284E+001  0.10444795E+002  0.12313300E+002  0.14428090E+002  0.16803173E+002  0.19452430E+002  0.22389637E+002  0.25628444E+002  0.29182418E+002  0.33065015E+002  0.37289597E+002  0.41869467E+002
  0.86946678E+000  0.87841106E+000  0.92006323E+000  0.10088942E+001  0.11556835E+001  0.13694668E+001  0.15832501E+001  0.17300394E+001  0.18188703E+001  0.18605225E+001  0.18694668E+001  0.18740229E+001  0.19024798E+001  0.19746152E+001  0.21086720E+001  0.23220061E+001  0.26313501E+001  0.30529581E+001  0.36026972E+001  0.42961124E+001  0.51484713E+001  0.61748013E+001  0.73899132E+001  0.88084284E+001  0.10444795E+002  0.12313300E+002  0.14428090E+002  0.16803173E+002  0.19452430E+002  0.22389637E+002  0.25628444E+002  0.29182418E+002  0.33065015E+002  0.37289597E+002  0.41869467E+002
  0.86946678E+000  0.87841106E+000  0.92006323E+000  0.10088942E+001  0.11556835E+001  0.13694668E+001  0.15832501E+001  0.17300394E+001  0.18188703E+001  0.18605225E+001  0.18694668E+001  0.18740229E+001  0.19024798E+001  0.19746152E+001  0.21086720E+001  0.23220061E+001  0.26313501E+001  0.30529581E+001  0.36026972E+001  0.42961124E+001  0.51484713E+001  0.61748013E+001  0.73899132E+001  0.88084284E+001  0.10444795E+002  0.12313300E+002  0.14428090E+002  0.16803173E+002  0.19452430E+002  0.22389637E+002  0.25628444E+002  0.29182418E+002  0.33065015E+002  0.37289597E+002  0.41869467E+002
  0.86946678E+000  0.87841106E+000  0.92006323E+000  0.10088942E+001  0.11556835E+001  0.13694668E+001  0.15832501E+001  0.17300394E+001  0.18188703E+001  0.18605225E+001  0.18694668E+001  0.18740229E+001  0.19024798E+001  0.19746152E+001  0.21086720E+001  0.23220061E+001  0.26313501E+001  0.30529581E+001  0.36026972E+001  0.42961124E+001  0.51484713E+001  0.61748013E+001  0.73899132E+001  0.88084284E+001  0.10444795E+002  0.12313300E+002  0.14428090E+002  0.16803173E+002  0.19452430E+002  0.22389637E+002  0.25628444E+002  0.29182418E+002  0.33065015E+002  0.37289597E+002  0.41869467E+002
  0.86946678E+000  0.87841106E+000  0.92006323E+000  0.10088942E+001  0.11556835E+001  0.13694668E+001  0.15832501E+001  0.17300394E+001  0.18188703E+001  0.18605225E+001  0.18694668E+001  0.18740229E+001  0.19024798E+001  0.19746152E+001  0.21086720E+001  0.23220061E+001  0.26313501E+001  0.30529581E+001  0.36026972E+001  0.42961124E+001  0.51484713E+001  0.61748013E+001  0.73899132E+001  0.88084284E+001  0.10444795E+002  0.12313300E+002  0.14428090E+002  0.16803173E+002  0.19452430E+002  0.22389637E+002  0.25628444E+002  0.29182418E+002  0.33065015E+002  0.37289597E+002  0.41869467E+002
  0.86946678E+000  0.87841106E+000  0.92006323E+000  0.10088942E+001  0.11556835E+001  0.13694668E+001  0.15832501E+001  0.17300394E+001  0.18188703E+001  0.18605225E+001  0.18694668E+001  0.18740229E+001  0.19024798E+001  0.19746152E+001  0.21086720E+001  0.23220061E+001  0.26313501E+001  0.30529581E+001  0.36026972E+001  0.42961124E+001  0.51484713E+001  0.61748013E+001  0.73899132E+001  0.88084284E+001  0.10444795E+002  0.12313300E+002  0.14428090E+002  0.16803173E+002  0.19452430E+002  0.22389637E+002  0.25628444E+002  0.29182418E+002  0.33065015E+002  0.37289597E+002  0.41869467E+002
  0.86946678E+000  0.87841106E+000  0.92006323E+000  0.10088942E+001  0.11556835E+001  0.13694668E+001  0.15832501E+001  0.17300394E+001  0.18188703E+001  0.18605225E+001  0.18694668E+001  0.18740229E+001  0.19024798E+001  0.19746152E+001  0.21086720E+001  0.23220061E+001  0.26313501E+001  0.30529581E+001  0.36026972E+001  0.42961124E+001  0.51484713E+001  0.61748013E+001  0.73899132E+001  0.88084284E+001  0.10444795E+002  0.12313300E+002  0.14428090E+002  0.16803173E+002  0.19452430E+002  0.22389637E+002  0.25628444E+002  0.29182418E+002  0.33065015E+002  0.37289597E+002  0.41869467E+002
  0.86946678E+000  0.87841106E+000  0.92006323E+000  0.10088942E+001  0.11556835E+001  0.13694668E+001  0.15832501E+001  0.17300394E+001  0.18188703E+001  0.18605225E+001  0.18694668E+001  0.18740229E+001  0.19024798E+001  0.19746152E+001  0.21086720E+001  0.23220061E+001  0.26313501E+001  0.30529581E+001  0.36026972E+001  0.42961124E+001  0.51484713E+001  0.61748013E+001  0.73899132E+001  0.88084284E+001  0.10444795E+002  0.12313300E+002  0.14428090E+002  0.16803173E+002  0.19452430E+002  0.22389637E+002  0.25628444E+002  0.29182418E+002  0.33065015E+002  0.37289597E+002  0.41869467E+002
  0.86946678E+000  0.87841106E+000  0.92006323E+000  0.10088942E+001  0.11556835E+001  0.13694668E+001  0.15832501E+001  0.17300394E+001  0.18188703E+001  0.18605225E+001  0.18694668E+001  0.18740229E+001  0.19024798E+001  0.19746152E+001  0.21086720E+001  0.23220061E+001  0.26313501E+001  0.30529581E+001  0.36026972E+001  0.42961124E+001  0.51484713E+001  0.61748013E+001  0.73899132E+001  0.88084284E+001  0.10444795E+002  0.12313300E+002  0.14428090E+002  0.16803173E+002  0.19452430E+002  0.22389637E+002  0.25628444E+002  0.29182418E+002  0.33065015E+002  0.37289597E+002  0.41869467E+002
  0.86946678E+000  0.87841106E+000  0.92006323E+000  0.10088942E+001  0.11556835E+001  0.13694668E+001  0.15832501E+001  0.17300394E+001  0.18188703E+001  0.18605225E+001  0.18694668E+001  0.18740229E+001  0.19024798E+001  0.19746152E+001  0.21086720E+001  0.23220061E+001  0.26313501E+001  0.30529581E+001  0.36026972E+001  0.42961124E+001  0.51484713E+001  0.61748013E+001  0.73899132E+001  0.88084284E+001  0.10444795E+002  0.12313300E+002  0.14428090E+002  0.16803173E+002  0.19452430E+002  0.22389637E+002  0.25628444E+002  0.29182418E+002  0.33065015E+002  0.37289597E+002  0.41869467E+002
  0.86946678E+000  0.87841106E+000  0.92006323E+000  0.10088942E+001  0.11556835E+001  0.13694668E+001  0.15832501E+001  0.17300394E+001  0.18188703E+001  0.18605225E+001  0.18694668E+001  0.18740229E+001  0.19024798E+001  0.19746152E+001  0.21086720E+001  0.23220061E+001  0.26313501E+001  0.30529581E+001  0.36026972E+001  0.42961124E+001  0.51484713E+001  0.61748013E+001  0.73899132E+001  0.88084284E+001  0.10444795E+002  0.12313300E+002  0.14428090E+002  0.16803173E+002  0.19452430E+002  0.22389637E+002  0.25628444E+002  0.29182418E+002  0.33065015E+002  0.37289597E+002  0.41869467E+002
  0.86946678E+000  0.87841106E+000  0.92006323E+000  0.10088942E+001  0.11556835E+001  0.13694668E+001  0.15832501E+001  0.17300394E+001  0.18188703E+001  0.18605225E+001  0.18694668E+001  0.18740229E+001  0.19024798E+001  0.19746152E+001  0.21086720E+001  0.23220061E+001  0.26313501E+001  0.30529581E+001  0.36026972E+001  0.42961124E+001  0.51484713E+001  0.61748013E+001  0.73899132E+001  0.88084284E+001  0.10444795E+002  0.12313300E+002  0.14428090E+002  0.16803173E+002  0.19452430E+002  0.22389637E+002  0.25628444E+002  0.29182418E+002  0.33065015E+002  0.37289597E+002  0.41869467E+002
  0.86946678E+000  0.87841106E+000  0.92006323E+000  0.10088942E+001  0.11556835E+001  0.13694668E+001  0.15832501E+001  0.17300394E+001  0.18188703E+001  0.18605225E+001  0.18694668E+001  0.18740229E+001  0.19024798E+001  0.19746152E+001  0.21086720E+001  0.23220061E+001  0.26313501E+001  0.30529581E+001  0.36026972E+001  0.42961124E+001  0.51484713E+001  0.61748013E+001  0.73899132E+001  0.88084284E+001  0.10444795E+002  0.12313300E+002  0.14428090E+002  0.16803173E+002  0.19452430E+002  0.22389637E+002  0.25628444E+002  0.29182418E+002  0.33065015E+002  0.37289597E+002  0.41869467E+002
  0.86946678E+000  0.87841105E+000  0.92006322E+000  0.10088942E+001  0.11556835E+001  0.13694668E+001  0.15832501E+001  0.17300394E+001  0.18188703E+001  0.18605225E+001  0.18694668E+001  0.18740229E+001  0.19024798E+001  0.19746152E+001  0.21086720E+001  0.23220061E+001  0.26313501E+001  0.30529580E+001  0.36026972E+001  0.42961123E+001  0.51484713E+001  0.61748013E+001  0.73899132E+001  0.88084284E+001  0.10444795E+002  0.12313300E+002  0.14428090E+002  0.16803173E+002  0.19452430E+002  0.22389637E+002  0.25628444E+002  0.29182418E+002  0.33065015E+002  0.37289597E+002  0.41869467E+002
  0.86946633E+000  0.87841060E+000  0.92006277E+000  0.10088937E+001  0.11556830E+001  0.13694663E+001  0.15832496E+001  0.17300389E+001  0.18188699E+001  0.18605221E+001  0.18694663E+001  0.18740225E+001  0.19024793E+001  0.19746148E+001  0.21086715E+001  0.23220056E+001  0.26313497E+001  0.30529576E+001  0.36026968E+001  0.42961119E+001  0.51484709E+001  0.61748008E+001  0.73899128E+001  0.88084280E+001  0.10444795E+002  0.12313299E+002  0.14428089E+002  0.16803173E+002  0.19452430E+002  0.22389636E+002  0.25628443E+002  0.29182417E+002  0.33065014E+002  0.37289597E+002  0.41869466E+002
  0.86944342E+000  0.87838770E+000  0.92003987E+000  0.10088708E+001  0.11556601E+001  0.13694434E+001  0.15832267E+001  0.17300160E+001  0.18188470E+001  0.18604991E+001  0.18694434E+001  0.18739996E+001  0.19024564E+001  0.19745919E+001  0.21086486E+001  0.23219827E+001  0.26313268E+001  0.30529347E+001  0.36026739E+001  0.42960890E+001  0.51484480E+001  0.61747779E+001  0.73898899E+001  0.88084051E+001  0.10444772E+002  0.12313276E+002  0.14428066E+002  0.16803150E+002  0.19452407E+002  0.22389613E+002  0.25628420E+002  0.29182394E+002  0.33064991E+002  0.37289574E+002  0.41869443E+002
  0.86859900E+000  0.87754327E+000  0.91919545E+000  0.10080264E+001  0.11548157E+001  0.13685990E+001  0.15823823E+001  0.17291716E+001  0.18180026E+001  0.18596547E+001  0.18685990E+001  0.18731552E+001  0.19016120E+001  0.19737474E+001  0.21078042E+001  0.23211383E+001  0.26304823E+001  0.30520903E+001  0.36018294E+001  0.42952446E+001  0.51476036E+001  0.61739335E+001  0.73890454E+001  0.88075607E+001  0.10443928E+002  0.12312432E+002  0.14427222E+002  0.16802305E+002  0.19451562E+002  0.22388769E+002  0.25627576E+002  0.29181550E+002  0.33064147E+002  0.37288729E+002  0.41868599E+002
  0.84803287E+000  0.85697715E+000  0.89862932E+000  0.98746029E+000  0.11342496E+001  0.13480329E+001  0.15618162E+001  0.17086055E+001  0.17974364E+001  0.18390886E+001  0.18480329E+001  0.18525890E+001  0.18810459E+001  0.19531813E+001  0.20872381E+001  0.23005722E+001  0.26099162E+001  0.30315241E+001  0.35812633E+001  0.42746784E+001  0.51270374E+001  0.61533674E+001  0.73684793E+001  0.87869945E+001  0.10423362E+002  0.12291866E+002  0.14406656E+002  0.16781739E+002  0.19430996E+002  0.22368203E+002  0.25607010E+002  0.29160984E+002  0.33043581E+002  0.37268163E+002  0.41848032E+002
  0.58279697E+000  0.58279694E+000  0.58279683E+000  0.58279660E+000  0.58279621E+000  0.58279565E+000  0.58279508E+000  0.58279470E+000  0.58279446E+000  0.58279435E+000  0.58279433E+000  0.58279439E+000  0.58279431E+000  0.58279412E+000  0.58279377E+000  0.58279321E+000  0.58279239E+000  0.58279128E+000  0.58278983E+000  0.58279831E+000  0.58280873E+000  0.58282128E+000  0.58283614E+000  0.58285349E+000  0.58287351E+000  0.58289636E+000  0.58292223E+000  0.58295130E+000  0.58298373E+000  0.58301970E+000  0.58305938E+000  0.58310295E+000  0.58315059E+000  0.58320247E+000  0.58325879E+000
  0.53516212E-001  0.53516276E-001  0.53516590E-001  0.53517328E-001  0.53518732E-001  0.53524328E-001  0.53528331E-001  0.53531079E-001  0.53532742E-001  0.53533522E-001  0.53533690E-001  0.53533775E-001  0.53534308E-001  0.53535658E-001  0.53538169E-001  0.53542163E-001  0.53546954E-001  0.53555447E-001  0.53571581E-001  0.53599980E-001  0.53647051E-001  0.53721362E-001  0.53834056E-001  0.53999298E-001  0.54234737E-001  0.54562013E-001  0.55007282E-001  0.55601768E-001  0.56382343E-001  0.57392135E-001  0.58681155E-001  0.60306962E-001  0.62335331E-001  0.64840960E-001  0.67908221E-001
  0.88576608E+000  0.89471035E+000  0.93636252E+000  0.10251935E+001  0.11719828E+001  0.11719830E+001  0.11719833E+001  0.11719836E+001  0.11719839E+001  0.11719840E+001  0.11719840E+001  0.11719840E+001  0.11719841E+001  0.11719843E+001  0.11719848E+001  0.11719858E+001  0.97874039E+000  0.12568841E+001  0.18066233E+001  0.25000384E+001  0.33523974E+001  0.43787274E+001  0.55938393E+001  0.70123545E+001  0.86487215E+001  0.10517226E+002  0.12632016E+002  0.15007099E+002  0.17656356E+002  0.20593562E+002  0.23832370E+002  0.27386344E+002  0.31268940E+002  0.35493523E+002  0.40073392E+002
  0.88282142E+000  0.89176569E+000  0.93341786E+000  0.10222488E+001  0.11690381E+001  0.13828214E+001  0.15966047E+001  0.17433940E+001  0.18322250E+001  0.18738771E+001  0.18828214E+001  0.18873776E+001  0.19158344E+001  0.19879699E+001  0.21220266E+001  0.23353607E+001  0.26447048E+001  0.30663127E+001  0.36160519E+001  0.43094670E+001  0.51618260E+001  0.61881559E+001  0.74032679E+001  0.88217831E+001  0.86400772E+000  0.76016948E+000  0.28749597E+001  0.20337205E+001  0.17837925E+001  0.14441650E+001  0.99346153E+000  0.40362541E+000 -0.35764368E+000  0.38669388E+001  0.84468083E+001
