  0.16012360E+000  0.16906787E+000  0.21072004E+000  0.29955101E+000  0.44634031E+000  0.66012360E+000  0.87390688E+000  0.10206962E+001  0.11095271E+001  0.11511793E+001  0.11601236E+001  0.11646798E+001  0.11931366E+001  0.12652720E+001  0.13993288E+001  0.16126629E+001  0.19220069E+001  0.23436149E+001  0.28933540E+001  0.35867692E+001  0.44391282E+001  0.54654581E+001  0.66805700E+001  0.80990853E+001  0.97354523E+001  0.11603956E+002  0.13718747E+002  0.16093830E+002  0.18743087E+002  0.21680293E+002  0.24919101E+002  0.28473075E+002  0.32355672E+002  0.36580254E+002  0.41160124E+002
  0.16012360E+000  0.16906787E+000  0.21072004E+000  0.29955101E+000  0.44634031E+000  0.66012360E+000  0.87390688E+000  0.10206962E+001  0.11095271E+001  0.11511793E+001  0.11601236E+001  0.11646798E+001  0.11931366E+001  0.12652720E+001  0.13993288E+001  0.16126629E+001  0.19220069E+001  0.23436149E+001  0.28933540E+001  0.35867692E+001  0.44391282E+001  0.54654581E+001  0.66805700E+001  0.80990853E+001  0.97354523E+001  0.11603956E+002  0.13718747E+002  0.16093830E+002  0.18743087E+002  0.21680293E+002  0.24919101E+002  0.28473075E+002  0.32355672E+002  0.36580254E+002  0.41160124E+002
  0.16012360E+000  0.16906787E+000  0.21072004E+000  0.29955101E+000  0.44634031E+000  0.66012360E+000  0.87390688E+000  0.10206962E+001  0.11095271E+001  0.11511793E+001  0.11601236E+001  0.11646798E+001  0.11931366E+001  0.12652720E+001  0.13993288E+001  0.16126629E+001  0.19220069E+001  0.23436149E+001  0.28933540E+001  0.35867692E+001  0.44391282E+001  0.54654581E+001  0.66805700E+001  0.80990853E+001  0.97354523E+001  0.11603956E+002  0.13718747E+002  0.16093830E+002  0.18743087E+002  0.21680293E+002  0.24919101E+002  0.28473075E+002  0.32355672E+002  0.36580254E+002  0.41160124E+002
  0.16012360E+000  0.16906787E+000  0.21072004E+000  0.29955101E+000  0.44634031E+000  0.66012360E+000  0.87390688E+000  0.10206962E+001  0.11095271E+001  0.11511793E+001  0.11601236E+001  0.11646798E+001  0.11931366E+001  0.12652720E+001  0.13993288E+001  0.16126629E+001  0.19220069E+001  0.23436149E+001  0.28933540E+001  0.35867692E+001  0.44391282E+001  0.54654581E+001  0.66805700E+001  0.80990853E+001  0.97354523E+001  0.11603956E+002  0.13718747E+002  0.16093830E+002  0.18743087E+002  0.21680293E+002  0.24919101E+002  0.28473075E+002  0.32355672E+002  0.36580254E+002  0.41160124E+002
  0.16012360E+000  0.16906787E+000  0.21072004E+000  0.29955101E+000  0.44634031E+000  0.66012360E+000  0.87390688E+000  0.10206962E+001  0.11095271E+001  0.11511793E+001  0.11601236E+001  0.11646798E+001  0.11931366E+001  0.12652720E+001  0.13993288E+001  0.16126629E+001  0.19220069E+001  0.23436149E+001  0.28933540E+001  0.35867692E+001  0.44391282E+001  0.54654581E+001  0.66805700E+001  0.80990853E+001  0.97354523E+001  0.11603956E+002  0.13718747E+002  0.16093830E+002  0.18743087E+002  0.21680293E+002  0.24919101E+002  0.28473075E+002  0.32355672E+002  0.36580254E+002  0.41160124E+002
  0.16012360E+000  0.16906787E+000  0.21072004E+000  0.29955101E+000  0.44634031E+000  0.66012360E+000  0.87390688E+000  0.10206962E+001  0.11095271E+001  0.11511793E+001  0.11601236E+001  0.11646798E+001  0.11931366E+001  0.12652720E+001  0.13993288E+001  0.16126629E+001  0.19220069E+001  0.23436149E+001  0.28933540E+001  0.35867692E+001  0.44391282E+001  0.54654581E+001  0.66805700E+001  0.80990853E+001  0.97354523E+001  0.11603956E+002  0.13718747E+002  0.16093830E+002  0.18743087E+002  0.21680293E+002  0.24919101E+002  0.28473075E+002  0.32355672E+002  0.36580254E+002  0.41160124E+002
  0.16012360E+000  0.16906787E+000  0.21072004E+000  0.29955101E+000  0.44634031E+000  0.66012360E+000  0.87390688E+000  0.10206962E+001  0.11095271E+001  0.11511793E+001  0.11601236E+001  0.11646798E+001  0.11931366E+001  0.12652720E+001  0.13993288E+001  0.16126629E+001  0.19220069E+001  0.23436149E+001  0.28933540E+001  0.35867692E+001  0.44391282E+001  0.54654581E+001  0.66805700E+001  0.80990853E+001  0.97354523E+001  0.11603956E+002  0.13718747E+002  0.16093830E+002  0.18743087E+002  0.21680293E+002  0.24919101E+002  0.28473075E+002  0.32355672E+002  0.36580254E+002  0.41160124E+002
  0.16012360E+000  0.16906787E+000  0.21072004E+000  0.29955101E+000  0.44634031E+000  0.66012360E+000  0.87390688E+000  0.10206962E+001  0.11095271E+001  0.11511793E+001  0.11601236E+001  0.11646798E+001  0.11931366E+001  0.12652720E+001  0.13993288E+001  0.16126629E+001  0.19220069E+001  0.23436149E+001  0.28933540E+001  0.35867692E+001  0.44391282E+001  0.54654581E+001  0.66805700E+001  0.80990853E+001  0.97354523E+001  0.11603956E+002  0.13718747E+002  0.16093830E+002  0.18743087E+002  0.21680293E+002  0.24919101E+002  0.28473075E+002  0.32355672E+002  0.36580254E+002  0.41160124E+002
  0.16012360E+000  0.16906787E+000  0.21072004E+000  0.29955101E+000  0.44634031E+000  0.66012360E+000  0.87390688E+000  0.10206962E+001  0.11095271E+001  0.11511793E+001  0.11601236E+001  0.11646798E+001  0.11931366E+001  0.12652720E+001  0.13993288E+001  0.16126629E+001  0.19220069E+001  0.23436149E+001  0.28933540E+001  0.35867692E+001  0.44391282E+001  0.54654581E+001  0.66805700E+001  0.80990853E+001  0.97354523E+001  0.11603956E+002  0.13718747E+002  0.16093830E+002  0.18743087E+002  0.21680293E+002  0.24919101E+002  0.28473075E+002  0.32355672E+002  0.36580254E+002  0.41160124E+002
  0.16012360E+000  0.16906787E+000  0.21072004E+000  0.29955101E+000  0.44634031E+000  0.66012360E+000  0.87390688E+000  0.10206962E+001  0.11095271E+001  0.11511793E+001  0.11601236E+001  0.11646798E+001  0.11931366E+001  0.12652720E+001  0.13993288E+001  0.16126629E+001  0.19220069E+001  0.23436149E+001  0.28933540E+001  0.35867692E+001  0.44391282E+001  0.54654581E+001  0.66805700E+001  0.80990853E+001  0.97354523E+001  0.11603956E+002  0.13718747E+002  0.16093830E+002  0.18743087E+002  0.21680293E+002  0.24919101E+002  0.28473075E+002  0.32355672E+002  0.36580254E+002  0.41160124E+002
  0.16012360E+000  0.16906787E+000  0.21072004E+000  0.29955101E+000  0.44634031E+000  0.66012360E+000  0.87390688E+000  0.10206962E+001  0.11095271E+001  0.11511793E+001  0.11601236E+001  0.11646798E+001  0.11931366E+001  0.12652720E+001  0.13993288E+001  0.16126629E+001  0.19220069E+001  0.23436149E+001  0.28933540E+001  0.35867692E+001  0.44391282E+001  0.54654581E+001  0.66805700E+001  0.80990853E+001  0.97354523E+001  0.11603956E+002  0.13718747E+002  0.16093830E+002  0.18743087E+002  0.21680293E+002  0.24919101E+002  0.28473075E+002  0.32355672E+002  0.36580254E+002  0.41160124E+002
  0.16012360E+000  0.16906787E+000  0.21072004E+000  0.29955101E+000  0.44634031E+000  0.66012360E+000  0.87390688E+000  0.10206962E+001  0.11095271E+001  0.11511793E+001  0.11601236E+001  0.11646798E+001  0.11931366E+001  0.12652720E+001  0.13993288E+001  0.16126629E+001  0.19220069E+001  0.23436149E+001  0.28933540E+001  0.35867692E+001  0.44391282E+001  0.54654581E+001  0.66805700E+001  0.80990853E+001  0.97354523E+001  0.11603956E+002  0.13718747E+002  0.16093830E+002  0.18743087E+002  0.21680293E+002  0.24919101E+002  0.28473075E+002  0.32355672E+002  0.36580254E+002  0.41160124E+002
  0.16012360E+000  0.16906787E+000  0.21072004E+000  0.29955101E+000  0.44634031E+000  0.66012360E+000  0.87390688E+000  0.10206962E+001  0.11095271E+001  0.11511793E+001  0.11601236E+001  0.11646798E+001  0.11931366E+001  0.12652720E+001  0.13993288E+001  0.16126629E+001  0.19220069E+001  0.23436149E+001  0.28933540E+001  0.35867692E+001  0.44391282E+001  0.54654581E+001  0.66805700E+001  0.80990853E+001  0.97354523E+001  0.11603956E+002  0.13718747E+002  0.16093830E+002  0.18743087E+002  0.21680293E+002  0.24919101E+002  0.28473075E+002  0.32355672E+002  0.36580254E+002  0.41160124E+002
  0.16012360E+000  0.16906787E+000  0.21072004E+000  0.29955101E+000  0.44634031E+000  0.66012360E+000  0.87390688E+000  0.10206962E+001  0.11095271E+001  0.11511793E+001  0.11601236E+001  0.11646798E+001  0.11931366E+001  0.12652720E+001  0.13993288E+001  0.16126629E+001  0.19220069E+001  0.23436149E+001  0.28933540E+001  0.35867692E+001  0.44391282E+001  0.54654581E+001  0.66805700E+001  0.80990853E+001  0.97354523E+001  0.11603956E+002  0.13718747E+002  0.16093830E+002  0.18743087E+002  0.21680293E+002  0.24919101E+002  0.28473075E+002  0.32355672E+002  0.36580254E+002  0.41160124E+002
  0.16012360E+000  0.16906787E+000  0.21072004E+000  0.29955101E+000  0.44634031E+000  0.66012360E+000  0.87390688E+000  0.10206962E+001  0.11095271E+001  0.11511793E+001  0.11601236E+001  0.11646798E+001  0.11931366E+001  0.12652720E+001  0.13993288E+001  0.16126629E+001  0.19220069E+001  0.23436149E+001  0.28933540E+001  0.35867692E+001  0.44391282E+001  0.54654581E+001  0.66805700E+001  0.80990853E+001  0.97354523E+001  0.11603956E+002  0.13718747E+002  0.16093830E+002  0.18743087E+002  0.21680293E+002  0.24919101E+002  0.28473075E+002  0.32355672E+002  0.36580254E+002  0.41160124E+002
  0.16012360E+000  0.16906787E+000  0.21072004E+000  0.29955101E+000  0.44634031E+000  0.66012360E+000  0.87390688E+000  0.10206962E+001  0.11095271E+001  0.11511793E+001  0.11601236E+001  0.11646798E+001  0.11931366E+001  0.12652720E+001  0.13993288E+001  0.16126629E+001  0.19220069E+001  0.23436149E+001  0.28933540E+001  0.35867692E+001  0.44391282E+001  0.54654581E+001  0.66805700E+001  0.80990853E+001  0.97354523E+001  0.11603956E+002  0.13718747E+002  0.16093830E+002  0.18743087E+002  0.21680293E+002  0.24919101E+002  0.28473075E+002  0.32355672E+002  0.36580254E+002  0.41160124E+002
  0.16012360E+000  0.16906787E+000  0.21072004E+000  0.29955101E+000  0.44634031E+000  0.66012360E+000  0.87390688E+000  0.10206962E+001  0.11095271E+001  0.11511793E+001  0.11601236E+001  0.11646798E+001  0.11931366E+001  0.12652720E+001  0.13993288E+001  0.16126629E+001  0.19220069E+001  0.23436149E+001  0.28933540E+001  0.35867692E+001  0.44391282E+001  0.54654581E+001  0.66805700E+001  0.80990853E+001  0.97354523E+001  0.11603956E+002  0.13718747E+002  0.16093830E+002  0.18743087E+002  0.21680293E+002  0.24919101E+002  0.28473075E+002  0.32355672E+002  0.36580254E+002  0.41160124E+002
  0.16012358E+000  0.16906785E+000  0.21072002E+000  0.29955099E+000  0.44634029E+000  0.66012358E+000  0.87390686E+000  0.10206962E+001  0.11095271E+001  0.11511793E+001  0.11601236E+001  0.11646797E+001  0.11931366E+001  0.12652720E+001  0.13993288E+001  0.16126629E+001  0.19220069E+001  0.23436149E+001  0.28933540E+001  0.35867692E+001  0.44391281E+001  0.54654581E+001  0.66805700E+001  0.80990853E+001  0.97354523E+001  0.11603956E+002  0.13718747E+002  0.16093830E+002  0.18743087E+002  0.21680293E+002  0.24919101E+002  0.28473075E+002  0.32355672E+002  0.36580254E+002  0.41160124E+002
  0.16012194E+000  0.16906621E+000  0.21071839E+000  0.29954936E+000  0.44633865E+000  0.66012194E+000  0.87390523E+000  0.10206945E+001  0.11095255E+001  0.11511777E+001  0.11601219E+001  0.11646781E+001  0.11931349E+001  0.12652704E+001  0.13993271E+001  0.16126612E+001  0.19220053E+001  0.23436132E+001  0.28933524E+001  0.35867675E+001  0.44391265E+001  0.54654565E+001  0.66805684E+001  0.80990836E+001  0.97354507E+001  0.11603955E+002  0.13718745E+002  0.16093828E+002  0.18743085E+002  0.21680292E+002  0.24919099E+002  0.28473073E+002  0.32355670E+002  0.36580253E+002  0.41160122E+002
  0.16003370E+000  0.16897798E+000  0.21063015E+000  0.29946112E+000  0.44625042E+000  0.66003370E+000  0.87381699E+000  0.10206063E+001  0.11094373E+001  0.11510894E+001  0.11600337E+001  0.11645899E+001  0.11930467E+001  0.12651821E+001  0.13992389E+001  0.16125730E+001  0.19219171E+001  0.23435250E+001  0.28932642E+001  0.35866793E+001  0.44390383E+001  0.54653682E+001  0.66804801E+001  0.80989954E+001  0.97353624E+001  0.11603867E+002  0.13718657E+002  0.16093740E+002  0.18742997E+002  0.21680204E+002  0.24919011E+002  0.28472985E+002  0.32355582E+002  0.36580164E+002  0.41160034E+002
  0.15761592E+000  0.16656019E+000  0.20821236E+000  0.29704333E+000  0.44383263E+000  0.65761592E+000  0.87139920E+000  0.10181885E+001  0.11070195E+001  0.11486716E+001  0.11576159E+001  0.11621721E+001  0.11906289E+001  0.12627644E+001  0.13968211E+001  0.16101552E+001  0.19194993E+001  0.23411072E+001  0.28908464E+001  0.35842615E+001  0.44366205E+001  0.54629504E+001  0.66780624E+001  0.80965776E+001  0.97329447E+001  0.11601449E+002  0.13716239E+002  0.16091322E+002  0.18740579E+002  0.21677786E+002  0.24916593E+002  0.28470567E+002  0.32353164E+002  0.36577746E+002  0.41157616E+002
  0.15620163E+000  0.16514590E+000  0.20679807E+000  0.29562905E+000  0.44241834E+000  0.65620163E+000  0.86998491E+000  0.10167742E+001  0.11056052E+001  0.11472574E+001  0.11562016E+001  0.11607578E+001  0.11892146E+001  0.12613501E+001  0.13954068E+001  0.16087409E+001  0.19180850E+001  0.23396929E+001  0.28894321E+001  0.35828472E+001  0.44352062E+001  0.54615362E+001  0.66766481E+001  0.80951633E+001  0.97315304E+001  0.11600034E+002  0.13714825E+002  0.16089908E+002  0.18739165E+002  0.21676371E+002  0.24915179E+002  0.28469153E+002  0.32351750E+002  0.36576332E+002  0.41156202E+002
  0.15500314E+000  0.16394741E+000  0.20559959E+000  0.29443056E+000  0.44121985E+000  0.65500314E+000  0.86878643E+000  0.10155757E+001  0.11044067E+001  0.11460589E+001  0.11550031E+001  0.11595593E+001  0.11880161E+001  0.12601516E+001  0.13942083E+001  0.16075424E+001  0.19168865E+001  0.23384944E+001  0.28882336E+001  0.35816487E+001  0.44340077E+001  0.54603377E+001  0.66754496E+001  0.80939648E+001  0.97303319E+001  0.11598836E+002  0.13713626E+002  0.16088709E+002  0.18737966E+002  0.21675173E+002  0.24913980E+002  0.28467954E+002  0.32350551E+002  0.36575134E+002  0.41155003E+002
  0.11779737E+000  0.12674165E+000  0.16839382E+000  0.25722479E+000  0.40401409E+000  0.61779737E+000  0.83158066E+000  0.97836995E+000  0.10672009E+001  0.11088531E+001  0.11177974E+001  0.11223535E+001  0.11508104E+001  0.12229458E+001  0.13570026E+001  0.15703367E+001  0.18796807E+001  0.23012886E+001  0.28510278E+001  0.35444429E+001  0.43968019E+001  0.54231318E+001  0.66382436E+001  0.80567588E+001  0.96931257E+001  0.11561630E+002  0.13676420E+002  0.16051503E+002  0.18700760E+002  0.21637966E+002  0.24876773E+002  0.28430747E+002  0.32313343E+002  0.36537925E+002  0.41117795E+002
  0.17280067E+000  0.18174494E+000  0.22339712E+000  0.31222809E+000  0.45901738E+000  0.67280067E+000  0.88658395E+000  0.22689732E+000  0.22646320E+000  0.22623117E+000  0.22617848E+000  0.22615134E+000  0.48526089E+000  0.48506113E+000  0.48458336E+000  0.48350768E+000  0.79285173E+000  0.12144597E+001  0.17641988E+001  0.24576140E+001  0.33099729E+001  0.43363029E+001  0.55514148E+001  0.69699300E+001  0.86062970E+001  0.10474801E+002  0.12589591E+002  0.14964674E+002  0.17613931E+002  0.20551138E+002  0.23789945E+002  0.27343918E+002  0.31226515E+002  0.35451097E+002  0.40030967E+002
