  0.10251835E+001  0.10341278E+001  0.10757799E+001  0.11646109E+001  0.13114002E+001  0.15251835E+001  0.17389668E+001  0.18857561E+001  0.19745870E+001  0.20162392E+001  0.20251835E+001  0.20297396E+001  0.20581965E+001  0.21303319E+001  0.22643887E+001  0.24777228E+001  0.27870668E+001  0.32086747E+001  0.37584139E+001  0.44518290E+001  0.53041880E+001  0.63305180E+001  0.75456299E+001  0.89641451E+001  0.10600512E+002  0.12469016E+002  0.14583806E+002  0.16958890E+002  0.19608147E+002  0.22545353E+002  0.25784160E+002  0.29338134E+002  0.33220731E+002  0.37445314E+002  0.42025183E+002
  0.10251835E+001  0.10341278E+001  0.10757799E+001  0.11646109E+001  0.13114002E+001  0.15251835E+001  0.17389668E+001  0.18857561E+001  0.19745870E+001  0.20162392E+001  0.20251835E+001  0.20297396E+001  0.20581965E+001  0.21303319E+001  0.22643887E+001  0.24777228E+001  0.27870668E+001  0.32086747E+001  0.37584139E+001  0.44518290E+001  0.53041880E+001  0.63305180E+001  0.75456299E+001  0.89641451E+001  0.10600512E+002  0.12469016E+002  0.14583806E+002  0.16958890E+002  0.19608147E+002  0.22545353E+002  0.25784160E+002  0.29338134E+002  0.33220731E+002  0.37445314E+002  0.42025183E+002
  0.10251835E+001  0.10341278E+001  0.10757799E+001  0.11646109E+001  0.13114002E+001  0.15251835E+001  0.17389668E+001  0.18857561E+001  0.19745870E+001  0.20162392E+001  0.20251835E+001  0.20297396E+001  0.20581965E+001  0.21303319E+001  0.22643887E+001  0.24777228E+001  0.27870668E+001  0.32086747E+001  0.37584139E+001  0.44518290E+001  0.53041880E+001  0.63305180E+001  0.75456299E+001  0.89641451E+001  0.10600512E+002  0.12469016E+002  0.14583806E+002  0.16958890E+002  0.19608147E+002  0.22545353E+002  0.25784160E+002  0.29338134E+002  0.33220731E+002  0.37445314E+002  0.42025183E+002
  0.10251835E+001  0.10341278E+001  0.10757799E+001  0.11646109E+001  0.13114002E+001  0.15251835E+001  0.17389668E+001  0.18857561E+001  0.19745870E+001  0.20162392E+001  0.20251835E+001  0.20297396E+001  0.20581965E+001  0.21303319E+001  0.22643887E+001  0.24777228E+001  0.27870668E+001  0.32086747E+001  0.37584139E+001  0.44518290E+001  0.53041880E+001  0.63305180E+001  0.75456299E+001  0.89641451E+001  0.10600512E+002  0.12469016E+002  0.14583806E+002  0.16958890E+002  0.19608147E+002  0.22545353E+002  0.25784160E+002  0.29338134E+002  0.33220731E+002  0.37445314E+002  0.42025183E+002
  0.10251835E+001  0.10341278E+001  0.10757799E+001  0.11646109E+001  0.13114002E+001  0.15251835E+001  0.17389668E+001  0.18857561E+001  0.19745870E+001  0.20162392E+001  0.20251835E+001  0.20297396E+001  0.20581965E+001  0.21303319E+001  0.22643887E+001  0.24777228E+001  0.27870668E+001  0.32086747E+001  0.37584139E+001  0.44518290E+001  0.53041880E+001  0.63305180E+001  0.75456299E+001  0.89641451E+001  0.10600512E+002  0.12469016E+002  0.14583806E+002  0.16958890E+002  0.19608147E+002  0.22545353E+002  0.25784160E+002  0.29338134E+002  0.33220731E+002  0.37445314E+002  0.42025183E+002
  0.10251835E+001  0.10341278E+001  0.10757799E+001  0.11646109E+001  0.13114002E+001  0.15251835E+001  0.17389668E+001  0.18857561E+001  0.19745870E+001  0.20162392E+001  0.20251835E+001  0.20297396E+001  0.20581965E+001  0.21303319E+001  0.22643887E+001  0.24777228E+001  0.27870668E+001  0.32086747E+001  0.37584139E+001  0.44518290E+001  0.53041880E+001  0.63305180E+001  0.75456299E+001  0.89641451E+001  0.10600512E+002  0.12469016E+002  0.14583806E+002  0.16958890E+002  0.19608147E+002  0.22545353E+002  0.25784160E+002  0.29338134E+002  0.33220731E+002  0.37445314E+002  0.42025183E+002
  0.10251835E+001  0.10341278E+001  0.10757799E+001  0.11646109E+001  0.13114002E+001  0.15251835E+001  0.17389668E+001  0.18857561E+001  0.19745870E+001  0.20162392E+001  0.20251835E+001  0.20297396E+001  0.20581965E+001  0.21303319E+001  0.22643887E+001  0.24777228E+001  0.27870668E+001  0.32086747E+001  0.37584139E+001  0.44518290E+001  0.53041880E+001  0.63305180E+001  0.75456299E+001  0.89641451E+001  0.10600512E+002  0.12469016E+002  0.14583806E+002  0.16958890E+002  0.19608147E+002  0.22545353E+002  0.25784160E+002  0.29338134E+002  0.33220731E+002  0.37445314E+002  0.42025183E+002
  0.10251835E+001  0.10341278E+001  0.10757799E+001  0.11646109E+001  0.13114002E+001  0.15251835E+001  0.17389668E+001  0.18857561E+001  0.19745870E+001  0.20162392E+001  0.20251835E+001  0.20297396E+001  0.20581965E+001  0.21303319E+001  0.22643887E+001  0.24777228E+001  0.27870668E+001  0.32086747E+001  0.37584139E+001  0.44518290E+001  0.53041880E+001  0.63305180E+001  0.75456299E+001  0.89641451E+001  0.10600512E+002  0.12469016E+002  0.14583806E+002  0.16958890E+002  0.19608147E+002  0.22545353E+002  0.25784160E+002  0.29338134E+002  0.33220731E+002  0.37445314E+002  0.42025183E+002
  0.10251835E+001  0.10341278E+001  0.10757799E+001  0.11646109E+001  0.13114002E+001  0.15251835E+001  0.17389668E+001  0.18857561E+001  0.19745870E+001  0.20162392E+001  0.20251835E+001  0.20297396E+001  0.20581965E+001  0.21303319E+001  0.22643887E+001  0.24777228E+001  0.27870668E+001  0.32086747E+001  0.37584139E+001  0.44518290E+001  0.53041880E+001  0.63305180E+001  0.75456299E+001  0.89641451E+001  0.10600512E+002  0.12469016E+002  0.14583806E+002  0.16958890E+002  0.19608147E+002  0.22545353E+002  0.25784160E+002  0.29338134E+002  0.33220731E+002  0.37445314E+002  0.42025183E+002
  0.10251835E+001  0.10341278E+001  0.10757799E+001  0.11646109E+001  0.13114002E+001  0.15251835E+001  0.17389668E+001  0.18857561E+001  0.19745870E+001  0.20162392E+001  0.20251835E+001  0.20297396E+001  0.20581965E+001  0.21303319E+001  0.22643887E+001  0.24777228E+001  0.27870668E+001  0.32086747E+001  0.37584139E+001  0.44518290E+001  0.53041880E+001  0.63305180E+001  0.75456299E+001  0.89641451E+001  0.10600512E+002  0.12469016E+002  0.14583806E+002  0.16958890E+002  0.19608147E+002  0.22545353E+002  0.25784160E+002  0.29338134E+002  0.33220731E+002  0.37445314E+002  0.42025183E+002
  0.10251835E+001  0.10341278E+001  0.10757799E+001  0.11646109E+001  0.13114002E+001  0.15251835E+001  0.17389668E+001  0.18857561E+001  0.19745870E+001  0.20162392E+001  0.20251835E+001  0.20297396E+001  0.20581965E+001  0.21303319E+001  0.22643887E+001  0.24777228E+001  0.27870668E+001  0.32086747E+001  0.37584139E+001  0.44518290E+001  0.53041880E+001  0.63305180E+001  0.75456299E+001  0.89641451E+001  0.10600512E+002  0.12469016E+002  0.14583806E+002  0.16958890E+002  0.19608147E+002  0.22545353E+002  0.25784160E+002  0.29338134E+002  0.33220731E+002  0.37445314E+002  0.42025183E+002
  0.10251835E+001  0.10341278E+001  0.10757799E+001  0.11646109E+001  0.13114002E+001  0.15251835E+001  0.17389668E+001  0.18857561E+001  0.19745870E+001  0.20162392E+001  0.20251835E+001  0.20297396E+001  0.20581965E+001  0.21303319E+001  0.22643887E+001  0.24777228E+001  0.27870668E+001  0.32086747E+001  0.37584139E+001  0.44518290E+001  0.53041880E+001  0.63305180E+001  0.75456299E+001  0.89641451E+001  0.10600512E+002  0.12469016E+002  0.14583806E+002  0.16958890E+002  0.19608147E+002  0.22545353E+002  0.25784160E+002  0.29338134E+002  0.33220731E+002  0.37445314E+002  0.42025183E+002
  0.10251835E+001  0.10341278E+001  0.10757799E+001  0.11646109E+001  0.13114002E+001  0.15251835E+001  0.17389668E+001  0.18857561E+001  0.19745870E+001  0.20162392E+001  0.20251835E+001  0.20297396E+001  0.20581965E+001  0.21303319E+001  0.22643887E+001  0.24777228E+001  0.27870668E+001  0.32086747E+001  0.37584139E+001  0.44518290E+001  0.53041880E+001  0.63305180E+001  0.75456299E+001  0.89641451E+001  0.10600512E+002  0.12469016E+002  0.14583806E+002  0.16958890E+002  0.19608147E+002  0.22545353E+002  0.25784160E+002  0.29338134E+002  0.33220731E+002  0.37445314E+002  0.42025183E+002
  0.10251835E+001  0.10341278E+001  0.10757799E+001  0.11646109E+001  0.13114002E+001  0.15251835E+001  0.17389668E+001  0.18857561E+001  0.19745870E+001  0.20162392E+001  0.20251835E+001  0.20297396E+001  0.20581965E+001  0.21303319E+001  0.22643887E+001  0.24777228E+001  0.27870668E+001  0.32086747E+001  0.37584139E+001  0.44518290E+001  0.53041880E+001  0.63305180E+001  0.75456299E+001  0.89641451E+001  0.10600512E+002  0.12469016E+002  0.14583806E+002  0.16958890E+002  0.19608147E+002  0.22545353E+002  0.25784160E+002  0.29338134E+002  0.33220731E+002  0.37445314E+002  0.42025183E+002
  0.10251835E+001  0.10341278E+001  0.10757799E+001  0.11646109E+001  0.13114002E+001  0.15251835E+001  0.17389668E+001  0.18857561E+001  0.19745870E+001  0.20162392E+001  0.20251835E+001  0.20297396E+001  0.20581965E+001  0.21303319E+001  0.22643887E+001  0.24777228E+001  0.27870668E+001  0.32086747E+001  0.37584139E+001  0.44518290E+001  0.53041880E+001  0.63305180E+001  0.75456299E+001  0.89641451E+001  0.10600512E+002  0.12469016E+002  0.14583806E+002  0.16958890E+002  0.19608147E+002  0.22545353E+002  0.25784160E+002  0.29338134E+002  0.33220731E+002  0.37445314E+002  0.42025183E+002
  0.10251835E+001  0.10341278E+001  0.10757799E+001  0.11646109E+001  0.13114002E+001  0.15251835E+001  0.17389668E+001  0.18857561E+001  0.19745870E+001  0.20162392E+001  0.20251835E+001  0.20297396E+001  0.20581965E+001  0.21303319E+001  0.22643887E+001  0.24777228E+001  0.27870668E+001  0.32086747E+001  0.37584139E+001  0.44518290E+001  0.53041880E+001  0.63305180E+001  0.75456299E+001  0.89641451E+001  0.10600512E+002  0.12469016E+002  0.14583806E+002  0.16958890E+002  0.19608147E+002  0.22545353E+002  0.25784160E+002  0.29338134E+002  0.33220731E+002  0.37445314E+002  0.42025183E+002
  0.10251835E+001  0.10341277E+001  0.10757799E+001  0.11646109E+001  0.13114002E+001  0.15251835E+001  0.17389667E+001  0.18857560E+001  0.19745870E+001  0.20162392E+001  0.20251835E+001  0.20297396E+001  0.20581965E+001  0.21303319E+001  0.22643886E+001  0.24777228E+001  0.27870668E+001  0.32086747E+001  0.37584139E+001  0.44518290E+001  0.53041880E+001  0.63305179E+001  0.75456299E+001  0.89641451E+001  0.10600512E+002  0.12469016E+002  0.14583806E+002  0.16958890E+002  0.19608147E+002  0.22545353E+002  0.25784160E+002  0.29338134E+002  0.33220731E+002  0.37445314E+002  0.42025183E+002
  0.10251804E+001  0.10341247E+001  0.10757768E+001  0.11646078E+001  0.13113971E+001  0.15251804E+001  0.17389637E+001  0.18857530E+001  0.19745839E+001  0.20162361E+001  0.20251804E+001  0.20297365E+001  0.20581934E+001  0.21303288E+001  0.22643856E+001  0.24777197E+001  0.27870637E+001  0.32086716E+001  0.37584108E+001  0.44518259E+001  0.53041849E+001  0.63305149E+001  0.75456268E+001  0.89641420E+001  0.10600509E+002  0.12469013E+002  0.14583803E+002  0.16958887E+002  0.19608143E+002  0.22545350E+002  0.25784157E+002  0.29338131E+002  0.33220728E+002  0.37445311E+002  0.42025180E+002
  0.10249151E+001  0.10338594E+001  0.10755116E+001  0.11643425E+001  0.13111318E+001  0.15249151E+001  0.17386984E+001  0.18854877E+001  0.19743187E+001  0.20159708E+001  0.20249151E+001  0.20294713E+001  0.20579281E+001  0.21300635E+001  0.22641203E+001  0.24774544E+001  0.27867984E+001  0.32084064E+001  0.37581455E+001  0.44515607E+001  0.53039196E+001  0.63302496E+001  0.75453615E+001  0.89638767E+001  0.10600244E+002  0.12468748E+002  0.14583538E+002  0.16958621E+002  0.19607878E+002  0.22545085E+002  0.25783892E+002  0.29337866E+002  0.33220463E+002  0.37445045E+002  0.42024915E+002
  0.10092857E+001  0.10182299E+001  0.10598821E+001  0.11487131E+001  0.12955024E+001  0.15092857E+001  0.17230689E+001  0.18698582E+001  0.19586892E+001  0.20003414E+001  0.20092856E+001  0.20138418E+001  0.20422986E+001  0.21144341E+001  0.22484908E+001  0.24618249E+001  0.27711690E+001  0.31927769E+001  0.37425161E+001  0.44359312E+001  0.52882902E+001  0.63146201E+001  0.75297320E+001  0.89482473E+001  0.10584614E+002  0.12453118E+002  0.14567909E+002  0.16942992E+002  0.19592249E+002  0.22529455E+002  0.25768262E+002  0.29322237E+002  0.33204833E+002  0.37429416E+002  0.42009285E+002
  0.47769060E+000  0.47769064E+000  0.47769084E+000  0.47769134E+000  0.47769232E+000  0.47769412E+000  0.47769629E+000  0.47769795E+000  0.47769902E+000  0.47769953E+000  0.47769964E+000  0.48225581E+000  0.51071264E+000  0.58284808E+000  0.71690483E+000  0.93023894E+000  0.12395830E+001  0.16611909E+001  0.22109301E+001  0.29043452E+001  0.37567042E+001  0.47830342E+001  0.59981461E+001  0.74166613E+001  0.90530283E+001  0.10921532E+002  0.13036323E+002  0.15411406E+002  0.18060663E+002  0.20997869E+002  0.24236677E+002  0.27790651E+002  0.31673248E+002  0.35897830E+002  0.40477700E+002
  0.10284495E+001  0.10373938E+001  0.10790460E+001  0.11678769E+001  0.13146662E+001  0.15284495E+001  0.17422328E+001  0.18890221E+001  0.19778531E+001  0.20195052E+001  0.20284495E+001  0.20330057E+001  0.20614625E+001  0.21335979E+001  0.22676547E+001  0.24809888E+001  0.27903328E+001  0.32119408E+001  0.37616799E+001  0.44550951E+001  0.53074540E+001  0.63337840E+001  0.75488959E+001  0.89674111E+001  0.10603778E+002  0.12472282E+002  0.14587072E+002  0.16962156E+002  0.19611412E+002  0.22548619E+002  0.25787426E+002  0.29341400E+002  0.33223997E+002  0.37448579E+002  0.42028449E+002
  0.10017516E+001  0.10017515E+001  0.10015017E+001  0.10014897E+001  0.10014744E+001  0.10014761E+001  0.10014766E+001  0.10014771E+001  0.10014774E+001  0.10014776E+001  0.10014777E+001  0.10014777E+001  0.10014778E+001  0.10014782E+001  0.10014791E+001  0.10014809E+001  0.10014843E+001  0.10014905E+001  0.10015011E+001  0.10015187E+001  0.10015465E+001  0.10015889E+001  0.10016518E+001  0.10017424E+001  0.10018698E+001  0.10020451E+001  0.10022818E+001  0.10025957E+001  0.10030060E+001  0.10035345E+001  0.10042070E+001  0.10050529E+001  0.10061058E+001  0.10074039E+001  0.10089905E+001
  0.35673284E-001  0.35673351E-001  0.35673663E-001  0.35674329E-001  0.35675431E-001  0.10343320E+001  0.12481153E+001  0.13949046E+001  0.14837356E+001  0.15253877E+001  0.15343320E+001  0.15388882E+001  0.15673450E+001  0.16394805E+001  0.17735372E+001  0.19868713E+001  0.22962154E+001  0.27178233E+001  0.32675625E+001  0.39609776E+001  0.48133366E+001  0.58396665E+001  0.70547784E+001  0.84732936E+001  0.10109661E+002  0.11978165E+002  0.14092955E+002  0.16468038E+002  0.19117295E+002  0.22054502E+002  0.25293309E+002  0.28847283E+002  0.32729880E+002  0.36954462E+002  0.41534331E+002
  0.10303548E+001  0.10304534E+001  0.10309118E+001  0.10318832E+001  0.10335578E+001  0.10359919E+001  0.12497752E+001  0.13965645E+001  0.14853955E+001  0.10419280E+001  0.10419357E+001  0.10419393E+001  0.10703961E+001  0.11425316E+001  0.12765883E+001  0.10627761E+001  0.10620526E+001  0.10601047E+001  0.16098439E+001  0.23032590E+001  0.31556180E+001  0.41819479E+001  0.53970598E+001  0.68155750E+001  0.84519421E+001  0.10320446E+002  0.15168009E+001  0.13096973E+001  0.18267944E+001  0.14698205E+001  0.47086276E+001  0.82626017E+001  0.28476433E+001  0.19478594E+001  0.65277288E+001
