  0.19070244E+001  0.19159687E+001  0.19576209E+001  0.20464519E+001  0.21932412E+001  0.24070244E+001  0.26208077E+001  0.27675970E+001  0.28564280E+001  0.28980802E+001  0.29070244E+001  0.29115806E+001  0.29400374E+001  0.30121729E+001  0.31462296E+001  0.33595637E+001  0.36689078E+001  0.40905157E+001  0.46402549E+001  0.53336700E+001  0.61860290E+001  0.72123590E+001  0.84274709E+001  0.98459861E+001  0.11482353E+002  0.13350857E+002  0.15465647E+002  0.17840731E+002  0.20489988E+002  0.23427194E+002  0.26666001E+002  0.30219975E+002  0.34102572E+002  0.38327155E+002  0.42907024E+002
  0.19070244E+001  0.19159687E+001  0.19576209E+001  0.20464519E+001  0.21932412E+001  0.24070244E+001  0.26208077E+001  0.27675970E+001  0.28564280E+001  0.28980802E+001  0.29070244E+001  0.29115806E+001  0.29400374E+001  0.30121729E+001  0.31462296E+001  0.33595637E+001  0.36689078E+001  0.40905157E+001  0.46402549E+001  0.53336700E+001  0.61860290E+001  0.72123590E+001  0.84274709E+001  0.98459861E+001  0.11482353E+002  0.13350857E+002  0.15465647E+002  0.17840731E+002  0.20489988E+002  0.23427194E+002  0.26666001E+002  0.30219975E+002  0.34102572E+002  0.38327155E+002  0.42907024E+002
  0.19070244E+001  0.19159687E+001  0.19576209E+001  0.20464519E+001  0.21932412E+001  0.24070244E+001  0.26208077E+001  0.27675970E+001  0.28564280E+001  0.28980802E+001  0.29070244E+001  0.29115806E+001  0.29400374E+001  0.30121729E+001  0.31462296E+001  0.33595637E+001  0.36689078E+001  0.40905157E+001  0.46402549E+001  0.53336700E+001  0.61860290E+001  0.72123590E+001  0.84274709E+001  0.98459861E+001  0.11482353E+002  0.13350857E+002  0.15465647E+002  0.17840731E+002  0.20489988E+002  0.23427194E+002  0.26666001E+002  0.30219975E+002  0.34102572E+002  0.38327155E+002  0.42907024E+002
  0.19070244E+001  0.19159687E+001  0.19576209E+001  0.20464519E+001  0.21932412E+001  0.24070244E+001  0.26208077E+001  0.27675970E+001  0.28564280E+001  0.28980802E+001  0.29070244E+001  0.29115806E+001  0.29400374E+001  0.30121729E+001  0.31462296E+001  0.33595637E+001  0.36689078E+001  0.40905157E+001  0.46402549E+001  0.53336700E+001  0.61860290E+001  0.72123590E+001  0.84274709E+001  0.98459861E+001  0.11482353E+002  0.13350857E+002  0.15465647E+002  0.17840731E+002  0.20489988E+002  0.23427194E+002  0.26666001E+002  0.30219975E+002  0.34102572E+002  0.38327155E+002  0.42907024E+002
  0.19070244E+001  0.19159687E+001  0.19576209E+001  0.20464519E+001  0.21932412E+001  0.24070244E+001  0.26208077E+001  0.27675970E+001  0.28564280E+001  0.28980802E+001  0.29070244E+001  0.29115806E+001  0.29400374E+001  0.30121729E+001  0.31462296E+001  0.33595637E+001  0.36689078E+001  0.40905157E+001  0.46402549E+001  0.53336700E+001  0.61860290E+001  0.72123590E+001  0.84274709E+001  0.98459861E+001  0.11482353E+002  0.13350857E+002  0.15465647E+002  0.17840731E+002  0.20489988E+002  0.23427194E+002  0.26666001E+002  0.30219975E+002  0.34102572E+002  0.38327155E+002  0.42907024E+002
  0.19070244E+001  0.19159687E+001  0.19576209E+001  0.20464519E+001  0.21932412E+001  0.24070244E+001  0.26208077E+001  0.27675970E+001  0.28564280E+001  0.28980802E+001  0.29070244E+001  0.29115806E+001  0.29400374E+001  0.30121729E+001  0.31462296E+001  0.33595637E+001  0.36689078E+001  0.40905157E+001  0.46402549E+001  0.53336700E+001  0.61860290E+001  0.72123590E+001  0.84274709E+001  0.98459861E+001  0.11482353E+002  0.13350857E+002  0.15465647E+002  0.17840731E+002  0.20489988E+002  0.23427194E+002  0.26666001E+002  0.30219975E+002  0.34102572E+002  0.38327155E+002  0.42907024E+002
  0.19070244E+001  0.19159687E+001  0.19576209E+001  0.20464519E+001  0.21932412E+001  0.24070244E+001  0.26208077E+001  0.27675970E+001  0.28564280E+001  0.28980802E+001  0.29070244E+001  0.29115806E+001  0.29400374E+001  0.30121729E+001  0.31462296E+001  0.33595637E+001  0.36689078E+001  0.40905157E+001  0.46402549E+001  0.53336700E+001  0.61860290E+001  0.72123590E+001  0.84274709E+001  0.98459861E+001  0.11482353E+002  0.13350857E+002  0.15465647E+002  0.17840731E+002  0.20489988E+002  0.23427194E+002  0.26666001E+002  0.30219975E+002  0.34102572E+002  0.38327155E+002  0.42907024E+002
  0.19070244E+001  0.19159687E+001  0.19576209E+001  0.20464519E+001  0.21932412E+001  0.24070244E+001  0.26208077E+001  0.27675970E+001  0.28564280E+001  0.28980802E+001  0.29070244E+001  0.29115806E+001  0.29400374E+001  0.30121729E+001  0.31462296E+001  0.33595637E+001  0.36689078E+001  0.40905157E+001  0.46402549E+001  0.53336700E+001  0.61860290E+001  0.72123590E+001  0.84274709E+001  0.98459861E+001  0.11482353E+002  0.13350857E+002  0.15465647E+002  0.17840731E+002  0.20489988E+002  0.23427194E+002  0.26666001E+002  0.30219975E+002  0.34102572E+002  0.38327155E+002  0.42907024E+002
  0.19070244E+001  0.19159687E+001  0.19576209E+001  0.20464519E+001  0.21932412E+001  0.24070244E+001  0.26208077E+001  0.27675970E+001  0.28564280E+001  0.28980802E+001  0.29070244E+001  0.29115806E+001  0.29400374E+001  0.30121729E+001  0.31462296E+001  0.33595637E+001  0.36689078E+001  0.40905157E+001  0.46402549E+001  0.53336700E+001  0.61860290E+001  0.72123590E+001  0.84274709E+001  0.98459861E+001  0.11482353E+002  0.13350857E+002  0.15465647E+002  0.17840731E+002  0.20489988E+002  0.23427194E+002  0.26666001E+002  0.30219975E+002  0.34102572E+002  0.38327155E+002  0.42907024E+002
  0.19070244E+001  0.19159687E+001  0.19576209E+001  0.20464519E+001  0.21932412E+001  0.24070244E+001  0.26208077E+001  0.27675970E+001  0.28564280E+001  0.28980802E+001  0.29070244E+001  0.29115806E+001  0.29400374E+001  0.30121729E+001  0.31462296E+001  0.33595637E+001  0.36689078E+001  0.40905157E+001  0.46402549E+001  0.53336700E+001  0.61860290E+001  0.72123590E+001  0.84274709E+001  0.98459861E+001  0.11482353E+002  0.13350857E+002  0.15465647E+002  0.17840731E+002  0.20489988E+002  0.23427194E+002  0.26666001E+002  0.30219975E+002  0.34102572E+002  0.38327155E+002  0.42907024E+002
  0.19070244E+001  0.19159687E+001  0.19576209E+001  0.20464519E+001  0.21932412E+001  0.24070244E+001  0.26208077E+001  0.27675970E+001  0.28564280E+001  0.28980802E+001  0.29070244E+001  0.29115806E+001  0.29400374E+001  0.30121729E+001  0.31462296E+001  0.33595637E+001  0.36689078E+001  0.40905157E+001  0.46402549E+001  0.53336700E+001  0.61860290E+001  0.72123590E+001  0.84274709E+001  0.98459861E+001  0.11482353E+002  0.13350857E+002  0.15465647E+002  0.17840731E+002  0.20489988E+002  0.23427194E+002  0.26666001E+002  0.30219975E+002  0.34102572E+002  0.38327155E+002  0.42907024E+002
  0.19070244E+001  0.19159687E+001  0.19576209E+001  0.20464519E+001  0.21932412E+001  0.24070244E+001  0.26208077E+001  0.27675970E+001  0.28564280E+001  0.28980802E+001  0.29070244E+001  0.29115806E+001  0.29400374E+001  0.30121729E+001  0.31462296E+001  0.33595637E+001  0.36689078E+001  0.40905157E+001  0.46402549E+001  0.53336700E+001  0.61860290E+001  0.72123590E+001  0.84274709E+001  0.98459861E+001  0.11482353E+002  0.13350857E+002  0.15465647E+002  0.17840731E+002  0.20489988E+002  0.23427194E+002  0.26666001E+002  0.30219975E+002  0.34102572E+002  0.38327155E+002  0.42907024E+002
  0.19070244E+001  0.19159687E+001  0.19576209E+001  0.20464519E+001  0.21932412E+001  0.24070244E+001  0.26208077E+001  0.27675970E+001  0.28564280E+001  0.28980802E+001  0.29070244E+001  0.29115806E+001  0.29400374E+001  0.30121729E+001  0.31462296E+001  0.33595637E+001  0.36689078E+001  0.40905157E+001  0.46402549E+001  0.53336700E+001  0.61860290E+001  0.72123590E+001  0.84274709E+001  0.98459861E+001  0.11482353E+002  0.13350857E+002  0.15465647E+002  0.17840731E+002  0.20489988E+002  0.23427194E+002  0.26666001E+002  0.30219975E+002  0.34102572E+002  0.38327155E+002  0.42907024E+002
  0.19070244E+001  0.19159687E+001  0.19576209E+001  0.20464519E+001  0.21932412E+001  0.24070244E+001  0.26208077E+001  0.27675970E+001  0.28564280E+001  0.28980802E+001  0.29070244E+001  0.29115806E+001  0.29400374E+001  0.30121729E+001  0.31462296E+001  0.33595637E+001  0.36689078E+001  0.40905157E+001  0.46402549E+001  0.53336700E+001  0.61860290E+001  0.72123590E+001  0.84274709E+001  0.98459861E+001  0.11482353E+002  0.13350857E+002  0.15465647E+002  0.17840731E+002  0.20489988E+002  0.23427194E+002  0.26666001E+002  0.30219975E+002  0.34102572E+002  0.38327155E+002  0.42907024E+002
  0.19070244E+001  0.19159687E+001  0.19576209E+001  0.20464519E+001  0.21932412E+001  0.24070244E+001  0.26208077E+001  0.27675970E+001  0.28564280E+001  0.28980802E+001  0.29070244E+001  0.29115806E+001  0.29400374E+001  0.30121729E+001  0.31462296E+001  0.33595637E+001  0.36689078E+001  0.40905157E+001  0.46402549E+001  0.53336700E+001  0.61860290E+001  0.72123590E+001  0.84274709E+001  0.98459861E+001  0.11482353E+002  0.13350857E+002  0.15465647E+002  0.17840731E+002  0.20489988E+002  0.23427194E+002  0.26666001E+002  0.30219975E+002  0.34102572E+002  0.38327155E+002  0.42907024E+002
  0.19070244E+001  0.19159687E+001  0.19576209E+001  0.20464518E+001  0.21932411E+001  0.24070244E+001  0.26208077E+001  0.27675970E+001  0.28564280E+001  0.28980801E+001  0.29070244E+001  0.29115806E+001  0.29400374E+001  0.30121729E+001  0.31462296E+001  0.33595637E+001  0.36689078E+001  0.40905157E+001  0.46402549E+001  0.53336700E+001  0.61860290E+001  0.72123589E+001  0.84274708E+001  0.98459861E+001  0.11482353E+002  0.13350857E+002  0.15465647E+002  0.17840731E+002  0.20489988E+002  0.23427194E+002  0.26666001E+002  0.30219975E+002  0.34102572E+002  0.38327155E+002  0.42907024E+002
  0.19070233E+001  0.19159676E+001  0.19576198E+001  0.20464507E+001  0.21932400E+001  0.24070233E+001  0.26208066E+001  0.27675959E+001  0.28564269E+001  0.28980790E+001  0.29070233E+001  0.29115795E+001  0.29400363E+001  0.30121718E+001  0.31462285E+001  0.33595626E+001  0.36689067E+001  0.40905146E+001  0.46402537E+001  0.53336689E+001  0.61860279E+001  0.72123578E+001  0.84274697E+001  0.98459850E+001  0.11482352E+002  0.13350856E+002  0.15465646E+002  0.17840730E+002  0.20489986E+002  0.23427193E+002  0.26666000E+002  0.30219974E+002  0.34102571E+002  0.38327154E+002  0.42907023E+002
  0.19069918E+001  0.19159361E+001  0.19575883E+001  0.20464192E+001  0.21932085E+001  0.24069918E+001  0.26207751E+001  0.27675644E+001  0.28563954E+001  0.28980476E+001  0.29069918E+001  0.29115480E+001  0.29400048E+001  0.30121403E+001  0.31461970E+001  0.33595311E+001  0.36688752E+001  0.40904831E+001  0.46402223E+001  0.53336374E+001  0.61859964E+001  0.72123263E+001  0.84274382E+001  0.98459535E+001  0.11482321E+002  0.13350825E+002  0.15465615E+002  0.17840698E+002  0.20489955E+002  0.23427162E+002  0.26665969E+002  0.30219943E+002  0.34102540E+002  0.38327122E+002  0.42906992E+002
  0.19063404E+001  0.19152847E+001  0.19569368E+001  0.20457678E+001  0.21925571E+001  0.24063404E+001  0.26201237E+001  0.27669130E+001  0.28557439E+001  0.28973961E+001  0.29063404E+001  0.29108965E+001  0.29393534E+001  0.30114888E+001  0.31455456E+001  0.33588797E+001  0.36682237E+001  0.40898317E+001  0.46395708E+001  0.53329860E+001  0.61853449E+001  0.72116749E+001  0.84267868E+001  0.98453020E+001  0.11481669E+002  0.13350173E+002  0.15464963E+002  0.17840047E+002  0.20489304E+002  0.23426510E+002  0.26665317E+002  0.30219291E+002  0.34101888E+002  0.38326471E+002  0.42906340E+002
  0.18973334E+001  0.19062777E+001  0.19479299E+001  0.20367608E+001  0.21835501E+001  0.23973334E+001  0.26111167E+001  0.27579060E+001  0.28467370E+001  0.28883891E+001  0.28973334E+001  0.29018896E+001  0.29303464E+001  0.30024819E+001  0.31365386E+001  0.33498727E+001  0.36592168E+001  0.40808247E+001  0.46305639E+001  0.53239790E+001  0.61763380E+001  0.72026679E+001  0.84177798E+001  0.98362951E+001  0.11472662E+002  0.13341166E+002  0.15455956E+002  0.17831040E+002  0.20480297E+002  0.23417503E+002  0.26656310E+002  0.30210284E+002  0.34092881E+002  0.38317464E+002  0.42897333E+002
  0.18259464E+001  0.18260071E+001  0.18676592E+001  0.19564902E+001  0.21032795E+001  0.23170628E+001  0.25308461E+001  0.26776354E+001  0.27664663E+001  0.28081185E+001  0.28170628E+001  0.28216189E+001  0.28500758E+001  0.29222112E+001  0.30562680E+001  0.32696021E+001  0.35789461E+001  0.40005540E+001  0.45502932E+001  0.52437083E+001  0.60960673E+001  0.71223972E+001  0.83375091E+001  0.97560244E+001  0.11392391E+002  0.13260896E+002  0.15375686E+002  0.17750769E+002  0.20400026E+002  0.23337232E+002  0.26576040E+002  0.30130014E+002  0.34012610E+002  0.38237193E+002  0.42817062E+002
  0.15508675E+001  0.15598117E+001  0.16014639E+001  0.16902949E+001  0.18370842E+001  0.20508675E+001  0.22646507E+001  0.24114400E+001  0.25002710E+001  0.25419232E+001  0.25508675E+001  0.25554236E+001  0.25838805E+001  0.26560159E+001  0.27900726E+001  0.30034068E+001  0.33127508E+001  0.37343587E+001  0.42840979E+001  0.49775130E+001  0.58298720E+001  0.68562020E+001  0.80713139E+001  0.94898291E+001  0.11126196E+002  0.12994700E+002  0.15109490E+002  0.17484574E+002  0.20133831E+002  0.23071037E+002  0.26309844E+002  0.30897483E+002  0.31096493E+002  0.35321075E+002  0.39900945E+002
  0.15472246E+001  0.15561689E+001  0.15978210E+001  0.16866520E+001  0.18334413E+001  0.20472246E+001  0.22610079E+001  0.24077972E+001  0.24966281E+001  0.25382803E+001  0.25472246E+001  0.25517807E+001  0.25802376E+001  0.26523730E+001  0.27864298E+001  0.29997639E+001  0.33091079E+001  0.37307158E+001  0.42804550E+001  0.49738701E+001  0.58262290E+001  0.68525590E+001  0.80676708E+001  0.94861859E+001  0.11122553E+002  0.12991057E+002  0.15105847E+002  0.17480930E+002  0.20130187E+002  0.23067393E+002  0.26306200E+002  0.29860174E+002  0.33742770E+002  0.37967352E+002  0.42547220E+002
  0.13429912E+001  0.13429912E+001  0.13429915E+001  0.13429919E+001  0.13429928E+001  0.15567761E+001  0.17705594E+001  0.19173487E+001  0.20061797E+001  0.20478319E+001  0.20567761E+001  0.16846278E+001  0.16845152E+001  0.17566506E+001  0.18907074E+001  0.21040415E+001  0.24133855E+001  0.28349934E+001  0.33847326E+001  0.40781477E+001  0.49305067E+001  0.59568366E+001  0.71719485E+001  0.85904636E+001  0.10226831E+002  0.12095335E+002  0.14210125E+002  0.16585208E+002  0.19234465E+002  0.22171671E+002  0.25410478E+002  0.28964452E+002  0.32847049E+002  0.37071632E+002  0.41651501E+002
  0.19985980E+001  0.19986673E+001  0.19989892E+001  0.20625133E+001  0.21655305E+001  0.23793138E+001  0.25930971E+001  0.27398864E+001  0.28287173E+001  0.28703695E+001  0.28793138E+001  0.28838699E+001  0.29123268E+001  0.29844622E+001  0.31185190E+001  0.33318531E+001  0.36411971E+001  0.40628050E+001  0.46125442E+001  0.53059593E+001  0.61583183E+001  0.71846482E+001  0.83997602E+001  0.98182754E+001  0.11454642E+002  0.13323147E+002  0.15437937E+002  0.17813020E+002  0.20462277E+002  0.22641771E+002  0.22732403E+002  0.22716348E+002  0.26598945E+002  0.30823527E+002  0.35403397E+002
