  0.54251307E+000  0.55145735E+000  0.59310952E+000  0.68194049E+000  0.82872979E+000  0.10425131E+001  0.12562964E+001  0.14030857E+001  0.14919166E+001  0.15335688E+001  0.15425131E+001  0.15470692E+001  0.15755261E+001  0.16476615E+001  0.17817183E+001  0.19950524E+001  0.23043964E+001  0.27260043E+001  0.32757435E+001  0.39691586E+001  0.48215176E+001  0.58478476E+001  0.70629595E+001  0.84814747E+001  0.10117842E+002  0.11986346E+002  0.14101136E+002  0.16476219E+002  0.19125476E+002  0.22062683E+002  0.25301490E+002  0.28855464E+002  0.32738061E+002  0.36962643E+002  0.41542513E+002
  0.54251307E+000  0.55145735E+000  0.59310952E+000  0.68194049E+000  0.82872979E+000  0.10425131E+001  0.12562964E+001  0.14030857E+001  0.14919166E+001  0.15335688E+001  0.15425131E+001  0.15470692E+001  0.15755261E+001  0.16476615E+001  0.17817183E+001  0.19950524E+001  0.23043964E+001  0.27260043E+001  0.32757435E+001  0.39691586E+001  0.48215176E+001  0.58478476E+001  0.70629595E+001  0.84814747E+001  0.10117842E+002  0.11986346E+002  0.14101136E+002  0.16476219E+002  0.19125476E+002  0.22062683E+002  0.25301490E+002  0.28855464E+002  0.32738061E+002  0.36962643E+002  0.41542513E+002
  0.54251307E+000  0.55145735E+000  0.59310952E+000  0.68194049E+000  0.82872979E+000  0.10425131E+001  0.12562964E+001  0.14030857E+001  0.14919166E+001  0.15335688E+001  0.15425131E+001  0.15470692E+001  0.15755261E+001  0.16476615E+001  0.17817183E+001  0.19950524E+001  0.23043964E+001  0.27260043E+001  0.32757435E+001  0.39691586E+001  0.48215176E+001  0.58478476E+001  0.70629595E+001  0.84814747E+001  0.10117842E+002  0.11986346E+002  0.14101136E+002  0.16476219E+002  0.19125476E+002  0.22062683E+002  0.25301490E+002  0.28855464E+002  0.32738061E+002  0.36962643E+002  0.41542513E+002
  0.54251307E+000  0.55145735E+000  0.59310952E+000  0.68194049E+000  0.82872979E+000  0.10425131E+001  0.12562964E+001  0.14030857E+001  0.14919166E+001  0.15335688E+001  0.15425131E+001  0.15470692E+001  0.15755261E+001  0.16476615E+001  0.17817183E+001  0.19950524E+001  0.23043964E+001  0.27260043E+001  0.32757435E+001  0.39691586E+001  0.48215176E+001  0.58478476E+001  0.70629595E+001  0.84814747E+001  0.10117842E+002  0.11986346E+002  0.14101136E+002  0.16476219E+002  0.19125476E+002  0.22062683E+002  0.25301490E+002  0.28855464E+002  0.32738061E+002  0.36962643E+002  0.41542513E+002
  0.54251307E+000  0.55145735E+000  0.59310952E+000  0.68194049E+000  0.82872979E+000  0.10425131E+001  0.12562964E+001  0.14030857E+001  0.14919166E+001  0.15335688E+001  0.15425131E+001  0.15470692E+001  0.15755261E+001  0.16476615E+001  0.17817183E+001  0.19950524E+001  0.23043964E+001  0.27260043E+001  0.32757435E+001  0.39691586E+001  0.48215176E+001  0.58478476E+001  0.70629595E+001  0.84814747E+001  0.10117842E+002  0.11986346E+002  0.14101136E+002  0.16476219E+002  0.19125476E+002  0.22062683E+002  0.25301490E+002  0.28855464E+002  0.32738061E+002  0.36962643E+002  0.41542513E+002
  0.54251307E+000  0.55145735E+000  0.59310952E+000  0.68194049E+000  0.82872979E+000  0.10425131E+001  0.12562964E+001  0.14030857E+001  0.14919166E+001  0.15335688E+001  0.15425131E+001  0.15470692E+001  0.15755261E+001  0.16476615E+001  0.17817183E+001  0.19950524E+001  0.23043964E+001  0.27260043E+001  0.32757435E+001  0.39691586E+001  0.48215176E+001  0.58478476E+001  0.70629595E+001  0.84814747E+001  0.10117842E+002  0.11986346E+002  0.14101136E+002  0.16476219E+002  0.19125476E+002  0.22062683E+002  0.25301490E+002  0.28855464E+002  0.32738061E+002  0.36962643E+002  0.41542513E+002
  0.54251307E+000  0.55145735E+000  0.59310952E+000  0.68194049E+000  0.82872979E+000  0.10425131E+001  0.12562964E+001  0.14030857E+001  0.14919166E+001  0.15335688E+001  0.15425131E+001  0.15470692E+001  0.15755261E+001  0.16476615E+001  0.17817183E+001  0.19950524E+001  0.23043964E+001  0.27260043E+001  0.32757435E+001  0.39691586E+001  0.48215176E+001  0.58478476E+001  0.70629595E+001  0.84814747E+001  0.10117842E+002  0.11986346E+002  0.14101136E+002  0.16476219E+002  0.19125476E+002  0.22062683E+002  0.25301490E+002  0.28855464E+002  0.32738061E+002  0.36962643E+002  0.41542513E+002
  0.54251307E+000  0.55145735E+000  0.59310952E+000  0.68194049E+000  0.82872979E+000  0.10425131E+001  0.12562964E+001  0.14030857E+001  0.14919166E+001  0.15335688E+001  0.15425131E+001  0.15470692E+001  0.15755261E+001  0.16476615E+001  0.17817183E+001  0.19950524E+001  0.23043964E+001  0.27260043E+001  0.32757435E+001  0.39691586E+001  0.48215176E+001  0.58478476E+001  0.70629595E+001  0.84814747E+001  0.10117842E+002  0.11986346E+002  0.14101136E+002  0.16476219E+002  0.19125476E+002  0.22062683E+002  0.25301490E+002  0.28855464E+002  0.32738061E+002  0.36962643E+002  0.41542513E+002
  0.54251307E+000  0.55145735E+000  0.59310952E+000  0.68194049E+000  0.82872979E+000  0.10425131E+001  0.12562964E+001  0.14030857E+001  0.14919166E+001  0.15335688E+001  0.15425131E+001  0.15470692E+001  0.15755261E+001  0.16476615E+001  0.17817183E+001  0.19950524E+001  0.23043964E+001  0.27260043E+001  0.32757435E+001  0.39691586E+001  0.48215176E+001  0.58478476E+001  0.70629595E+001  0.84814747E+001  0.10117842E+002  0.11986346E+002  0.14101136E+002  0.16476219E+002  0.19125476E+002  0.22062683E+002  0.25301490E+002  0.28855464E+002  0.32738061E+002  0.36962643E+002  0.41542513E+002
  0.54251307E+000  0.55145735E+000  0.59310952E+000  0.68194049E+000  0.82872979E+000  0.10425131E+001  0.12562964E+001  0.14030857E+001  0.14919166E+001  0.15335688E+001  0.15425131E+001  0.15470692E+001  0.15755261E+001  0.16476615E+001  0.17817183E+001  0.19950524E+001  0.23043964E+001  0.27260043E+001  0.32757435E+001  0.39691586E+001  0.48215176E+001  0.58478476E+001  0.70629595E+001  0.84814747E+001  0.10117842E+002  0.11986346E+002  0.14101136E+002  0.16476219E+002  0.19125476E+002  0.22062683E+002  0.25301490E+002  0.28855464E+002  0.32738061E+002  0.36962643E+002  0.41542513E+002
  0.54251307E+000  0.55145735E+000  0.59310952E+000  0.68194049E+000  0.82872979E+000  0.10425131E+001  0.12562964E+001  0.14030857E+001  0.14919166E+001  0.15335688E+001  0.15425131E+001  0.15470692E+001  0.15755261E+001  0.16476615E+001  0.17817183E+001  0.19950524E+001  0.23043964E+001  0.27260043E+001  0.32757435E+001  0.39691586E+001  0.48215176E+001  0.58478476E+001  0.70629595E+001  0.84814747E+001  0.10117842E+002  0.11986346E+002  0.14101136E+002  0.16476219E+002  0.19125476E+002  0.22062683E+002  0.25301490E+002  0.28855464E+002  0.32738061E+002  0.36962643E+002  0.41542513E+002
  0.54251307E+000  0.55145735E+000  0.59310952E+000  0.68194049E+000  0.82872979E+000  0.10425131E+001  0.12562964E+001  0.14030857E+001  0.14919166E+001  0.15335688E+001  0.15425131E+001  0.15470692E+001  0.15755261E+001  0.16476615E+001  0.17817183E+001  0.19950524E+001  0.23043964E+001  0.27260043E+001  0.32757435E+001  0.39691586E+001  0.48215176E+001  0.58478476E+001  0.70629595E+001  0.84814747E+001  0.10117842E+002  0.11986346E+002  0.14101136E+002  0.16476219E+002  0.19125476E+002  0.22062683E+002  0.25301490E+002  0.28855464E+002  0.32738061E+002  0.36962643E+002  0.41542513E+002
  0.54251307E+000  0.55145735E+000  0.59310952E+000  0.68194049E+000  0.82872979E+000  0.10425131E+001  0.12562964E+001  0.14030857E+001  0.14919166E+001  0.15335688E+001  0.15425131E+001  0.15470692E+001  0.15755261E+001  0.16476615E+001  0.17817183E+001  0.19950524E+001  0.23043964E+001  0.27260043E+001  0.32757435E+001  0.39691586E+001  0.48215176E+001  0.58478476E+001  0.70629595E+001  0.84814747E+001  0.10117842E+002  0.11986346E+002  0.14101136E+002  0.16476219E+002  0.19125476E+002  0.22062683E+002  0.25301490E+002  0.28855464E+002  0.32738061E+002  0.36962643E+002  0.41542513E+002
  0.54251307E+000  0.55145735E+000  0.59310952E+000  0.68194049E+000  0.82872979E+000  0.10425131E+001  0.12562964E+001  0.14030857E+001  0.14919166E+001  0.15335688E+001  0.15425131E+001  0.15470692E+001  0.15755261E+001  0.16476615E+001  0.17817183E+001  0.19950524E+001  0.23043964E+001  0.27260043E+001  0.32757435E+001  0.39691586E+001  0.48215176E+001  0.58478476E+001  0.70629595E+001  0.84814747E+001  0.10117842E+002  0.11986346E+002  0.14101136E+002  0.16476219E+002  0.19125476E+002  0.22062683E+002  0.25301490E+002  0.28855464E+002  0.32738061E+002  0.36962643E+002  0.41542513E+002
  0.54251307E+000  0.55145735E+000  0.59310952E+000  0.68194049E+000  0.82872979E+000  0.10425131E+001  0.12562964E+001  0.14030857E+001  0.14919166E+001  0.15335688E+001  0.15425131E+001  0.15470692E+001  0.15755261E+001  0.16476615E+001  0.17817183E+001  0.19950524E+001  0.23043964E+001  0.27260043E+001  0.32757435E+001  0.39691586E+001  0.48215176E+001  0.58478476E+001  0.70629595E+001  0.84814747E+001  0.10117842E+002  0.11986346E+002  0.14101136E+002  0.16476219E+002  0.19125476E+002  0.22062683E+002  0.25301490E+002  0.28855464E+002  0.32738061E+002  0.36962643E+002  0.41542513E+002
  0.54251307E+000  0.55145735E+000  0.59310952E+000  0.68194049E+000  0.82872979E+000  0.10425131E+001  0.12562964E+001  0.14030857E+001  0.14919166E+001  0.15335688E+001  0.15425131E+001  0.15470692E+001  0.15755261E+001  0.16476615E+001  0.17817183E+001  0.19950524E+001  0.23043964E+001  0.27260043E+001  0.32757435E+001  0.39691586E+001  0.48215176E+001  0.58478476E+001  0.70629595E+001  0.84814747E+001  0.10117842E+002  0.11986346E+002  0.14101136E+002  0.16476219E+002  0.19125476E+002  0.22062683E+002  0.25301490E+002  0.28855464E+002  0.32738061E+002  0.36962643E+002  0.41542513E+002
  0.54251307E+000  0.55145735E+000  0.59310952E+000  0.68194049E+000  0.82872979E+000  0.10425131E+001  0.12562964E+001  0.14030857E+001  0.14919166E+001  0.15335688E+001  0.15425131E+001  0.15470692E+001  0.15755261E+001  0.16476615E+001  0.17817183E+001  0.19950524E+001  0.23043964E+001  0.27260043E+001  0.32757435E+001  0.39691586E+001  0.48215176E+001  0.58478476E+001  0.70629595E+001  0.84814747E+001  0.10117842E+002  0.11986346E+002  0.14101136E+002  0.16476219E+002  0.19125476E+002  0.22062683E+002  0.25301490E+002  0.28855464E+002  0.32738061E+002  0.36962643E+002  0.41542513E+002
  0.54251296E+000  0.55145723E+000  0.59310940E+000  0.68194037E+000  0.82872967E+000  0.10425130E+001  0.12562962E+001  0.14030855E+001  0.14919165E+001  0.15335687E+001  0.15425130E+001  0.15470691E+001  0.15755260E+001  0.16476614E+001  0.17817181E+001  0.19950523E+001  0.23043963E+001  0.27260042E+001  0.32757434E+001  0.39691585E+001  0.48215175E+001  0.58478475E+001  0.70629594E+001  0.84814746E+001  0.10117842E+002  0.11986346E+002  0.14101136E+002  0.16476219E+002  0.19125476E+002  0.22062683E+002  0.25301490E+002  0.28855464E+002  0.32738061E+002  0.36962643E+002  0.41542513E+002
  0.54250321E+000  0.55144748E+000  0.59309965E+000  0.68193062E+000  0.82871992E+000  0.10425032E+001  0.12562865E+001  0.14030758E+001  0.14919068E+001  0.15335589E+001  0.15425032E+001  0.15470594E+001  0.15755162E+001  0.16476516E+001  0.17817084E+001  0.19950425E+001  0.23043866E+001  0.27259945E+001  0.32757336E+001  0.39691488E+001  0.48215078E+001  0.58478377E+001  0.70629496E+001  0.84814649E+001  0.10117832E+002  0.11986336E+002  0.14101126E+002  0.16476209E+002  0.19125466E+002  0.22062673E+002  0.25301480E+002  0.28855454E+002  0.32738051E+002  0.36962634E+002  0.41542503E+002
  0.54196952E+000  0.55091379E+000  0.59256596E+000  0.68139693E+000  0.82818623E+000  0.10419695E+001  0.12557528E+001  0.14025421E+001  0.14913731E+001  0.15330252E+001  0.15419695E+001  0.15465257E+001  0.15749825E+001  0.16471180E+001  0.17811747E+001  0.19945088E+001  0.23038529E+001  0.27254608E+001  0.32752000E+001  0.39686151E+001  0.48209741E+001  0.58473040E+001  0.70624159E+001  0.84809312E+001  0.10117298E+002  0.11985802E+002  0.14100593E+002  0.16475676E+002  0.19124933E+002  0.22062139E+002  0.25300946E+002  0.28854921E+002  0.32737517E+002  0.36962100E+002  0.41541969E+002
  0.52687609E+000  0.52694853E+000  0.56860071E+000  0.65743168E+000  0.80422097E+000  0.10180043E+001  0.12317875E+001  0.13785768E+001  0.14674078E+001  0.15090600E+001  0.15180043E+001  0.15225604E+001  0.15510173E+001  0.16231527E+001  0.17572094E+001  0.19705436E+001  0.22798876E+001  0.27014955E+001  0.32512347E+001  0.39446498E+001  0.47970088E+001  0.58233387E+001  0.70384506E+001  0.84569659E+001  0.10093333E+002  0.11961837E+002  0.14076627E+002  0.16451710E+002  0.19100967E+002  0.22038174E+002  0.25276981E+002  0.28830955E+002  0.32713552E+002  0.36938134E+002  0.41518004E+002
  0.51218010E+000  0.52112437E+000  0.56277654E+000  0.65160751E+000  0.79839681E+000  0.10121801E+001  0.12259634E+001  0.13727527E+001  0.14615836E+001  0.15032358E+001  0.15121801E+001  0.15167363E+001  0.15451931E+001  0.16173285E+001  0.17513853E+001  0.19647194E+001  0.22740634E+001  0.26956714E+001  0.32454105E+001  0.39388257E+001  0.47911846E+001  0.58175146E+001  0.70326265E+001  0.84511417E+001  0.10087509E+002  0.11956013E+002  0.14070803E+002  0.16445886E+002  0.19095143E+002  0.22032349E+002  0.25271156E+002  0.15206410E+002  0.14602758E+002  0.18827341E+002  0.23407210E+002
  0.51095150E+000  0.51989578E+000  0.56154795E+000  0.65037892E+000  0.79716822E+000  0.10109515E+001  0.12247348E+001  0.13715241E+001  0.14603550E+001  0.15020072E+001  0.15109515E+001  0.15155077E+001  0.15439645E+001  0.16160999E+001  0.17501567E+001  0.19634908E+001  0.22728348E+001  0.26944427E+001  0.32441819E+001  0.39375970E+001  0.47899560E+001  0.58162859E+001  0.70313977E+001  0.84499129E+001  0.10086280E+002  0.11954784E+002  0.14069574E+002  0.16444657E+002  0.19093914E+002  0.22031120E+002  0.25269927E+002  0.28823900E+002  0.32706496E+002  0.36931078E+002  0.41510946E+002
  0.28328320E+000  0.28328320E+000  0.28328322E+000  0.28328331E+000  0.28328354E+000  0.49706683E+000  0.71085011E+000  0.85763941E+000  0.94647038E+000  0.98812255E+000  0.99706683E+000  0.55871888E+000  0.55857831E+000  0.63071375E+000  0.76477050E+000  0.97810461E+000  0.12874487E+001  0.17090566E+001  0.22587957E+001  0.29522109E+001  0.38045698E+001  0.48308997E+001  0.60460116E+001  0.74645267E+001  0.91008937E+001  0.10969398E+002  0.13084188E+002  0.15459271E+002  0.18108527E+002  0.21045734E+002  0.24284541E+002  0.27838514E+002  0.31721111E+002  0.35945693E+002  0.40525562E+002
  0.35300898E+000  0.35303491E+000  0.35315524E+000  0.40640588E+000  0.49796563E+000  0.71174892E+000  0.92553220E+000  0.10723215E+001  0.11611525E+001  0.12028046E+001  0.12117489E+001  0.12163051E+001  0.12447619E+001  0.13168974E+001  0.14509541E+001  0.16642882E+001  0.19736323E+001  0.23952402E+001  0.29449793E+001  0.36383945E+001  0.44907534E+001  0.55170833E+001  0.67321952E+001  0.81507105E+001  0.97870775E+001  0.11655581E+002  0.13770372E+002  0.16145455E+002  0.18794711E+002  0.85715657E+001  0.83626368E+001  0.80038603E+001  0.11886457E+002  0.16111040E+002  0.20690909E+002
