 -0.14624117E+001 -0.14534674E+001 -0.14118152E+001 -0.13229842E+001 -0.11761950E+001 -0.96241167E+000 -0.74862838E+000 -0.60183908E+000 -0.51300811E+000 -0.47135594E+000 -0.46241167E+000 -0.45785550E+000 -0.42939867E+000 -0.35726322E+000 -0.22320648E+000 -0.98723622E-002  0.29947169E+000  0.72107961E+000  0.12708188E+001  0.19642339E+001  0.28165929E+001  0.38429229E+001  0.50580348E+001  0.64765500E+001  0.81129171E+001  0.99814212E+001  0.12096211E+002  0.14471295E+002  0.17120552E+002  0.20057758E+002  0.23296565E+002  0.26850539E+002  0.30733136E+002  0.34957719E+002  0.39537588E+002
 -0.14624117E+001 -0.14534674E+001 -0.14118152E+001 -0.13229842E+001 -0.11761950E+001 -0.96241167E+000 -0.74862838E+000 -0.60183908E+000 -0.51300811E+000 -0.47135594E+000 -0.46241167E+000 -0.45785550E+000 -0.42939867E+000 -0.35726322E+000 -0.22320648E+000 -0.98723622E-002  0.29947169E+000  0.72107961E+000  0.12708188E+001  0.19642339E+001  0.28165929E+001  0.38429229E+001  0.50580348E+001  0.64765500E+001  0.81129171E+001  0.99814212E+001  0.12096211E+002  0.14471295E+002  0.17120552E+002  0.20057758E+002  0.23296565E+002  0.26850539E+002  0.30733136E+002  0.34957719E+002  0.39537588E+002
 -0.14624117E+001 -0.14534674E+001 -0.14118152E+001 -0.13229842E+001 -0.11761950E+001 -0.96241167E+000 -0.74862838E+000 -0.60183908E+000 -0.51300811E+000 -0.47135594E+000 -0.46241167E+000 -0.45785550E+000 -0.42939867E+000 -0.35726322E+000 -0.22320648E+000 -0.98723622E-002  0.29947169E+000  0.72107961E+000  0.12708188E+001  0.19642339E+001  0.28165929E+001  0.38429229E+001  0.50580348E+001  0.64765500E+001  0.81129171E+001  0.99814212E+001  0.12096211E+002  0.14471295E+002  0.17120552E+002  0.20057758E+002  0.23296565E+002  0.26850539E+002  0.30733136E+002  0.34957719E+002  0.39537588E+002
 -0.14624117E+001 -0.14534674E+001 -0.14118152E+001 -0.13229842E+001 -0.11761950E+001 -0.96241167E+000 -0.74862838E+000 -0.60183908E+000 -0.51300811E+000 -0.47135594E+000 -0.46241167E+000 -0.45785550E+000 -0.42939867E+000 -0.35726322E+000 -0.22320648E+000 -0.98723622E-002  0.29947169E+000  0.72107961E+000  0.12708188E+001  0.19642339E+001  0.28165929E+001  0.38429229E+001  0.50580348E+001  0.64765500E+001  0.81129171E+001  0.99814212E+001  0.12096211E+002  0.14471295E+002  0.17120552E+002  0.20057758E+002  0.23296565E+002  0.26850539E+002  0.30733136E+002  0.34957719E+002  0.39537588E+002
 -0.14624117E+001 -0.14534674E+001 -0.14118152E+001 -0.13229842E+001 -0.11761950E+001 -0.96241167E+000 -0.74862838E+000 -0.60183908E+000 -0.51300811E+000 -0.47135594E+000 -0.46241167E+000 -0.45785550E+000 -0.42939867E+000 -0.35726322E+000 -0.22320648E+000 -0.98723622E-002  0.29947169E+000  0.72107961E+000  0.12708188E+001  0.19642339E+001  0.28165929E+001  0.38429229E+001  0.50580348E+001  0.64765500E+001  0.81129171E+001  0.99814212E+001  0.12096211E+002  0.14471295E+002  0.17120552E+002  0.20057758E+002  0.23296565E+002  0.26850539E+002  0.30733136E+002  0.34957719E+002  0.39537588E+002
 -0.14624117E+001 -0.14534674E+001 -0.14118152E+001 -0.13229842E+001 -0.11761950E+001 -0.96241167E+000 -0.74862838E+000 -0.60183908E+000 -0.51300811E+000 -0.47135594E+000 -0.46241167E+000 -0.45785550E+000 -0.42939867E+000 -0.35726322E+000 -0.22320648E+000 -0.98723622E-002  0.29947169E+000  0.72107961E+000  0.12708188E+001  0.19642339E+001  0.28165929E+001  0.38429229E+001  0.50580348E+001  0.64765500E+001  0.81129171E+001  0.99814212E+001  0.12096211E+002  0.14471295E+002  0.17120552E+002  0.20057758E+002  0.23296565E+002  0.26850539E+002  0.30733136E+002  0.34957719E+002  0.39537588E+002
 -0.14624117E+001 -0.14534674E+001 -0.14118152E+001 -0.13229842E+001 -0.11761950E+001 -0.96241167E+000 -0.74862838E+000 -0.60183908E+000 -0.51300811E+000 -0.47135594E+000 -0.46241167E+000 -0.45785550E+000 -0.42939867E+000 -0.35726322E+000 -0.22320648E+000 -0.98723622E-002  0.29947169E+000  0.72107961E+000  0.12708188E+001  0.19642339E+001  0.28165929E+001  0.38429229E+001  0.50580348E+001  0.64765500E+001  0.81129171E+001  0.99814212E+001  0.12096211E+002  0.14471295E+002  0.17120552E+002  0.20057758E+002  0.23296565E+002  0.26850539E+002  0.30733136E+002  0.34957719E+002  0.39537588E+002
 -0.14624117E+001 -0.14534674E+001 -0.14118152E+001 -0.13229842E+001 -0.11761950E+001 -0.96241167E+000 -0.74862838E+000 -0.60183908E+000 -0.51300811E+000 -0.47135594E+000 -0.46241167E+000 -0.45785550E+000 -0.42939867E+000 -0.35726322E+000 -0.22320648E+000 -0.98723622E-002  0.29947169E+000  0.72107961E+000  0.12708188E+001  0.19642339E+001  0.28165929E+001  0.38429229E+001  0.50580348E+001  0.64765500E+001  0.81129171E+001  0.99814212E+001  0.12096211E+002  0.14471295E+002  0.17120552E+002  0.20057758E+002  0.23296565E+002  0.26850539E+002  0.30733136E+002  0.34957719E+002  0.39537588E+002
 -0.14624117E+001 -0.14534674E+001 -0.14118152E+001 -0.13229842E+001 -0.11761950E+001 -0.96241167E+000 -0.74862838E+000 -0.60183908E+000 -0.51300811E+000 -0.47135594E+000 -0.46241167E+000 -0.45785550E+000 -0.42939867E+000 -0.35726322E+000 -0.22320648E+000 -0.98723622E-002  0.29947169E+000  0.72107961E+000  0.12708188E+001  0.19642339E+001  0.28165929E+001  0.38429229E+001  0.50580348E+001  0.64765500E+001  0.81129171E+001  0.99814212E+001  0.12096211E+002  0.14471295E+002  0.17120552E+002  0.20057758E+002  0.23296565E+002  0.26850539E+002  0.30733136E+002  0.34957719E+002  0.39537588E+002
 -0.14624117E+001 -0.14534674E+001 -0.14118152E+001 -0.13229842E+001 -0.11761950E+001 -0.96241167E+000 -0.74862838E+000 -0.60183908E+000 -0.51300811E+000 -0.47135594E+000 -0.46241167E+000 -0.45785550E+000 -0.42939867E+000 -0.35726322E+000 -0.22320648E+000 -0.98723622E-002  0.29947169E+000  0.72107961E+000  0.12708188E+001  0.19642339E+001  0.28165929E+001  0.38429229E+001  0.50580348E+001  0.64765500E+001  0.81129171E+001  0.99814212E+001  0.12096211E+002  0.14471295E+002  0.17120552E+002  0.20057758E+002  0.23296565E+002  0.26850539E+002  0.30733136E+002  0.34957719E+002  0.39537588E+002
 -0.14624117E+001 -0.14534674E+001 -0.14118152E+001 -0.13229842E+001 -0.11761950E+001 -0.96241167E+000 -0.74862838E+000 -0.60183908E+000 -0.51300811E+000 -0.47135594E+000 -0.46241167E+000 -0.45785550E+000 -0.42939867E+000 -0.35726322E+000 -0.22320648E+000 -0.98723622E-002  0.29947169E+000  0.72107961E+000  0.12708188E+001  0.19642339E+001  0.28165929E+001  0.38429229E+001  0.50580348E+001  0.64765500E+001  0.81129171E+001  0.99814212E+001  0.12096211E+002  0.14471295E+002  0.17120552E+002  0.20057758E+002  0.23296565E+002  0.26850539E+002  0.30733136E+002  0.34957719E+002  0.39537588E+002
 -0.14624117E+001 -0.14534674E+001 -0.14118152E+001 -0.13229842E+001 -0.11761950E+001 -0.96241167E+000 -0.74862838E+000 -0.60183908E+000 -0.51300811E+000 -0.47135594E+000 -0.46241167E+000 -0.45785550E+000 -0.42939867E+000 -0.35726322E+000 -0.22320648E+000 -0.98723622E-002  0.29947169E+000  0.72107961E+000  0.12708188E+001  0.19642339E+001  0.28165929E+001  0.38429229E+001  0.50580348E+001  0.64765500E+001  0.81129171E+001  0.99814212E+001  0.12096211E+002  0.14471295E+002  0.17120552E+002  0.20057758E+002  0.23296565E+002  0.26850539E+002  0.30733136E+002  0.34957719E+002  0.39537588E+002
 -0.14624117E+001 -0.14534674E+001 -0.14118152E+001 -0.13229842E+001 -0.11761950E+001 -0.96241167E+000 -0.74862838E+000 -0.60183908E+000 -0.51300811E+000 -0.47135594E+000 -0.46241167E+000 -0.45785550E+000 -0.42939867E+000 -0.35726322E+000 -0.22320648E+000 -0.98723622E-002  0.29947169E+000  0.72107961E+000  0.12708188E+001  0.19642339E+001  0.28165929E+001  0.38429229E+001  0.50580348E+001  0.64765500E+001  0.81129171E+001  0.99814212E+001  0.12096211E+002  0.14471295E+002  0.17120552E+002  0.20057758E+002  0.23296565E+002  0.26850539E+002  0.30733136E+002  0.34957719E+002  0.39537588E+002
 -0.14624117E+001 -0.14534674E+001 -0.14118152E+001 -0.13229842E+001 -0.11761950E+001 -0.96241167E+000 -0.74862838E+000 -0.60183908E+000 -0.51300811E+000 -0.47135594E+000 -0.46241167E+000 -0.45785550E+000 -0.42939867E+000 -0.35726322E+000 -0.22320648E+000 -0.98723622E-002  0.29947169E+000  0.72107961E+000  0.12708188E+001  0.19642339E+001  0.28165929E+001  0.38429229E+001  0.50580348E+001  0.64765500E+001  0.81129171E+001  0.99814212E+001  0.12096211E+002  0.14471295E+002  0.17120552E+002  0.20057758E+002  0.23296565E+002  0.26850539E+002  0.30733136E+002  0.34957719E+002  0.39537588E+002
 -0.14624117E+001 -0.14534674E+001 -0.14118152E+001 -0.13229842E+001 -0.11761950E+001 -0.96241167E+000 -0.74862838E+000 -0.60183908E+000 -0.51300811E+000 -0.47135594E+000 -0.46241167E+000 -0.45785550E+000 -0.42939867E+000 -0.35726322E+000 -0.22320648E+000 -0.98723621E-002  0.29947169E+000  0.72107961E+000  0.12708188E+001  0.19642339E+001  0.28165929E+001  0.38429229E+001  0.50580348E+001  0.64765500E+001  0.81129171E+001  0.99814212E+001  0.12096211E+002  0.14471295E+002  0.17120552E+002  0.20057758E+002  0.23296565E+002  0.26850539E+002  0.30733136E+002  0.34957719E+002  0.39537588E+002
 -0.14624117E+001 -0.14534674E+001 -0.14118152E+001 -0.13229842E+001 -0.11761949E+001 -0.96241165E+000 -0.74862837E+000 -0.60183907E+000 -0.51300810E+000 -0.47135592E+000 -0.46241165E+000 -0.45785549E+000 -0.42939865E+000 -0.35726321E+000 -0.22320646E+000 -0.98723481E-002  0.29947170E+000  0.72107962E+000  0.12708188E+001  0.19642339E+001  0.28165929E+001  0.38429229E+001  0.50580348E+001  0.64765500E+001  0.81129171E+001  0.99814212E+001  0.12096211E+002  0.14471295E+002  0.17120552E+002  0.20057758E+002  0.23296565E+002  0.26850539E+002  0.30733136E+002  0.34957719E+002  0.39537588E+002
 -0.14624106E+001 -0.14534663E+001 -0.14118142E+001 -0.13229832E+001 -0.11761939E+001 -0.96241062E+000 -0.74862733E+000 -0.60183804E+000 -0.51300707E+000 -0.47135489E+000 -0.46241062E+000 -0.45785446E+000 -0.42939762E+000 -0.35726218E+000 -0.22320543E+000 -0.98713155E-002  0.29947273E+000  0.72108066E+000  0.12708198E+001  0.19642350E+001  0.28165939E+001  0.38429239E+001  0.50580358E+001  0.64765511E+001  0.81129181E+001  0.99814222E+001  0.12096212E+002  0.14471296E+002  0.17120553E+002  0.20057759E+002  0.23296566E+002  0.26850540E+002  0.30733137E+002  0.34957720E+002  0.39537589E+002
 -0.14623531E+001 -0.14534088E+001 -0.14117566E+001 -0.13229257E+001 -0.11761364E+001 -0.96235307E+000 -0.74856979E+000 -0.60178049E+000 -0.51294952E+000 -0.47129734E+000 -0.46235307E+000 -0.45779691E+000 -0.42934007E+000 -0.35720463E+000 -0.22314789E+000 -0.98137685E-002  0.29953028E+000  0.72113820E+000  0.12708774E+001  0.19642925E+001  0.28166515E+001  0.38429815E+001  0.50580934E+001  0.64766086E+001  0.81129757E+001  0.99814798E+001  0.12096270E+002  0.14471353E+002  0.17120610E+002  0.20057817E+002  0.23296624E+002  0.26850598E+002  0.30733195E+002  0.34957777E+002  0.39537647E+002
 -0.14600588E+001 -0.14511145E+001 -0.14094624E+001 -0.13206314E+001 -0.11738421E+001 -0.96005880E+000 -0.74627551E+000 -0.59948622E+000 -0.51065525E+000 -0.46900307E+000 -0.46005880E+000 -0.45550264E+000 -0.42704580E+000 -0.35491036E+000 -0.22085361E+000 -0.75194966E-002  0.30182455E+000  0.72343248E+000  0.12731716E+001  0.19665868E+001  0.28189458E+001  0.38452757E+001  0.50603876E+001  0.64789029E+001  0.81152699E+001  0.99837741E+001  0.12098564E+002  0.14473647E+002  0.17122904E+002  0.20060111E+002  0.23298918E+002  0.26852892E+002  0.30735489E+002  0.34960072E+002  0.39539941E+002
 -0.14011234E+001 -0.13921791E+001 -0.13505269E+001 -0.12616959E+001 -0.11149066E+001 -0.90112335E+000 -0.68734007E+000 -0.54055077E+000 -0.45171980E+000 -0.41006763E+000 -0.40112335E+000 -0.39656719E+000 -0.36811035E+000 -0.29597491E+000 -0.16191817E+000  0.51415949E-001  0.36076000E+000  0.78236792E+000  0.13321071E+001  0.20255222E+001  0.28778812E+001  0.39042112E+001  0.51193231E+001  0.65378383E+001  0.81742054E+001  0.10042710E+002  0.12157500E+002  0.14532583E+002  0.17181840E+002  0.20119046E+002  0.23357854E+002  0.26911828E+002  0.30794425E+002  0.35019007E+002  0.39598877E+002
 -0.65032885E+000 -0.64138458E+000 -0.59973240E+000 -0.51090143E+000 -0.36411214E+000 -0.15032885E+000  0.63454436E-001  0.21024373E+000  0.29907470E+000  0.34072688E+000  0.34967115E+000  0.35422731E+000  0.38268415E+000  0.45481959E+000  0.58887634E+000  0.80221045E+000  0.11115545E+001  0.15331624E+001  0.20829016E+001  0.27763167E+001  0.36286757E+001  0.46550057E+001  0.58701176E+001  0.72886328E+001  0.89249999E+001  0.10793504E+002  0.12908294E+002  0.15283377E+002  0.17932634E+002  0.20869841E+002  0.24108648E+002  0.27662622E+002  0.31545219E+002  0.35769802E+002  0.40349671E+002
 -0.25917397E+000 -0.25022969E+000 -0.20857752E+000 -0.11974655E+000  0.27042747E-001  0.24082603E+000  0.45460932E+000  0.60139862E+000  0.69022959E+000  0.73188176E+000  0.74082603E+000  0.74538220E+000  0.77383903E+000  0.84597448E+000  0.98003122E+000  0.11933653E+001  0.15027094E+001  0.19243173E+001  0.24740565E+001  0.31674716E+001  0.40198306E+001  0.50461606E+001  0.62612725E+001  0.76797878E+001  0.93161548E+001  0.11184659E+002  0.13299449E+002  0.15674532E+002  0.18323789E+002  0.21260996E+002  0.24499803E+002  0.28053777E+002  0.31936374E+002  0.36160956E+002  0.40740825E+002
  0.12375611E+000  0.13270038E+000  0.17435255E+000  0.26318352E+000  0.40997282E+000  0.62375611E+000  0.83753940E+000  0.98432870E+000  0.10731597E+001  0.11148118E+001  0.11237561E+001  0.11283123E+001  0.11567691E+001  0.12289046E+001  0.13629613E+001  0.15762954E+001  0.18856395E+001  0.23072474E+001  0.28569866E+001  0.35504017E+001  0.44027607E+001  0.54290907E+001  0.66442026E+001  0.80627179E+001  0.96990849E+001  0.11567589E+002  0.13682379E+002  0.16057463E+002  0.18706719E+002  0.21643926E+002  0.24882733E+002  0.28436707E+002  0.32319304E+002  0.36543887E+002  0.41123756E+002
  0.10927345E+001  0.11016788E+001  0.11433310E+001  0.12321620E+001  0.13789513E+001  0.15927345E+001  0.18065178E+001  0.19533071E+001  0.20421381E+001  0.20837903E+001  0.20927345E+001  0.20972907E+001  0.21257475E+001  0.21978830E+001  0.23319397E+001  0.25452738E+001  0.28546179E+001  0.32762258E+001  0.38259650E+001  0.45193801E+001  0.53717391E+001  0.63980691E+001  0.76131810E+001  0.90316963E+001  0.10668063E+002  0.12536567E+002  0.14651358E+002  0.17026441E+002  0.19675698E+002  0.22612905E+002  0.25851712E+002  0.29405686E+002  0.33288283E+002  0.37512865E+002  0.42092734E+002
 -0.74885813E+000 -0.73991386E+000 -0.69826168E+000 -0.60943071E+000 -0.46264142E+000 -0.24885813E+000 -0.35074847E-001  0.11171445E+000  0.20054542E+000  0.24219759E+000  0.25114186E+000  0.25569803E+000  0.28415486E+000  0.35629030E+000  0.49034705E+000  0.70368116E+000  0.10130252E+001  0.14346331E+001  0.19843723E+001  0.26777874E+001  0.35301463E+001  0.45564762E+001  0.57715881E+001  0.71901032E+001  0.88264701E+001  0.10694974E+002  0.12809764E+002  0.15184847E+002  0.31613966E+002  0.32046709E+002  0.32470377E+002  0.32864492E+002  0.33208174E+002  0.33474393E+002  0.33631872E+002
