 -0.98715008E-003  0.79571227E-002  0.49609296E-001  0.13844027E+000  0.28522956E+000  0.49901285E+000  0.71279614E+000  0.85958543E+000  0.94841640E+000  0.99006858E+000  0.99901285E+000  0.10035690E+001  0.10320258E+001  0.11041613E+001  0.12382180E+001  0.14515522E+001  0.17608962E+001  0.21825041E+001  0.27322433E+001  0.34256584E+001  0.42780174E+001  0.53043474E+001  0.65194593E+001  0.79379745E+001  0.95743416E+001  0.11442846E+002  0.13557636E+002  0.15932719E+002  0.18581976E+002  0.21519183E+002  0.24757990E+002  0.28311964E+002  0.32194561E+002  0.36419143E+002  0.40999013E+002
 -0.98715008E-003  0.79571227E-002  0.49609296E-001  0.13844027E+000  0.28522956E+000  0.49901285E+000  0.71279614E+000  0.85958543E+000  0.94841640E+000  0.99006858E+000  0.99901285E+000  0.10035690E+001  0.10320258E+001  0.11041613E+001  0.12382180E+001  0.14515522E+001  0.17608962E+001  0.21825041E+001  0.27322433E+001  0.34256584E+001  0.42780174E+001  0.53043474E+001  0.65194593E+001  0.79379745E+001  0.95743416E+001  0.11442846E+002  0.13557636E+002  0.15932719E+002  0.18581976E+002  0.21519183E+002  0.24757990E+002  0.28311964E+002  0.32194561E+002  0.36419143E+002  0.40999013E+002
 -0.98715008E-003  0.79571227E-002  0.49609296E-001  0.13844027E+000  0.28522956E+000  0.49901285E+000  0.71279614E+000  0.85958543E+000  0.94841640E+000  0.99006858E+000  0.99901285E+000  0.10035690E+001  0.10320258E+001  0.11041613E+001  0.12382180E+001  0.14515522E+001  0.17608962E+001  0.21825041E+001  0.27322433E+001  0.34256584E+001  0.42780174E+001  0.53043474E+001  0.65194593E+001  0.79379745E+001  0.95743416E+001  0.11442846E+002  0.13557636E+002  0.15932719E+002  0.18581976E+002  0.21519183E+002  0.24757990E+002  0.28311964E+002  0.32194561E+002  0.36419143E+002  0.40999013E+002
 -0.98715008E-003  0.79571227E-002  0.49609296E-001  0.13844027E+000  0.28522956E+000  0.49901285E+000  0.71279614E+000  0.85958543E+000  0.94841640E+000  0.99006858E+000  0.99901285E+000  0.10035690E+001  0.10320258E+001  0.11041613E+001  0.12382180E+001  0.14515522E+001  0.17608962E+001  0.21825041E+001  0.27322433E+001  0.34256584E+001  0.42780174E+001  0.53043474E+001  0.65194593E+001  0.79379745E+001  0.95743416E+001  0.11442846E+002  0.13557636E+002  0.15932719E+002  0.18581976E+002  0.21519183E+002  0.24757990E+002  0.28311964E+002  0.32194561E+002  0.36419143E+002  0.40999013E+002
 -0.98715008E-003  0.79571227E-002  0.49609296E-001  0.13844027E+000  0.28522956E+000  0.49901285E+000  0.71279614E+000  0.85958543E+000  0.94841640E+000  0.99006858E+000  0.99901285E+000  0.10035690E+001  0.10320258E+001  0.11041613E+001  0.12382180E+001  0.14515522E+001  0.17608962E+001  0.21825041E+001  0.27322433E+001  0.34256584E+001  0.42780174E+001  0.53043474E+001  0.65194593E+001  0.79379745E+001  0.95743416E+001  0.11442846E+002  0.13557636E+002  0.15932719E+002  0.18581976E+002  0.21519183E+002  0.24757990E+002  0.28311964E+002  0.32194561E+002  0.36419143E+002  0.40999013E+002
 -0.98715008E-003  0.79571227E-002  0.49609296E-001  0.13844027E+000  0.28522956E+000  0.49901285E+000  0.71279614E+000  0.85958543E+000  0.94841640E+000  0.99006858E+000  0.99901285E+000  0.10035690E+001  0.10320258E+001  0.11041613E+001  0.12382180E+001  0.14515522E+001  0.17608962E+001  0.21825041E+001  0.27322433E+001  0.34256584E+001  0.42780174E+001  0.53043474E+001  0.65194593E+001  0.79379745E+001  0.95743416E+001  0.11442846E+002  0.13557636E+002  0.15932719E+002  0.18581976E+002  0.21519183E+002  0.24757990E+002  0.28311964E+002  0.32194561E+002  0.36419143E+002  0.40999013E+002
 -0.98715008E-003  0.79571227E-002  0.49609296E-001  0.13844027E+000  0.28522956E+000  0.49901285E+000  0.71279614E+000  0.85958543E+000  0.94841640E+000  0.99006858E+000  0.99901285E+000  0.10035690E+001  0.10320258E+001  0.11041613E+001  0.12382180E+001  0.14515522E+001  0.17608962E+001  0.21825041E+001  0.27322433E+001  0.34256584E+001  0.42780174E+001  0.53043474E+001  0.65194593E+001  0.79379745E+001  0.95743416E+001  0.11442846E+002  0.13557636E+002  0.15932719E+002  0.18581976E+002  0.21519183E+002  0.24757990E+002  0.28311964E+002  0.32194561E+002  0.36419143E+002  0.40999013E+002
 -0.98715008E-003  0.79571227E-002  0.49609296E-001  0.13844027E+000  0.28522956E+000  0.49901285E+000  0.71279614E+000  0.85958543E+000  0.94841640E+000  0.99006858E+000  0.99901285E+000  0.10035690E+001  0.10320258E+001  0.11041613E+001  0.12382180E+001  0.14515522E+001  0.17608962E+001  0.21825041E+001  0.27322433E+001  0.34256584E+001  0.42780174E+001  0.53043474E+001  0.65194593E+001  0.79379745E+001  0.95743416E+001  0.11442846E+002  0.13557636E+002  0.15932719E+002  0.18581976E+002  0.21519183E+002  0.24757990E+002  0.28311964E+002  0.32194561E+002  0.36419143E+002  0.40999013E+002
 -0.98715008E-003  0.79571227E-002  0.49609296E-001  0.13844027E+000  0.28522956E+000  0.49901285E+000  0.71279614E+000  0.85958543E+000  0.94841640E+000  0.99006858E+000  0.99901285E+000  0.10035690E+001  0.10320258E+001  0.11041613E+001  0.12382180E+001  0.14515522E+001  0.17608962E+001  0.21825041E+001  0.27322433E+001  0.34256584E+001  0.42780174E+001  0.53043474E+001  0.65194593E+001  0.79379745E+001  0.95743416E+001  0.11442846E+002  0.13557636E+002  0.15932719E+002  0.18581976E+002  0.21519183E+002  0.24757990E+002  0.28311964E+002  0.32194561E+002  0.36419143E+002  0.40999013E+002
 -0.98715008E-003  0.79571227E-002  0.49609296E-001  0.13844027E+000  0.28522956E+000  0.49901285E+000  0.71279614E+000  0.85958543E+000  0.94841640E+000  0.99006858E+000  0.99901285E+000  0.10035690E+001  0.10320258E+001  0.11041613E+001  0.12382180E+001  0.14515522E+001  0.17608962E+001  0.21825041E+001  0.27322433E+001  0.34256584E+001  0.42780174E+001  0.53043474E+001  0.65194593E+001  0.79379745E+001  0.95743416E+001  0.11442846E+002  0.13557636E+002  0.15932719E+002  0.18581976E+002  0.21519183E+002  0.24757990E+002  0.28311964E+002  0.32194561E+002  0.36419143E+002  0.40999013E+002
 -0.98715008E-003  0.79571227E-002  0.49609296E-001  0.13844027E+000  0.28522956E+000  0.49901285E+000  0.71279614E+000  0.85958543E+000  0.94841640E+000  0.99006858E+000  0.99901285E+000  0.10035690E+001  0.10320258E+001  0.11041613E+001  0.12382180E+001  0.14515522E+001  0.17608962E+001  0.21825041E+001  0.27322433E+001  0.34256584E+001  0.42780174E+001  0.53043474E+001  0.65194593E+001  0.79379745E+001  0.95743416E+001  0.11442846E+002  0.13557636E+002  0.15932719E+002  0.18581976E+002  0.21519183E+002  0.24757990E+002  0.28311964E+002  0.32194561E+002  0.36419143E+002  0.40999013E+002
 -0.98715008E-003  0.79571227E-002  0.49609296E-001  0.13844027E+000  0.28522956E+000  0.49901285E+000  0.71279614E+000  0.85958543E+000  0.94841640E+000  0.99006858E+000  0.99901285E+000  0.10035690E+001  0.10320258E+001  0.11041613E+001  0.12382180E+001  0.14515522E+001  0.17608962E+001  0.21825041E+001  0.27322433E+001  0.34256584E+001  0.42780174E+001  0.53043474E+001  0.65194593E+001  0.79379745E+001  0.95743416E+001  0.11442846E+002  0.13557636E+002  0.15932719E+002  0.18581976E+002  0.21519183E+002  0.24757990E+002  0.28311964E+002  0.32194561E+002  0.36419143E+002  0.40999013E+002
 -0.98715008E-003  0.79571227E-002  0.49609296E-001  0.13844027E+000  0.28522956E+000  0.49901285E+000  0.71279614E+000  0.85958543E+000  0.94841640E+000  0.99006858E+000  0.99901285E+000  0.10035690E+001  0.10320258E+001  0.11041613E+001  0.12382180E+001  0.14515522E+001  0.17608962E+001  0.21825041E+001  0.27322433E+001  0.34256584E+001  0.42780174E+001  0.53043474E+001  0.65194593E+001  0.79379745E+001  0.95743416E+001  0.11442846E+002  0.13557636E+002  0.15932719E+002  0.18581976E+002  0.21519183E+002  0.24757990E+002  0.28311964E+002  0.32194561E+002  0.36419143E+002  0.40999013E+002
 -0.98715008E-003  0.79571227E-002  0.49609296E-001  0.13844027E+000  0.28522956E+000  0.49901285E+000  0.71279614E+000  0.85958543E+000  0.94841640E+000  0.99006858E+000  0.99901285E+000  0.10035690E+001  0.10320258E+001  0.11041613E+001  0.12382180E+001  0.14515522E+001  0.17608962E+001  0.21825041E+001  0.27322433E+001  0.34256584E+001  0.42780174E+001  0.53043474E+001  0.65194593E+001  0.79379745E+001  0.95743416E+001  0.11442846E+002  0.13557636E+002  0.15932719E+002  0.18581976E+002  0.21519183E+002  0.24757990E+002  0.28311964E+002  0.32194561E+002  0.36419143E+002  0.40999013E+002
 -0.98715008E-003  0.79571227E-002  0.49609296E-001  0.13844027E+000  0.28522956E+000  0.49901285E+000  0.71279614E+000  0.85958543E+000  0.94841640E+000  0.99006858E+000  0.99901285E+000  0.10035690E+001  0.10320258E+001  0.11041613E+001  0.12382180E+001  0.14515522E+001  0.17608962E+001  0.21825041E+001  0.27322433E+001  0.34256584E+001  0.42780174E+001  0.53043474E+001  0.65194593E+001  0.79379745E+001  0.95743416E+001  0.11442846E+002  0.13557636E+002  0.15932719E+002  0.18581976E+002  0.21519183E+002  0.24757990E+002  0.28311964E+002  0.32194561E+002  0.36419143E+002  0.40999013E+002
 -0.98715000E-003  0.79571228E-002  0.49609296E-001  0.13844027E+000  0.28522956E+000  0.49901285E+000  0.71279614E+000  0.85958543E+000  0.94841640E+000  0.99006858E+000  0.99901285E+000  0.10035690E+001  0.10320258E+001  0.11041613E+001  0.12382180E+001  0.14515522E+001  0.17608962E+001  0.21825041E+001  0.27322433E+001  0.34256584E+001  0.42780174E+001  0.53043474E+001  0.65194593E+001  0.79379745E+001  0.95743416E+001  0.11442846E+002  0.13557636E+002  0.15932719E+002  0.18581976E+002  0.21519183E+002  0.24757990E+002  0.28311964E+002  0.32194561E+002  0.36419143E+002  0.40999013E+002
 -0.98713781E-003  0.79571350E-002  0.49609308E-001  0.13844028E+000  0.28522958E+000  0.49901286E+000  0.71279615E+000  0.85958544E+000  0.94841642E+000  0.99006859E+000  0.99901286E+000  0.10035690E+001  0.10320259E+001  0.11041613E+001  0.12382180E+001  0.14515522E+001  0.17608962E+001  0.21825041E+001  0.27322433E+001  0.34256584E+001  0.42780174E+001  0.53043474E+001  0.65194593E+001  0.79379745E+001  0.95743416E+001  0.11442846E+002  0.13557636E+002  0.15932719E+002  0.18581976E+002  0.21519183E+002  0.24757990E+002  0.28311964E+002  0.32194561E+002  0.36419143E+002  0.40999013E+002
 -0.98578406E-003  0.79584887E-002  0.49610662E-001  0.13844163E+000  0.28523093E+000  0.49901422E+000  0.71279750E+000  0.85958680E+000  0.94841777E+000  0.99006994E+000  0.99901422E+000  0.10035704E+001  0.10320272E+001  0.11041627E+001  0.12382194E+001  0.14515535E+001  0.17608976E+001  0.21825055E+001  0.27322447E+001  0.34256598E+001  0.42780188E+001  0.53043487E+001  0.65194607E+001  0.79379759E+001  0.95743429E+001  0.11442847E+002  0.13557637E+002  0.15932721E+002  0.18581977E+002  0.21519184E+002  0.24757991E+002  0.28311965E+002  0.32194562E+002  0.36419145E+002  0.40999014E+002
 -0.87723335E-003  0.80670394E-002  0.49719213E-001  0.13855018E+000  0.28533948E+000  0.49912277E+000  0.71290605E+000  0.85969535E+000  0.94852632E+000  0.99017849E+000  0.99912277E+000  0.10036789E+001  0.10321358E+001  0.11042712E+001  0.12383280E+001  0.14516621E+001  0.17610061E+001  0.21826140E+001  0.27323532E+001  0.34257683E+001  0.42781273E+001  0.53044573E+001  0.65195692E+001  0.79380844E+001  0.95744515E+001  0.11442956E+002  0.13557746E+002  0.15932829E+002  0.18582086E+002  0.21519293E+002  0.24758100E+002  0.28312074E+002  0.32194671E+002  0.36419253E+002  0.40999123E+002
  0.47850313E-002  0.13729304E-001  0.55381477E-001  0.14421245E+000  0.29100175E+000  0.50478503E+000  0.71856832E+000  0.86535761E+000  0.95418858E+000  0.99584076E+000  0.10047850E+001  0.10093412E+001  0.10377980E+001  0.11099335E+001  0.12439902E+001  0.14573243E+001  0.17666684E+001  0.21882763E+001  0.27380155E+001  0.34314306E+001  0.42837896E+001  0.53101196E+001  0.65252315E+001  0.79437467E+001  0.95801138E+001  0.11448618E+002  0.13563408E+002  0.15938491E+002  0.18587748E+002  0.21524955E+002  0.24763762E+002  0.28317736E+002  0.32200333E+002  0.36424916E+002  0.41004785E+002
  0.15209717E+000  0.16104144E+000  0.20269362E+000  0.29152459E+000  0.43831388E+000  0.65209717E+000  0.86588046E+000  0.10126698E+001  0.11015007E+001  0.11431529E+001  0.11520972E+001  0.11566533E+001  0.11851102E+001  0.12572456E+001  0.13913024E+001  0.16046365E+001  0.19139805E+001  0.23355884E+001  0.28853276E+001  0.35787428E+001  0.44311017E+001  0.54574317E+001  0.66725436E+001  0.80910588E+001  0.97274259E+001  0.11595930E+002  0.13710720E+002  0.16085803E+002  0.18735060E+002  0.21672267E+002  0.24911074E+002  0.28465048E+002  0.32347645E+002  0.36572228E+002  0.41152097E+002
  0.15496595E+000  0.16391022E+000  0.20556240E+000  0.29439337E+000  0.44118266E+000  0.65496595E+000  0.86874923E+000  0.10155385E+001  0.11043695E+001  0.11460217E+001  0.11549660E+001  0.11595221E+001  0.11879790E+001  0.12601144E+001  0.13941711E+001  0.16075053E+001  0.19168493E+001  0.23384572E+001  0.28881964E+001  0.35816116E+001  0.44339705E+001  0.54603005E+001  0.66754124E+001  0.80939277E+001  0.97302947E+001  0.11598799E+002  0.13713589E+002  0.16088672E+002  0.18737929E+002  0.21675136E+002  0.24913943E+002  0.28467917E+002  0.32350514E+002  0.36575096E+002  0.41154965E+002
  0.21352589E+000  0.22247017E+000  0.26412234E+000  0.35295331E+000  0.49974261E+000  0.71352589E+000  0.92730918E+000  0.10740985E+001  0.11629295E+001  0.12045816E+001  0.12135259E+001  0.12180821E+001  0.12465389E+001  0.13186743E+001  0.14527311E+001  0.16660652E+001  0.19754093E+001  0.23970172E+001  0.29467564E+001  0.36401715E+001  0.44925305E+001  0.55188605E+001  0.67339724E+001  0.81524876E+001  0.97888547E+001  0.11657359E+002  0.13772149E+002  0.16147232E+002  0.18796489E+002  0.21733696E+002  0.24972503E+002  0.28526477E+002  0.32409074E+002  0.36633657E+002  0.41213526E+002
  0.23762484E+000  0.24656912E+000  0.28822129E+000  0.37705226E+000  0.52384156E+000  0.73762484E+000  0.95140813E+000  0.10981974E+001  0.11870284E+001  0.12286806E+001  0.12376248E+001  0.12421810E+001  0.12706378E+001  0.13427733E+001  0.14768300E+001  0.16901641E+001  0.19995082E+001  0.24211161E+001  0.29708553E+001  0.36642704E+001  0.45166294E+001  0.55429594E+001  0.67580713E+001  0.81765866E+001  0.98129536E+001  0.11681458E+002  0.13796248E+002  0.16171331E+002  0.18820588E+002  0.21757795E+002  0.24996602E+002  0.28550576E+002  0.32433173E+002  0.36657755E+002  0.41237624E+002
  0.16825937E+000  0.17720364E+000  0.21885582E+000  0.30768679E+000  0.45447608E+000  0.66825937E+000  0.88204265E+000  0.10288319E+001  0.11176629E+001  0.11593151E+001  0.11682594E+001  0.11728155E+001  0.12012724E+001  0.12734078E+001  0.14074645E+001  0.16207987E+001  0.19301427E+001  0.23517506E+001  0.29014898E+001  0.35949049E+001  0.44472638E+001  0.54735938E+001  0.66887056E+001  0.81072207E+001  0.97435877E+001  0.11612092E+002  0.13726882E+002  0.16101965E+002  0.27276055E+002  0.27705806E+002  0.28129883E+002  0.28524330E+002  0.28868249E+002  0.29134511E+002  0.29291972E+002
