  0.72650926E+000  0.73545354E+000  0.77710571E+000  0.86593668E+000  0.10127260E+001  0.12265093E+001  0.14402925E+001  0.15870818E+001  0.16759128E+001  0.17175650E+001  0.17265093E+001  0.17310654E+001  0.17595223E+001  0.18316577E+001  0.19657144E+001  0.21790486E+001  0.24883926E+001  0.29100005E+001  0.34597397E+001  0.41531548E+001  0.50055138E+001  0.60318438E+001  0.72469557E+001  0.86654709E+001  0.10301838E+002  0.12170342E+002  0.14285132E+002  0.16660216E+002  0.19309472E+002  0.22246679E+002  0.25485486E+002  0.29039460E+002  0.32922057E+002  0.37146640E+002  0.41726509E+002
  0.72650926E+000  0.73545354E+000  0.77710571E+000  0.86593668E+000  0.10127260E+001  0.12265093E+001  0.14402925E+001  0.15870818E+001  0.16759128E+001  0.17175650E+001  0.17265093E+001  0.17310654E+001  0.17595223E+001  0.18316577E+001  0.19657144E+001  0.21790486E+001  0.24883926E+001  0.29100005E+001  0.34597397E+001  0.41531548E+001  0.50055138E+001  0.60318438E+001  0.72469557E+001  0.86654709E+001  0.10301838E+002  0.12170342E+002  0.14285132E+002  0.16660216E+002  0.19309472E+002  0.22246679E+002  0.25485486E+002  0.29039460E+002  0.32922057E+002  0.37146640E+002  0.41726509E+002
  0.72650926E+000  0.73545354E+000  0.77710571E+000  0.86593668E+000  0.10127260E+001  0.12265093E+001  0.14402925E+001  0.15870818E+001  0.16759128E+001  0.17175650E+001  0.17265093E+001  0.17310654E+001  0.17595223E+001  0.18316577E+001  0.19657144E+001  0.21790486E+001  0.24883926E+001  0.29100005E+001  0.34597397E+001  0.41531548E+001  0.50055138E+001  0.60318438E+001  0.72469557E+001  0.86654709E+001  0.10301838E+002  0.12170342E+002  0.14285132E+002  0.16660216E+002  0.19309472E+002  0.22246679E+002  0.25485486E+002  0.29039460E+002  0.32922057E+002  0.37146640E+002  0.41726509E+002
  0.72650926E+000  0.73545354E+000  0.77710571E+000  0.86593668E+000  0.10127260E+001  0.12265093E+001  0.14402925E+001  0.15870818E+001  0.16759128E+001  0.17175650E+001  0.17265093E+001  0.17310654E+001  0.17595223E+001  0.18316577E+001  0.19657144E+001  0.21790486E+001  0.24883926E+001  0.29100005E+001  0.34597397E+001  0.41531548E+001  0.50055138E+001  0.60318438E+001  0.72469557E+001  0.86654709E+001  0.10301838E+002  0.12170342E+002  0.14285132E+002  0.16660216E+002  0.19309472E+002  0.22246679E+002  0.25485486E+002  0.29039460E+002  0.32922057E+002  0.37146640E+002  0.41726509E+002
  0.72650926E+000  0.73545354E+000  0.77710571E+000  0.86593668E+000  0.10127260E+001  0.12265093E+001  0.14402925E+001  0.15870818E+001  0.16759128E+001  0.17175650E+001  0.17265093E+001  0.17310654E+001  0.17595223E+001  0.18316577E+001  0.19657144E+001  0.21790486E+001  0.24883926E+001  0.29100005E+001  0.34597397E+001  0.41531548E+001  0.50055138E+001  0.60318438E+001  0.72469557E+001  0.86654709E+001  0.10301838E+002  0.12170342E+002  0.14285132E+002  0.16660216E+002  0.19309472E+002  0.22246679E+002  0.25485486E+002  0.29039460E+002  0.32922057E+002  0.37146640E+002  0.41726509E+002
  0.72650926E+000  0.73545354E+000  0.77710571E+000  0.86593668E+000  0.10127260E+001  0.12265093E+001  0.14402925E+001  0.15870818E+001  0.16759128E+001  0.17175650E+001  0.17265093E+001  0.17310654E+001  0.17595223E+001  0.18316577E+001  0.19657144E+001  0.21790486E+001  0.24883926E+001  0.29100005E+001  0.34597397E+001  0.41531548E+001  0.50055138E+001  0.60318438E+001  0.72469557E+001  0.86654709E+001  0.10301838E+002  0.12170342E+002  0.14285132E+002  0.16660216E+002  0.19309472E+002  0.22246679E+002  0.25485486E+002  0.29039460E+002  0.32922057E+002  0.37146640E+002  0.41726509E+002
  0.72650926E+000  0.73545354E+000  0.77710571E+000  0.86593668E+000  0.10127260E+001  0.12265093E+001  0.14402925E+001  0.15870818E+001  0.16759128E+001  0.17175650E+001  0.17265093E+001  0.17310654E+001  0.17595223E+001  0.18316577E+001  0.19657144E+001  0.21790486E+001  0.24883926E+001  0.29100005E+001  0.34597397E+001  0.41531548E+001  0.50055138E+001  0.60318438E+001  0.72469557E+001  0.86654709E+001  0.10301838E+002  0.12170342E+002  0.14285132E+002  0.16660216E+002  0.19309472E+002  0.22246679E+002  0.25485486E+002  0.29039460E+002  0.32922057E+002  0.37146640E+002  0.41726509E+002
  0.72650926E+000  0.73545354E+000  0.77710571E+000  0.86593668E+000  0.10127260E+001  0.12265093E+001  0.14402925E+001  0.15870818E+001  0.16759128E+001  0.17175650E+001  0.17265093E+001  0.17310654E+001  0.17595223E+001  0.18316577E+001  0.19657144E+001  0.21790486E+001  0.24883926E+001  0.29100005E+001  0.34597397E+001  0.41531548E+001  0.50055138E+001  0.60318438E+001  0.72469557E+001  0.86654709E+001  0.10301838E+002  0.12170342E+002  0.14285132E+002  0.16660216E+002  0.19309472E+002  0.22246679E+002  0.25485486E+002  0.29039460E+002  0.32922057E+002  0.37146640E+002  0.41726509E+002
  0.72650926E+000  0.73545354E+000  0.77710571E+000  0.86593668E+000  0.10127260E+001  0.12265093E+001  0.14402925E+001  0.15870818E+001  0.16759128E+001  0.17175650E+001  0.17265093E+001  0.17310654E+001  0.17595223E+001  0.18316577E+001  0.19657144E+001  0.21790486E+001  0.24883926E+001  0.29100005E+001  0.34597397E+001  0.41531548E+001  0.50055138E+001  0.60318438E+001  0.72469557E+001  0.86654709E+001  0.10301838E+002  0.12170342E+002  0.14285132E+002  0.16660216E+002  0.19309472E+002  0.22246679E+002  0.25485486E+002  0.29039460E+002  0.32922057E+002  0.37146640E+002  0.41726509E+002
  0.72650926E+000  0.73545354E+000  0.77710571E+000  0.86593668E+000  0.10127260E+001  0.12265093E+001  0.14402925E+001  0.15870818E+001  0.16759128E+001  0.17175650E+001  0.17265093E+001  0.17310654E+001  0.17595223E+001  0.18316577E+001  0.19657144E+001  0.21790486E+001  0.24883926E+001  0.29100005E+001  0.34597397E+001  0.41531548E+001  0.50055138E+001  0.60318438E+001  0.72469557E+001  0.86654709E+001  0.10301838E+002  0.12170342E+002  0.14285132E+002  0.16660216E+002  0.19309472E+002  0.22246679E+002  0.25485486E+002  0.29039460E+002  0.32922057E+002  0.37146640E+002  0.41726509E+002
  0.72650926E+000  0.73545354E+000  0.77710571E+000  0.86593668E+000  0.10127260E+001  0.12265093E+001  0.14402925E+001  0.15870818E+001  0.16759128E+001  0.17175650E+001  0.17265093E+001  0.17310654E+001  0.17595223E+001  0.18316577E+001  0.19657144E+001  0.21790486E+001  0.24883926E+001  0.29100005E+001  0.34597397E+001  0.41531548E+001  0.50055138E+001  0.60318438E+001  0.72469557E+001  0.86654709E+001  0.10301838E+002  0.12170342E+002  0.14285132E+002  0.16660216E+002  0.19309472E+002  0.22246679E+002  0.25485486E+002  0.29039460E+002  0.32922057E+002  0.37146640E+002  0.41726509E+002
  0.72650926E+000  0.73545354E+000  0.77710571E+000  0.86593668E+000  0.10127260E+001  0.12265093E+001  0.14402925E+001  0.15870818E+001  0.16759128E+001  0.17175650E+001  0.17265093E+001  0.17310654E+001  0.17595223E+001  0.18316577E+001  0.19657144E+001  0.21790486E+001  0.24883926E+001  0.29100005E+001  0.34597397E+001  0.41531548E+001  0.50055138E+001  0.60318438E+001  0.72469557E+001  0.86654709E+001  0.10301838E+002  0.12170342E+002  0.14285132E+002  0.16660216E+002  0.19309472E+002  0.22246679E+002  0.25485486E+002  0.29039460E+002  0.32922057E+002  0.37146640E+002  0.41726509E+002
  0.72650926E+000  0.73545354E+000  0.77710571E+000  0.86593668E+000  0.10127260E+001  0.12265093E+001  0.14402925E+001  0.15870818E+001  0.16759128E+001  0.17175650E+001  0.17265093E+001  0.17310654E+001  0.17595223E+001  0.18316577E+001  0.19657144E+001  0.21790486E+001  0.24883926E+001  0.29100005E+001  0.34597397E+001  0.41531548E+001  0.50055138E+001  0.60318438E+001  0.72469557E+001  0.86654709E+001  0.10301838E+002  0.12170342E+002  0.14285132E+002  0.16660216E+002  0.19309472E+002  0.22246679E+002  0.25485486E+002  0.29039460E+002  0.32922057E+002  0.37146640E+002  0.41726509E+002
  0.72650926E+000  0.73545354E+000  0.77710571E+000  0.86593668E+000  0.10127260E+001  0.12265093E+001  0.14402925E+001  0.15870818E+001  0.16759128E+001  0.17175650E+001  0.17265093E+001  0.17310654E+001  0.17595223E+001  0.18316577E+001  0.19657144E+001  0.21790486E+001  0.24883926E+001  0.29100005E+001  0.34597397E+001  0.41531548E+001  0.50055138E+001  0.60318438E+001  0.72469557E+001  0.86654709E+001  0.10301838E+002  0.12170342E+002  0.14285132E+002  0.16660216E+002  0.19309472E+002  0.22246679E+002  0.25485486E+002  0.29039460E+002  0.32922057E+002  0.37146640E+002  0.41726509E+002
  0.72650926E+000  0.73545354E+000  0.77710571E+000  0.86593668E+000  0.10127260E+001  0.12265093E+001  0.14402925E+001  0.15870818E+001  0.16759128E+001  0.17175650E+001  0.17265093E+001  0.17310654E+001  0.17595223E+001  0.18316577E+001  0.19657144E+001  0.21790486E+001  0.24883926E+001  0.29100005E+001  0.34597397E+001  0.41531548E+001  0.50055138E+001  0.60318438E+001  0.72469557E+001  0.86654709E+001  0.10301838E+002  0.12170342E+002  0.14285132E+002  0.16660216E+002  0.19309472E+002  0.22246679E+002  0.25485486E+002  0.29039460E+002  0.32922057E+002  0.37146640E+002  0.41726509E+002
  0.72650926E+000  0.73545354E+000  0.77710571E+000  0.86593668E+000  0.10127260E+001  0.12265093E+001  0.14402925E+001  0.15870818E+001  0.16759128E+001  0.17175650E+001  0.17265093E+001  0.17310654E+001  0.17595223E+001  0.18316577E+001  0.19657144E+001  0.21790486E+001  0.24883926E+001  0.29100005E+001  0.34597397E+001  0.41531548E+001  0.50055138E+001  0.60318438E+001  0.72469557E+001  0.86654709E+001  0.10301838E+002  0.12170342E+002  0.14285132E+002  0.16660216E+002  0.19309472E+002  0.22246679E+002  0.25485486E+002  0.29039460E+002  0.32922057E+002  0.37146640E+002  0.41726509E+002
  0.72650925E+000  0.73545352E+000  0.77710570E+000  0.86593667E+000  0.10127260E+001  0.12265092E+001  0.14402925E+001  0.15870818E+001  0.16759128E+001  0.17175650E+001  0.17265092E+001  0.17310654E+001  0.17595222E+001  0.18316577E+001  0.19657144E+001  0.21790485E+001  0.24883926E+001  0.29100005E+001  0.34597397E+001  0.41531548E+001  0.50055138E+001  0.60318438E+001  0.72469557E+001  0.86654709E+001  0.10301838E+002  0.12170342E+002  0.14285132E+002  0.16660216E+002  0.19309472E+002  0.22246679E+002  0.25485486E+002  0.29039460E+002  0.32922057E+002  0.37146640E+002  0.41726509E+002
  0.72650844E+000  0.73545271E+000  0.77710489E+000  0.86593586E+000  0.10127252E+001  0.12265084E+001  0.14402917E+001  0.15870810E+001  0.16759120E+001  0.17175642E+001  0.17265084E+001  0.17310646E+001  0.17595214E+001  0.18316569E+001  0.19657136E+001  0.21790477E+001  0.24883918E+001  0.29099997E+001  0.34597389E+001  0.41531540E+001  0.50055130E+001  0.60318430E+001  0.72469549E+001  0.86654701E+001  0.10301837E+002  0.12170341E+002  0.14285131E+002  0.16660215E+002  0.19309472E+002  0.22246678E+002  0.25485485E+002  0.29039459E+002  0.32922056E+002  0.37146639E+002  0.41726508E+002
  0.72647385E+000  0.73541812E+000  0.77707029E+000  0.86590126E+000  0.10126906E+001  0.12264738E+001  0.14402571E+001  0.15870464E+001  0.16758774E+001  0.17175296E+001  0.17264738E+001  0.17310300E+001  0.17594868E+001  0.18316223E+001  0.19656790E+001  0.21790131E+001  0.24883572E+001  0.29099651E+001  0.34597043E+001  0.41531194E+001  0.50054784E+001  0.60318084E+001  0.72469203E+001  0.86654355E+001  0.10301803E+002  0.12170307E+002  0.14285097E+002  0.16660180E+002  0.19309437E+002  0.22246644E+002  0.25485451E+002  0.29039425E+002  0.32922022E+002  0.37146604E+002  0.41726474E+002
  0.72548176E+000  0.73442603E+000  0.77607820E+000  0.86490917E+000  0.10116985E+001  0.12254818E+001  0.14392650E+001  0.15860543E+001  0.16748853E+001  0.17165375E+001  0.17254818E+001  0.17300379E+001  0.17584948E+001  0.18306302E+001  0.19646869E+001  0.21780211E+001  0.24873651E+001  0.29089730E+001  0.34587122E+001  0.41521273E+001  0.50044863E+001  0.60308163E+001  0.72459282E+001  0.86644434E+001  0.10300810E+002  0.12169315E+002  0.14284105E+002  0.16659188E+002  0.19308445E+002  0.22245652E+002  0.25484459E+002  0.29038433E+002  0.32921030E+002  0.37145612E+002  0.41725482E+002
  0.70991551E+000  0.70991562E+000  0.75156780E+000  0.75156897E+000  0.75157100E+000  0.75157395E+000  0.75157739E+000  0.75157975E+000  0.75158121E+000  0.75158190E+000  0.76052617E+000  0.76508233E+000  0.79353917E+000  0.86567461E+000  0.99973136E+000  0.12130655E+001  0.15224095E+001  0.19440175E+001  0.24937566E+001  0.31871718E+001  0.40395308E+001  0.50658607E+001  0.62809726E+001  0.76994879E+001  0.93358550E+001  0.11204359E+002  0.13319149E+002  0.15694233E+002  0.18343490E+002  0.21280696E+002  0.24519503E+002  0.28073477E+002  0.31956074E+002  0.36180657E+002  0.40760526E+002
  0.66258356E+000  0.66258356E+000  0.78115743E+000  0.78163049E+000  0.88382402E+000  0.88382378E+000  0.12845997E+001  0.12861513E+001  0.13387726E+001  0.13662829E+001  0.13752272E+001  0.13797833E+001  0.14082402E+001  0.14803756E+001  0.16144324E+001  0.18277665E+001  0.21371105E+001  0.25587184E+001  0.31084576E+001  0.38018727E+001  0.46542317E+001  0.56805617E+001  0.68956736E+001  0.83141888E+001  0.83141264E+001  0.11590415E+002  0.11649028E+002  0.14024111E+002  0.16673368E+002  0.19610575E+002  0.22849382E+002  0.26403356E+002  0.30285953E+002  0.34510535E+002  0.39090405E+002
  0.65529924E+000  0.65529924E+000  0.65529922E+000  0.65529919E+000  0.65529913E+000  0.65529905E+000  0.65529897E+000  0.65529891E+000  0.65529888E+000  0.65529886E+000  0.65529886E+000  0.65529886E+000  0.65529885E+000  0.65529882E+000  0.65529867E+000  0.65529844E+000  0.65529810E+000  0.65529764E+000  0.65529704E+000  0.65529629E+000  0.65529536E+000  0.65529424E+000  0.65529291E+000  0.65529137E+000  0.65528958E+000  0.65528755E+000  0.11467999E+002  0.11468017E+002  0.11468106E+002  0.11468285E+002  0.11468585E+002  0.11468929E+002  0.11469433E+002  0.11470135E+002  0.11471074E+002
  0.56696687E+000  0.56696703E+000  0.56696781E+000  0.56696779E+000  0.56696781E+000  0.56696798E+000  0.56696816E+000  0.56696828E+000  0.56696835E+000  0.56696838E+000  0.56696839E+000  0.56696839E+000  0.56696842E+000  0.56696848E+000  0.40496528E+000  0.40496572E+000  0.40496686E+000  0.40496937E+000  0.40497427E+000  0.40497558E+000  0.40498092E+000  0.40499957E+000  0.40505841E+000  0.40512907E+000  0.40521283E+000  0.40531089E+000  0.40542369E+000  0.12086353E+002  0.14273264E+002  0.16568438E+002  0.19226426E+002  0.22780400E+002  0.26662997E+002  0.30887580E+002  0.35467449E+002
  0.43636226E+000  0.44084446E+000  0.46207311E+000  0.51091822E+000  0.60504838E+000  0.77789028E+000  0.77882876E+000  0.77952629E+000  0.77994846E+000  0.78015040E+000  0.78019377E+000  0.78021572E+000  0.78035282E+000  0.78070008E+000  0.78131257E+000  0.78232727E+000  0.10916713E+001  0.15132792E+001  0.20630184E+001  0.75777312E+000  0.15704625E+001  0.37861109E+001  0.94167606E+001  0.96752216E+001  0.99302798E+001  0.10171678E+002  0.10331806E+002  0.10468203E+002  0.14989206E+002  0.15041529E+002  0.18280337E+002  0.21834311E+002  0.25716908E+002  0.29941490E+002  0.34521360E+002
