  0.81880826E+000  0.82775253E+000  0.86940470E+000  0.95823567E+000  0.11050250E+001  0.13188083E+001  0.15325915E+001  0.16793808E+001  0.17682118E+001  0.18098640E+001  0.18188082E+001  0.18233644E+001  0.18518212E+001  0.19239567E+001  0.20580134E+001  0.22713475E+001  0.25806916E+001  0.30022995E+001  0.35520387E+001  0.42454538E+001  0.50978128E+001  0.61241427E+001  0.73392546E+001  0.87577699E+001  0.10394137E+002  0.12262641E+002  0.14377431E+002  0.16752514E+002  0.19401771E+002  0.22338978E+002  0.25577785E+002  0.29131759E+002  0.33014356E+002  0.37238939E+002  0.41818808E+002
  0.81880826E+000  0.82775253E+000  0.86940470E+000  0.95823567E+000  0.11050250E+001  0.13188083E+001  0.15325915E+001  0.16793808E+001  0.17682118E+001  0.18098640E+001  0.18188082E+001  0.18233644E+001  0.18518212E+001  0.19239567E+001  0.20580134E+001  0.22713475E+001  0.25806916E+001  0.30022995E+001  0.35520387E+001  0.42454538E+001  0.50978128E+001  0.61241427E+001  0.73392546E+001  0.87577699E+001  0.10394137E+002  0.12262641E+002  0.14377431E+002  0.16752514E+002  0.19401771E+002  0.22338978E+002  0.25577785E+002  0.29131759E+002  0.33014356E+002  0.37238939E+002  0.41818808E+002
  0.81880826E+000  0.82775253E+000  0.86940470E+000  0.95823567E+000  0.11050250E+001  0.13188083E+001  0.15325915E+001  0.16793808E+001  0.17682118E+001  0.18098640E+001  0.18188082E+001  0.18233644E+001  0.18518212E+001  0.19239567E+001  0.20580134E+001  0.22713475E+001  0.25806916E+001  0.30022995E+001  0.35520387E+001  0.42454538E+001  0.50978128E+001  0.61241427E+001  0.73392546E+001  0.87577699E+001  0.10394137E+002  0.12262641E+002  0.14377431E+002  0.16752514E+002  0.19401771E+002  0.22338978E+002  0.25577785E+002  0.29131759E+002  0.33014356E+002  0.37238939E+002  0.41818808E+002
  0.81880826E+000  0.82775253E+000  0.86940470E+000  0.95823567E+000  0.11050250E+001  0.13188083E+001  0.15325915E+001  0.16793808E+001  0.17682118E+001  0.18098640E+001  0.18188082E+001  0.18233644E+001  0.18518212E+001  0.19239567E+001  0.20580134E+001  0.22713475E+001  0.25806916E+001  0.30022995E+001  0.35520387E+001  0.42454538E+001  0.50978128E+001  0.61241427E+001  0.73392546E+001  0.87577699E+001  0.10394137E+002  0.12262641E+002  0.14377431E+002  0.16752514E+002  0.19401771E+002  0.22338978E+002  0.25577785E+002  0.29131759E+002  0.33014356E+002  0.37238939E+002  0.41818808E+002
  0.81880826E+000  0.82775253E+000  0.86940470E+000  0.95823567E+000  0.11050250E+001  0.13188083E+001  0.15325915E+001  0.16793808E+001  0.17682118E+001  0.18098640E+001  0.18188082E+001  0.18233644E+001  0.18518212E+001  0.19239567E+001  0.20580134E+001  0.22713475E+001  0.25806916E+001  0.30022995E+001  0.35520387E+001  0.42454538E+001  0.50978128E+001  0.61241427E+001  0.73392546E+001  0.87577699E+001  0.10394137E+002  0.12262641E+002  0.14377431E+002  0.16752514E+002  0.19401771E+002  0.22338978E+002  0.25577785E+002  0.29131759E+002  0.33014356E+002  0.37238939E+002  0.41818808E+002
  0.81880826E+000  0.82775253E+000  0.86940470E+000  0.95823567E+000  0.11050250E+001  0.13188083E+001  0.15325915E+001  0.16793808E+001  0.17682118E+001  0.18098640E+001  0.18188082E+001  0.18233644E+001  0.18518212E+001  0.19239567E+001  0.20580134E+001  0.22713475E+001  0.25806916E+001  0.30022995E+001  0.35520387E+001  0.42454538E+001  0.50978128E+001  0.61241427E+001  0.73392546E+001  0.87577699E+001  0.10394137E+002  0.12262641E+002  0.14377431E+002  0.16752514E+002  0.19401771E+002  0.22338978E+002  0.25577785E+002  0.29131759E+002  0.33014356E+002  0.37238939E+002  0.41818808E+002
  0.81880826E+000  0.82775253E+000  0.86940470E+000  0.95823567E+000  0.11050250E+001  0.13188083E+001  0.15325915E+001  0.16793808E+001  0.17682118E+001  0.18098640E+001  0.18188082E+001  0.18233644E+001  0.18518212E+001  0.19239567E+001  0.20580134E+001  0.22713475E+001  0.25806916E+001  0.30022995E+001  0.35520387E+001  0.42454538E+001  0.50978128E+001  0.61241427E+001  0.73392546E+001  0.87577699E+001  0.10394137E+002  0.12262641E+002  0.14377431E+002  0.16752514E+002  0.19401771E+002  0.22338978E+002  0.25577785E+002  0.29131759E+002  0.33014356E+002  0.37238939E+002  0.41818808E+002
  0.81880826E+000  0.82775253E+000  0.86940470E+000  0.95823567E+000  0.11050250E+001  0.13188083E+001  0.15325915E+001  0.16793808E+001  0.17682118E+001  0.18098640E+001  0.18188082E+001  0.18233644E+001  0.18518212E+001  0.19239567E+001  0.20580134E+001  0.22713475E+001  0.25806916E+001  0.30022995E+001  0.35520387E+001  0.42454538E+001  0.50978128E+001  0.61241427E+001  0.73392546E+001  0.87577699E+001  0.10394137E+002  0.12262641E+002  0.14377431E+002  0.16752514E+002  0.19401771E+002  0.22338978E+002  0.25577785E+002  0.29131759E+002  0.33014356E+002  0.37238939E+002  0.41818808E+002
  0.81880826E+000  0.82775253E+000  0.86940470E+000  0.95823567E+000  0.11050250E+001  0.13188083E+001  0.15325915E+001  0.16793808E+001  0.17682118E+001  0.18098640E+001  0.18188082E+001  0.18233644E+001  0.18518212E+001  0.19239567E+001  0.20580134E+001  0.22713475E+001  0.25806916E+001  0.30022995E+001  0.35520387E+001  0.42454538E+001  0.50978128E+001  0.61241427E+001  0.73392546E+001  0.87577699E+001  0.10394137E+002  0.12262641E+002  0.14377431E+002  0.16752514E+002  0.19401771E+002  0.22338978E+002  0.25577785E+002  0.29131759E+002  0.33014356E+002  0.37238939E+002  0.41818808E+002
  0.81880826E+000  0.82775253E+000  0.86940470E+000  0.95823567E+000  0.11050250E+001  0.13188083E+001  0.15325915E+001  0.16793808E+001  0.17682118E+001  0.18098640E+001  0.18188082E+001  0.18233644E+001  0.18518212E+001  0.19239567E+001  0.20580134E+001  0.22713475E+001  0.25806916E+001  0.30022995E+001  0.35520387E+001  0.42454538E+001  0.50978128E+001  0.61241427E+001  0.73392546E+001  0.87577699E+001  0.10394137E+002  0.12262641E+002  0.14377431E+002  0.16752514E+002  0.19401771E+002  0.22338978E+002  0.25577785E+002  0.29131759E+002  0.33014356E+002  0.37238939E+002  0.41818808E+002
  0.81880826E+000  0.82775253E+000  0.86940470E+000  0.95823567E+000  0.11050250E+001  0.13188083E+001  0.15325915E+001  0.16793808E+001  0.17682118E+001  0.18098640E+001  0.18188082E+001  0.18233644E+001  0.18518212E+001  0.19239567E+001  0.20580134E+001  0.22713475E+001  0.25806916E+001  0.30022995E+001  0.35520387E+001  0.42454538E+001  0.50978128E+001  0.61241427E+001  0.73392546E+001  0.87577699E+001  0.10394137E+002  0.12262641E+002  0.14377431E+002  0.16752514E+002  0.19401771E+002  0.22338978E+002  0.25577785E+002  0.29131759E+002  0.33014356E+002  0.37238939E+002  0.41818808E+002
  0.81880826E+000  0.82775253E+000  0.86940470E+000  0.95823567E+000  0.11050250E+001  0.13188083E+001  0.15325915E+001  0.16793808E+001  0.17682118E+001  0.18098640E+001  0.18188082E+001  0.18233644E+001  0.18518212E+001  0.19239567E+001  0.20580134E+001  0.22713475E+001  0.25806916E+001  0.30022995E+001  0.35520387E+001  0.42454538E+001  0.50978128E+001  0.61241427E+001  0.73392546E+001  0.87577699E+001  0.10394137E+002  0.12262641E+002  0.14377431E+002  0.16752514E+002  0.19401771E+002  0.22338978E+002  0.25577785E+002  0.29131759E+002  0.33014356E+002  0.37238939E+002  0.41818808E+002
  0.81880826E+000  0.82775253E+000  0.86940470E+000  0.95823567E+000  0.11050250E+001  0.13188083E+001  0.15325915E+001  0.16793808E+001  0.17682118E+001  0.18098640E+001  0.18188082E+001  0.18233644E+001  0.18518212E+001  0.19239567E+001  0.20580134E+001  0.22713475E+001  0.25806916E+001  0.30022995E+001  0.35520387E+001  0.42454538E+001  0.50978128E+001  0.61241427E+001  0.73392546E+001  0.87577699E+001  0.10394137E+002  0.12262641E+002  0.14377431E+002  0.16752514E+002  0.19401771E+002  0.22338978E+002  0.25577785E+002  0.29131759E+002  0.33014356E+002  0.37238939E+002  0.41818808E+002
  0.81880826E+000  0.82775253E+000  0.86940470E+000  0.95823567E+000  0.11050250E+001  0.13188083E+001  0.15325915E+001  0.16793808E+001  0.17682118E+001  0.18098640E+001  0.18188082E+001  0.18233644E+001  0.18518212E+001  0.19239567E+001  0.20580134E+001  0.22713475E+001  0.25806916E+001  0.30022995E+001  0.35520387E+001  0.42454538E+001  0.50978128E+001  0.61241427E+001  0.73392546E+001  0.87577699E+001  0.10394137E+002  0.12262641E+002  0.14377431E+002  0.16752514E+002  0.19401771E+002  0.22338978E+002  0.25577785E+002  0.29131759E+002  0.33014356E+002  0.37238939E+002  0.41818808E+002
  0.81880826E+000  0.82775253E+000  0.86940470E+000  0.95823567E+000  0.11050250E+001  0.13188083E+001  0.15325915E+001  0.16793808E+001  0.17682118E+001  0.18098640E+001  0.18188082E+001  0.18233644E+001  0.18518212E+001  0.19239567E+001  0.20580134E+001  0.22713475E+001  0.25806916E+001  0.30022995E+001  0.35520387E+001  0.42454538E+001  0.50978128E+001  0.61241427E+001  0.73392546E+001  0.87577699E+001  0.10394137E+002  0.12262641E+002  0.14377431E+002  0.16752514E+002  0.19401771E+002  0.22338978E+002  0.25577785E+002  0.29131759E+002  0.33014356E+002  0.37238939E+002  0.41818808E+002
  0.81880826E+000  0.82775253E+000  0.86940470E+000  0.95823567E+000  0.11050250E+001  0.13188083E+001  0.15325915E+001  0.16793808E+001  0.17682118E+001  0.18098640E+001  0.18188082E+001  0.18233644E+001  0.18518212E+001  0.19239567E+001  0.20580134E+001  0.22713475E+001  0.25806916E+001  0.30022995E+001  0.35520387E+001  0.42454538E+001  0.50978128E+001  0.61241427E+001  0.73392546E+001  0.87577699E+001  0.10394137E+002  0.12262641E+002  0.14377431E+002  0.16752514E+002  0.19401771E+002  0.22338978E+002  0.25577785E+002  0.29131759E+002  0.33014356E+002  0.37238939E+002  0.41818808E+002
  0.81880825E+000  0.82775253E+000  0.86940470E+000  0.95823567E+000  0.11050250E+001  0.13188083E+001  0.15325915E+001  0.16793808E+001  0.17682118E+001  0.18098640E+001  0.18188082E+001  0.18233644E+001  0.18518212E+001  0.19239567E+001  0.20580134E+001  0.22713475E+001  0.25806916E+001  0.30022995E+001  0.35520387E+001  0.42454538E+001  0.50978128E+001  0.61241427E+001  0.73392546E+001  0.87577699E+001  0.10394137E+002  0.12262641E+002  0.14377431E+002  0.16752514E+002  0.19401771E+002  0.22338978E+002  0.25577785E+002  0.29131759E+002  0.33014356E+002  0.37238939E+002  0.41818808E+002
  0.81880820E+000  0.82775247E+000  0.86940464E+000  0.95823561E+000  0.11050249E+001  0.13188082E+001  0.15325915E+001  0.16793808E+001  0.17682117E+001  0.18098639E+001  0.18188082E+001  0.18233644E+001  0.18518212E+001  0.19239566E+001  0.20580134E+001  0.22713475E+001  0.25806915E+001  0.30022995E+001  0.35520386E+001  0.42454538E+001  0.50978127E+001  0.61241427E+001  0.73392546E+001  0.87577698E+001  0.10394137E+002  0.12262641E+002  0.14377431E+002  0.16752514E+002  0.19401771E+002  0.22338978E+002  0.25577785E+002  0.29131759E+002  0.33014356E+002  0.37238938E+002  0.41818808E+002
  0.81880789E+000  0.82775216E+000  0.86940434E+000  0.95823531E+000  0.11050246E+001  0.13188079E+001  0.15325912E+001  0.16793805E+001  0.17682114E+001  0.18098636E+001  0.18188079E+001  0.18233640E+001  0.18518209E+001  0.19239563E+001  0.20580131E+001  0.22713472E+001  0.25806912E+001  0.30022991E+001  0.35520383E+001  0.42454534E+001  0.50978124E+001  0.61241424E+001  0.73392543E+001  0.87577695E+001  0.10394137E+002  0.12262641E+002  0.14377431E+002  0.16752514E+002  0.19401771E+002  0.22338978E+002  0.25577785E+002  0.29131759E+002  0.33014356E+002  0.37238938E+002  0.41818808E+002
  0.81887174E+000  0.82781601E+000  0.86946819E+000  0.95829916E+000  0.11050885E+001  0.13188717E+001  0.15326550E+001  0.16794443E+001  0.17682753E+001  0.18099275E+001  0.18188717E+001  0.18234279E+001  0.18518847E+001  0.19240202E+001  0.20580769E+001  0.22714110E+001  0.25807551E+001  0.30023630E+001  0.35521022E+001  0.42455173E+001  0.50978763E+001  0.61242062E+001  0.73393181E+001  0.87578333E+001  0.10394200E+002  0.12262704E+002  0.14377495E+002  0.16752578E+002  0.19401835E+002  0.22339041E+002  0.25577849E+002  0.29131823E+002  0.33014419E+002  0.37239002E+002  0.41818871E+002
  0.81970575E+000  0.82865002E+000  0.87030219E+000  0.95913316E+000  0.11059225E+001  0.13197057E+001  0.15334890E+001  0.16802783E+001  0.17691093E+001  0.18107615E+001  0.18197057E+001  0.18242619E+001  0.18527187E+001  0.19248542E+001  0.20589109E+001  0.22722450E+001  0.25815890E+001  0.30031969E+001 -0.11995488E+001 -0.12464411E+001 -0.39408211E+000  0.63224785E+000  0.18473597E+001  0.32658750E+001  0.49022420E+001  0.67707461E+001  0.88855363E+001  0.11260619E+002  0.13909876E+002  0.16847083E+002  0.20085890E+002  0.23639864E+002  0.27522461E+002  0.31747043E+002  0.36326913E+002
  0.61466370E+000  0.61466368E+000  0.61466363E+000  0.75261375E+000  0.75261344E+000  0.75261298E+000  0.75261253E+000  0.75261221E+000  0.75261203E+000  0.75261194E+000  0.75261192E+000  0.75261191E+000  0.75261185E+000  0.75261169E+000  0.75261141E+000  0.75261095E+000  0.75261029E+000  0.75260903E+000  0.75260739E+000  0.75260532E+000  0.75260278E+000  0.75259971E+000  0.75259609E+000  0.75259185E+000  0.75258697E+000  0.75258139E+000  0.75257507E+000  0.75256798E+000  0.75256008E+000  0.75255131E+000  0.75254165E+000  0.75252681E+000  0.75251524E+000  0.75250265E+000  0.75248901E+000
  0.44649596E+000  0.44654142E+000  0.44675277E+000  0.44685952E+000  0.44685982E+000  0.44686027E+000  0.44686099E+000  0.44686186E+000  0.44686242E+000  0.44686269E+000  0.44686275E+000  0.44686278E+000  0.44686296E+000  0.44686344E+000  0.44686445E+000  0.44686634E+000  0.44686966E+000  0.44687527E+000  0.44688443E+000  0.44689477E+000  0.44689393E+000  0.44689292E+000  0.44689172E+000  0.44689034E+000  0.44688890E+000  0.44688787E+000  0.44688887E+000  0.44689663E+000  0.44693588E+000  0.44701699E+000  0.44715213E+000  0.44716560E+000  0.44723429E+000  0.44738680E+000  0.44764353E+000
  0.76605750E+000  0.77500177E+000  0.81665394E+000  0.81665382E+000  0.78659673E+000  0.78876297E+000  0.10025463E+001  0.14196254E+001  0.14746519E+001  0.15163040E+001  0.15252483E+001  0.14578691E+001  0.14760889E+001  0.15482243E+001  0.16822811E+001  0.18956152E+001  0.22049593E+001  0.26265672E+001  0.31763063E+001  0.38697214E+001  0.22068083E+000  0.22029609E+000  0.21999674E+000  0.22370172E+000  0.24464992E+000  0.32126703E+000  0.55463686E+000  0.11972128E+001  0.38464697E+001  0.67836761E+001  0.10022483E+002  0.13168703E+001  0.45068086E+001  0.87313911E+001  0.13311261E+002
  0.81677797E+000  0.82572225E+000  0.86737442E+000  0.45740563E+000  0.45801842E+000  0.58477289E+000  0.79855618E+000  0.94534547E+000  0.10341764E+001  0.10758286E+001  0.10847729E+001  0.10893291E+001  0.11177859E+001  0.11899213E+001  0.13239781E+001  0.15373122E+001  0.18466562E+001  0.22682641E+001 -0.45667636E+001 -0.46186788E+001 -0.37663199E+001 -0.27399899E+001 -0.15248781E+001 -0.10636290E+000  0.15300041E+001  0.33985077E+001  0.55132974E+001  0.78883800E+001  0.10537636E+002  0.13474842E+002  0.16713646E+002  0.20267617E+002  0.24150210E+002  0.28374788E+002  0.32954653E+002
