 -0.17698561E+000 -0.16804134E+000 -0.12638917E+000 -0.37558195E-001  0.10923110E+000  0.32301439E+000  0.53679767E+000  0.68358697E+000  0.77241794E+000  0.81407011E+000  0.82301438E+000  0.82757055E+000  0.85602738E+000  0.92816283E+000  0.10622196E+001  0.12755537E+001  0.15848977E+001  0.20065057E+001  0.25562448E+001  0.32496600E+001  0.41020189E+001  0.51283489E+001  0.63434608E+001  0.77619760E+001  0.93983431E+001  0.11266847E+002  0.13381637E+002  0.15756721E+002  0.18405978E+002  0.21343184E+002  0.24581991E+002  0.28135965E+002  0.32018562E+002  0.36243145E+002  0.40823014E+002
 -0.17698561E+000 -0.16804134E+000 -0.12638917E+000 -0.37558195E-001  0.10923110E+000  0.32301439E+000  0.53679767E+000  0.68358697E+000  0.77241794E+000  0.81407011E+000  0.82301438E+000  0.82757055E+000  0.85602738E+000  0.92816283E+000  0.10622196E+001  0.12755537E+001  0.15848977E+001  0.20065057E+001  0.25562448E+001  0.32496600E+001  0.41020189E+001  0.51283489E+001  0.63434608E+001  0.77619760E+001  0.93983431E+001  0.11266847E+002  0.13381637E+002  0.15756721E+002  0.18405978E+002  0.21343184E+002  0.24581991E+002  0.28135965E+002  0.32018562E+002  0.36243145E+002  0.40823014E+002
 -0.17698561E+000 -0.16804134E+000 -0.12638917E+000 -0.37558195E-001  0.10923110E+000  0.32301439E+000  0.53679767E+000  0.68358697E+000  0.77241794E+000  0.81407011E+000  0.82301438E+000  0.82757055E+000  0.85602738E+000  0.92816283E+000  0.10622196E+001  0.12755537E+001  0.15848977E+001  0.20065057E+001  0.25562448E+001  0.32496600E+001  0.41020189E+001  0.51283489E+001  0.63434608E+001  0.77619760E+001  0.93983431E+001  0.11266847E+002  0.13381637E+002  0.15756721E+002  0.18405978E+002  0.21343184E+002  0.24581991E+002  0.28135965E+002  0.32018562E+002  0.36243145E+002  0.40823014E+002
 -0.17698561E+000 -0.16804134E+000 -0.12638917E+000 -0.37558195E-001  0.10923110E+000  0.32301439E+000  0.53679767E+000  0.68358697E+000  0.77241794E+000  0.81407011E+000  0.82301438E+000  0.82757055E+000  0.85602738E+000  0.92816283E+000  0.10622196E+001  0.12755537E+001  0.15848977E+001  0.20065057E+001  0.25562448E+001  0.32496600E+001  0.41020189E+001  0.51283489E+001  0.63434608E+001  0.77619760E+001  0.93983431E+001  0.11266847E+002  0.13381637E+002  0.15756721E+002  0.18405978E+002  0.21343184E+002  0.24581991E+002  0.28135965E+002  0.32018562E+002  0.36243145E+002  0.40823014E+002
 -0.17698561E+000 -0.16804134E+000 -0.12638917E+000 -0.37558195E-001  0.10923110E+000  0.32301439E+000  0.53679767E+000  0.68358697E+000  0.77241794E+000  0.81407011E+000  0.82301438E+000  0.82757055E+000  0.85602738E+000  0.92816283E+000  0.10622196E+001  0.12755537E+001  0.15848977E+001  0.20065057E+001  0.25562448E+001  0.32496600E+001  0.41020189E+001  0.51283489E+001  0.63434608E+001  0.77619760E+001  0.93983431E+001  0.11266847E+002  0.13381637E+002  0.15756721E+002  0.18405978E+002  0.21343184E+002  0.24581991E+002  0.28135965E+002  0.32018562E+002  0.36243145E+002  0.40823014E+002
 -0.17698561E+000 -0.16804134E+000 -0.12638917E+000 -0.37558195E-001  0.10923110E+000  0.32301439E+000  0.53679767E+000  0.68358697E+000  0.77241794E+000  0.81407011E+000  0.82301438E+000  0.82757055E+000  0.85602738E+000  0.92816283E+000  0.10622196E+001  0.12755537E+001  0.15848977E+001  0.20065057E+001  0.25562448E+001  0.32496600E+001  0.41020189E+001  0.51283489E+001  0.63434608E+001  0.77619760E+001  0.93983431E+001  0.11266847E+002  0.13381637E+002  0.15756721E+002  0.18405978E+002  0.21343184E+002  0.24581991E+002  0.28135965E+002  0.32018562E+002  0.36243145E+002  0.40823014E+002
 -0.17698561E+000 -0.16804134E+000 -0.12638917E+000 -0.37558195E-001  0.10923110E+000  0.32301439E+000  0.53679767E+000  0.68358697E+000  0.77241794E+000  0.81407011E+000  0.82301438E+000  0.82757055E+000  0.85602738E+000  0.92816283E+000  0.10622196E+001  0.12755537E+001  0.15848977E+001  0.20065057E+001  0.25562448E+001  0.32496600E+001  0.41020189E+001  0.51283489E+001  0.63434608E+001  0.77619760E+001  0.93983431E+001  0.11266847E+002  0.13381637E+002  0.15756721E+002  0.18405978E+002  0.21343184E+002  0.24581991E+002  0.28135965E+002  0.32018562E+002  0.36243145E+002  0.40823014E+002
 -0.17698561E+000 -0.16804134E+000 -0.12638917E+000 -0.37558195E-001  0.10923110E+000  0.32301439E+000  0.53679767E+000  0.68358697E+000  0.77241794E+000  0.81407011E+000  0.82301438E+000  0.82757055E+000  0.85602738E+000  0.92816283E+000  0.10622196E+001  0.12755537E+001  0.15848977E+001  0.20065057E+001  0.25562448E+001  0.32496600E+001  0.41020189E+001  0.51283489E+001  0.63434608E+001  0.77619760E+001  0.93983431E+001  0.11266847E+002  0.13381637E+002  0.15756721E+002  0.18405978E+002  0.21343184E+002  0.24581991E+002  0.28135965E+002  0.32018562E+002  0.36243145E+002  0.40823014E+002
 -0.17698561E+000 -0.16804134E+000 -0.12638917E+000 -0.37558195E-001  0.10923110E+000  0.32301439E+000  0.53679767E+000  0.68358697E+000  0.77241794E+000  0.81407011E+000  0.82301438E+000  0.82757055E+000  0.85602738E+000  0.92816283E+000  0.10622196E+001  0.12755537E+001  0.15848977E+001  0.20065057E+001  0.25562448E+001  0.32496600E+001  0.41020189E+001  0.51283489E+001  0.63434608E+001  0.77619760E+001  0.93983431E+001  0.11266847E+002  0.13381637E+002  0.15756721E+002  0.18405978E+002  0.21343184E+002  0.24581991E+002  0.28135965E+002  0.32018562E+002  0.36243145E+002  0.40823014E+002
 -0.17698561E+000 -0.16804134E+000 -0.12638917E+000 -0.37558195E-001  0.10923110E+000  0.32301439E+000  0.53679767E+000  0.68358697E+000  0.77241794E+000  0.81407011E+000  0.82301438E+000  0.82757055E+000  0.85602738E+000  0.92816283E+000  0.10622196E+001  0.12755537E+001  0.15848977E+001  0.20065057E+001  0.25562448E+001  0.32496600E+001  0.41020189E+001  0.51283489E+001  0.63434608E+001  0.77619760E+001  0.93983431E+001  0.11266847E+002  0.13381637E+002  0.15756721E+002  0.18405978E+002  0.21343184E+002  0.24581991E+002  0.28135965E+002  0.32018562E+002  0.36243145E+002  0.40823014E+002
 -0.17698561E+000 -0.16804134E+000 -0.12638917E+000 -0.37558195E-001  0.10923110E+000  0.32301439E+000  0.53679767E+000  0.68358697E+000  0.77241794E+000  0.81407011E+000  0.82301438E+000  0.82757055E+000  0.85602738E+000  0.92816283E+000  0.10622196E+001  0.12755537E+001  0.15848977E+001  0.20065057E+001  0.25562448E+001  0.32496600E+001  0.41020189E+001  0.51283489E+001  0.63434608E+001  0.77619760E+001  0.93983431E+001  0.11266847E+002  0.13381637E+002  0.15756721E+002  0.18405978E+002  0.21343184E+002  0.24581991E+002  0.28135965E+002  0.32018562E+002  0.36243145E+002  0.40823014E+002
 -0.17698561E+000 -0.16804134E+000 -0.12638917E+000 -0.37558195E-001  0.10923110E+000  0.32301439E+000  0.53679767E+000  0.68358697E+000  0.77241794E+000  0.81407011E+000  0.82301438E+000  0.82757055E+000  0.85602738E+000  0.92816283E+000  0.10622196E+001  0.12755537E+001  0.15848977E+001  0.20065057E+001  0.25562448E+001  0.32496600E+001  0.41020189E+001  0.51283489E+001  0.63434608E+001  0.77619760E+001  0.93983431E+001  0.11266847E+002  0.13381637E+002  0.15756721E+002  0.18405978E+002  0.21343184E+002  0.24581991E+002  0.28135965E+002  0.32018562E+002  0.36243145E+002  0.40823014E+002
 -0.17698561E+000 -0.16804134E+000 -0.12638917E+000 -0.37558195E-001  0.10923110E+000  0.32301439E+000  0.53679767E+000  0.68358697E+000  0.77241794E+000  0.81407011E+000  0.82301438E+000  0.82757055E+000  0.85602738E+000  0.92816283E+000  0.10622196E+001  0.12755537E+001  0.15848977E+001  0.20065057E+001  0.25562448E+001  0.32496600E+001  0.41020189E+001  0.51283489E+001  0.63434608E+001  0.77619760E+001  0.93983431E+001  0.11266847E+002  0.13381637E+002  0.15756721E+002  0.18405978E+002  0.21343184E+002  0.24581991E+002  0.28135965E+002  0.32018562E+002  0.36243145E+002  0.40823014E+002
 -0.17698561E+000 -0.16804134E+000 -0.12638917E+000 -0.37558195E-001  0.10923110E+000  0.32301439E+000  0.53679767E+000  0.68358697E+000  0.77241794E+000  0.81407011E+000  0.82301438E+000  0.82757055E+000  0.85602738E+000  0.92816283E+000  0.10622196E+001  0.12755537E+001  0.15848977E+001  0.20065057E+001  0.25562448E+001  0.32496600E+001  0.41020189E+001  0.51283489E+001  0.63434608E+001  0.77619760E+001  0.93983431E+001  0.11266847E+002  0.13381637E+002  0.15756721E+002  0.18405978E+002  0.21343184E+002  0.24581991E+002  0.28135965E+002  0.32018562E+002  0.36243145E+002  0.40823014E+002
 -0.17698561E+000 -0.16804134E+000 -0.12638917E+000 -0.37558195E-001  0.10923110E+000  0.32301439E+000  0.53679767E+000  0.68358697E+000  0.77241794E+000  0.81407011E+000  0.82301438E+000  0.82757055E+000  0.85602738E+000  0.92816283E+000  0.10622196E+001  0.12755537E+001  0.15848977E+001  0.20065057E+001  0.25562448E+001  0.32496600E+001  0.41020189E+001  0.51283489E+001  0.63434608E+001  0.77619760E+001  0.93983431E+001  0.11266847E+002  0.13381637E+002  0.15756721E+002  0.18405978E+002  0.21343184E+002  0.24581991E+002  0.28135965E+002  0.32018562E+002  0.36243145E+002  0.40823014E+002
 -0.17698561E+000 -0.16804134E+000 -0.12638917E+000 -0.37558195E-001  0.10923110E+000  0.32301439E+000  0.53679767E+000  0.68358697E+000  0.77241794E+000  0.81407011E+000  0.82301438E+000  0.82757055E+000  0.85602738E+000  0.92816283E+000  0.10622196E+001  0.12755537E+001  0.15848977E+001  0.20065057E+001  0.25562448E+001  0.32496600E+001  0.41020189E+001  0.51283489E+001  0.63434608E+001  0.77619760E+001  0.93983431E+001  0.11266847E+002  0.13381637E+002  0.15756721E+002  0.18405978E+002  0.21343184E+002  0.24581991E+002  0.28135965E+002  0.32018562E+002  0.36243145E+002  0.40823014E+002
 -0.17698561E+000 -0.16804134E+000 -0.12638916E+000 -0.37558194E-001  0.10923110E+000  0.32301439E+000  0.53679767E+000  0.68358697E+000  0.77241794E+000  0.81407011E+000  0.82301439E+000  0.82757055E+000  0.85602739E+000  0.92816283E+000  0.10622196E+001  0.12755537E+001  0.15848977E+001  0.20065057E+001  0.25562448E+001  0.32496600E+001  0.41020189E+001  0.51283489E+001  0.63434608E+001  0.77619760E+001  0.93983431E+001  0.11266847E+002  0.13381637E+002  0.15756721E+002  0.18405978E+002  0.21343184E+002  0.24581991E+002  0.28135965E+002  0.32018562E+002  0.36243145E+002  0.40823014E+002
 -0.17698555E+000 -0.16804127E+000 -0.12638910E+000 -0.37558129E-001  0.10923117E+000  0.32301445E+000  0.53679774E+000  0.68358703E+000  0.77241800E+000  0.81407018E+000  0.82301445E+000  0.82757061E+000  0.85602745E+000  0.92816289E+000  0.10622196E+001  0.12755538E+001  0.15848978E+001  0.20065057E+001  0.25562449E+001  0.32496600E+001  0.41020190E+001  0.51283490E+001  0.63434609E+001  0.77619761E+001  0.93983432E+001  0.11266847E+002  0.13381637E+002  0.15756721E+002  0.18405978E+002  0.21343184E+002  0.24581991E+002  0.28135965E+002  0.32018562E+002  0.36243145E+002  0.40823014E+002
 -0.17698048E+000 -0.16803621E+000 -0.12638404E+000 -0.37553066E-001  0.10923623E+000  0.32301952E+000  0.53680280E+000  0.68359210E+000  0.77242307E+000  0.81407524E+000  0.82301951E+000  0.82757568E+000  0.85603251E+000  0.92816796E+000  0.10622247E+001  0.12755588E+001  0.15849029E+001  0.20065108E+001  0.25562500E+001  0.32496651E+001  0.41020241E+001  0.51283540E+001  0.63434659E+001  0.77619812E+001  0.93983482E+001  0.11266852E+002  0.13381643E+002  0.15756726E+002  0.18405983E+002  0.21343189E+002  0.24581996E+002  0.28135971E+002  0.32018567E+002  0.36243150E+002  0.40823019E+002
 -0.17672645E+000 -0.16778218E+000 -0.12613001E+000 -0.37299035E-001  0.10949026E+000  0.32327355E+000  0.53705683E+000  0.68384613E+000  0.77267710E+000  0.81432927E+000  0.82327354E+000  0.82782971E+000  0.85628654E+000  0.92842199E+000  0.10624787E+001  0.12758128E+001  0.15851569E+001  0.20067648E+001  0.25565040E+001  0.32499191E+001  0.41022781E+001  0.51286081E+001  0.63437200E+001  0.77622352E+001  0.93986022E+001  0.11267106E+002  0.13381897E+002  0.15756980E+002  0.18406237E+002  0.21343443E+002  0.24582251E+002  0.28136225E+002  0.32018821E+002  0.36243404E+002  0.40823273E+002
 -0.17049813E+000 -0.16155386E+000 -0.11990169E+000 -0.31070718E-001  0.11571858E+000  0.32950186E+000  0.54328515E+000  0.69007445E+000  0.77890542E+000  0.82055759E+000  0.82950186E+000  0.83405802E+000  0.86251486E+000  0.93465030E+000  0.10687070E+001  0.12820412E+001  0.15913852E+001  0.20129931E+001  0.25627323E+001  0.32561474E+001  0.41085064E+001  0.51348364E+001  0.63499483E+001  0.77684635E+001  0.94048306E+001  0.11273335E+002  0.13388125E+002  0.15763208E+002  0.18412465E+002  0.21349672E+002  0.24588479E+002  0.28142453E+002  0.32025050E+002  0.36249632E+002  0.40829502E+002
 -0.17230140E+000 -0.16335713E+000 -0.12170495E+000 -0.32873982E-001  0.11391531E+000  0.32769860E+000  0.54148188E+000  0.68827118E+000  0.77710215E+000  0.81875433E+000  0.82769860E+000  0.83225476E+000  0.86071160E+000  0.93284704E+000  0.10669038E+001  0.12802379E+001  0.15895819E+001  0.20111899E+001  0.25609290E+001  0.32543442E+001  0.41067031E+001  0.51330331E+001  0.63481450E+001  0.77666603E+001  0.94030273E+001  0.11271531E+002  0.13386322E+002  0.15761405E+002  0.18410662E+002  0.21347868E+002  0.24586676E+002  0.28140650E+002  0.32023247E+002  0.36247829E+002  0.40827699E+002
 -0.13870435E+000 -0.12976008E+000 -0.88107906E-001  0.72306409E-003  0.14751236E+000  0.36129565E+000  0.57507893E+000  0.72186823E+000  0.81069920E+000  0.85235137E+000  0.86129565E+000  0.86585181E+000  0.89430865E+000  0.96644409E+000  0.11005008E+001  0.13138349E+001  0.16231790E+001  0.20447869E+001  0.25945261E+001  0.32879412E+001  0.41403002E+001  0.51666302E+001  0.63817421E+001  0.78002573E+001  0.94366243E+001  0.11305128E+002  0.13419919E+002  0.15795002E+002  0.18444259E+002  0.21381465E+002  0.24620272E+002  0.28174246E+002  0.32056843E+002  0.36281426E+002  0.40861295E+002
  0.78677094E+000  0.79571521E+000  0.83736738E+000  0.92619835E+000  0.10729876E+001  0.12867709E+001  0.15005542E+001  0.16473435E+001  0.17361745E+001  0.17778267E+001  0.17867709E+001  0.17913271E+001  0.18197839E+001  0.18919194E+001  0.20259761E+001  0.22393102E+001  0.25486543E+001  0.29702622E+001  0.35200014E+001  0.20779319E+001  0.20778872E+001  0.20778329E+001  0.20777802E+001  0.20777092E+001  0.20776144E+001  0.20774877E+001  0.20773231E+001  0.20771141E+001  0.20768615E+001  0.20764906E+001  0.20760782E+001  0.20756226E+001  0.20751155E+001  0.20745615E+001  0.20739595E+001
 -0.66222337E-001 -0.57278064E-001 -0.15625891E-001  0.73205080E-001  0.21999438E+000  0.43377766E+000  0.64756095E+000  0.79435024E+000  0.88318121E+000  0.92483339E+000  0.93377766E+000  0.93833382E+000  0.96679066E+000  0.10389261E+001  0.11729828E+001  0.13863170E+001  0.16956610E+001  0.21172689E+001  0.26670081E+001 -0.76076144E+001 -0.76773142E+001 -0.77563906E+001 -0.92334886E+001 -0.10969117E+002 -0.13029553E+002 -0.15598449E+002 -0.18202035E+002 -0.20867251E+002 -0.22766321E+002 -0.30841788E+002 -0.31109413E+002 -0.31341554E+002 -0.31966520E+002 -0.32109574E+002 -0.32185372E+002
