  0.46103381E+001  0.46192823E+001  0.46609345E+001  0.47497655E+001  0.48965548E+001  0.51103381E+001  0.53241213E+001  0.54709106E+001  0.55597416E+001  0.56013938E+001  0.56103380E+001  0.56148942E+001  0.56433510E+001  0.57154865E+001  0.58495432E+001  0.60628773E+001  0.63722214E+001  0.67938293E+001  0.73435685E+001  0.80369836E+001  0.88893425E+001  0.99156725E+001  0.11130784E+002  0.12549300E+002  0.14185667E+002  0.16054171E+002  0.18168961E+002  0.20544044E+002  0.23193301E+002  0.26130507E+002  0.29369315E+002  0.32923289E+002  0.36805885E+002  0.41030468E+002  0.45610337E+002
  0.46103381E+001  0.46192823E+001  0.46609345E+001  0.47497655E+001  0.48965548E+001  0.51103381E+001  0.53241213E+001  0.54709106E+001  0.55597416E+001  0.56013938E+001  0.56103380E+001  0.56148942E+001  0.56433510E+001  0.57154865E+001  0.58495432E+001  0.60628773E+001  0.63722214E+001  0.67938293E+001  0.73435685E+001  0.80369836E+001  0.88893425E+001  0.99156725E+001  0.11130784E+002  0.12549300E+002  0.14185667E+002  0.16054171E+002  0.18168961E+002  0.20544044E+002  0.23193301E+002  0.26130507E+002  0.29369315E+002  0.32923289E+002  0.36805885E+002  0.41030468E+002  0.45610337E+002
  0.46103381E+001  0.46192823E+001  0.46609345E+001  0.47497655E+001  0.48965548E+001  0.51103381E+001  0.53241213E+001  0.54709106E+001  0.55597416E+001  0.56013938E+001  0.56103380E+001  0.56148942E+001  0.56433510E+001  0.57154865E+001  0.58495432E+001  0.60628773E+001  0.63722214E+001  0.67938293E+001  0.73435685E+001  0.80369836E+001  0.88893425E+001  0.99156725E+001  0.11130784E+002  0.12549300E+002  0.14185667E+002  0.16054171E+002  0.18168961E+002  0.20544044E+002  0.23193301E+002  0.26130507E+002  0.29369315E+002  0.32923289E+002  0.36805885E+002  0.41030468E+002  0.45610337E+002
  0.46103381E+001  0.46192823E+001  0.46609345E+001  0.47497655E+001  0.48965548E+001  0.51103381E+001  0.53241213E+001  0.54709106E+001  0.55597416E+001  0.56013938E+001  0.56103380E+001  0.56148942E+001  0.56433510E+001  0.57154865E+001  0.58495432E+001  0.60628773E+001  0.63722214E+001  0.67938293E+001  0.73435685E+001  0.80369836E+001  0.88893425E+001  0.99156725E+001  0.11130784E+002  0.12549300E+002  0.14185667E+002  0.16054171E+002  0.18168961E+002  0.20544044E+002  0.23193301E+002  0.26130507E+002  0.29369315E+002  0.32923289E+002  0.36805885E+002  0.41030468E+002  0.45610337E+002
  0.46103381E+001  0.46192823E+001  0.46609345E+001  0.47497655E+001  0.48965548E+001  0.51103381E+001  0.53241213E+001  0.54709106E+001  0.55597416E+001  0.56013938E+001  0.56103380E+001  0.56148942E+001  0.56433510E+001  0.57154865E+001  0.58495432E+001  0.60628773E+001  0.63722214E+001  0.67938293E+001  0.73435685E+001  0.80369836E+001  0.88893425E+001  0.99156725E+001  0.11130784E+002  0.12549300E+002  0.14185667E+002  0.16054171E+002  0.18168961E+002  0.20544044E+002  0.23193301E+002  0.26130507E+002  0.29369315E+002  0.32923289E+002  0.36805885E+002  0.41030468E+002  0.45610337E+002
  0.46103381E+001  0.46192823E+001  0.46609345E+001  0.47497655E+001  0.48965548E+001  0.51103381E+001  0.53241213E+001  0.54709106E+001  0.55597416E+001  0.56013938E+001  0.56103380E+001  0.56148942E+001  0.56433510E+001  0.57154865E+001  0.58495432E+001  0.60628773E+001  0.63722214E+001  0.67938293E+001  0.73435685E+001  0.80369836E+001  0.88893425E+001  0.99156725E+001  0.11130784E+002  0.12549300E+002  0.14185667E+002  0.16054171E+002  0.18168961E+002  0.20544044E+002  0.23193301E+002  0.26130507E+002  0.29369315E+002  0.32923289E+002  0.36805885E+002  0.41030468E+002  0.45610337E+002
  0.46103381E+001  0.46192823E+001  0.46609345E+001  0.47497655E+001  0.48965548E+001  0.51103381E+001  0.53241213E+001  0.54709106E+001  0.55597416E+001  0.56013938E+001  0.56103380E+001  0.56148942E+001  0.56433510E+001  0.57154865E+001  0.58495432E+001  0.60628773E+001  0.63722214E+001  0.67938293E+001  0.73435685E+001  0.80369836E+001  0.88893425E+001  0.99156725E+001  0.11130784E+002  0.12549300E+002  0.14185667E+002  0.16054171E+002  0.18168961E+002  0.20544044E+002  0.23193301E+002  0.26130507E+002  0.29369315E+002  0.32923289E+002  0.36805885E+002  0.41030468E+002  0.45610337E+002
  0.46103381E+001  0.46192823E+001  0.46609345E+001  0.47497655E+001  0.48965548E+001  0.51103381E+001  0.53241213E+001  0.54709106E+001  0.55597416E+001  0.56013938E+001  0.56103380E+001  0.56148942E+001  0.56433510E+001  0.57154865E+001  0.58495432E+001  0.60628773E+001  0.63722214E+001  0.67938293E+001  0.73435685E+001  0.80369836E+001  0.88893425E+001  0.99156725E+001  0.11130784E+002  0.12549300E+002  0.14185667E+002  0.16054171E+002  0.18168961E+002  0.20544044E+002  0.23193301E+002  0.26130507E+002  0.29369315E+002  0.32923289E+002  0.36805885E+002  0.41030468E+002  0.45610337E+002
  0.46103381E+001  0.46192823E+001  0.46609345E+001  0.47497655E+001  0.48965548E+001  0.51103381E+001  0.53241213E+001  0.54709106E+001  0.55597416E+001  0.56013938E+001  0.56103380E+001  0.56148942E+001  0.56433510E+001  0.57154865E+001  0.58495432E+001  0.60628773E+001  0.63722214E+001  0.67938293E+001  0.73435685E+001  0.80369836E+001  0.88893425E+001  0.99156725E+001  0.11130784E+002  0.12549300E+002  0.14185667E+002  0.16054171E+002  0.18168961E+002  0.20544044E+002  0.23193301E+002  0.26130507E+002  0.29369315E+002  0.32923289E+002  0.36805885E+002  0.41030468E+002  0.45610337E+002
  0.46103381E+001  0.46192823E+001  0.46609345E+001  0.47497655E+001  0.48965548E+001  0.51103381E+001  0.53241213E+001  0.54709106E+001  0.55597416E+001  0.56013938E+001  0.56103380E+001  0.56148942E+001  0.56433510E+001  0.57154865E+001  0.58495432E+001  0.60628773E+001  0.63722214E+001  0.67938293E+001  0.73435685E+001  0.80369836E+001  0.88893425E+001  0.99156725E+001  0.11130784E+002  0.12549300E+002  0.14185667E+002  0.16054171E+002  0.18168961E+002  0.20544044E+002  0.23193301E+002  0.26130507E+002  0.29369315E+002  0.32923289E+002  0.36805885E+002  0.41030468E+002  0.45610337E+002
  0.46103381E+001  0.46192823E+001  0.46609345E+001  0.47497655E+001  0.48965548E+001  0.51103381E+001  0.53241213E+001  0.54709106E+001  0.55597416E+001  0.56013938E+001  0.56103380E+001  0.56148942E+001  0.56433510E+001  0.57154865E+001  0.58495432E+001  0.60628773E+001  0.63722214E+001  0.67938293E+001  0.73435685E+001  0.80369836E+001  0.88893425E+001  0.99156725E+001  0.11130784E+002  0.12549300E+002  0.14185667E+002  0.16054171E+002  0.18168961E+002  0.20544044E+002  0.23193301E+002  0.26130507E+002  0.29369315E+002  0.32923289E+002  0.36805885E+002  0.41030468E+002  0.45610337E+002
  0.46103381E+001  0.46192823E+001  0.46609345E+001  0.47497655E+001  0.48965548E+001  0.51103381E+001  0.53241213E+001  0.54709106E+001  0.55597416E+001  0.56013938E+001  0.56103380E+001  0.56148942E+001  0.56433510E+001  0.57154865E+001  0.58495432E+001  0.60628773E+001  0.63722214E+001  0.67938293E+001  0.73435685E+001  0.80369836E+001  0.88893425E+001  0.99156725E+001  0.11130784E+002  0.12549300E+002  0.14185667E+002  0.16054171E+002  0.18168961E+002  0.20544044E+002  0.23193301E+002  0.26130507E+002  0.29369315E+002  0.32923289E+002  0.36805885E+002  0.41030468E+002  0.45610337E+002
  0.46103381E+001  0.46192823E+001  0.46609345E+001  0.47497655E+001  0.48965548E+001  0.51103381E+001  0.53241213E+001  0.54709106E+001  0.55597416E+001  0.56013938E+001  0.56103380E+001  0.56148942E+001  0.56433510E+001  0.57154865E+001  0.58495432E+001  0.60628773E+001  0.63722214E+001  0.67938293E+001  0.73435685E+001  0.80369836E+001  0.88893425E+001  0.99156725E+001  0.11130784E+002  0.12549300E+002  0.14185667E+002  0.16054171E+002  0.18168961E+002  0.20544044E+002  0.23193301E+002  0.26130507E+002  0.29369315E+002  0.32923289E+002  0.36805885E+002  0.41030468E+002  0.45610337E+002
  0.46103381E+001  0.46192823E+001  0.46609345E+001  0.47497655E+001  0.48965548E+001  0.51103381E+001  0.53241213E+001  0.54709106E+001  0.55597416E+001  0.56013938E+001  0.56103380E+001  0.56148942E+001  0.56433510E+001  0.57154865E+001  0.58495432E+001  0.60628773E+001  0.63722214E+001  0.67938293E+001  0.73435685E+001  0.80369836E+001  0.88893425E+001  0.99156725E+001  0.11130784E+002  0.12549300E+002  0.14185667E+002  0.16054171E+002  0.18168961E+002  0.20544044E+002  0.23193301E+002  0.26130507E+002  0.29369315E+002  0.32923289E+002  0.36805885E+002  0.41030468E+002  0.45610337E+002
  0.46103381E+001  0.46192823E+001  0.46609345E+001  0.47497655E+001  0.48965548E+001  0.51103381E+001  0.53241213E+001  0.54709106E+001  0.55597416E+001  0.56013938E+001  0.56103380E+001  0.56148942E+001  0.56433510E+001  0.57154865E+001  0.58495432E+001  0.60628773E+001  0.63722214E+001  0.67938293E+001  0.73435685E+001  0.80369836E+001  0.88893425E+001  0.99156725E+001  0.11130784E+002  0.12549300E+002  0.14185667E+002  0.16054171E+002  0.18168961E+002  0.20544044E+002  0.23193301E+002  0.26130507E+002  0.29369315E+002  0.32923289E+002  0.36805885E+002  0.41030468E+002  0.45610337E+002
  0.46103380E+001  0.46192823E+001  0.46609345E+001  0.47497655E+001  0.48965548E+001  0.51103380E+001  0.53241213E+001  0.54709106E+001  0.55597416E+001  0.56013937E+001  0.56103380E+001  0.56148942E+001  0.56433510E+001  0.57154865E+001  0.58495432E+001  0.60628773E+001  0.63722214E+001  0.67938293E+001  0.73435684E+001  0.80369836E+001  0.88893425E+001  0.99156725E+001  0.11130784E+002  0.12549300E+002  0.14185667E+002  0.16054171E+002  0.18168961E+002  0.20544044E+002  0.23193301E+002  0.26130507E+002  0.29369315E+002  0.32923289E+002  0.36805885E+002  0.41030468E+002  0.45610337E+002
  0.46103366E+001  0.46192809E+001  0.46609330E+001  0.47497640E+001  0.48965533E+001  0.51103366E+001  0.53241199E+001  0.54709092E+001  0.55597401E+001  0.56013923E+001  0.56103366E+001  0.56148927E+001  0.56433496E+001  0.57154850E+001  0.58495417E+001  0.60628759E+001  0.63722199E+001  0.67938278E+001  0.73435670E+001  0.80369821E+001  0.88893411E+001  0.99156710E+001  0.11130783E+002  0.12549298E+002  0.14185665E+002  0.16054169E+002  0.18168959E+002  0.20544043E+002  0.23193299E+002  0.26130506E+002  0.29369313E+002  0.32923287E+002  0.36805884E+002  0.41030466E+002  0.45610336E+002
  0.46102526E+001  0.46191969E+001  0.46608490E+001  0.47496800E+001  0.48964693E+001  0.51102526E+001  0.53240359E+001  0.54708251E+001  0.55596561E+001  0.56013083E+001  0.56102526E+001  0.56148087E+001  0.56432656E+001  0.57154010E+001  0.58494577E+001  0.60627919E+001  0.63721359E+001  0.67937438E+001  0.73434830E+001  0.80368981E+001  0.88892571E+001  0.99155870E+001  0.11130699E+002  0.12549214E+002  0.14185581E+002  0.16054085E+002  0.18168875E+002  0.20543959E+002  0.23193215E+002  0.26130422E+002  0.29369229E+002  0.32923203E+002  0.36805800E+002  0.41030382E+002  0.45610252E+002
  0.46067329E+001  0.46156772E+001  0.46573294E+001  0.47461603E+001  0.48929496E+001  0.51067329E+001  0.53205162E+001  0.54673055E+001  0.55561365E+001  0.55977886E+001  0.56067329E+001  0.56112891E+001  0.56397459E+001  0.57118813E+001  0.58459381E+001  0.60592722E+001  0.63686162E+001  0.67902242E+001  0.73399633E+001  0.80333784E+001  0.88857374E+001  0.99120673E+001  0.11127179E+002  0.12545694E+002  0.14182061E+002  0.16050566E+002  0.18165356E+002  0.20540439E+002  0.23189696E+002  0.26126902E+002  0.29365709E+002  0.32919683E+002  0.36802280E+002  0.41026863E+002  0.45606732E+002
  0.45086614E+001  0.45176057E+001  0.45592578E+001  0.46480888E+001  0.47948781E+001  0.50086614E+001  0.52224447E+001  0.53692339E+001  0.54580649E+001  0.54997171E+001  0.55086614E+001  0.55132175E+001  0.55416744E+001  0.56138098E+001  0.57478665E+001  0.59612007E+001  0.62705447E+001  0.66921526E+001  0.72418918E+001  0.79353069E+001  0.87876659E+001  0.98139958E+001  0.11029108E+002  0.12447623E+002  0.14083990E+002  0.15952494E+002  0.18067284E+002  0.20442367E+002  0.23091624E+002  0.26028831E+002  0.29267638E+002  0.32821612E+002  0.36704209E+002  0.40928791E+002  0.45508661E+002
  0.30294056E+001  0.30294054E+001  0.30710575E+001  0.31598885E+001  0.33066778E+001  0.35204611E+001  0.37342444E+001  0.38810337E+001  0.39698646E+001  0.40115168E+001  0.40204611E+001  0.40250172E+001  0.40534741E+001  0.41256095E+001  0.42596663E+001  0.44730004E+001  0.47823444E+001  0.52039523E+001  0.57536915E+001  0.64471066E+001  0.72994656E+001  0.83257955E+001  0.95409074E+001  0.10959423E+002  0.12595790E+002  0.14464294E+002  0.16579084E+002  0.18954167E+002  0.21603424E+002  0.24540630E+002  0.27779438E+002  0.31333412E+002  0.35216008E+002  0.39440591E+002  0.44020460E+002
 -0.19318416E-001 -0.19318417E-001 -0.19318421E-001 -0.19318599E-001 -0.19318613E-001 -0.19318634E-001 -0.19318649E-001 -0.19318663E-001  0.69512308E-001  0.11116448E+000  0.12010875E+000  0.12466492E+000  0.15312175E+000  0.22525720E+000  0.35931394E+000  0.57264806E+000  0.88199211E+000  0.13036000E+001  0.18533392E+001  0.25467543E+001  0.33991133E+001  0.44254433E+001  0.56405552E+001  0.70590705E+001  0.86954375E+001  0.10563942E+002  0.12678732E+002  0.15053815E+002  0.17703072E+002  0.20640279E+002  0.23879086E+002  0.27433060E+002  0.31315657E+002  0.35540239E+002  0.40120109E+002
 -0.33276974E-001 -0.33276958E-001 -0.33276884E-001 -0.33276726E-001 -0.33276465E-001 -0.33276084E-001 -0.33275704E-001 -0.33275443E-001 -0.33275285E-001 -0.33275211E-001 -0.33275195E-001 -0.33275187E-001 -0.33275137E-001 -0.33275008E-001 -0.33274770E-001 -0.33274390E-001 -0.33273840E-001  0.38833409E+000  0.93807326E+000  0.16314884E+001  0.24838474E+001  0.35101774E+001  0.47252893E+001  0.61438045E+001  0.77801716E+001  0.96486758E+001  0.11763466E+002  0.14138549E+002  0.16787806E+002  0.19725013E+002  0.22963820E+002  0.26517794E+002  0.30400391E+002  0.34624974E+002  0.39204844E+002
  0.25803406E+000  0.25803427E+000  0.25803524E+000  0.25803731E+000  0.25804085E+000  0.25804590E+000  0.25805097E+000  0.25805445E+000  0.25805656E+000  0.25805755E+000  0.25805776E+000  0.25805787E+000  0.25805855E+000  0.25806026E+000  0.25806651E+000  0.25806994E+000  0.25807514E+000  0.67968307E+000  0.12294222E+001  0.19228374E+001  0.27751964E+001  0.38015263E+001  0.50166382E+001  0.64351535E+001  0.80715206E+001  0.99400247E+001  0.12054815E+002  0.14429898E+002  0.17079155E+002  0.20016362E+002  0.23255169E+002  0.26809143E+002  0.30691740E+002  0.34916323E+002  0.39496192E+002
  0.45895210E+001  0.45898889E+001  0.45911897E+001  0.45944468E+001  0.47412361E+001  0.46580061E+001  0.46668976E+001  0.46727430E+001  0.46762361E+001  0.46778755E+001  0.46782278E+001  0.46783973E+001  0.46794507E+001  0.46821539E+001  0.46871465E+001  0.44456140E+001  0.46396587E+001  0.50612666E+001  0.56110058E+001  0.63044209E+001  0.71567799E+001  0.81831098E+001  0.93982217E+001  0.10816737E+002  0.12453104E+002  0.14321608E+002  0.16436398E+002  0.18811481E+002  0.21460738E+002  0.24397945E+002  0.27636752E+002  0.31190726E+002  0.35073322E+002  0.39297905E+002  0.43877774E+002
