 -0.39732108E+002 -0.39723164E+002 -0.39681512E+002 -0.39592681E+002 -0.39445891E+002 -0.39232108E+002 -0.39018325E+002 -0.38871535E+002 -0.38782704E+002 -0.38741052E+002 -0.38732108E+002 -0.38727552E+002 -0.38699095E+002 -0.38626960E+002 -0.38492903E+002 -0.38279569E+002 -0.37970225E+002 -0.37548617E+002 -0.36998878E+002 -0.36305462E+002 -0.35453103E+002 -0.34426773E+002 -0.33211662E+002 -0.31793146E+002 -0.30156779E+002 -0.28288275E+002 -0.26173485E+002 -0.23798402E+002 -0.21149145E+002 -0.18211938E+002 -0.14973131E+002 -0.11419157E+002 -0.75365600E+001 -0.33119775E+001  0.12678920E+001
 -0.39732108E+002 -0.39723164E+002 -0.39681512E+002 -0.39592681E+002 -0.39445891E+002 -0.39232108E+002 -0.39018325E+002 -0.38871535E+002 -0.38782704E+002 -0.38741052E+002 -0.38732108E+002 -0.38727552E+002 -0.38699095E+002 -0.38626960E+002 -0.38492903E+002 -0.38279569E+002 -0.37970225E+002 -0.37548617E+002 -0.36998878E+002 -0.36305462E+002 -0.35453103E+002 -0.34426773E+002 -0.33211662E+002 -0.31793146E+002 -0.30156779E+002 -0.28288275E+002 -0.26173485E+002 -0.23798402E+002 -0.21149145E+002 -0.18211938E+002 -0.14973131E+002 -0.11419157E+002 -0.75365600E+001 -0.33119775E+001  0.12678920E+001
 -0.39732108E+002 -0.39723164E+002 -0.39681512E+002 -0.39592681E+002 -0.39445891E+002 -0.39232108E+002 -0.39018325E+002 -0.38871535E+002 -0.38782704E+002 -0.38741052E+002 -0.38732108E+002 -0.38727552E+002 -0.38699095E+002 -0.38626960E+002 -0.38492903E+002 -0.38279569E+002 -0.37970225E+002 -0.37548617E+002 -0.36998878E+002 -0.36305462E+002 -0.35453103E+002 -0.34426773E+002 -0.33211662E+002 -0.31793146E+002 -0.30156779E+002 -0.28288275E+002 -0.26173485E+002 -0.23798402E+002 -0.21149145E+002 -0.18211938E+002 -0.14973131E+002 -0.11419157E+002 -0.75365600E+001 -0.33119775E+001  0.12678920E+001
 -0.39732108E+002 -0.39723164E+002 -0.39681512E+002 -0.39592681E+002 -0.39445891E+002 -0.39232108E+002 -0.39018325E+002 -0.38871535E+002 -0.38782704E+002 -0.38741052E+002 -0.38732108E+002 -0.38727552E+002 -0.38699095E+002 -0.38626960E+002 -0.38492903E+002 -0.38279569E+002 -0.37970225E+002 -0.37548617E+002 -0.36998878E+002 -0.36305462E+002 -0.35453103E+002 -0.34426773E+002 -0.33211662E+002 -0.31793146E+002 -0.30156779E+002 -0.28288275E+002 -0.26173485E+002 -0.23798402E+002 -0.21149145E+002 -0.18211938E+002 -0.14973131E+002 -0.11419157E+002 -0.75365600E+001 -0.33119775E+001  0.12678920E+001
 -0.39732108E+002 -0.39723164E+002 -0.39681512E+002 -0.39592681E+002 -0.39445891E+002 -0.39232108E+002 -0.39018325E+002 -0.38871535E+002 -0.38782704E+002 -0.38741052E+002 -0.38732108E+002 -0.38727552E+002 -0.38699095E+002 -0.38626960E+002 -0.38492903E+002 -0.38279569E+002 -0.37970225E+002 -0.37548617E+002 -0.36998878E+002 -0.36305462E+002 -0.35453103E+002 -0.34426773E+002 -0.33211662E+002 -0.31793146E+002 -0.30156779E+002 -0.28288275E+002 -0.26173485E+002 -0.23798402E+002 -0.21149145E+002 -0.18211938E+002 -0.14973131E+002 -0.11419157E+002 -0.75365600E+001 -0.33119775E+001  0.12678920E+001
 -0.39732108E+002 -0.39723164E+002 -0.39681512E+002 -0.39592681E+002 -0.39445891E+002 -0.39232108E+002 -0.39018325E+002 -0.38871535E+002 -0.38782704E+002 -0.38741052E+002 -0.38732108E+002 -0.38727552E+002 -0.38699095E+002 -0.38626960E+002 -0.38492903E+002 -0.38279569E+002 -0.37970225E+002 -0.37548617E+002 -0.36998878E+002 -0.36305462E+002 -0.35453103E+002 -0.34426773E+002 -0.33211662E+002 -0.31793146E+002 -0.30156779E+002 -0.28288275E+002 -0.26173485E+002 -0.23798402E+002 -0.21149145E+002 -0.18211938E+002 -0.14973131E+002 -0.11419157E+002 -0.75365600E+001 -0.33119775E+001  0.12678920E+001
 -0.39732108E+002 -0.39723164E+002 -0.39681512E+002 -0.39592681E+002 -0.39445891E+002 -0.39232108E+002 -0.39018325E+002 -0.38871535E+002 -0.38782704E+002 -0.38741052E+002 -0.38732108E+002 -0.38727552E+002 -0.38699095E+002 -0.38626960E+002 -0.38492903E+002 -0.38279569E+002 -0.37970225E+002 -0.37548617E+002 -0.36998878E+002 -0.36305462E+002 -0.35453103E+002 -0.34426773E+002 -0.33211662E+002 -0.31793146E+002 -0.30156779E+002 -0.28288275E+002 -0.26173485E+002 -0.23798402E+002 -0.21149145E+002 -0.18211938E+002 -0.14973131E+002 -0.11419157E+002 -0.75365600E+001 -0.33119775E+001  0.12678920E+001
 -0.39732108E+002 -0.39723164E+002 -0.39681512E+002 -0.39592681E+002 -0.39445891E+002 -0.39232108E+002 -0.39018325E+002 -0.38871535E+002 -0.38782704E+002 -0.38741052E+002 -0.38732108E+002 -0.38727552E+002 -0.38699095E+002 -0.38626960E+002 -0.38492903E+002 -0.38279569E+002 -0.37970225E+002 -0.37548617E+002 -0.36998878E+002 -0.36305462E+002 -0.35453103E+002 -0.34426773E+002 -0.33211662E+002 -0.31793146E+002 -0.30156779E+002 -0.28288275E+002 -0.26173485E+002 -0.23798402E+002 -0.21149145E+002 -0.18211938E+002 -0.14973131E+002 -0.11419157E+002 -0.75365600E+001 -0.33119775E+001  0.12678920E+001
 -0.39732108E+002 -0.39723164E+002 -0.39681512E+002 -0.39592681E+002 -0.39445891E+002 -0.39232108E+002 -0.39018325E+002 -0.38871535E+002 -0.38782704E+002 -0.38741052E+002 -0.38732108E+002 -0.38727552E+002 -0.38699095E+002 -0.38626960E+002 -0.38492903E+002 -0.38279569E+002 -0.37970225E+002 -0.37548617E+002 -0.36998878E+002 -0.36305462E+002 -0.35453103E+002 -0.34426773E+002 -0.33211662E+002 -0.31793146E+002 -0.30156779E+002 -0.28288275E+002 -0.26173485E+002 -0.23798402E+002 -0.21149145E+002 -0.18211938E+002 -0.14973131E+002 -0.11419157E+002 -0.75365600E+001 -0.33119775E+001  0.12678920E+001
 -0.39732108E+002 -0.39723164E+002 -0.39681512E+002 -0.39592681E+002 -0.39445891E+002 -0.39232108E+002 -0.39018325E+002 -0.38871535E+002 -0.38782704E+002 -0.38741052E+002 -0.38732108E+002 -0.38727552E+002 -0.38699095E+002 -0.38626960E+002 -0.38492903E+002 -0.38279569E+002 -0.37970225E+002 -0.37548617E+002 -0.36998878E+002 -0.36305462E+002 -0.35453103E+002 -0.34426773E+002 -0.33211662E+002 -0.31793146E+002 -0.30156779E+002 -0.28288275E+002 -0.26173485E+002 -0.23798402E+002 -0.21149145E+002 -0.18211938E+002 -0.14973131E+002 -0.11419157E+002 -0.75365600E+001 -0.33119775E+001  0.12678920E+001
 -0.39732108E+002 -0.39723164E+002 -0.39681512E+002 -0.39592681E+002 -0.39445891E+002 -0.39232108E+002 -0.39018325E+002 -0.38871535E+002 -0.38782704E+002 -0.38741052E+002 -0.38732108E+002 -0.38727552E+002 -0.38699095E+002 -0.38626960E+002 -0.38492903E+002 -0.38279569E+002 -0.37970225E+002 -0.37548617E+002 -0.36998878E+002 -0.36305462E+002 -0.35453103E+002 -0.34426773E+002 -0.33211662E+002 -0.31793146E+002 -0.30156779E+002 -0.28288275E+002 -0.26173485E+002 -0.23798402E+002 -0.21149145E+002 -0.18211938E+002 -0.14973131E+002 -0.11419157E+002 -0.75365600E+001 -0.33119775E+001  0.12678920E+001
 -0.39732108E+002 -0.39723164E+002 -0.39681512E+002 -0.39592681E+002 -0.39445891E+002 -0.39232108E+002 -0.39018325E+002 -0.38871535E+002 -0.38782704E+002 -0.38741052E+002 -0.38732108E+002 -0.38727552E+002 -0.38699095E+002 -0.38626960E+002 -0.38492903E+002 -0.38279569E+002 -0.37970225E+002 -0.37548617E+002 -0.36998878E+002 -0.36305462E+002 -0.35453103E+002 -0.34426773E+002 -0.33211662E+002 -0.31793146E+002 -0.30156779E+002 -0.28288275E+002 -0.26173485E+002 -0.23798402E+002 -0.21149145E+002 -0.18211938E+002 -0.14973131E+002 -0.11419157E+002 -0.75365600E+001 -0.33119775E+001  0.12678920E+001
 -0.39732108E+002 -0.39723164E+002 -0.39681512E+002 -0.39592681E+002 -0.39445891E+002 -0.39232108E+002 -0.39018325E+002 -0.38871535E+002 -0.38782704E+002 -0.38741052E+002 -0.38732108E+002 -0.38727552E+002 -0.38699095E+002 -0.38626960E+002 -0.38492903E+002 -0.38279569E+002 -0.37970225E+002 -0.37548617E+002 -0.36998878E+002 -0.36305462E+002 -0.35453103E+002 -0.34426773E+002 -0.33211662E+002 -0.31793146E+002 -0.30156779E+002 -0.28288275E+002 -0.26173485E+002 -0.23798402E+002 -0.21149145E+002 -0.18211938E+002 -0.14973131E+002 -0.11419157E+002 -0.75365600E+001 -0.33119775E+001  0.12678920E+001
 -0.39732108E+002 -0.39723164E+002 -0.39681512E+002 -0.39592681E+002 -0.39445891E+002 -0.39232108E+002 -0.39018325E+002 -0.38871535E+002 -0.38782704E+002 -0.38741052E+002 -0.38732108E+002 -0.38727552E+002 -0.38699095E+002 -0.38626960E+002 -0.38492903E+002 -0.38279569E+002 -0.37970225E+002 -0.37548617E+002 -0.36998878E+002 -0.36305462E+002 -0.35453103E+002 -0.34426773E+002 -0.33211662E+002 -0.31793146E+002 -0.30156779E+002 -0.28288275E+002 -0.26173485E+002 -0.23798402E+002 -0.21149145E+002 -0.18211938E+002 -0.14973131E+002 -0.11419157E+002 -0.75365600E+001 -0.33119775E+001  0.12678920E+001
 -0.39732108E+002 -0.39723164E+002 -0.39681512E+002 -0.39592681E+002 -0.39445891E+002 -0.39232108E+002 -0.39018325E+002 -0.38871536E+002 -0.38782705E+002 -0.38741052E+002 -0.38732108E+002 -0.38727552E+002 -0.38699095E+002 -0.38626960E+002 -0.38492903E+002 -0.38279569E+002 -0.37970225E+002 -0.37548617E+002 -0.36998878E+002 -0.36305463E+002 -0.35453104E+002 -0.34426774E+002 -0.33211662E+002 -0.31793146E+002 -0.30156779E+002 -0.28288275E+002 -0.26173485E+002 -0.23798402E+002 -0.21149145E+002 -0.18211938E+002 -0.14973131E+002 -0.11419157E+002 -0.75365601E+001 -0.33119776E+001  0.12678919E+001
 -0.39732112E+002 -0.39723168E+002 -0.39681516E+002 -0.39592685E+002 -0.39445896E+002 -0.39232112E+002 -0.39018329E+002 -0.38871540E+002 -0.38782709E+002 -0.38741057E+002 -0.38732112E+002 -0.38727556E+002 -0.38699099E+002 -0.38626964E+002 -0.38492907E+002 -0.38279573E+002 -0.37970229E+002 -0.37548621E+002 -0.36998882E+002 -0.36305467E+002 -0.35453108E+002 -0.34426778E+002 -0.33211666E+002 -0.31793151E+002 -0.30156784E+002 -0.28288279E+002 -0.26173489E+002 -0.23798406E+002 -0.21149149E+002 -0.18211942E+002 -0.14973135E+002 -0.11419161E+002 -0.75365643E+001 -0.33119817E+001  0.12678878E+001
 -0.39732261E+002 -0.39723316E+002 -0.39681664E+002 -0.39592833E+002 -0.39446044E+002 -0.39232261E+002 -0.39018477E+002 -0.38871688E+002 -0.38782857E+002 -0.38741205E+002 -0.38732261E+002 -0.38727704E+002 -0.38699248E+002 -0.38627112E+002 -0.38493055E+002 -0.38279721E+002 -0.37970377E+002 -0.37548769E+002 -0.36999030E+002 -0.36305615E+002 -0.35453256E+002 -0.34426926E+002 -0.33211814E+002 -0.31793299E+002 -0.30156932E+002 -0.28288428E+002 -0.26173638E+002 -0.23798554E+002 -0.21149297E+002 -0.18212091E+002 -0.14973284E+002 -0.11419309E+002 -0.75367126E+001 -0.33121301E+001  0.12677394E+001
 -0.39736245E+002 -0.39727300E+002 -0.39685648E+002 -0.39596817E+002 -0.39450028E+002 -0.39236245E+002 -0.39022461E+002 -0.38875672E+002 -0.38786841E+002 -0.38745189E+002 -0.38736245E+002 -0.38731688E+002 -0.38703232E+002 -0.38631096E+002 -0.38497039E+002 -0.38283705E+002 -0.37974361E+002 -0.37552753E+002 -0.37003014E+002 -0.36309599E+002 -0.35457240E+002 -0.34430910E+002 -0.33215798E+002 -0.31797283E+002 -0.30160916E+002 -0.28292412E+002 -0.26177622E+002 -0.23802538E+002 -0.21153281E+002 -0.18216075E+002 -0.14977268E+002 -0.11423294E+002 -0.75406967E+001 -0.33161142E+001  0.12637553E+001
 -0.39812020E+002 -0.39803076E+002 -0.39761424E+002 -0.39672593E+002 -0.39525803E+002 -0.39312020E+002 -0.39098237E+002 -0.38951448E+002 -0.38862617E+002 -0.38820964E+002 -0.38812020E+002 -0.38807464E+002 -0.38779007E+002 -0.38706872E+002 -0.38572815E+002 -0.38359481E+002 -0.38050137E+002 -0.37628529E+002 -0.37078790E+002 -0.36385375E+002 -0.35533016E+002 -0.34506686E+002 -0.33291574E+002 -0.31873058E+002 -0.30236691E+002 -0.28368187E+002 -0.26253397E+002 -0.23878314E+002 -0.21229057E+002 -0.18291850E+002 -0.15053043E+002 -0.11499069E+002 -0.76164722E+001 -0.33918897E+001  0.11879798E+001
 -0.40730025E+002 -0.40721080E+002 -0.40679428E+002 -0.40590597E+002 -0.40443808E+002 -0.40230025E+002 -0.40016241E+002 -0.39869452E+002 -0.39780621E+002 -0.39738969E+002 -0.39730025E+002 -0.39725469E+002 -0.39697012E+002 -0.39624876E+002 -0.39490820E+002 -0.39277485E+002 -0.38968141E+002 -0.38546533E+002 -0.37996794E+002 -0.37303379E+002 -0.36451020E+002 -0.35424690E+002 -0.34209578E+002 -0.32791063E+002 -0.31154696E+002 -0.29286192E+002 -0.27171402E+002 -0.24796318E+002 -0.22147062E+002 -0.19209855E+002 -0.15971048E+002 -0.12417074E+002 -0.85344767E+001 -0.43098942E+001  0.26997528E+000
 -0.46201876E+002 -0.46192932E+002 -0.46151280E+002 -0.46062449E+002 -0.45915659E+002 -0.45701876E+002 -0.45488093E+002 -0.45341304E+002 -0.45252473E+002 -0.45210820E+002 -0.45201876E+002 -0.45197320E+002 -0.45168863E+002 -0.45096728E+002 -0.44962671E+002 -0.44749337E+002 -0.44439993E+002 -0.44018385E+002 -0.43468646E+002 -0.42775231E+002 -0.41922872E+002 -0.40896542E+002 -0.39681430E+002 -0.38262914E+002 -0.36626547E+002 -0.34758043E+002 -0.32643253E+002 -0.30268170E+002 -0.27618913E+002 -0.24681706E+002 -0.21442899E+002 -0.17888925E+002 -0.14006328E+002 -0.97817456E+001 -0.52018761E+001
 -0.47860688E+002 -0.47860688E+002 -0.47860688E+002 -0.47860688E+002 -0.47860687E+002 -0.47646904E+002 -0.47433120E+002 -0.47286331E+002 -0.47197500E+002 -0.47155848E+002 -0.47146904E+002 -0.47142347E+002 -0.47113891E+002 -0.47041755E+002 -0.46907698E+002 -0.46694364E+002 -0.46385020E+002 -0.45963412E+002 -0.45413673E+002 -0.44720258E+002 -0.43867899E+002 -0.42841569E+002 -0.41626457E+002 -0.40207942E+002 -0.38571575E+002 -0.36703071E+002 -0.34588281E+002 -0.32213198E+002 -0.29563941E+002 -0.26626734E+002 -0.23387927E+002 -0.19833953E+002 -0.15951356E+002 -0.11726774E+002 -0.71469046E+001
 -0.47701912E+002 -0.47700881E+002 -0.47696045E+002 -0.47685489E+002 -0.47538700E+002 -0.47324917E+002 -0.47111133E+002 -0.46964344E+002 -0.46875513E+002 -0.46833861E+002 -0.46824917E+002 -0.46820360E+002 -0.46791904E+002 -0.46719768E+002 -0.46585711E+002 -0.46372377E+002 -0.46063033E+002 -0.45641425E+002 -0.45091686E+002 -0.44398271E+002 -0.43545912E+002 -0.42519582E+002 -0.41304470E+002 -0.39885955E+002 -0.38249588E+002 -0.36381084E+002 -0.34266294E+002 -0.31891210E+002 -0.29241953E+002 -0.26304747E+002 -0.23065940E+002 -0.19511966E+002 -0.15629369E+002 -0.11404786E+002 -0.68249167E+001
 -0.17305466E+002 -0.17305797E+002 -0.17264145E+002 -0.17175314E+002 -0.17028524E+002 -0.16814741E+002 -0.19193121E+002 -0.19157891E+002 -0.19069060E+002 -0.19027408E+002 -0.18852131E+002 -0.18851035E+002 -0.18822578E+002 -0.20717770E+002 -0.20687561E+002 -0.20474227E+002 -0.20164883E+002 -0.19743275E+002 -0.19193536E+002 -0.18500121E+002 -0.17647762E+002 -0.16621432E+002 -0.15406320E+002 -0.13987805E+002 -0.12351438E+002 -0.10482935E+002 -0.83681458E+001 -0.59930641E+001 -0.33438089E+001 -0.40660420E+000  0.28322009E+001  0.63861722E+001  0.10268766E+002  0.14493349E+002  0.19073218E+002
 -0.41885408E+002 -0.41876464E+002 -0.41834812E+002 -0.41745981E+002 -0.41599192E+002 -0.58721207E+002 -0.58787026E+002 -0.58640237E+002 -0.58551406E+002 -0.58509754E+002 -0.58500810E+002 -0.58496254E+002 -0.58467797E+002 -0.58395661E+002 -0.50565081E+002 -0.50611829E+002 -0.50302485E+002 -0.36710949E+002 -0.36778764E+002 -0.36085349E+002 -0.35232990E+002 -0.34206660E+002 -0.32991548E+002 -0.31573033E+002 -0.29936670E+002 -0.10918171E+004 -0.11086406E+004 -0.11062655E+004 -0.11167472E+004 -0.11407791E+004 -0.11375403E+004 -0.13480626E+004 -0.13866803E+004 -0.14687619E+003 -0.14678079E+003
