  0.18267786E+000  0.19162213E+000  0.23327431E+000  0.32210528E+000  0.46889457E+000  0.68267786E+000  0.89646114E+000  0.10432504E+001  0.11320814E+001  0.11737336E+001  0.11826779E+001  0.11872340E+001  0.12156909E+001  0.12878263E+001  0.14218830E+001  0.16352172E+001  0.19445612E+001  0.23661691E+001  0.29159083E+001  0.36093234E+001  0.44616824E+001  0.54880124E+001  0.67031243E+001  0.81216395E+001  0.97580065E+001  0.11626511E+002  0.13741301E+002  0.16116384E+002  0.18765641E+002  0.21702848E+002  0.24941655E+002  0.28495629E+002  0.32378226E+002  0.36602808E+002  0.41182678E+002
  0.18267786E+000  0.19162213E+000  0.23327431E+000  0.32210528E+000  0.46889457E+000  0.68267786E+000  0.89646114E+000  0.10432504E+001  0.11320814E+001  0.11737336E+001  0.11826779E+001  0.11872340E+001  0.12156909E+001  0.12878263E+001  0.14218830E+001  0.16352172E+001  0.19445612E+001  0.23661691E+001  0.29159083E+001  0.36093234E+001  0.44616824E+001  0.54880124E+001  0.67031243E+001  0.81216395E+001  0.97580065E+001  0.11626511E+002  0.13741301E+002  0.16116384E+002  0.18765641E+002  0.21702848E+002  0.24941655E+002  0.28495629E+002  0.32378226E+002  0.36602808E+002  0.41182678E+002
  0.18267786E+000  0.19162213E+000  0.23327431E+000  0.32210528E+000  0.46889457E+000  0.68267786E+000  0.89646114E+000  0.10432504E+001  0.11320814E+001  0.11737336E+001  0.11826779E+001  0.11872340E+001  0.12156909E+001  0.12878263E+001  0.14218830E+001  0.16352172E+001  0.19445612E+001  0.23661691E+001  0.29159083E+001  0.36093234E+001  0.44616824E+001  0.54880124E+001  0.67031243E+001  0.81216395E+001  0.97580065E+001  0.11626511E+002  0.13741301E+002  0.16116384E+002  0.18765641E+002  0.21702848E+002  0.24941655E+002  0.28495629E+002  0.32378226E+002  0.36602808E+002  0.41182678E+002
  0.18267786E+000  0.19162213E+000  0.23327431E+000  0.32210528E+000  0.46889457E+000  0.68267786E+000  0.89646114E+000  0.10432504E+001  0.11320814E+001  0.11737336E+001  0.11826779E+001  0.11872340E+001  0.12156909E+001  0.12878263E+001  0.14218830E+001  0.16352172E+001  0.19445612E+001  0.23661691E+001  0.29159083E+001  0.36093234E+001  0.44616824E+001  0.54880124E+001  0.67031243E+001  0.81216395E+001  0.97580065E+001  0.11626511E+002  0.13741301E+002  0.16116384E+002  0.18765641E+002  0.21702848E+002  0.24941655E+002  0.28495629E+002  0.32378226E+002  0.36602808E+002  0.41182678E+002
  0.18267786E+000  0.19162213E+000  0.23327431E+000  0.32210528E+000  0.46889457E+000  0.68267786E+000  0.89646114E+000  0.10432504E+001  0.11320814E+001  0.11737336E+001  0.11826779E+001  0.11872340E+001  0.12156909E+001  0.12878263E+001  0.14218830E+001  0.16352172E+001  0.19445612E+001  0.23661691E+001  0.29159083E+001  0.36093234E+001  0.44616824E+001  0.54880124E+001  0.67031243E+001  0.81216395E+001  0.97580065E+001  0.11626511E+002  0.13741301E+002  0.16116384E+002  0.18765641E+002  0.21702848E+002  0.24941655E+002  0.28495629E+002  0.32378226E+002  0.36602808E+002  0.41182678E+002
  0.18267786E+000  0.19162213E+000  0.23327431E+000  0.32210528E+000  0.46889457E+000  0.68267786E+000  0.89646114E+000  0.10432504E+001  0.11320814E+001  0.11737336E+001  0.11826779E+001  0.11872340E+001  0.12156909E+001  0.12878263E+001  0.14218830E+001  0.16352172E+001  0.19445612E+001  0.23661691E+001  0.29159083E+001  0.36093234E+001  0.44616824E+001  0.54880124E+001  0.67031243E+001  0.81216395E+001  0.97580065E+001  0.11626511E+002  0.13741301E+002  0.16116384E+002  0.18765641E+002  0.21702848E+002  0.24941655E+002  0.28495629E+002  0.32378226E+002  0.36602808E+002  0.41182678E+002
  0.18267786E+000  0.19162213E+000  0.23327431E+000  0.32210528E+000  0.46889457E+000  0.68267786E+000  0.89646114E+000  0.10432504E+001  0.11320814E+001  0.11737336E+001  0.11826779E+001  0.11872340E+001  0.12156909E+001  0.12878263E+001  0.14218830E+001  0.16352172E+001  0.19445612E+001  0.23661691E+001  0.29159083E+001  0.36093234E+001  0.44616824E+001  0.54880124E+001  0.67031243E+001  0.81216395E+001  0.97580065E+001  0.11626511E+002  0.13741301E+002  0.16116384E+002  0.18765641E+002  0.21702848E+002  0.24941655E+002  0.28495629E+002  0.32378226E+002  0.36602808E+002  0.41182678E+002
  0.18267786E+000  0.19162213E+000  0.23327431E+000  0.32210528E+000  0.46889457E+000  0.68267786E+000  0.89646114E+000  0.10432504E+001  0.11320814E+001  0.11737336E+001  0.11826779E+001  0.11872340E+001  0.12156909E+001  0.12878263E+001  0.14218830E+001  0.16352172E+001  0.19445612E+001  0.23661691E+001  0.29159083E+001  0.36093234E+001  0.44616824E+001  0.54880124E+001  0.67031243E+001  0.81216395E+001  0.97580065E+001  0.11626511E+002  0.13741301E+002  0.16116384E+002  0.18765641E+002  0.21702848E+002  0.24941655E+002  0.28495629E+002  0.32378226E+002  0.36602808E+002  0.41182678E+002
  0.18267786E+000  0.19162213E+000  0.23327431E+000  0.32210528E+000  0.46889457E+000  0.68267786E+000  0.89646114E+000  0.10432504E+001  0.11320814E+001  0.11737336E+001  0.11826779E+001  0.11872340E+001  0.12156909E+001  0.12878263E+001  0.14218830E+001  0.16352172E+001  0.19445612E+001  0.23661691E+001  0.29159083E+001  0.36093234E+001  0.44616824E+001  0.54880124E+001  0.67031243E+001  0.81216395E+001  0.97580065E+001  0.11626511E+002  0.13741301E+002  0.16116384E+002  0.18765641E+002  0.21702848E+002  0.24941655E+002  0.28495629E+002  0.32378226E+002  0.36602808E+002  0.41182678E+002
  0.18267786E+000  0.19162213E+000  0.23327431E+000  0.32210528E+000  0.46889457E+000  0.68267786E+000  0.89646114E+000  0.10432504E+001  0.11320814E+001  0.11737336E+001  0.11826779E+001  0.11872340E+001  0.12156909E+001  0.12878263E+001  0.14218830E+001  0.16352172E+001  0.19445612E+001  0.23661691E+001  0.29159083E+001  0.36093234E+001  0.44616824E+001  0.54880124E+001  0.67031243E+001  0.81216395E+001  0.97580065E+001  0.11626511E+002  0.13741301E+002  0.16116384E+002  0.18765641E+002  0.21702848E+002  0.24941655E+002  0.28495629E+002  0.32378226E+002  0.36602808E+002  0.41182678E+002
  0.18267786E+000  0.19162213E+000  0.23327431E+000  0.32210528E+000  0.46889457E+000  0.68267786E+000  0.89646114E+000  0.10432504E+001  0.11320814E+001  0.11737336E+001  0.11826779E+001  0.11872340E+001  0.12156909E+001  0.12878263E+001  0.14218830E+001  0.16352172E+001  0.19445612E+001  0.23661691E+001  0.29159083E+001  0.36093234E+001  0.44616824E+001  0.54880124E+001  0.67031243E+001  0.81216395E+001  0.97580065E+001  0.11626511E+002  0.13741301E+002  0.16116384E+002  0.18765641E+002  0.21702848E+002  0.24941655E+002  0.28495629E+002  0.32378226E+002  0.36602808E+002  0.41182678E+002
  0.18267786E+000  0.19162213E+000  0.23327431E+000  0.32210528E+000  0.46889457E+000  0.68267786E+000  0.89646114E+000  0.10432504E+001  0.11320814E+001  0.11737336E+001  0.11826779E+001  0.11872340E+001  0.12156909E+001  0.12878263E+001  0.14218830E+001  0.16352172E+001  0.19445612E+001  0.23661691E+001  0.29159083E+001  0.36093234E+001  0.44616824E+001  0.54880124E+001  0.67031243E+001  0.81216395E+001  0.97580065E+001  0.11626511E+002  0.13741301E+002  0.16116384E+002  0.18765641E+002  0.21702848E+002  0.24941655E+002  0.28495629E+002  0.32378226E+002  0.36602808E+002  0.41182678E+002
  0.18267786E+000  0.19162213E+000  0.23327431E+000  0.32210528E+000  0.46889457E+000  0.68267786E+000  0.89646114E+000  0.10432504E+001  0.11320814E+001  0.11737336E+001  0.11826779E+001  0.11872340E+001  0.12156909E+001  0.12878263E+001  0.14218830E+001  0.16352172E+001  0.19445612E+001  0.23661691E+001  0.29159083E+001  0.36093234E+001  0.44616824E+001  0.54880124E+001  0.67031243E+001  0.81216395E+001  0.97580065E+001  0.11626511E+002  0.13741301E+002  0.16116384E+002  0.18765641E+002  0.21702848E+002  0.24941655E+002  0.28495629E+002  0.32378226E+002  0.36602808E+002  0.41182678E+002
  0.18267786E+000  0.19162213E+000  0.23327431E+000  0.32210528E+000  0.46889457E+000  0.68267786E+000  0.89646114E+000  0.10432504E+001  0.11320814E+001  0.11737336E+001  0.11826779E+001  0.11872340E+001  0.12156909E+001  0.12878263E+001  0.14218830E+001  0.16352172E+001  0.19445612E+001  0.23661691E+001  0.29159083E+001  0.36093234E+001  0.44616824E+001  0.54880124E+001  0.67031243E+001  0.81216395E+001  0.97580065E+001  0.11626511E+002  0.13741301E+002  0.16116384E+002  0.18765641E+002  0.21702848E+002  0.24941655E+002  0.28495629E+002  0.32378226E+002  0.36602808E+002  0.41182678E+002
  0.18267786E+000  0.19162213E+000  0.23327431E+000  0.32210528E+000  0.46889457E+000  0.68267786E+000  0.89646114E+000  0.10432504E+001  0.11320814E+001  0.11737336E+001  0.11826779E+001  0.11872340E+001  0.12156909E+001  0.12878263E+001  0.14218830E+001  0.16352172E+001  0.19445612E+001  0.23661691E+001  0.29159083E+001  0.36093234E+001  0.44616824E+001  0.54880124E+001  0.67031243E+001  0.81216395E+001  0.97580065E+001  0.11626511E+002  0.13741301E+002  0.16116384E+002  0.18765641E+002  0.21702848E+002  0.24941655E+002  0.28495629E+002  0.32378226E+002  0.36602808E+002  0.41182678E+002
  0.18267786E+000  0.19162213E+000  0.23327431E+000  0.32210528E+000  0.46889457E+000  0.68267786E+000  0.89646114E+000  0.10432504E+001  0.11320814E+001  0.11737336E+001  0.11826779E+001  0.11872340E+001  0.12156909E+001  0.12878263E+001  0.14218830E+001  0.16352172E+001  0.19445612E+001  0.23661691E+001  0.29159083E+001  0.36093234E+001  0.44616824E+001  0.54880124E+001  0.67031243E+001  0.81216395E+001  0.97580065E+001  0.11626511E+002  0.13741301E+002  0.16116384E+002  0.18765641E+002  0.21702848E+002  0.24941655E+002  0.28495629E+002  0.32378226E+002  0.36602808E+002  0.41182678E+002
  0.18267789E+000  0.19162216E+000  0.23327434E+000  0.32210531E+000  0.46889460E+000  0.68267789E+000  0.89646117E+000  0.10432505E+001  0.11320814E+001  0.11737336E+001  0.11826779E+001  0.11872340E+001  0.12156909E+001  0.12878263E+001  0.14218831E+001  0.16352172E+001  0.19445612E+001  0.23661692E+001  0.29159083E+001  0.36093235E+001  0.44616824E+001  0.54880124E+001  0.67031243E+001  0.81216395E+001  0.97580066E+001  0.11626511E+002  0.13741301E+002  0.16116384E+002  0.18765641E+002  0.21702848E+002  0.24941655E+002  0.28495629E+002  0.32378226E+002  0.36602808E+002  0.41182678E+002
  0.18268149E+000  0.19162576E+000  0.23327794E+000  0.32210891E+000  0.46889820E+000  0.68268149E+000  0.89646477E+000  0.10432541E+001  0.11320850E+001  0.11737372E+001  0.11826815E+001  0.11872376E+001  0.12156945E+001  0.12878299E+001  0.14218867E+001  0.16352208E+001  0.19445648E+001  0.23661728E+001  0.29159119E+001  0.36093270E+001  0.44616860E+001  0.54880160E+001  0.67031279E+001  0.81216431E+001  0.97580102E+001  0.11626514E+002  0.13741304E+002  0.16116388E+002  0.18765645E+002  0.21702851E+002  0.24941658E+002  0.28495632E+002  0.32378229E+002  0.36602812E+002  0.41182681E+002
  0.18298046E+000  0.19192473E+000  0.23357690E+000  0.32240787E+000  0.46919717E+000  0.68298045E+000  0.89676374E+000  0.10435530E+001  0.11323840E+001  0.11740362E+001  0.11829804E+001  0.11875366E+001  0.12159934E+001  0.12881289E+001  0.14221856E+001  0.16355198E+001  0.19448638E+001  0.23664717E+001  0.29162109E+001  0.36096260E+001  0.44619850E+001  0.54883150E+001  0.67034269E+001  0.81219421E+001  0.97583091E+001  0.11626813E+002  0.13741603E+002  0.16116687E+002  0.18765944E+002  0.21703150E+002  0.24941957E+002  0.28495931E+002  0.32378528E+002  0.36603111E+002  0.41182980E+002
  0.19943959E+000  0.20838386E+000  0.25003603E+000  0.33886700E+000  0.48565630E+000  0.69943958E+000  0.91322287E+000  0.10600122E+001  0.11488431E+001  0.11904953E+001  0.11994396E+001  0.12039957E+001  0.12324526E+001  0.13045880E+001  0.14386448E+001  0.16519789E+001  0.19613229E+001  0.23829308E+001  0.29326700E+001  0.36260851E+001  0.44784441E+001  0.55047741E+001  0.67198860E+001  0.81384012E+001  0.97747683E+001  0.11643272E+002  0.13758063E+002  0.16133146E+002  0.18782403E+002  0.21719609E+002  0.24958416E+002  0.28512391E+002  0.32394987E+002  0.36619570E+002  0.41199439E+002
  0.67012407E+000  0.67906834E+000  0.72072051E+000  0.80955148E+000  0.95634078E+000  0.11701241E+001  0.13839073E+001  0.15306966E+001  0.16195276E+001  0.16611798E+001  0.16701241E+001  0.16746802E+001  0.17031371E+001  0.17752725E+001  0.19093292E+001  0.21226634E+001  0.24320074E+001  0.28536153E+001  0.34033545E+001  0.40967696E+001  0.49491286E+001  0.59754586E+001  0.71905705E+001  0.86090857E+001  0.10245453E+002  0.12113957E+002  0.14228747E+002  0.16603830E+002  0.19253087E+002  0.22190294E+002  0.25429101E+002  0.28983075E+002  0.32865672E+002  0.37090254E+002  0.41670124E+002
  0.76404174E+000  0.77298601E+000  0.81463818E+000  0.90346915E+000  0.10502584E+001  0.12640417E+001  0.14778250E+001  0.16246143E+001  0.17134453E+001  0.17550975E+001  0.17640417E+001  0.17685979E+001  0.17970547E+001  0.18691902E+001  0.20032469E+001  0.22165810E+001  0.25259251E+001  0.29475330E+001  0.34972722E+001  0.41906873E+001  0.50430463E+001  0.60693762E+001  0.72844881E+001  0.87030033E+001  0.10339370E+002  0.12207874E+002  0.14322664E+002  0.16697748E+002  0.19347004E+002  0.22284210E+002  0.25523017E+002  0.29076991E+002  0.29077062E+002  0.29077295E+002  0.29077694E+002
  0.94171916E+000  0.95066343E+000  0.99231561E+000  0.10811466E+001  0.12279359E+001  0.14417192E+001  0.16555024E+001  0.18022917E+001  0.18911227E+001  0.15334452E+001  0.15334648E+001  0.16039354E+001  0.16040829E+001  0.16762183E+001  0.18102751E+001  0.20236092E+001  0.23329533E+001  0.27545612E+001  0.33043003E+001  0.39977155E+001  0.48500744E+001  0.58764044E+001  0.70915162E+001  0.85100314E+001  0.10146398E+002  0.12014902E+002  0.14129692E+002  0.16504775E+002  0.19154032E+002  0.22091238E+002  0.25330045E+002  0.28884019E+002  0.32766615E+002  0.36991197E+002  0.41571066E+002
  0.60222552E+000  0.60222552E+000  0.60222551E+000  0.60222548E+000  0.60222543E+000  0.60222537E+000  0.60222543E+000  0.60222551E+000  0.60222533E+000  0.60222524E+000  0.60222523E+000  0.60222522E+000  0.20477359E+001  0.21198713E+001  0.22539281E+001  0.24672622E+001  0.27766063E+001  0.31982142E+001  0.37479533E+001  0.44413685E+001  0.52937275E+001  0.63200574E+001  0.75351693E+001  0.89536846E+001  0.10590052E+002  0.12458556E+002  0.14573346E+002  0.23382722E+002  0.23885589E+002  0.24393671E+002  0.24891371E+002  0.25358888E+002  0.25771377E+002  0.26097939E+002  0.26300384E+002
  0.54076712E+000  0.54081850E+000  0.54105525E+000  0.54153518E+000  0.54411195E+000  0.54624623E+000  0.65525949E+000  0.70222251E+000  0.22447389E+000  0.22761457E+000  0.31373306E+000  0.31374443E+000  0.33662432E+000  0.40875977E+000  0.70645513E+000  0.70511465E+000  0.70244752E+000  0.69724082E+000  0.68794410E+000  0.67207493E+000  0.64610763E+000  0.60520763E+000  0.54292835E+000  0.45086464E+000  0.31825574E+000  0.21867598E+001  0.43015500E+001  0.66766330E+001  0.93258898E+001  0.12263096E+002  0.15501903E+002  0.19055876E+002  0.22938473E+002  0.27163054E+002  0.31742923E+002
