  0.31669065E+000  0.32563492E+000  0.36728709E+000  0.45611806E+000  0.60290736E+000  0.81669065E+000  0.10304739E+001  0.11772632E+001  0.12660942E+001  0.13077464E+001  0.13166906E+001  0.13212468E+001  0.13497036E+001  0.14218391E+001  0.15558958E+001  0.17692300E+001  0.20785740E+001  0.25001819E+001  0.30499211E+001  0.37433362E+001  0.45956952E+001  0.56220252E+001  0.68371371E+001  0.82556523E+001  0.98920194E+001  0.11760524E+002  0.13875314E+002  0.16250397E+002  0.18899654E+002  0.21836860E+002  0.25075668E+002  0.28629642E+002  0.32512239E+002  0.36736821E+002  0.41316691E+002
  0.31669065E+000  0.32563492E+000  0.36728709E+000  0.45611806E+000  0.60290736E+000  0.81669065E+000  0.10304739E+001  0.11772632E+001  0.12660942E+001  0.13077464E+001  0.13166906E+001  0.13212468E+001  0.13497036E+001  0.14218391E+001  0.15558958E+001  0.17692300E+001  0.20785740E+001  0.25001819E+001  0.30499211E+001  0.37433362E+001  0.45956952E+001  0.56220252E+001  0.68371371E+001  0.82556523E+001  0.98920194E+001  0.11760524E+002  0.13875314E+002  0.16250397E+002  0.18899654E+002  0.21836860E+002  0.25075668E+002  0.28629642E+002  0.32512239E+002  0.36736821E+002  0.41316691E+002
  0.31669065E+000  0.32563492E+000  0.36728709E+000  0.45611806E+000  0.60290736E+000  0.81669065E+000  0.10304739E+001  0.11772632E+001  0.12660942E+001  0.13077464E+001  0.13166906E+001  0.13212468E+001  0.13497036E+001  0.14218391E+001  0.15558958E+001  0.17692300E+001  0.20785740E+001  0.25001819E+001  0.30499211E+001  0.37433362E+001  0.45956952E+001  0.56220252E+001  0.68371371E+001  0.82556523E+001  0.98920194E+001  0.11760524E+002  0.13875314E+002  0.16250397E+002  0.18899654E+002  0.21836860E+002  0.25075668E+002  0.28629642E+002  0.32512239E+002  0.36736821E+002  0.41316691E+002
  0.31669065E+000  0.32563492E+000  0.36728709E+000  0.45611806E+000  0.60290736E+000  0.81669065E+000  0.10304739E+001  0.11772632E+001  0.12660942E+001  0.13077464E+001  0.13166906E+001  0.13212468E+001  0.13497036E+001  0.14218391E+001  0.15558958E+001  0.17692300E+001  0.20785740E+001  0.25001819E+001  0.30499211E+001  0.37433362E+001  0.45956952E+001  0.56220252E+001  0.68371371E+001  0.82556523E+001  0.98920194E+001  0.11760524E+002  0.13875314E+002  0.16250397E+002  0.18899654E+002  0.21836860E+002  0.25075668E+002  0.28629642E+002  0.32512239E+002  0.36736821E+002  0.41316691E+002
  0.31669065E+000  0.32563492E+000  0.36728709E+000  0.45611806E+000  0.60290736E+000  0.81669065E+000  0.10304739E+001  0.11772632E+001  0.12660942E+001  0.13077464E+001  0.13166906E+001  0.13212468E+001  0.13497036E+001  0.14218391E+001  0.15558958E+001  0.17692300E+001  0.20785740E+001  0.25001819E+001  0.30499211E+001  0.37433362E+001  0.45956952E+001  0.56220252E+001  0.68371371E+001  0.82556523E+001  0.98920194E+001  0.11760524E+002  0.13875314E+002  0.16250397E+002  0.18899654E+002  0.21836860E+002  0.25075668E+002  0.28629642E+002  0.32512239E+002  0.36736821E+002  0.41316691E+002
  0.31669065E+000  0.32563492E+000  0.36728709E+000  0.45611806E+000  0.60290736E+000  0.81669065E+000  0.10304739E+001  0.11772632E+001  0.12660942E+001  0.13077464E+001  0.13166906E+001  0.13212468E+001  0.13497036E+001  0.14218391E+001  0.15558958E+001  0.17692300E+001  0.20785740E+001  0.25001819E+001  0.30499211E+001  0.37433362E+001  0.45956952E+001  0.56220252E+001  0.68371371E+001  0.82556523E+001  0.98920194E+001  0.11760524E+002  0.13875314E+002  0.16250397E+002  0.18899654E+002  0.21836860E+002  0.25075668E+002  0.28629642E+002  0.32512239E+002  0.36736821E+002  0.41316691E+002
  0.31669065E+000  0.32563492E+000  0.36728709E+000  0.45611806E+000  0.60290736E+000  0.81669065E+000  0.10304739E+001  0.11772632E+001  0.12660942E+001  0.13077464E+001  0.13166906E+001  0.13212468E+001  0.13497036E+001  0.14218391E+001  0.15558958E+001  0.17692300E+001  0.20785740E+001  0.25001819E+001  0.30499211E+001  0.37433362E+001  0.45956952E+001  0.56220252E+001  0.68371371E+001  0.82556523E+001  0.98920194E+001  0.11760524E+002  0.13875314E+002  0.16250397E+002  0.18899654E+002  0.21836860E+002  0.25075668E+002  0.28629642E+002  0.32512239E+002  0.36736821E+002  0.41316691E+002
  0.31669065E+000  0.32563492E+000  0.36728709E+000  0.45611806E+000  0.60290736E+000  0.81669065E+000  0.10304739E+001  0.11772632E+001  0.12660942E+001  0.13077464E+001  0.13166906E+001  0.13212468E+001  0.13497036E+001  0.14218391E+001  0.15558958E+001  0.17692300E+001  0.20785740E+001  0.25001819E+001  0.30499211E+001  0.37433362E+001  0.45956952E+001  0.56220252E+001  0.68371371E+001  0.82556523E+001  0.98920194E+001  0.11760524E+002  0.13875314E+002  0.16250397E+002  0.18899654E+002  0.21836860E+002  0.25075668E+002  0.28629642E+002  0.32512239E+002  0.36736821E+002  0.41316691E+002
  0.31669065E+000  0.32563492E+000  0.36728709E+000  0.45611806E+000  0.60290736E+000  0.81669065E+000  0.10304739E+001  0.11772632E+001  0.12660942E+001  0.13077464E+001  0.13166906E+001  0.13212468E+001  0.13497036E+001  0.14218391E+001  0.15558958E+001  0.17692300E+001  0.20785740E+001  0.25001819E+001  0.30499211E+001  0.37433362E+001  0.45956952E+001  0.56220252E+001  0.68371371E+001  0.82556523E+001  0.98920194E+001  0.11760524E+002  0.13875314E+002  0.16250397E+002  0.18899654E+002  0.21836860E+002  0.25075668E+002  0.28629642E+002  0.32512239E+002  0.36736821E+002  0.41316691E+002
  0.31669065E+000  0.32563492E+000  0.36728709E+000  0.45611806E+000  0.60290736E+000  0.81669065E+000  0.10304739E+001  0.11772632E+001  0.12660942E+001  0.13077464E+001  0.13166906E+001  0.13212468E+001  0.13497036E+001  0.14218391E+001  0.15558958E+001  0.17692300E+001  0.20785740E+001  0.25001819E+001  0.30499211E+001  0.37433362E+001  0.45956952E+001  0.56220252E+001  0.68371371E+001  0.82556523E+001  0.98920194E+001  0.11760524E+002  0.13875314E+002  0.16250397E+002  0.18899654E+002  0.21836860E+002  0.25075668E+002  0.28629642E+002  0.32512239E+002  0.36736821E+002  0.41316691E+002
  0.31669065E+000  0.32563492E+000  0.36728709E+000  0.45611806E+000  0.60290736E+000  0.81669065E+000  0.10304739E+001  0.11772632E+001  0.12660942E+001  0.13077464E+001  0.13166906E+001  0.13212468E+001  0.13497036E+001  0.14218391E+001  0.15558958E+001  0.17692300E+001  0.20785740E+001  0.25001819E+001  0.30499211E+001  0.37433362E+001  0.45956952E+001  0.56220252E+001  0.68371371E+001  0.82556523E+001  0.98920194E+001  0.11760524E+002  0.13875314E+002  0.16250397E+002  0.18899654E+002  0.21836860E+002  0.25075668E+002  0.28629642E+002  0.32512239E+002  0.36736821E+002  0.41316691E+002
  0.31669065E+000  0.32563492E+000  0.36728709E+000  0.45611806E+000  0.60290736E+000  0.81669065E+000  0.10304739E+001  0.11772632E+001  0.12660942E+001  0.13077464E+001  0.13166906E+001  0.13212468E+001  0.13497036E+001  0.14218391E+001  0.15558958E+001  0.17692300E+001  0.20785740E+001  0.25001819E+001  0.30499211E+001  0.37433362E+001  0.45956952E+001  0.56220252E+001  0.68371371E+001  0.82556523E+001  0.98920194E+001  0.11760524E+002  0.13875314E+002  0.16250397E+002  0.18899654E+002  0.21836860E+002  0.25075668E+002  0.28629642E+002  0.32512239E+002  0.36736821E+002  0.41316691E+002
  0.31669065E+000  0.32563492E+000  0.36728709E+000  0.45611806E+000  0.60290736E+000  0.81669065E+000  0.10304739E+001  0.11772632E+001  0.12660942E+001  0.13077464E+001  0.13166906E+001  0.13212468E+001  0.13497036E+001  0.14218391E+001  0.15558958E+001  0.17692300E+001  0.20785740E+001  0.25001819E+001  0.30499211E+001  0.37433362E+001  0.45956952E+001  0.56220252E+001  0.68371371E+001  0.82556523E+001  0.98920194E+001  0.11760524E+002  0.13875314E+002  0.16250397E+002  0.18899654E+002  0.21836860E+002  0.25075668E+002  0.28629642E+002  0.32512239E+002  0.36736821E+002  0.41316691E+002
  0.31669065E+000  0.32563492E+000  0.36728709E+000  0.45611806E+000  0.60290736E+000  0.81669065E+000  0.10304739E+001  0.11772632E+001  0.12660942E+001  0.13077464E+001  0.13166906E+001  0.13212468E+001  0.13497036E+001  0.14218391E+001  0.15558958E+001  0.17692300E+001  0.20785740E+001  0.25001819E+001  0.30499211E+001  0.37433362E+001  0.45956952E+001  0.56220252E+001  0.68371371E+001  0.82556523E+001  0.98920194E+001  0.11760524E+002  0.13875314E+002  0.16250397E+002  0.18899654E+002  0.21836860E+002  0.25075668E+002  0.28629642E+002  0.32512239E+002  0.36736821E+002  0.41316691E+002
  0.31669065E+000  0.32563492E+000  0.36728709E+000  0.45611806E+000  0.60290736E+000  0.81669065E+000  0.10304739E+001  0.11772632E+001  0.12660942E+001  0.13077464E+001  0.13166906E+001  0.13212468E+001  0.13497036E+001  0.14218391E+001  0.15558958E+001  0.17692300E+001  0.20785740E+001  0.25001819E+001  0.30499211E+001  0.37433362E+001  0.45956952E+001  0.56220252E+001  0.68371371E+001  0.82556523E+001  0.98920194E+001  0.11760524E+002  0.13875314E+002  0.16250397E+002  0.18899654E+002  0.21836860E+002  0.25075668E+002  0.28629642E+002  0.32512239E+002  0.36736821E+002  0.41316691E+002
  0.31669068E+000  0.32563495E+000  0.36728712E+000  0.45611810E+000  0.60290739E+000  0.81669068E+000  0.10304740E+001  0.11772633E+001  0.12660942E+001  0.13077464E+001  0.13166907E+001  0.13212468E+001  0.13497037E+001  0.14218391E+001  0.15558959E+001  0.17692300E+001  0.20785740E+001  0.25001820E+001  0.30499211E+001  0.37433363E+001  0.45956952E+001  0.56220252E+001  0.68371371E+001  0.82556524E+001  0.98920194E+001  0.11760524E+002  0.13875314E+002  0.16250397E+002  0.18899654E+002  0.21836861E+002  0.25075668E+002  0.28629642E+002  0.32512239E+002  0.36736821E+002  0.41316691E+002
  0.31669178E+000  0.32563605E+000  0.36728823E+000  0.45611920E+000  0.60290849E+000  0.81669178E+000  0.10304751E+001  0.11772644E+001  0.12660953E+001  0.13077475E+001  0.13166918E+001  0.13212479E+001  0.13497048E+001  0.14218402E+001  0.15558970E+001  0.17692311E+001  0.20785751E+001  0.25001831E+001  0.30499222E+001  0.37433374E+001  0.45956963E+001  0.56220263E+001  0.68371382E+001  0.82556535E+001  0.98920205E+001  0.11760525E+002  0.13875315E+002  0.16250398E+002  0.18899655E+002  0.21836862E+002  0.25075669E+002  0.28629643E+002  0.32512240E+002  0.36736822E+002  0.41316692E+002
  0.31672139E+000  0.32566566E+000  0.36731784E+000  0.45614881E+000  0.60293810E+000  0.81672139E+000  0.10305047E+001  0.11772940E+001  0.12661249E+001  0.13077771E+001  0.13167214E+001  0.13212776E+001  0.13497344E+001  0.14218698E+001  0.15559266E+001  0.17692607E+001  0.20786047E+001  0.25002127E+001  0.30499518E+001  0.37433670E+001  0.45957260E+001  0.56220559E+001  0.68371678E+001  0.82556831E+001  0.98920501E+001  0.11760554E+002  0.13875344E+002  0.16250428E+002  0.18899685E+002  0.21836891E+002  0.25075698E+002  0.28629673E+002  0.32512269E+002  0.36736852E+002  0.41316721E+002
  0.31728297E+000  0.32622724E+000  0.36787941E+000  0.45671038E+000  0.60349968E+000  0.81728297E+000  0.10310663E+001  0.11778556E+001  0.12666865E+001  0.13083387E+001  0.13172830E+001  0.13218391E+001  0.13502960E+001  0.14224314E+001  0.15564882E+001  0.17698223E+001  0.20791663E+001  0.25007742E+001  0.30505134E+001  0.37439286E+001  0.45962875E+001  0.56226175E+001  0.68377294E+001  0.82562446E+001  0.98926117E+001  0.11761116E+002  0.13875906E+002  0.16250989E+002  0.18900246E+002  0.21837453E+002  0.25076260E+002  0.28630234E+002  0.32512831E+002  0.36737414E+002  0.41317283E+002
  0.32402901E+000  0.33297328E+000  0.37462545E+000  0.46345642E+000  0.61024572E+000  0.82402901E+000  0.10378123E+001  0.11846016E+001  0.12734326E+001  0.13150847E+001  0.13240290E+001  0.13285852E+001  0.13570420E+001  0.14291774E+001  0.15632342E+001  0.17765683E+001  0.20859124E+001  0.25075203E+001  0.30572595E+001  0.37506746E+001  0.46030336E+001  0.56293635E+001  0.68444754E+001  0.82629907E+001  0.98993577E+001  0.11767862E+002  0.13882652E+002  0.16257735E+002  0.18906992E+002  0.21844199E+002  0.25083006E+002  0.28636980E+002  0.32519577E+002  0.36744160E+002  0.41324029E+002
  0.36335362E+000  0.37229790E+000  0.41395007E+000  0.50278104E+000  0.64957034E+000  0.86335362E+000  0.10771369E+001  0.12239262E+001  0.13127572E+001  0.13544093E+001  0.13633536E+001  0.13679098E+001  0.13963666E+001  0.14685021E+001  0.16025588E+001  0.18158929E+001  0.21252370E+001  0.25468449E+001  0.30965841E+001  0.37899992E+001  0.46423582E+001  0.56686882E+001  0.68838001E+001  0.83023153E+001  0.99386824E+001  0.11807186E+002  0.13921977E+002  0.16297060E+002  0.18946317E+002  0.21883523E+002  0.25122331E+002  0.28676305E+002  0.32558902E+002  0.36783484E+002  0.41363354E+002
  0.37355723E+000  0.38250151E+000  0.42415368E+000  0.51298465E+000  0.65977395E+000  0.87355723E+000  0.10873405E+001  0.12341298E+001  0.13229608E+001  0.13646130E+001  0.13735572E+001  0.13781134E+001  0.14065702E+001  0.14787057E+001  0.16127624E+001  0.18260965E+001  0.21354406E+001  0.25570485E+001  0.31067877E+001  0.38002028E+001  0.46525618E+001  0.56788918E+001  0.68940037E+001  0.83125189E+001  0.99488860E+001  0.11817390E+002  0.13932180E+002  0.16307264E+002  0.18956520E+002  0.21893727E+002  0.25132534E+002  0.28686508E+002  0.32569105E+002  0.36793688E+002  0.41373557E+002
  0.45783860E+000  0.46678288E+000  0.50843505E+000  0.59726602E+000  0.74405532E+000  0.95783860E+000  0.11716219E+001  0.13184112E+001  0.14072422E+001  0.14488943E+001  0.14578386E+001  0.14623948E+001  0.14908516E+001  0.15629870E+001  0.16970438E+001  0.19103779E+001  0.22197220E+001  0.26413299E+001  0.31910691E+001  0.38844842E+001  0.47368432E+001  0.57631731E+001  0.69782850E+001  0.83968003E+001  0.10033167E+002  0.11901671E+002  0.14016462E+002  0.16391545E+002  0.19040802E+002  0.21978008E+002  0.25216816E+002  0.28770790E+002  0.32653387E+002  0.36877969E+002  0.41457839E+002
  0.63933483E+000  0.64827910E+000  0.68993128E+000  0.77876225E+000  0.92555154E+000  0.11393348E+001  0.13531181E+001  0.14999074E+001  0.15887384E+001  0.16303906E+001  0.16393348E+001  0.16438910E+001  0.16723478E+001  0.17444833E+001  0.18785400E+001  0.20918741E+001  0.24012182E+001  0.28228261E+001  0.33725652E+001  0.40659804E+001  0.49183393E+001  0.59446692E+001  0.71597811E+001  0.85782962E+001  0.10214663E+002  0.12083167E+002  0.14197957E+002  0.16573040E+002  0.19222297E+002  0.22159503E+002  0.25398310E+002  0.28952284E+002  0.32834881E+002  0.37059463E+002  0.41639332E+002
  0.53636646E+000  0.54531073E+000  0.58696291E+000  0.67579388E+000  0.82258317E+000  0.10363665E+001  0.12501497E+001  0.62735700E+000  0.62684354E+000  0.62657422E+000  0.62651352E+000  0.62648230E+000  0.10602633E+001  0.10600928E+001  0.10596692E+001  0.10586790E+001  0.13680231E+001  0.17896310E+001  0.23393702E+001  0.30327853E+001  0.38851443E+001  0.49114742E+001  0.61265861E+001  0.75451013E+001  0.91814683E+001  0.11049972E+002  0.13164762E+002  0.15539846E+002  0.18189102E+002  0.21126309E+002  0.24365116E+002  0.27919090E+002  0.31801686E+002  0.36026269E+002  0.40606138E+002
