  0.29222357E+000  0.30116784E+000  0.34282001E+000  0.43165099E+000  0.57844028E+000  0.79222357E+000  0.10060069E+001  0.11527962E+001  0.12416271E+001  0.12832793E+001  0.12922236E+001  0.12967797E+001  0.13252366E+001  0.13973720E+001  0.15314288E+001  0.17447629E+001  0.20541069E+001  0.24757148E+001  0.30254540E+001  0.37188691E+001  0.45712281E+001  0.55975581E+001  0.68126700E+001  0.82311852E+001  0.98675523E+001  0.11736056E+002  0.13850847E+002  0.16225930E+002  0.18875187E+002  0.21812393E+002  0.25051201E+002  0.28605175E+002  0.32487772E+002  0.36712354E+002  0.41292224E+002
  0.29222357E+000  0.30116784E+000  0.34282001E+000  0.43165099E+000  0.57844028E+000  0.79222357E+000  0.10060069E+001  0.11527962E+001  0.12416271E+001  0.12832793E+001  0.12922236E+001  0.12967797E+001  0.13252366E+001  0.13973720E+001  0.15314288E+001  0.17447629E+001  0.20541069E+001  0.24757148E+001  0.30254540E+001  0.37188691E+001  0.45712281E+001  0.55975581E+001  0.68126700E+001  0.82311852E+001  0.98675523E+001  0.11736056E+002  0.13850847E+002  0.16225930E+002  0.18875187E+002  0.21812393E+002  0.25051201E+002  0.28605175E+002  0.32487772E+002  0.36712354E+002  0.41292224E+002
  0.29222357E+000  0.30116784E+000  0.34282001E+000  0.43165099E+000  0.57844028E+000  0.79222357E+000  0.10060069E+001  0.11527962E+001  0.12416271E+001  0.12832793E+001  0.12922236E+001  0.12967797E+001  0.13252366E+001  0.13973720E+001  0.15314288E+001  0.17447629E+001  0.20541069E+001  0.24757148E+001  0.30254540E+001  0.37188691E+001  0.45712281E+001  0.55975581E+001  0.68126700E+001  0.82311852E+001  0.98675523E+001  0.11736056E+002  0.13850847E+002  0.16225930E+002  0.18875187E+002  0.21812393E+002  0.25051201E+002  0.28605175E+002  0.32487772E+002  0.36712354E+002  0.41292224E+002
  0.29222357E+000  0.30116784E+000  0.34282001E+000  0.43165099E+000  0.57844028E+000  0.79222357E+000  0.10060069E+001  0.11527962E+001  0.12416271E+001  0.12832793E+001  0.12922236E+001  0.12967797E+001  0.13252366E+001  0.13973720E+001  0.15314288E+001  0.17447629E+001  0.20541069E+001  0.24757148E+001  0.30254540E+001  0.37188691E+001  0.45712281E+001  0.55975581E+001  0.68126700E+001  0.82311852E+001  0.98675523E+001  0.11736056E+002  0.13850847E+002  0.16225930E+002  0.18875187E+002  0.21812393E+002  0.25051201E+002  0.28605175E+002  0.32487772E+002  0.36712354E+002  0.41292224E+002
  0.29222357E+000  0.30116784E+000  0.34282001E+000  0.43165099E+000  0.57844028E+000  0.79222357E+000  0.10060069E+001  0.11527962E+001  0.12416271E+001  0.12832793E+001  0.12922236E+001  0.12967797E+001  0.13252366E+001  0.13973720E+001  0.15314288E+001  0.17447629E+001  0.20541069E+001  0.24757148E+001  0.30254540E+001  0.37188691E+001  0.45712281E+001  0.55975581E+001  0.68126700E+001  0.82311852E+001  0.98675523E+001  0.11736056E+002  0.13850847E+002  0.16225930E+002  0.18875187E+002  0.21812393E+002  0.25051201E+002  0.28605175E+002  0.32487772E+002  0.36712354E+002  0.41292224E+002
  0.29222357E+000  0.30116784E+000  0.34282001E+000  0.43165099E+000  0.57844028E+000  0.79222357E+000  0.10060069E+001  0.11527962E+001  0.12416271E+001  0.12832793E+001  0.12922236E+001  0.12967797E+001  0.13252366E+001  0.13973720E+001  0.15314288E+001  0.17447629E+001  0.20541069E+001  0.24757148E+001  0.30254540E+001  0.37188691E+001  0.45712281E+001  0.55975581E+001  0.68126700E+001  0.82311852E+001  0.98675523E+001  0.11736056E+002  0.13850847E+002  0.16225930E+002  0.18875187E+002  0.21812393E+002  0.25051201E+002  0.28605175E+002  0.32487772E+002  0.36712354E+002  0.41292224E+002
  0.29222357E+000  0.30116784E+000  0.34282001E+000  0.43165099E+000  0.57844028E+000  0.79222357E+000  0.10060069E+001  0.11527962E+001  0.12416271E+001  0.12832793E+001  0.12922236E+001  0.12967797E+001  0.13252366E+001  0.13973720E+001  0.15314288E+001  0.17447629E+001  0.20541069E+001  0.24757148E+001  0.30254540E+001  0.37188691E+001  0.45712281E+001  0.55975581E+001  0.68126700E+001  0.82311852E+001  0.98675523E+001  0.11736056E+002  0.13850847E+002  0.16225930E+002  0.18875187E+002  0.21812393E+002  0.25051201E+002  0.28605175E+002  0.32487772E+002  0.36712354E+002  0.41292224E+002
  0.29222357E+000  0.30116784E+000  0.34282001E+000  0.43165099E+000  0.57844028E+000  0.79222357E+000  0.10060069E+001  0.11527962E+001  0.12416271E+001  0.12832793E+001  0.12922236E+001  0.12967797E+001  0.13252366E+001  0.13973720E+001  0.15314288E+001  0.17447629E+001  0.20541069E+001  0.24757148E+001  0.30254540E+001  0.37188691E+001  0.45712281E+001  0.55975581E+001  0.68126700E+001  0.82311852E+001  0.98675523E+001  0.11736056E+002  0.13850847E+002  0.16225930E+002  0.18875187E+002  0.21812393E+002  0.25051201E+002  0.28605175E+002  0.32487772E+002  0.36712354E+002  0.41292224E+002
  0.29222357E+000  0.30116784E+000  0.34282001E+000  0.43165099E+000  0.57844028E+000  0.79222357E+000  0.10060069E+001  0.11527962E+001  0.12416271E+001  0.12832793E+001  0.12922236E+001  0.12967797E+001  0.13252366E+001  0.13973720E+001  0.15314288E+001  0.17447629E+001  0.20541069E+001  0.24757148E+001  0.30254540E+001  0.37188691E+001  0.45712281E+001  0.55975581E+001  0.68126700E+001  0.82311852E+001  0.98675523E+001  0.11736056E+002  0.13850847E+002  0.16225930E+002  0.18875187E+002  0.21812393E+002  0.25051201E+002  0.28605175E+002  0.32487772E+002  0.36712354E+002  0.41292224E+002
  0.29222357E+000  0.30116784E+000  0.34282001E+000  0.43165099E+000  0.57844028E+000  0.79222357E+000  0.10060069E+001  0.11527962E+001  0.12416271E+001  0.12832793E+001  0.12922236E+001  0.12967797E+001  0.13252366E+001  0.13973720E+001  0.15314288E+001  0.17447629E+001  0.20541069E+001  0.24757148E+001  0.30254540E+001  0.37188691E+001  0.45712281E+001  0.55975581E+001  0.68126700E+001  0.82311852E+001  0.98675523E+001  0.11736056E+002  0.13850847E+002  0.16225930E+002  0.18875187E+002  0.21812393E+002  0.25051201E+002  0.28605175E+002  0.32487772E+002  0.36712354E+002  0.41292224E+002
  0.29222357E+000  0.30116784E+000  0.34282001E+000  0.43165099E+000  0.57844028E+000  0.79222357E+000  0.10060069E+001  0.11527962E+001  0.12416271E+001  0.12832793E+001  0.12922236E+001  0.12967797E+001  0.13252366E+001  0.13973720E+001  0.15314288E+001  0.17447629E+001  0.20541069E+001  0.24757148E+001  0.30254540E+001  0.37188691E+001  0.45712281E+001  0.55975581E+001  0.68126700E+001  0.82311852E+001  0.98675523E+001  0.11736056E+002  0.13850847E+002  0.16225930E+002  0.18875187E+002  0.21812393E+002  0.25051201E+002  0.28605175E+002  0.32487772E+002  0.36712354E+002  0.41292224E+002
  0.29222357E+000  0.30116784E+000  0.34282001E+000  0.43165099E+000  0.57844028E+000  0.79222357E+000  0.10060069E+001  0.11527962E+001  0.12416271E+001  0.12832793E+001  0.12922236E+001  0.12967797E+001  0.13252366E+001  0.13973720E+001  0.15314288E+001  0.17447629E+001  0.20541069E+001  0.24757148E+001  0.30254540E+001  0.37188691E+001  0.45712281E+001  0.55975581E+001  0.68126700E+001  0.82311852E+001  0.98675523E+001  0.11736056E+002  0.13850847E+002  0.16225930E+002  0.18875187E+002  0.21812393E+002  0.25051201E+002  0.28605175E+002  0.32487772E+002  0.36712354E+002  0.41292224E+002
  0.29222357E+000  0.30116784E+000  0.34282001E+000  0.43165099E+000  0.57844028E+000  0.79222357E+000  0.10060069E+001  0.11527962E+001  0.12416271E+001  0.12832793E+001  0.12922236E+001  0.12967797E+001  0.13252366E+001  0.13973720E+001  0.15314288E+001  0.17447629E+001  0.20541069E+001  0.24757148E+001  0.30254540E+001  0.37188691E+001  0.45712281E+001  0.55975581E+001  0.68126700E+001  0.82311852E+001  0.98675523E+001  0.11736056E+002  0.13850847E+002  0.16225930E+002  0.18875187E+002  0.21812393E+002  0.25051201E+002  0.28605175E+002  0.32487772E+002  0.36712354E+002  0.41292224E+002
  0.29222357E+000  0.30116784E+000  0.34282001E+000  0.43165099E+000  0.57844028E+000  0.79222357E+000  0.10060069E+001  0.11527962E+001  0.12416271E+001  0.12832793E+001  0.12922236E+001  0.12967797E+001  0.13252366E+001  0.13973720E+001  0.15314288E+001  0.17447629E+001  0.20541069E+001  0.24757148E+001  0.30254540E+001  0.37188691E+001  0.45712281E+001  0.55975581E+001  0.68126700E+001  0.82311852E+001  0.98675523E+001  0.11736056E+002  0.13850847E+002  0.16225930E+002  0.18875187E+002  0.21812393E+002  0.25051201E+002  0.28605175E+002  0.32487772E+002  0.36712354E+002  0.41292224E+002
  0.29222357E+000  0.30116784E+000  0.34282001E+000  0.43165099E+000  0.57844028E+000  0.79222357E+000  0.10060069E+001  0.11527962E+001  0.12416271E+001  0.12832793E+001  0.12922236E+001  0.12967797E+001  0.13252366E+001  0.13973720E+001  0.15314288E+001  0.17447629E+001  0.20541069E+001  0.24757148E+001  0.30254540E+001  0.37188691E+001  0.45712281E+001  0.55975581E+001  0.68126700E+001  0.82311852E+001  0.98675523E+001  0.11736056E+002  0.13850847E+002  0.16225930E+002  0.18875187E+002  0.21812393E+002  0.25051201E+002  0.28605175E+002  0.32487772E+002  0.36712354E+002  0.41292224E+002
  0.29222357E+000  0.30116784E+000  0.34282001E+000  0.43165099E+000  0.57844028E+000  0.79222357E+000  0.10060069E+001  0.11527962E+001  0.12416271E+001  0.12832793E+001  0.12922236E+001  0.12967797E+001  0.13252366E+001  0.13973720E+001  0.15314288E+001  0.17447629E+001  0.20541069E+001  0.24757148E+001  0.30254540E+001  0.37188691E+001  0.45712281E+001  0.55975581E+001  0.68126700E+001  0.82311852E+001  0.98675523E+001  0.11736056E+002  0.13850847E+002  0.16225930E+002  0.18875187E+002  0.21812393E+002  0.25051201E+002  0.28605175E+002  0.32487772E+002  0.36712354E+002  0.41292224E+002
  0.29222357E+000  0.30116784E+000  0.34282001E+000  0.43165099E+000  0.57844028E+000  0.79222357E+000  0.10060069E+001  0.11527962E+001  0.12416271E+001  0.12832793E+001  0.12922236E+001  0.12967797E+001  0.13252366E+001  0.13973720E+001  0.15314288E+001  0.17447629E+001  0.20541069E+001  0.24757148E+001  0.30254540E+001  0.37188691E+001  0.45712281E+001  0.55975581E+001  0.68126700E+001  0.82311852E+001  0.98675523E+001  0.11736056E+002  0.13850847E+002  0.16225930E+002  0.18875187E+002  0.21812393E+002  0.25051201E+002  0.28605175E+002  0.32487772E+002  0.36712354E+002  0.41292224E+002
  0.29222357E+000  0.30116784E+000  0.34282001E+000  0.43165098E+000  0.57844028E+000  0.79222357E+000  0.10060069E+001  0.11527961E+001  0.12416271E+001  0.12832793E+001  0.12922236E+001  0.12967797E+001  0.13252366E+001  0.13973720E+001  0.15314288E+001  0.17447629E+001  0.20541069E+001  0.24757148E+001  0.30254540E+001  0.37188691E+001  0.45712281E+001  0.55975581E+001  0.68126700E+001  0.82311852E+001  0.98675523E+001  0.11736056E+002  0.13850847E+002  0.16225930E+002  0.18875187E+002  0.21812393E+002  0.25051201E+002  0.28605175E+002  0.32487772E+002  0.36712354E+002  0.41292224E+002
  0.29222333E+000  0.30116760E+000  0.34281978E+000  0.43165075E+000  0.57844004E+000  0.79222333E+000  0.10060066E+001  0.11527959E+001  0.12416269E+001  0.12832791E+001  0.12922233E+001  0.12967795E+001  0.13252363E+001  0.13973718E+001  0.15314285E+001  0.17447626E+001  0.20541067E+001  0.24757146E+001  0.30254538E+001  0.37188689E+001  0.45712279E+001  0.55975579E+001  0.68126698E+001  0.82311850E+001  0.98675521E+001  0.11736056E+002  0.13850846E+002  0.16225930E+002  0.18875187E+002  0.21812393E+002  0.25051200E+002  0.28605174E+002  0.32487771E+002  0.36712354E+002  0.41292223E+002
  0.29220835E+000  0.30115262E+000  0.34280479E+000  0.43163576E+000  0.57842506E+000  0.79220835E+000  0.10059916E+001  0.11527809E+001  0.12416119E+001  0.12832641E+001  0.12922083E+001  0.12967645E+001  0.13252213E+001  0.13973568E+001  0.15314135E+001  0.17447476E+001  0.20540917E+001  0.24756996E+001  0.30254388E+001  0.37188539E+001  0.45712129E+001  0.55975429E+001  0.68126548E+001  0.82311700E+001  0.98675371E+001  0.11736041E+002  0.13850831E+002  0.16225915E+002  0.18875172E+002  0.21812378E+002  0.25051185E+002  0.28605159E+002  0.32487756E+002  0.36712339E+002  0.41292208E+002
  0.29162755E+000  0.30057183E+000  0.34222400E+000  0.43105497E+000  0.57784427E+000  0.79162755E+000  0.10054108E+001  0.11522001E+001  0.12410311E+001  0.12826833E+001  0.12916276E+001  0.12961837E+001  0.13246406E+001  0.13967760E+001  0.15308327E+001  0.17441669E+001  0.20535109E+001  0.24751188E+001  0.30248580E+001  0.37182731E+001  0.45706321E+001  0.55969621E+001  0.68120740E+001  0.82305892E+001  0.98669563E+001  0.11735460E+002  0.13850251E+002  0.16225334E+002  0.18874591E+002  0.21811797E+002  0.25050605E+002  0.28604579E+002  0.32487176E+002  0.36711758E+002  0.41291628E+002
  0.28238799E+000  0.29133227E+000  0.33298444E+000  0.42181541E+000  0.56860471E+000  0.78238799E+000  0.99617128E+000  0.11429606E+001  0.11429619E+001  0.11846141E+001  0.11935584E+001  0.11935584E+001  0.11935589E+001  0.12656943E+001  0.13997511E+001  0.16130852E+001  0.19224292E+001  0.23440372E+001  0.28937763E+001  0.35871915E+001  0.44395504E+001  0.54658804E+001  0.66809923E+001  0.80995075E+001  0.97358746E+001  0.11604379E+002  0.13719169E+002  0.16094252E+002  0.18743509E+002  0.21680716E+002  0.24919523E+002  0.28473497E+002  0.32356094E+002  0.36580676E+002  0.41160546E+002
  0.27635768E+000  0.28530196E+000  0.32695413E+000  0.41578510E+000  0.56257440E+000  0.77635768E+000  0.99014096E+000  0.11369303E+001  0.12257612E+001  0.12674134E+001  0.12674134E+001  0.12674133E+001  0.12674132E+001  0.13395486E+001  0.14736054E+001  0.16869395E+001  0.19962835E+001  0.24178914E+001  0.29676306E+001  0.36610457E+001  0.45134047E+001  0.55397347E+001  0.67548466E+001  0.81733618E+001  0.98097288E+001  0.11678233E+002  0.13793023E+002  0.16168106E+002  0.18817363E+002  0.21754570E+002  0.24993377E+002  0.28547351E+002  0.32429948E+002  0.36654531E+002  0.41234400E+002
  0.15404507E+000  0.15404507E+000  0.15404505E+000  0.15404502E+000  0.31263186E+000  0.31263168E+000  0.31263143E+000  0.31263119E+000  0.31263104E+000  0.31263097E+000  0.31263096E+000  0.31263095E+000  0.31263090E+000  0.31263079E+000  0.31263063E+000  0.31263051E+000  0.31263085E+000  0.31263060E+000  0.23476845E+001  0.23476788E+001  0.23476726E+001  0.33740026E+001  0.45891145E+001  0.60076297E+001  0.76439968E+001  0.95125009E+001  0.11627291E+002  0.14002374E+002  0.16651631E+002  0.19588838E+002  0.22827645E+002  0.26381619E+002  0.30264216E+002  0.34488799E+002  0.39068668E+002
  0.92997682E-001  0.93004061E-001  0.93067176E-001  0.93211711E-001  0.93420508E-001  0.93708098E-001  0.93681555E-001  0.93771122E-001  0.93962468E-001  0.94054555E-001  0.94074618E-001  0.94087981E-001  0.94062807E-001  0.11028193E+000  0.14880770E+000  0.24247767E+000  0.45591750E+000  0.23470596E+000  0.42042457E+000  0.20717362E+000  0.45346313E+000  0.14797931E+001  0.26949050E+001  0.41134202E+001  0.57497873E+001  0.76182914E+001  0.97330817E+001  0.12108165E+002  0.14757422E+002  0.17694628E+002  0.20933436E+002  0.24487410E+002  0.28370007E+002  0.32594590E+002  0.37174459E+002
