  0.20209818E+001  0.20299261E+001  0.20715782E+001  0.21604092E+001  0.23071985E+001  0.25209818E+001  0.27347651E+001  0.28815544E+001  0.29703853E+001  0.30120375E+001  0.30209818E+001  0.30255379E+001  0.30539948E+001  0.31261302E+001  0.32601870E+001  0.34735211E+001  0.37828651E+001  0.42044730E+001  0.47542122E+001  0.54476273E+001  0.62999863E+001  0.73263163E+001  0.85414282E+001  0.99599434E+001  0.11596310E+002  0.13464815E+002  0.15579605E+002  0.17954688E+002  0.20603945E+002  0.23541151E+002  0.26779959E+002  0.30333933E+002  0.34216530E+002  0.38441112E+002  0.43020982E+002
  0.20209818E+001  0.20299261E+001  0.20715782E+001  0.21604092E+001  0.23071985E+001  0.25209818E+001  0.27347651E+001  0.28815544E+001  0.29703853E+001  0.30120375E+001  0.30209818E+001  0.30255379E+001  0.30539948E+001  0.31261302E+001  0.32601870E+001  0.34735211E+001  0.37828651E+001  0.42044730E+001  0.47542122E+001  0.54476273E+001  0.62999863E+001  0.73263163E+001  0.85414282E+001  0.99599434E+001  0.11596310E+002  0.13464815E+002  0.15579605E+002  0.17954688E+002  0.20603945E+002  0.23541151E+002  0.26779959E+002  0.30333933E+002  0.34216530E+002  0.38441112E+002  0.43020982E+002
  0.20209818E+001  0.20299261E+001  0.20715782E+001  0.21604092E+001  0.23071985E+001  0.25209818E+001  0.27347651E+001  0.28815544E+001  0.29703853E+001  0.30120375E+001  0.30209818E+001  0.30255379E+001  0.30539948E+001  0.31261302E+001  0.32601870E+001  0.34735211E+001  0.37828651E+001  0.42044730E+001  0.47542122E+001  0.54476273E+001  0.62999863E+001  0.73263163E+001  0.85414282E+001  0.99599434E+001  0.11596310E+002  0.13464815E+002  0.15579605E+002  0.17954688E+002  0.20603945E+002  0.23541151E+002  0.26779959E+002  0.30333933E+002  0.34216530E+002  0.38441112E+002  0.43020982E+002
  0.20209818E+001  0.20299261E+001  0.20715782E+001  0.21604092E+001  0.23071985E+001  0.25209818E+001  0.27347651E+001  0.28815544E+001  0.29703853E+001  0.30120375E+001  0.30209818E+001  0.30255379E+001  0.30539948E+001  0.31261302E+001  0.32601870E+001  0.34735211E+001  0.37828651E+001  0.42044730E+001  0.47542122E+001  0.54476273E+001  0.62999863E+001  0.73263163E+001  0.85414282E+001  0.99599434E+001  0.11596310E+002  0.13464815E+002  0.15579605E+002  0.17954688E+002  0.20603945E+002  0.23541151E+002  0.26779959E+002  0.30333933E+002  0.34216530E+002  0.38441112E+002  0.43020982E+002
  0.20209818E+001  0.20299261E+001  0.20715782E+001  0.21604092E+001  0.23071985E+001  0.25209818E+001  0.27347651E+001  0.28815544E+001  0.29703853E+001  0.30120375E+001  0.30209818E+001  0.30255379E+001  0.30539948E+001  0.31261302E+001  0.32601870E+001  0.34735211E+001  0.37828651E+001  0.42044730E+001  0.47542122E+001  0.54476273E+001  0.62999863E+001  0.73263163E+001  0.85414282E+001  0.99599434E+001  0.11596310E+002  0.13464815E+002  0.15579605E+002  0.17954688E+002  0.20603945E+002  0.23541151E+002  0.26779959E+002  0.30333933E+002  0.34216530E+002  0.38441112E+002  0.43020982E+002
  0.20209818E+001  0.20299261E+001  0.20715782E+001  0.21604092E+001  0.23071985E+001  0.25209818E+001  0.27347651E+001  0.28815544E+001  0.29703853E+001  0.30120375E+001  0.30209818E+001  0.30255379E+001  0.30539948E+001  0.31261302E+001  0.32601870E+001  0.34735211E+001  0.37828651E+001  0.42044730E+001  0.47542122E+001  0.54476273E+001  0.62999863E+001  0.73263163E+001  0.85414282E+001  0.99599434E+001  0.11596310E+002  0.13464815E+002  0.15579605E+002  0.17954688E+002  0.20603945E+002  0.23541151E+002  0.26779959E+002  0.30333933E+002  0.34216530E+002  0.38441112E+002  0.43020982E+002
  0.20209818E+001  0.20299261E+001  0.20715782E+001  0.21604092E+001  0.23071985E+001  0.25209818E+001  0.27347651E+001  0.28815544E+001  0.29703853E+001  0.30120375E+001  0.30209818E+001  0.30255379E+001  0.30539948E+001  0.31261302E+001  0.32601870E+001  0.34735211E+001  0.37828651E+001  0.42044730E+001  0.47542122E+001  0.54476273E+001  0.62999863E+001  0.73263163E+001  0.85414282E+001  0.99599434E+001  0.11596310E+002  0.13464815E+002  0.15579605E+002  0.17954688E+002  0.20603945E+002  0.23541151E+002  0.26779959E+002  0.30333933E+002  0.34216530E+002  0.38441112E+002  0.43020982E+002
  0.20209818E+001  0.20299261E+001  0.20715782E+001  0.21604092E+001  0.23071985E+001  0.25209818E+001  0.27347651E+001  0.28815544E+001  0.29703853E+001  0.30120375E+001  0.30209818E+001  0.30255379E+001  0.30539948E+001  0.31261302E+001  0.32601870E+001  0.34735211E+001  0.37828651E+001  0.42044730E+001  0.47542122E+001  0.54476273E+001  0.62999863E+001  0.73263163E+001  0.85414282E+001  0.99599434E+001  0.11596310E+002  0.13464815E+002  0.15579605E+002  0.17954688E+002  0.20603945E+002  0.23541151E+002  0.26779959E+002  0.30333933E+002  0.34216530E+002  0.38441112E+002  0.43020982E+002
  0.20209818E+001  0.20299261E+001  0.20715782E+001  0.21604092E+001  0.23071985E+001  0.25209818E+001  0.27347651E+001  0.28815544E+001  0.29703853E+001  0.30120375E+001  0.30209818E+001  0.30255379E+001  0.30539948E+001  0.31261302E+001  0.32601870E+001  0.34735211E+001  0.37828651E+001  0.42044730E+001  0.47542122E+001  0.54476273E+001  0.62999863E+001  0.73263163E+001  0.85414282E+001  0.99599434E+001  0.11596310E+002  0.13464815E+002  0.15579605E+002  0.17954688E+002  0.20603945E+002  0.23541151E+002  0.26779959E+002  0.30333933E+002  0.34216530E+002  0.38441112E+002  0.43020982E+002
  0.20209818E+001  0.20299261E+001  0.20715782E+001  0.21604092E+001  0.23071985E+001  0.25209818E+001  0.27347651E+001  0.28815544E+001  0.29703853E+001  0.30120375E+001  0.30209818E+001  0.30255379E+001  0.30539948E+001  0.31261302E+001  0.32601870E+001  0.34735211E+001  0.37828651E+001  0.42044730E+001  0.47542122E+001  0.54476273E+001  0.62999863E+001  0.73263163E+001  0.85414282E+001  0.99599434E+001  0.11596310E+002  0.13464815E+002  0.15579605E+002  0.17954688E+002  0.20603945E+002  0.23541151E+002  0.26779959E+002  0.30333933E+002  0.34216530E+002  0.38441112E+002  0.43020982E+002
  0.20209818E+001  0.20299261E+001  0.20715782E+001  0.21604092E+001  0.23071985E+001  0.25209818E+001  0.27347651E+001  0.28815544E+001  0.29703853E+001  0.30120375E+001  0.30209818E+001  0.30255379E+001  0.30539948E+001  0.31261302E+001  0.32601870E+001  0.34735211E+001  0.37828651E+001  0.42044730E+001  0.47542122E+001  0.54476273E+001  0.62999863E+001  0.73263163E+001  0.85414282E+001  0.99599434E+001  0.11596310E+002  0.13464815E+002  0.15579605E+002  0.17954688E+002  0.20603945E+002  0.23541151E+002  0.26779959E+002  0.30333933E+002  0.34216530E+002  0.38441112E+002  0.43020982E+002
  0.20209818E+001  0.20299261E+001  0.20715782E+001  0.21604092E+001  0.23071985E+001  0.25209818E+001  0.27347651E+001  0.28815544E+001  0.29703853E+001  0.30120375E+001  0.30209818E+001  0.30255379E+001  0.30539948E+001  0.31261302E+001  0.32601870E+001  0.34735211E+001  0.37828651E+001  0.42044730E+001  0.47542122E+001  0.54476273E+001  0.62999863E+001  0.73263163E+001  0.85414282E+001  0.99599434E+001  0.11596310E+002  0.13464815E+002  0.15579605E+002  0.17954688E+002  0.20603945E+002  0.23541151E+002  0.26779959E+002  0.30333933E+002  0.34216530E+002  0.38441112E+002  0.43020982E+002
  0.20209818E+001  0.20299261E+001  0.20715782E+001  0.21604092E+001  0.23071985E+001  0.25209818E+001  0.27347651E+001  0.28815544E+001  0.29703853E+001  0.30120375E+001  0.30209818E+001  0.30255379E+001  0.30539948E+001  0.31261302E+001  0.32601870E+001  0.34735211E+001  0.37828651E+001  0.42044730E+001  0.47542122E+001  0.54476273E+001  0.62999863E+001  0.73263163E+001  0.85414282E+001  0.99599434E+001  0.11596310E+002  0.13464815E+002  0.15579605E+002  0.17954688E+002  0.20603945E+002  0.23541151E+002  0.26779959E+002  0.30333933E+002  0.34216530E+002  0.38441112E+002  0.43020982E+002
  0.20209818E+001  0.20299261E+001  0.20715782E+001  0.21604092E+001  0.23071985E+001  0.25209818E+001  0.27347651E+001  0.28815544E+001  0.29703853E+001  0.30120375E+001  0.30209818E+001  0.30255379E+001  0.30539948E+001  0.31261302E+001  0.32601870E+001  0.34735211E+001  0.37828651E+001  0.42044730E+001  0.47542122E+001  0.54476273E+001  0.62999863E+001  0.73263163E+001  0.85414282E+001  0.99599434E+001  0.11596310E+002  0.13464815E+002  0.15579605E+002  0.17954688E+002  0.20603945E+002  0.23541151E+002  0.26779959E+002  0.30333933E+002  0.34216530E+002  0.38441112E+002  0.43020982E+002
  0.20209818E+001  0.20299261E+001  0.20715782E+001  0.21604092E+001  0.23071985E+001  0.25209818E+001  0.27347651E+001  0.28815544E+001  0.29703853E+001  0.30120375E+001  0.30209818E+001  0.30255379E+001  0.30539948E+001  0.31261302E+001  0.32601870E+001  0.34735211E+001  0.37828651E+001  0.42044730E+001  0.47542122E+001  0.54476273E+001  0.62999863E+001  0.73263163E+001  0.85414282E+001  0.99599434E+001  0.11596310E+002  0.13464815E+002  0.15579605E+002  0.17954688E+002  0.20603945E+002  0.23541151E+002  0.26779959E+002  0.30333933E+002  0.34216530E+002  0.38441112E+002  0.43020982E+002
  0.20209818E+001  0.20299261E+001  0.20715782E+001  0.21604092E+001  0.23071985E+001  0.25209818E+001  0.27347651E+001  0.28815544E+001  0.29703853E+001  0.30120375E+001  0.30209818E+001  0.30255379E+001  0.30539948E+001  0.31261302E+001  0.32601870E+001  0.34735211E+001  0.37828651E+001  0.42044730E+001  0.47542122E+001  0.54476273E+001  0.62999863E+001  0.73263163E+001  0.85414282E+001  0.99599434E+001  0.11596310E+002  0.13464815E+002  0.15579605E+002  0.17954688E+002  0.20603945E+002  0.23541151E+002  0.26779959E+002  0.30333933E+002  0.34216530E+002  0.38441112E+002  0.43020982E+002
  0.20209812E+001  0.20299254E+001  0.20715776E+001  0.21604086E+001  0.23071979E+001  0.25209812E+001  0.27347644E+001  0.28815537E+001  0.29703847E+001  0.30120369E+001  0.30209812E+001  0.30255373E+001  0.30539942E+001  0.31261296E+001  0.32601863E+001  0.34735205E+001  0.37828645E+001  0.42044724E+001  0.47542116E+001  0.54476267E+001  0.62999857E+001  0.73263157E+001  0.85414276E+001  0.99599428E+001  0.11596310E+002  0.13464814E+002  0.15579604E+002  0.17954687E+002  0.20603944E+002  0.23541151E+002  0.26779958E+002  0.30333932E+002  0.34216529E+002  0.38441111E+002  0.43020981E+002
  0.20209456E+001  0.20298899E+001  0.20715420E+001  0.21603730E+001  0.23071623E+001  0.25209456E+001  0.27347289E+001  0.28815182E+001  0.29703491E+001  0.30120013E+001  0.30209456E+001  0.30255017E+001  0.30539586E+001  0.31260940E+001  0.32601508E+001  0.34734849E+001  0.37828289E+001  0.42044368E+001  0.47541760E+001  0.54475911E+001  0.62999501E+001  0.73262801E+001  0.85413920E+001  0.99599072E+001  0.11596274E+002  0.13464778E+002  0.15579569E+002  0.17954652E+002  0.20603909E+002  0.23541115E+002  0.26779922E+002  0.30333896E+002  0.34216493E+002  0.38441076E+002  0.43020945E+002
  0.20194489E+001  0.20283932E+001  0.20700454E+001  0.21588764E+001  0.23056656E+001  0.25194489E+001  0.27332322E+001  0.28800215E+001  0.29688525E+001  0.30105047E+001  0.30194489E+001  0.30240051E+001  0.30524619E+001  0.31245974E+001  0.32586541E+001  0.34719882E+001  0.37813323E+001  0.42029402E+001  0.47526794E+001  0.54460945E+001  0.62984535E+001  0.73247834E+001  0.85398953E+001  0.99584106E+001  0.11594778E+002  0.13463282E+002  0.15578072E+002  0.17953155E+002  0.20602412E+002  0.23539619E+002  0.26778426E+002  0.30332400E+002  0.34214997E+002  0.38439579E+002  0.43019449E+002
  0.19774324E+001  0.19863766E+001  0.20280288E+001  0.21168598E+001  0.22636491E+001  0.24774324E+001  0.26912156E+001  0.28380049E+001  0.29268359E+001  0.29684881E+001  0.29774324E+001  0.29819885E+001  0.30104454E+001  0.30825808E+001  0.32166375E+001  0.34299717E+001  0.37393157E+001  0.41609236E+001  0.47106628E+001  0.54040779E+001  0.62564369E+001  0.72827669E+001  0.84978788E+001  0.99163940E+001  0.11552761E+002  0.13421265E+002  0.15536055E+002  0.17911139E+002  0.20560395E+002  0.23497602E+002  0.26736409E+002  0.30290383E+002  0.34172980E+002  0.38397563E+002  0.42977432E+002
  0.13315454E+001  0.13315455E+001  0.13315457E+001  0.13315463E+001  0.13315475E+001  0.13315496E+001  0.13315520E+001  0.13315539E+001  0.13315551E+001  0.13315556E+001  0.13315558E+001  0.13361119E+001  0.13645688E+001  0.14367042E+001  0.15707610E+001  0.17840951E+001  0.20934391E+001  0.25150470E+001  0.30647862E+001  0.37582013E+001  0.46105603E+001  0.56368903E+001  0.68520022E+001  0.82705174E+001  0.99068845E+001  0.11775389E+002  0.13890179E+002  0.16265262E+002  0.18914519E+002  0.21851725E+002  0.25090533E+002  0.28644507E+002  0.32527104E+002  0.36751686E+002  0.41331556E+002
  0.20465189E+001  0.20554632E+001  0.20971153E+001  0.21859463E+001  0.23327356E+001  0.25465189E+001  0.27603022E+001  0.29070915E+001  0.29959224E+001  0.30375746E+001  0.30465189E+001  0.30510750E+001  0.30795319E+001  0.31516673E+001  0.32857241E+001  0.34990582E+001  0.38084022E+001  0.42300101E+001  0.47797493E+001  0.54731644E+001  0.63255234E+001  0.73518534E+001  0.85669653E+001  0.99854805E+001  0.11621848E+002  0.13490352E+002  0.15605142E+002  0.17980225E+002  0.20629482E+002  0.23566688E+002  0.26805496E+002  0.30359470E+002  0.34242066E+002  0.38466649E+002  0.43046518E+002
  0.19495725E+001  0.19495724E+001  0.19492613E+001  0.19492388E+001  0.19492103E+001  0.19492164E+001  0.19492170E+001  0.19492176E+001  0.19492180E+001  0.19492182E+001  0.19492183E+001  0.19492183E+001  0.19492185E+001  0.19492189E+001  0.19492199E+001  0.19492218E+001  0.19492255E+001  0.19492319E+001  0.19492430E+001  0.19492610E+001  0.19492893E+001  0.19493325E+001  0.19493962E+001  0.19494877E+001  0.19496163E+001  0.19497928E+001  0.19500309E+001  0.19503465E+001  0.19507586E+001  0.19512891E+001  0.19519638E+001  0.19528121E+001  0.19538676E+001  0.19551686E+001  0.19567583E+001
  0.14549800E+000  0.14549812E+000  0.14549872E+000  0.14549999E+000  0.14550208E+000  0.20616316E+001  0.22754149E+001  0.24222042E+001  0.25110352E+001  0.25526874E+001  0.25616316E+001  0.25661878E+001  0.25946446E+001  0.26667801E+001  0.28008368E+001  0.30141709E+001  0.33235150E+001  0.37451229E+001  0.42948621E+001  0.49882772E+001  0.58406362E+001  0.68669661E+001  0.80820780E+001  0.95005933E+001  0.11136960E+002  0.13005464E+002  0.15120255E+002  0.17495338E+002  0.20144595E+002  0.23081801E+002  0.26320608E+002  0.29874582E+002  0.33757179E+002  0.37981762E+002  0.42561631E+002
  0.20408749E+001  0.20410038E+001  0.20416038E+001  0.20428795E+001  0.20450375E+001  0.20481775E+001  0.22619607E+001  0.24087500E+001  0.24975810E+001  0.20561300E+001  0.20561370E+001  0.20561401E+001  0.20845969E+001  0.21567324E+001  0.22907891E+001  0.20961228E+001  0.20954144E+001  0.20934872E+001  0.26432263E+001  0.33366415E+001  0.41890004E+001  0.52153304E+001  0.64304423E+001  0.78489575E+001  0.94853246E+001  0.11353829E+002  0.27614555E+001  0.25581433E+001  0.32267875E+001  0.28778771E+001  0.61166843E+001  0.96706583E+001  0.47375819E+001  0.38656681E+001  0.84455375E+001
