  0.18131805E+001  0.18221248E+001  0.18637769E+001  0.19526079E+001  0.20993972E+001  0.23131805E+001  0.25269638E+001  0.26737531E+001  0.27625840E+001  0.28042362E+001  0.28131805E+001  0.28177366E+001  0.28461935E+001  0.29183289E+001  0.30523857E+001  0.32657198E+001  0.35750638E+001  0.39966717E+001  0.45464109E+001  0.52398260E+001  0.60921850E+001  0.71185149E+001  0.83336268E+001  0.97521421E+001  0.11388509E+002  0.13257013E+002  0.15371803E+002  0.17746887E+002  0.20396143E+002  0.23333350E+002  0.26572157E+002  0.30126131E+002  0.34008728E+002  0.38233311E+002  0.42813180E+002
  0.18131805E+001  0.18221248E+001  0.18637769E+001  0.19526079E+001  0.20993972E+001  0.23131805E+001  0.25269638E+001  0.26737531E+001  0.27625840E+001  0.28042362E+001  0.28131805E+001  0.28177366E+001  0.28461935E+001  0.29183289E+001  0.30523857E+001  0.32657198E+001  0.35750638E+001  0.39966717E+001  0.45464109E+001  0.52398260E+001  0.60921850E+001  0.71185149E+001  0.83336268E+001  0.97521421E+001  0.11388509E+002  0.13257013E+002  0.15371803E+002  0.17746887E+002  0.20396143E+002  0.23333350E+002  0.26572157E+002  0.30126131E+002  0.34008728E+002  0.38233311E+002  0.42813180E+002
  0.18131805E+001  0.18221248E+001  0.18637769E+001  0.19526079E+001  0.20993972E+001  0.23131805E+001  0.25269638E+001  0.26737531E+001  0.27625840E+001  0.28042362E+001  0.28131805E+001  0.28177366E+001  0.28461935E+001  0.29183289E+001  0.30523857E+001  0.32657198E+001  0.35750638E+001  0.39966717E+001  0.45464109E+001  0.52398260E+001  0.60921850E+001  0.71185149E+001  0.83336268E+001  0.97521421E+001  0.11388509E+002  0.13257013E+002  0.15371803E+002  0.17746887E+002  0.20396143E+002  0.23333350E+002  0.26572157E+002  0.30126131E+002  0.34008728E+002  0.38233311E+002  0.42813180E+002
  0.18131805E+001  0.18221248E+001  0.18637769E+001  0.19526079E+001  0.20993972E+001  0.23131805E+001  0.25269638E+001  0.26737531E+001  0.27625840E+001  0.28042362E+001  0.28131805E+001  0.28177366E+001  0.28461935E+001  0.29183289E+001  0.30523857E+001  0.32657198E+001  0.35750638E+001  0.39966717E+001  0.45464109E+001  0.52398260E+001  0.60921850E+001  0.71185149E+001  0.83336268E+001  0.97521421E+001  0.11388509E+002  0.13257013E+002  0.15371803E+002  0.17746887E+002  0.20396143E+002  0.23333350E+002  0.26572157E+002  0.30126131E+002  0.34008728E+002  0.38233311E+002  0.42813180E+002
  0.18131805E+001  0.18221248E+001  0.18637769E+001  0.19526079E+001  0.20993972E+001  0.23131805E+001  0.25269638E+001  0.26737531E+001  0.27625840E+001  0.28042362E+001  0.28131805E+001  0.28177366E+001  0.28461935E+001  0.29183289E+001  0.30523857E+001  0.32657198E+001  0.35750638E+001  0.39966717E+001  0.45464109E+001  0.52398260E+001  0.60921850E+001  0.71185149E+001  0.83336268E+001  0.97521421E+001  0.11388509E+002  0.13257013E+002  0.15371803E+002  0.17746887E+002  0.20396143E+002  0.23333350E+002  0.26572157E+002  0.30126131E+002  0.34008728E+002  0.38233311E+002  0.42813180E+002
  0.18131805E+001  0.18221248E+001  0.18637769E+001  0.19526079E+001  0.20993972E+001  0.23131805E+001  0.25269638E+001  0.26737531E+001  0.27625840E+001  0.28042362E+001  0.28131805E+001  0.28177366E+001  0.28461935E+001  0.29183289E+001  0.30523857E+001  0.32657198E+001  0.35750638E+001  0.39966717E+001  0.45464109E+001  0.52398260E+001  0.60921850E+001  0.71185149E+001  0.83336268E+001  0.97521421E+001  0.11388509E+002  0.13257013E+002  0.15371803E+002  0.17746887E+002  0.20396143E+002  0.23333350E+002  0.26572157E+002  0.30126131E+002  0.34008728E+002  0.38233311E+002  0.42813180E+002
  0.18131805E+001  0.18221248E+001  0.18637769E+001  0.19526079E+001  0.20993972E+001  0.23131805E+001  0.25269638E+001  0.26737531E+001  0.27625840E+001  0.28042362E+001  0.28131805E+001  0.28177366E+001  0.28461935E+001  0.29183289E+001  0.30523857E+001  0.32657198E+001  0.35750638E+001  0.39966717E+001  0.45464109E+001  0.52398260E+001  0.60921850E+001  0.71185149E+001  0.83336268E+001  0.97521421E+001  0.11388509E+002  0.13257013E+002  0.15371803E+002  0.17746887E+002  0.20396143E+002  0.23333350E+002  0.26572157E+002  0.30126131E+002  0.34008728E+002  0.38233311E+002  0.42813180E+002
  0.18131805E+001  0.18221248E+001  0.18637769E+001  0.19526079E+001  0.20993972E+001  0.23131805E+001  0.25269638E+001  0.26737531E+001  0.27625840E+001  0.28042362E+001  0.28131805E+001  0.28177366E+001  0.28461935E+001  0.29183289E+001  0.30523857E+001  0.32657198E+001  0.35750638E+001  0.39966717E+001  0.45464109E+001  0.52398260E+001  0.60921850E+001  0.71185149E+001  0.83336268E+001  0.97521421E+001  0.11388509E+002  0.13257013E+002  0.15371803E+002  0.17746887E+002  0.20396143E+002  0.23333350E+002  0.26572157E+002  0.30126131E+002  0.34008728E+002  0.38233311E+002  0.42813180E+002
  0.18131805E+001  0.18221248E+001  0.18637769E+001  0.19526079E+001  0.20993972E+001  0.23131805E+001  0.25269638E+001  0.26737531E+001  0.27625840E+001  0.28042362E+001  0.28131805E+001  0.28177366E+001  0.28461935E+001  0.29183289E+001  0.30523857E+001  0.32657198E+001  0.35750638E+001  0.39966717E+001  0.45464109E+001  0.52398260E+001  0.60921850E+001  0.71185149E+001  0.83336268E+001  0.97521421E+001  0.11388509E+002  0.13257013E+002  0.15371803E+002  0.17746887E+002  0.20396143E+002  0.23333350E+002  0.26572157E+002  0.30126131E+002  0.34008728E+002  0.38233311E+002  0.42813180E+002
  0.18131805E+001  0.18221248E+001  0.18637769E+001  0.19526079E+001  0.20993972E+001  0.23131805E+001  0.25269638E+001  0.26737531E+001  0.27625840E+001  0.28042362E+001  0.28131805E+001  0.28177366E+001  0.28461935E+001  0.29183289E+001  0.30523857E+001  0.32657198E+001  0.35750638E+001  0.39966717E+001  0.45464109E+001  0.52398260E+001  0.60921850E+001  0.71185149E+001  0.83336268E+001  0.97521421E+001  0.11388509E+002  0.13257013E+002  0.15371803E+002  0.17746887E+002  0.20396143E+002  0.23333350E+002  0.26572157E+002  0.30126131E+002  0.34008728E+002  0.38233311E+002  0.42813180E+002
  0.18131805E+001  0.18221248E+001  0.18637769E+001  0.19526079E+001  0.20993972E+001  0.23131805E+001  0.25269638E+001  0.26737531E+001  0.27625840E+001  0.28042362E+001  0.28131805E+001  0.28177366E+001  0.28461935E+001  0.29183289E+001  0.30523857E+001  0.32657198E+001  0.35750638E+001  0.39966717E+001  0.45464109E+001  0.52398260E+001  0.60921850E+001  0.71185149E+001  0.83336268E+001  0.97521421E+001  0.11388509E+002  0.13257013E+002  0.15371803E+002  0.17746887E+002  0.20396143E+002  0.23333350E+002  0.26572157E+002  0.30126131E+002  0.34008728E+002  0.38233311E+002  0.42813180E+002
  0.18131805E+001  0.18221248E+001  0.18637769E+001  0.19526079E+001  0.20993972E+001  0.23131805E+001  0.25269638E+001  0.26737531E+001  0.27625840E+001  0.28042362E+001  0.28131805E+001  0.28177366E+001  0.28461935E+001  0.29183289E+001  0.30523857E+001  0.32657198E+001  0.35750638E+001  0.39966717E+001  0.45464109E+001  0.52398260E+001  0.60921850E+001  0.71185149E+001  0.83336268E+001  0.97521421E+001  0.11388509E+002  0.13257013E+002  0.15371803E+002  0.17746887E+002  0.20396143E+002  0.23333350E+002  0.26572157E+002  0.30126131E+002  0.34008728E+002  0.38233311E+002  0.42813180E+002
  0.18131805E+001  0.18221248E+001  0.18637769E+001  0.19526079E+001  0.20993972E+001  0.23131805E+001  0.25269638E+001  0.26737531E+001  0.27625840E+001  0.28042362E+001  0.28131805E+001  0.28177366E+001  0.28461935E+001  0.29183289E+001  0.30523857E+001  0.32657198E+001  0.35750638E+001  0.39966717E+001  0.45464109E+001  0.52398260E+001  0.60921850E+001  0.71185149E+001  0.83336268E+001  0.97521421E+001  0.11388509E+002  0.13257013E+002  0.15371803E+002  0.17746887E+002  0.20396143E+002  0.23333350E+002  0.26572157E+002  0.30126131E+002  0.34008728E+002  0.38233311E+002  0.42813180E+002
  0.18131805E+001  0.18221248E+001  0.18637769E+001  0.19526079E+001  0.20993972E+001  0.23131805E+001  0.25269638E+001  0.26737531E+001  0.27625840E+001  0.28042362E+001  0.28131805E+001  0.28177366E+001  0.28461935E+001  0.29183289E+001  0.30523857E+001  0.32657198E+001  0.35750638E+001  0.39966717E+001  0.45464109E+001  0.52398260E+001  0.60921850E+001  0.71185149E+001  0.83336268E+001  0.97521421E+001  0.11388509E+002  0.13257013E+002  0.15371803E+002  0.17746887E+002  0.20396143E+002  0.23333350E+002  0.26572157E+002  0.30126131E+002  0.34008728E+002  0.38233311E+002  0.42813180E+002
  0.18131805E+001  0.18221248E+001  0.18637769E+001  0.19526079E+001  0.20993972E+001  0.23131805E+001  0.25269638E+001  0.26737531E+001  0.27625840E+001  0.28042362E+001  0.28131805E+001  0.28177366E+001  0.28461935E+001  0.29183289E+001  0.30523857E+001  0.32657198E+001  0.35750638E+001  0.39966717E+001  0.45464109E+001  0.52398260E+001  0.60921850E+001  0.71185149E+001  0.83336268E+001  0.97521421E+001  0.11388509E+002  0.13257013E+002  0.15371803E+002  0.17746887E+002  0.20396143E+002  0.23333350E+002  0.26572157E+002  0.30126131E+002  0.34008728E+002  0.38233311E+002  0.42813180E+002
  0.18131805E+001  0.18221248E+001  0.18637769E+001  0.19526079E+001  0.20993972E+001  0.23131805E+001  0.25269638E+001  0.26737531E+001  0.27625840E+001  0.28042362E+001  0.28131805E+001  0.28177366E+001  0.28461935E+001  0.29183289E+001  0.30523857E+001  0.32657198E+001  0.35750638E+001  0.39966717E+001  0.45464109E+001  0.52398260E+001  0.60921850E+001  0.71185149E+001  0.83336268E+001  0.97521421E+001  0.11388509E+002  0.13257013E+002  0.15371803E+002  0.17746887E+002  0.20396143E+002  0.23333350E+002  0.26572157E+002  0.30126131E+002  0.34008728E+002  0.38233311E+002  0.42813180E+002
  0.18131805E+001  0.18221248E+001  0.18637769E+001  0.19526079E+001  0.20993972E+001  0.23131805E+001  0.25269638E+001  0.26737531E+001  0.27625840E+001  0.28042362E+001  0.28131805E+001  0.28177366E+001  0.28461935E+001  0.29183289E+001  0.30523857E+001  0.32657198E+001  0.35750638E+001  0.39966717E+001  0.45464109E+001  0.52398260E+001  0.60921850E+001  0.71185149E+001  0.83336268E+001  0.97521421E+001  0.11388509E+002  0.13257013E+002  0.15371803E+002  0.17746887E+002  0.20396143E+002  0.23333350E+002  0.26572157E+002  0.30126131E+002  0.34008728E+002  0.38233311E+002  0.42813180E+002
  0.18131803E+001  0.18221246E+001  0.18637768E+001  0.19526078E+001  0.20993971E+001  0.23131803E+001  0.25269636E+001  0.26737529E+001  0.27625839E+001  0.28042361E+001  0.28131803E+001  0.28177365E+001  0.28461933E+001  0.29183288E+001  0.30523855E+001  0.32657196E+001  0.35750637E+001  0.39966716E+001  0.45464107E+001  0.52398259E+001  0.60921848E+001  0.71185148E+001  0.83336267E+001  0.97521419E+001  0.11388509E+002  0.13257013E+002  0.15371803E+002  0.17746886E+002  0.20396143E+002  0.23333350E+002  0.26572157E+002  0.30126131E+002  0.34008728E+002  0.38233310E+002  0.42813180E+002
  0.18131677E+001  0.18221120E+001  0.18637641E+001  0.19525951E+001  0.20993844E+001  0.23131677E+001  0.25269510E+001  0.26737403E+001  0.27625712E+001  0.28042234E+001  0.28131677E+001  0.28177238E+001  0.28461807E+001  0.29183161E+001  0.30523729E+001  0.32657070E+001  0.35750510E+001  0.39966589E+001  0.45463981E+001  0.52398132E+001  0.60921722E+001  0.71185021E+001  0.83336140E+001  0.97521292E+001  0.11388496E+002  0.13257000E+002  0.15371791E+002  0.17746874E+002  0.20396131E+002  0.23333337E+002  0.26572144E+002  0.30126118E+002  0.34008715E+002  0.38233298E+002  0.42813167E+002
  0.18124858E+001  0.18214301E+001  0.18630823E+001  0.19519133E+001  0.20987026E+001  0.23124858E+001  0.25262691E+001  0.26730584E+001  0.27618894E+001  0.28035416E+001  0.28124858E+001  0.28170420E+001  0.28454988E+001  0.29176343E+001  0.30516910E+001  0.32650251E+001  0.35743692E+001  0.39959771E+001  0.45457162E+001  0.52391314E+001  0.60914903E+001  0.71178203E+001  0.83329322E+001  0.97514474E+001  0.11387814E+002  0.13256319E+002  0.15371109E+002  0.17746192E+002  0.20395449E+002  0.23332655E+002  0.26571463E+002  0.30125437E+002  0.34008033E+002  0.38232616E+002  0.42812485E+002
  0.17936452E+001  0.17938663E+001  0.18355184E+001  0.19243494E+001  0.20711387E+001  0.22849220E+001  0.24987053E+001  0.26454946E+001  0.27343255E+001  0.27759777E+001  0.27849220E+001  0.27894781E+001  0.28179350E+001  0.28900704E+001  0.30241272E+001  0.32374613E+001  0.35468053E+001  0.39684132E+001  0.45181524E+001  0.52115675E+001  0.60639265E+001  0.70902565E+001  0.83053683E+001  0.97238836E+001  0.11360251E+002  0.13228755E+002  0.15343545E+002  0.17718628E+002  0.20367885E+002  0.23305092E+002  0.26543899E+002  0.30097873E+002  0.33980470E+002  0.38205052E+002  0.42784921E+002
  0.17816642E+001  0.17906085E+001  0.18322607E+001  0.19210917E+001  0.20678810E+001  0.22816642E+001  0.24954475E+001  0.26422368E+001  0.27310678E+001  0.27727200E+001  0.27816642E+001  0.27862204E+001  0.28146772E+001  0.28868127E+001  0.30208694E+001  0.32342035E+001  0.35435476E+001  0.39651555E+001  0.45148947E+001  0.52083098E+001  0.60606687E+001  0.70869987E+001  0.83021106E+001  0.97206258E+001  0.11356993E+002  0.13225497E+002  0.15340287E+002  0.17715370E+002  0.20364627E+002  0.23301834E+002  0.26540641E+002  0.30094615E+002  0.33977212E+002  0.38201794E+002  0.42781664E+002
  0.17330646E+001  0.17330647E+001  0.17330644E+001  0.17330638E+001  0.17330627E+001  0.19468460E+001  0.21606292E+001  0.23074185E+001  0.23962495E+001  0.24379017E+001  0.24468460E+001  0.24514021E+001  0.24798590E+001  0.25519944E+001  0.26860511E+001  0.28993853E+001  0.32087293E+001  0.36303372E+001  0.41800764E+001  0.48734915E+001  0.57258505E+001  0.67521804E+001  0.79672923E+001  0.93858075E+001  0.11022175E+002  0.12890679E+002  0.15005469E+002  0.17380552E+002  0.20029809E+002  0.22967015E+002  0.26205823E+002  0.29759797E+002  0.33642393E+002  0.37866976E+002  0.42446845E+002
  0.51263516E-001  0.51263573E-001  0.51263841E-001  0.51264411E-001  0.51265407E-001  0.26504869E+000  0.47883198E+000  0.62562128E+000  0.71445225E+000  0.75610442E+000  0.76504870E+000  0.76960486E+000  0.79806169E+000  0.87019714E+000  0.10042539E+001  0.12175880E+001  0.15269320E+001  0.19485400E+001  0.24982791E+001  0.31916943E+001  0.40440533E+001  0.50703832E+001  0.62854951E+001  0.77040104E+001  0.93403774E+001  0.11208882E+002  0.13323672E+002  0.15698755E+002  0.18348012E+002  0.21285219E+002  0.24524026E+002  0.28078000E+002  0.31960597E+002  0.36185179E+002  0.40765049E+002
  0.17222838E+001  0.17224381E+001  0.17231602E+001  0.17247095E+001  0.18208279E+001  0.20346112E+001  0.22483944E+001  0.23951837E+001  0.24840147E+001  0.25256669E+001  0.25346112E+001  0.25391673E+001  0.25676242E+001  0.26397596E+001  0.27738163E+001  0.29871505E+001  0.32964945E+001  0.37181024E+001  0.42678416E+001  0.49612567E+001  0.58136157E+001  0.68399456E+001  0.80550575E+001  0.94735727E+001  0.11109940E+002  0.12978444E+002  0.15093234E+002  0.17468317E+002  0.20117574E+002  0.23054781E+002  0.26293588E+002  0.29847562E+002  0.33730159E+002  0.37954741E+002  0.42534611E+002
