  0.70475941E+001  0.70565384E+001  0.70981906E+001  0.71870215E+001  0.73338108E+001  0.75475941E+001  0.77613774E+001  0.79081667E+001  0.79969977E+001  0.80386498E+001  0.80475941E+001  0.80521503E+001  0.80806071E+001  0.81527425E+001  0.82867993E+001  0.85001334E+001  0.88094774E+001  0.92310854E+001  0.97808245E+001  0.10474240E+002  0.11326599E+002  0.12352929E+002  0.13568040E+002  0.14986556E+002  0.16622923E+002  0.18491427E+002  0.20606217E+002  0.22981300E+002  0.25630557E+002  0.28567764E+002  0.31806571E+002  0.35360545E+002  0.39243142E+002  0.43467724E+002  0.48047594E+002
  0.70475941E+001  0.70565384E+001  0.70981906E+001  0.71870215E+001  0.73338108E+001  0.75475941E+001  0.77613774E+001  0.79081667E+001  0.79969977E+001  0.80386498E+001  0.80475941E+001  0.80521503E+001  0.80806071E+001  0.81527425E+001  0.82867993E+001  0.85001334E+001  0.88094774E+001  0.92310854E+001  0.97808245E+001  0.10474240E+002  0.11326599E+002  0.12352929E+002  0.13568040E+002  0.14986556E+002  0.16622923E+002  0.18491427E+002  0.20606217E+002  0.22981300E+002  0.25630557E+002  0.28567764E+002  0.31806571E+002  0.35360545E+002  0.39243142E+002  0.43467724E+002  0.48047594E+002
  0.70475941E+001  0.70565384E+001  0.70981906E+001  0.71870215E+001  0.73338108E+001  0.75475941E+001  0.77613774E+001  0.79081667E+001  0.79969977E+001  0.80386498E+001  0.80475941E+001  0.80521503E+001  0.80806071E+001  0.81527425E+001  0.82867993E+001  0.85001334E+001  0.88094774E+001  0.92310854E+001  0.97808245E+001  0.10474240E+002  0.11326599E+002  0.12352929E+002  0.13568040E+002  0.14986556E+002  0.16622923E+002  0.18491427E+002  0.20606217E+002  0.22981300E+002  0.25630557E+002  0.28567764E+002  0.31806571E+002  0.35360545E+002  0.39243142E+002  0.43467724E+002  0.48047594E+002
  0.70475941E+001  0.70565384E+001  0.70981906E+001  0.71870215E+001  0.73338108E+001  0.75475941E+001  0.77613774E+001  0.79081667E+001  0.79969977E+001  0.80386498E+001  0.80475941E+001  0.80521503E+001  0.80806071E+001  0.81527425E+001  0.82867993E+001  0.85001334E+001  0.88094774E+001  0.92310854E+001  0.97808245E+001  0.10474240E+002  0.11326599E+002  0.12352929E+002  0.13568040E+002  0.14986556E+002  0.16622923E+002  0.18491427E+002  0.20606217E+002  0.22981300E+002  0.25630557E+002  0.28567764E+002  0.31806571E+002  0.35360545E+002  0.39243142E+002  0.43467724E+002  0.48047594E+002
  0.70475941E+001  0.70565384E+001  0.70981906E+001  0.71870215E+001  0.73338108E+001  0.75475941E+001  0.77613774E+001  0.79081667E+001  0.79969977E+001  0.80386498E+001  0.80475941E+001  0.80521503E+001  0.80806071E+001  0.81527425E+001  0.82867993E+001  0.85001334E+001  0.88094774E+001  0.92310854E+001  0.97808245E+001  0.10474240E+002  0.11326599E+002  0.12352929E+002  0.13568040E+002  0.14986556E+002  0.16622923E+002  0.18491427E+002  0.20606217E+002  0.22981300E+002  0.25630557E+002  0.28567764E+002  0.31806571E+002  0.35360545E+002  0.39243142E+002  0.43467724E+002  0.48047594E+002
  0.70475941E+001  0.70565384E+001  0.70981906E+001  0.71870215E+001  0.73338108E+001  0.75475941E+001  0.77613774E+001  0.79081667E+001  0.79969977E+001  0.80386498E+001  0.80475941E+001  0.80521503E+001  0.80806071E+001  0.81527425E+001  0.82867993E+001  0.85001334E+001  0.88094774E+001  0.92310854E+001  0.97808245E+001  0.10474240E+002  0.11326599E+002  0.12352929E+002  0.13568040E+002  0.14986556E+002  0.16622923E+002  0.18491427E+002  0.20606217E+002  0.22981300E+002  0.25630557E+002  0.28567764E+002  0.31806571E+002  0.35360545E+002  0.39243142E+002  0.43467724E+002  0.48047594E+002
  0.70475941E+001  0.70565384E+001  0.70981906E+001  0.71870215E+001  0.73338108E+001  0.75475941E+001  0.77613774E+001  0.79081667E+001  0.79969977E+001  0.80386498E+001  0.80475941E+001  0.80521503E+001  0.80806071E+001  0.81527425E+001  0.82867993E+001  0.85001334E+001  0.88094774E+001  0.92310854E+001  0.97808245E+001  0.10474240E+002  0.11326599E+002  0.12352929E+002  0.13568040E+002  0.14986556E+002  0.16622923E+002  0.18491427E+002  0.20606217E+002  0.22981300E+002  0.25630557E+002  0.28567764E+002  0.31806571E+002  0.35360545E+002  0.39243142E+002  0.43467724E+002  0.48047594E+002
  0.70475941E+001  0.70565384E+001  0.70981906E+001  0.71870215E+001  0.73338108E+001  0.75475941E+001  0.77613774E+001  0.79081667E+001  0.79969977E+001  0.80386498E+001  0.80475941E+001  0.80521503E+001  0.80806071E+001  0.81527425E+001  0.82867993E+001  0.85001334E+001  0.88094774E+001  0.92310854E+001  0.97808245E+001  0.10474240E+002  0.11326599E+002  0.12352929E+002  0.13568040E+002  0.14986556E+002  0.16622923E+002  0.18491427E+002  0.20606217E+002  0.22981300E+002  0.25630557E+002  0.28567764E+002  0.31806571E+002  0.35360545E+002  0.39243142E+002  0.43467724E+002  0.48047594E+002
  0.70475941E+001  0.70565384E+001  0.70981906E+001  0.71870215E+001  0.73338108E+001  0.75475941E+001  0.77613774E+001  0.79081667E+001  0.79969977E+001  0.80386498E+001  0.80475941E+001  0.80521503E+001  0.80806071E+001  0.81527425E+001  0.82867993E+001  0.85001334E+001  0.88094774E+001  0.92310854E+001  0.97808245E+001  0.10474240E+002  0.11326599E+002  0.12352929E+002  0.13568040E+002  0.14986556E+002  0.16622923E+002  0.18491427E+002  0.20606217E+002  0.22981300E+002  0.25630557E+002  0.28567764E+002  0.31806571E+002  0.35360545E+002  0.39243142E+002  0.43467724E+002  0.48047594E+002
  0.70475941E+001  0.70565384E+001  0.70981906E+001  0.71870215E+001  0.73338108E+001  0.75475941E+001  0.77613774E+001  0.79081667E+001  0.79969977E+001  0.80386498E+001  0.80475941E+001  0.80521503E+001  0.80806071E+001  0.81527425E+001  0.82867993E+001  0.85001334E+001  0.88094774E+001  0.92310854E+001  0.97808245E+001  0.10474240E+002  0.11326599E+002  0.12352929E+002  0.13568040E+002  0.14986556E+002  0.16622923E+002  0.18491427E+002  0.20606217E+002  0.22981300E+002  0.25630557E+002  0.28567764E+002  0.31806571E+002  0.35360545E+002  0.39243142E+002  0.43467724E+002  0.48047594E+002
  0.70475941E+001  0.70565384E+001  0.70981906E+001  0.71870215E+001  0.73338108E+001  0.75475941E+001  0.77613774E+001  0.79081667E+001  0.79969977E+001  0.80386498E+001  0.80475941E+001  0.80521503E+001  0.80806071E+001  0.81527425E+001  0.82867993E+001  0.85001334E+001  0.88094774E+001  0.92310854E+001  0.97808245E+001  0.10474240E+002  0.11326599E+002  0.12352929E+002  0.13568040E+002  0.14986556E+002  0.16622923E+002  0.18491427E+002  0.20606217E+002  0.22981300E+002  0.25630557E+002  0.28567764E+002  0.31806571E+002  0.35360545E+002  0.39243142E+002  0.43467724E+002  0.48047594E+002
  0.70475941E+001  0.70565384E+001  0.70981906E+001  0.71870215E+001  0.73338108E+001  0.75475941E+001  0.77613774E+001  0.79081667E+001  0.79969977E+001  0.80386498E+001  0.80475941E+001  0.80521503E+001  0.80806071E+001  0.81527425E+001  0.82867993E+001  0.85001334E+001  0.88094774E+001  0.92310854E+001  0.97808245E+001  0.10474240E+002  0.11326599E+002  0.12352929E+002  0.13568040E+002  0.14986556E+002  0.16622923E+002  0.18491427E+002  0.20606217E+002  0.22981300E+002  0.25630557E+002  0.28567764E+002  0.31806571E+002  0.35360545E+002  0.39243142E+002  0.43467724E+002  0.48047594E+002
  0.70475941E+001  0.70565384E+001  0.70981906E+001  0.71870215E+001  0.73338108E+001  0.75475941E+001  0.77613774E+001  0.79081667E+001  0.79969977E+001  0.80386498E+001  0.80475941E+001  0.80521503E+001  0.80806071E+001  0.81527425E+001  0.82867993E+001  0.85001334E+001  0.88094774E+001  0.92310854E+001  0.97808245E+001  0.10474240E+002  0.11326599E+002  0.12352929E+002  0.13568040E+002  0.14986556E+002  0.16622923E+002  0.18491427E+002  0.20606217E+002  0.22981300E+002  0.25630557E+002  0.28567764E+002  0.31806571E+002  0.35360545E+002  0.39243142E+002  0.43467724E+002  0.48047594E+002
  0.70475941E+001  0.70565384E+001  0.70981906E+001  0.71870215E+001  0.73338108E+001  0.75475941E+001  0.77613774E+001  0.79081667E+001  0.79969977E+001  0.80386498E+001  0.80475941E+001  0.80521503E+001  0.80806071E+001  0.81527425E+001  0.82867993E+001  0.85001334E+001  0.88094774E+001  0.92310854E+001  0.97808245E+001  0.10474240E+002  0.11326599E+002  0.12352929E+002  0.13568040E+002  0.14986556E+002  0.16622923E+002  0.18491427E+002  0.20606217E+002  0.22981300E+002  0.25630557E+002  0.28567764E+002  0.31806571E+002  0.35360545E+002  0.39243142E+002  0.43467724E+002  0.48047594E+002
  0.70475941E+001  0.70565384E+001  0.70981906E+001  0.71870215E+001  0.73338108E+001  0.75475941E+001  0.77613774E+001  0.79081667E+001  0.79969977E+001  0.80386498E+001  0.80475941E+001  0.80521503E+001  0.80806071E+001  0.81527425E+001  0.82867993E+001  0.85001334E+001  0.88094774E+001  0.92310854E+001  0.97808245E+001  0.10474240E+002  0.11326599E+002  0.12352929E+002  0.13568040E+002  0.14986556E+002  0.16622923E+002  0.18491427E+002  0.20606217E+002  0.22981300E+002  0.25630557E+002  0.28567764E+002  0.31806571E+002  0.35360545E+002  0.39243142E+002  0.43467724E+002  0.48047594E+002
  0.70475940E+001  0.70565383E+001  0.70981905E+001  0.71870215E+001  0.73338108E+001  0.75475940E+001  0.77613773E+001  0.79081666E+001  0.79969976E+001  0.80386498E+001  0.80475940E+001  0.80521502E+001  0.80806070E+001  0.81527425E+001  0.82867992E+001  0.85001333E+001  0.88094774E+001  0.92310853E+001  0.97808244E+001  0.10474240E+002  0.11326599E+002  0.12352928E+002  0.13568040E+002  0.14986556E+002  0.16622923E+002  0.18491427E+002  0.20606217E+002  0.22981300E+002  0.25630557E+002  0.28567764E+002  0.31806571E+002  0.35360545E+002  0.39243142E+002  0.43467724E+002  0.48047593E+002
  0.70475913E+001  0.70565356E+001  0.70981878E+001  0.71870187E+001  0.73338080E+001  0.75475913E+001  0.77613746E+001  0.79081639E+001  0.79969949E+001  0.80386470E+001  0.80475913E+001  0.80521475E+001  0.80806043E+001  0.81527397E+001  0.82867965E+001  0.85001306E+001  0.88094746E+001  0.92310826E+001  0.97808217E+001  0.10474237E+002  0.11326596E+002  0.12352926E+002  0.13568038E+002  0.14986553E+002  0.16622920E+002  0.18491424E+002  0.20606214E+002  0.22981297E+002  0.25630554E+002  0.28567761E+002  0.31806568E+002  0.35360542E+002  0.39243139E+002  0.43467721E+002  0.48047591E+002
  0.70475158E+001  0.70564601E+001  0.70981123E+001  0.71869432E+001  0.73337325E+001  0.75475158E+001  0.77612991E+001  0.79080884E+001  0.79969194E+001  0.80385715E+001  0.80475158E+001  0.80520720E+001  0.80805288E+001  0.81526643E+001  0.82867210E+001  0.85000551E+001  0.88093992E+001  0.92310071E+001  0.97807462E+001  0.10474161E+002  0.11326520E+002  0.12352850E+002  0.13567962E+002  0.14986477E+002  0.16622844E+002  0.18491349E+002  0.20606139E+002  0.22981222E+002  0.25630479E+002  0.28567685E+002  0.31806493E+002  0.35360467E+002  0.39243063E+002  0.43467646E+002  0.48047515E+002
  0.70460194E+001  0.70549637E+001  0.70966158E+001  0.71854468E+001  0.73322361E+001  0.75460194E+001  0.77598027E+001  0.79065920E+001  0.79954229E+001  0.80370751E+001  0.80460194E+001  0.80505755E+001  0.80790324E+001  0.81511678E+001  0.82852246E+001  0.84985587E+001  0.88079027E+001  0.92295106E+001  0.97792498E+001  0.10472665E+002  0.11325024E+002  0.12351354E+002  0.13566466E+002  0.14984981E+002  0.16621348E+002  0.18489852E+002  0.20604642E+002  0.22979725E+002  0.25628982E+002  0.28566189E+002  0.31804996E+002  0.35358970E+002  0.39241567E+002  0.43466149E+002  0.48046019E+002
  0.70267105E+001  0.70356548E+001  0.70773069E+001  0.71661379E+001  0.73129272E+001  0.75267105E+001  0.77404938E+001  0.78872831E+001  0.79761140E+001  0.80177662E+001  0.80267105E+001  0.80312666E+001  0.80597235E+001  0.81318589E+001  0.82659156E+001  0.84792498E+001  0.87885938E+001  0.92102017E+001  0.97599409E+001  0.10453356E+002  0.11305715E+002  0.12332045E+002  0.13547157E+002  0.14965672E+002  0.16602039E+002  0.18470543E+002  0.20585333E+002  0.22960417E+002  0.25609673E+002  0.28546880E+002  0.31785687E+002  0.35339661E+002  0.39222258E+002  0.43446840E+002  0.48026710E+002
  0.68933657E+001  0.68935648E+001  0.69352169E+001  0.70240479E+001  0.71708372E+001  0.73846205E+001  0.75984038E+001  0.77451930E+001  0.78340240E+001  0.78756762E+001  0.78846205E+001  0.78891766E+001  0.79176335E+001  0.79897689E+001  0.81238256E+001  0.83371598E+001  0.86465038E+001  0.90681117E+001  0.96178509E+001  0.10311266E+002  0.11163625E+002  0.12189955E+002  0.13405067E+002  0.14823582E+002  0.16459949E+002  0.18328453E+002  0.20443243E+002  0.22818327E+002  0.25467583E+002  0.28404790E+002  0.31643597E+002  0.35197571E+002  0.39080168E+002  0.43304750E+002  0.47884620E+002
  0.65451976E+001  0.65541418E+001  0.65957940E+001  0.66846250E+001  0.68314143E+001  0.70451976E+001  0.72589808E+001  0.74057701E+001  0.74946011E+001  0.75362533E+001  0.75451976E+001  0.75497537E+001  0.75782106E+001  0.76503460E+001  0.77844027E+001  0.79977369E+001  0.83070809E+001  0.87286888E+001  0.92784280E+001  0.99718431E+001  0.10824202E+002  0.11850532E+002  0.13065644E+002  0.14484159E+002  0.16120526E+002  0.17989030E+002  0.20103820E+002  0.22478904E+002  0.25128161E+002  0.28065367E+002  0.31304174E+002  0.34858148E+002  0.38740745E+002  0.42965328E+002  0.47545197E+002
  0.59715240E+001  0.59715240E+001  0.59715230E+001  0.59715210E+001  0.59715177E+001  0.61853010E+001  0.63990843E+001  0.65458736E+001  0.66347045E+001  0.66763567E+001  0.66853010E+001  0.66898571E+001  0.67183140E+001  0.67904494E+001  0.69245062E+001  0.71378403E+001  0.74471843E+001  0.78687922E+001  0.84185314E+001  0.91119465E+001  0.99643055E+001  0.10990635E+002  0.12205747E+002  0.13624263E+002  0.15260630E+002  0.17129134E+002  0.19243924E+002  0.21619007E+002  0.24268264E+002  0.27205470E+002  0.30444278E+002  0.33998252E+002  0.37880849E+002  0.42105431E+002  0.46685300E+002
  0.79913649E+000  0.79913671E+000  0.79913769E+000  0.79913980E+000  0.79914333E+000  0.10129266E+001  0.12267099E+001  0.13734992E+001  0.14623302E+001  0.15039823E+001  0.15129266E+001  0.15174828E+001  0.15459396E+001  0.16180751E+001  0.17521318E+001  0.19654659E+001  0.22748100E+001  0.26964179E+001  0.32461571E+001  0.39395722E+001  0.47919312E+001  0.58182612E+001  0.70333731E+001  0.84518883E+001  0.10088255E+002  0.11956759E+002  0.14071550E+002  0.16446633E+002  0.19095890E+002  0.22033096E+002  0.25271904E+002  0.28825878E+002  0.32708475E+002  0.36933057E+002  0.41512927E+002
  0.69741849E+001  0.69745146E+001  0.69760409E+001  0.69792796E+001  0.70754370E+001  0.72892203E+001  0.75030036E+001  0.76497929E+001  0.77386239E+001  0.77802760E+001  0.77892203E+001  0.77937765E+001  0.78222333E+001  0.78943687E+001  0.80284255E+001  0.82417596E+001  0.85511036E+001  0.89727116E+001  0.95224507E+001  0.10215866E+002  0.11068225E+002  0.12094555E+002  0.13309667E+002  0.14728182E+002  0.16364549E+002  0.18233053E+002  0.20347843E+002  0.22722926E+002  0.25372183E+002  0.28309390E+002  0.31548197E+002  0.35102171E+002  0.38984768E+002  0.43209350E+002  0.47789220E+002
