  0.96807388E+000  0.97701815E+000  0.10186703E+001  0.11075013E+001  0.12542906E+001  0.14680739E+001  0.16818572E+001  0.18286465E+001  0.19174774E+001  0.19591296E+001  0.19680739E+001  0.19726300E+001  0.20010869E+001  0.20732223E+001  0.22072791E+001  0.24206132E+001  0.27299572E+001  0.31515651E+001  0.37013043E+001  0.43947195E+001  0.52470784E+001  0.62734084E+001  0.74885203E+001  0.89070355E+001  0.10543403E+002  0.12411907E+002  0.14526697E+002  0.16901780E+002  0.19551037E+002  0.22488244E+002  0.25727051E+002  0.29281025E+002  0.33163622E+002  0.37388204E+002  0.41968074E+002
  0.96807388E+000  0.97701815E+000  0.10186703E+001  0.11075013E+001  0.12542906E+001  0.14680739E+001  0.16818572E+001  0.18286465E+001  0.19174774E+001  0.19591296E+001  0.19680739E+001  0.19726300E+001  0.20010869E+001  0.20732223E+001  0.22072791E+001  0.24206132E+001  0.27299572E+001  0.31515651E+001  0.37013043E+001  0.43947195E+001  0.52470784E+001  0.62734084E+001  0.74885203E+001  0.89070355E+001  0.10543403E+002  0.12411907E+002  0.14526697E+002  0.16901780E+002  0.19551037E+002  0.22488244E+002  0.25727051E+002  0.29281025E+002  0.33163622E+002  0.37388204E+002  0.41968074E+002
  0.96807388E+000  0.97701815E+000  0.10186703E+001  0.11075013E+001  0.12542906E+001  0.14680739E+001  0.16818572E+001  0.18286465E+001  0.19174774E+001  0.19591296E+001  0.19680739E+001  0.19726300E+001  0.20010869E+001  0.20732223E+001  0.22072791E+001  0.24206132E+001  0.27299572E+001  0.31515651E+001  0.37013043E+001  0.43947195E+001  0.52470784E+001  0.62734084E+001  0.74885203E+001  0.89070355E+001  0.10543403E+002  0.12411907E+002  0.14526697E+002  0.16901780E+002  0.19551037E+002  0.22488244E+002  0.25727051E+002  0.29281025E+002  0.33163622E+002  0.37388204E+002  0.41968074E+002
  0.96807388E+000  0.97701815E+000  0.10186703E+001  0.11075013E+001  0.12542906E+001  0.14680739E+001  0.16818572E+001  0.18286465E+001  0.19174774E+001  0.19591296E+001  0.19680739E+001  0.19726300E+001  0.20010869E+001  0.20732223E+001  0.22072791E+001  0.24206132E+001  0.27299572E+001  0.31515651E+001  0.37013043E+001  0.43947195E+001  0.52470784E+001  0.62734084E+001  0.74885203E+001  0.89070355E+001  0.10543403E+002  0.12411907E+002  0.14526697E+002  0.16901780E+002  0.19551037E+002  0.22488244E+002  0.25727051E+002  0.29281025E+002  0.33163622E+002  0.37388204E+002  0.41968074E+002
  0.96807388E+000  0.97701815E+000  0.10186703E+001  0.11075013E+001  0.12542906E+001  0.14680739E+001  0.16818572E+001  0.18286465E+001  0.19174774E+001  0.19591296E+001  0.19680739E+001  0.19726300E+001  0.20010869E+001  0.20732223E+001  0.22072791E+001  0.24206132E+001  0.27299572E+001  0.31515651E+001  0.37013043E+001  0.43947195E+001  0.52470784E+001  0.62734084E+001  0.74885203E+001  0.89070355E+001  0.10543403E+002  0.12411907E+002  0.14526697E+002  0.16901780E+002  0.19551037E+002  0.22488244E+002  0.25727051E+002  0.29281025E+002  0.33163622E+002  0.37388204E+002  0.41968074E+002
  0.96807388E+000  0.97701815E+000  0.10186703E+001  0.11075013E+001  0.12542906E+001  0.14680739E+001  0.16818572E+001  0.18286465E+001  0.19174774E+001  0.19591296E+001  0.19680739E+001  0.19726300E+001  0.20010869E+001  0.20732223E+001  0.22072791E+001  0.24206132E+001  0.27299572E+001  0.31515651E+001  0.37013043E+001  0.43947195E+001  0.52470784E+001  0.62734084E+001  0.74885203E+001  0.89070355E+001  0.10543403E+002  0.12411907E+002  0.14526697E+002  0.16901780E+002  0.19551037E+002  0.22488244E+002  0.25727051E+002  0.29281025E+002  0.33163622E+002  0.37388204E+002  0.41968074E+002
  0.96807388E+000  0.97701815E+000  0.10186703E+001  0.11075013E+001  0.12542906E+001  0.14680739E+001  0.16818572E+001  0.18286465E+001  0.19174774E+001  0.19591296E+001  0.19680739E+001  0.19726300E+001  0.20010869E+001  0.20732223E+001  0.22072791E+001  0.24206132E+001  0.27299572E+001  0.31515651E+001  0.37013043E+001  0.43947195E+001  0.52470784E+001  0.62734084E+001  0.74885203E+001  0.89070355E+001  0.10543403E+002  0.12411907E+002  0.14526697E+002  0.16901780E+002  0.19551037E+002  0.22488244E+002  0.25727051E+002  0.29281025E+002  0.33163622E+002  0.37388204E+002  0.41968074E+002
  0.96807388E+000  0.97701815E+000  0.10186703E+001  0.11075013E+001  0.12542906E+001  0.14680739E+001  0.16818572E+001  0.18286465E+001  0.19174774E+001  0.19591296E+001  0.19680739E+001  0.19726300E+001  0.20010869E+001  0.20732223E+001  0.22072791E+001  0.24206132E+001  0.27299572E+001  0.31515651E+001  0.37013043E+001  0.43947195E+001  0.52470784E+001  0.62734084E+001  0.74885203E+001  0.89070355E+001  0.10543403E+002  0.12411907E+002  0.14526697E+002  0.16901780E+002  0.19551037E+002  0.22488244E+002  0.25727051E+002  0.29281025E+002  0.33163622E+002  0.37388204E+002  0.41968074E+002
  0.96807388E+000  0.97701815E+000  0.10186703E+001  0.11075013E+001  0.12542906E+001  0.14680739E+001  0.16818572E+001  0.18286465E+001  0.19174774E+001  0.19591296E+001  0.19680739E+001  0.19726300E+001  0.20010869E+001  0.20732223E+001  0.22072791E+001  0.24206132E+001  0.27299572E+001  0.31515651E+001  0.37013043E+001  0.43947195E+001  0.52470784E+001  0.62734084E+001  0.74885203E+001  0.89070355E+001  0.10543403E+002  0.12411907E+002  0.14526697E+002  0.16901780E+002  0.19551037E+002  0.22488244E+002  0.25727051E+002  0.29281025E+002  0.33163622E+002  0.37388204E+002  0.41968074E+002
  0.96807388E+000  0.97701815E+000  0.10186703E+001  0.11075013E+001  0.12542906E+001  0.14680739E+001  0.16818572E+001  0.18286465E+001  0.19174774E+001  0.19591296E+001  0.19680739E+001  0.19726300E+001  0.20010869E+001  0.20732223E+001  0.22072791E+001  0.24206132E+001  0.27299572E+001  0.31515651E+001  0.37013043E+001  0.43947195E+001  0.52470784E+001  0.62734084E+001  0.74885203E+001  0.89070355E+001  0.10543403E+002  0.12411907E+002  0.14526697E+002  0.16901780E+002  0.19551037E+002  0.22488244E+002  0.25727051E+002  0.29281025E+002  0.33163622E+002  0.37388204E+002  0.41968074E+002
  0.96807388E+000  0.97701815E+000  0.10186703E+001  0.11075013E+001  0.12542906E+001  0.14680739E+001  0.16818572E+001  0.18286465E+001  0.19174774E+001  0.19591296E+001  0.19680739E+001  0.19726300E+001  0.20010869E+001  0.20732223E+001  0.22072791E+001  0.24206132E+001  0.27299572E+001  0.31515651E+001  0.37013043E+001  0.43947195E+001  0.52470784E+001  0.62734084E+001  0.74885203E+001  0.89070355E+001  0.10543403E+002  0.12411907E+002  0.14526697E+002  0.16901780E+002  0.19551037E+002  0.22488244E+002  0.25727051E+002  0.29281025E+002  0.33163622E+002  0.37388204E+002  0.41968074E+002
  0.96807388E+000  0.97701815E+000  0.10186703E+001  0.11075013E+001  0.12542906E+001  0.14680739E+001  0.16818572E+001  0.18286465E+001  0.19174774E+001  0.19591296E+001  0.19680739E+001  0.19726300E+001  0.20010869E+001  0.20732223E+001  0.22072791E+001  0.24206132E+001  0.27299572E+001  0.31515651E+001  0.37013043E+001  0.43947195E+001  0.52470784E+001  0.62734084E+001  0.74885203E+001  0.89070355E+001  0.10543403E+002  0.12411907E+002  0.14526697E+002  0.16901780E+002  0.19551037E+002  0.22488244E+002  0.25727051E+002  0.29281025E+002  0.33163622E+002  0.37388204E+002  0.41968074E+002
  0.96807388E+000  0.97701815E+000  0.10186703E+001  0.11075013E+001  0.12542906E+001  0.14680739E+001  0.16818572E+001  0.18286465E+001  0.19174774E+001  0.19591296E+001  0.19680739E+001  0.19726300E+001  0.20010869E+001  0.20732223E+001  0.22072791E+001  0.24206132E+001  0.27299572E+001  0.31515651E+001  0.37013043E+001  0.43947195E+001  0.52470784E+001  0.62734084E+001  0.74885203E+001  0.89070355E+001  0.10543403E+002  0.12411907E+002  0.14526697E+002  0.16901780E+002  0.19551037E+002  0.22488244E+002  0.25727051E+002  0.29281025E+002  0.33163622E+002  0.37388204E+002  0.41968074E+002
  0.96807388E+000  0.97701815E+000  0.10186703E+001  0.11075013E+001  0.12542906E+001  0.14680739E+001  0.16818572E+001  0.18286465E+001  0.19174774E+001  0.19591296E+001  0.19680739E+001  0.19726300E+001  0.20010869E+001  0.20732223E+001  0.22072791E+001  0.24206132E+001  0.27299572E+001  0.31515651E+001  0.37013043E+001  0.43947195E+001  0.52470784E+001  0.62734084E+001  0.74885203E+001  0.89070355E+001  0.10543403E+002  0.12411907E+002  0.14526697E+002  0.16901780E+002  0.19551037E+002  0.22488244E+002  0.25727051E+002  0.29281025E+002  0.33163622E+002  0.37388204E+002  0.41968074E+002
  0.96807388E+000  0.97701815E+000  0.10186703E+001  0.11075013E+001  0.12542906E+001  0.14680739E+001  0.16818572E+001  0.18286465E+001  0.19174774E+001  0.19591296E+001  0.19680739E+001  0.19726300E+001  0.20010869E+001  0.20732223E+001  0.22072791E+001  0.24206132E+001  0.27299572E+001  0.31515651E+001  0.37013043E+001  0.43947195E+001  0.52470784E+001  0.62734084E+001  0.74885203E+001  0.89070355E+001  0.10543403E+002  0.12411907E+002  0.14526697E+002  0.16901780E+002  0.19551037E+002  0.22488244E+002  0.25727051E+002  0.29281025E+002  0.33163622E+002  0.37388204E+002  0.41968074E+002
  0.96807388E+000  0.97701815E+000  0.10186703E+001  0.11075013E+001  0.12542906E+001  0.14680739E+001  0.16818572E+001  0.18286465E+001  0.19174774E+001  0.19591296E+001  0.19680739E+001  0.19726300E+001  0.20010869E+001  0.20732223E+001  0.22072791E+001  0.24206132E+001  0.27299572E+001  0.31515651E+001  0.37013043E+001  0.43947195E+001  0.52470784E+001  0.62734084E+001  0.74885203E+001  0.89070355E+001  0.10543403E+002  0.12411907E+002  0.14526697E+002  0.16901780E+002  0.19551037E+002  0.22488244E+002  0.25727051E+002  0.29281025E+002  0.33163622E+002  0.37388204E+002  0.41968074E+002
  0.96807388E+000  0.97701815E+000  0.10186703E+001  0.11075013E+001  0.12542906E+001  0.14680739E+001  0.16818572E+001  0.18286465E+001  0.19174774E+001  0.19591296E+001  0.19680739E+001  0.19726300E+001  0.20010869E+001  0.20732223E+001  0.22072791E+001  0.24206132E+001  0.27299572E+001  0.31515651E+001  0.37013043E+001  0.43947195E+001  0.52470784E+001  0.62734084E+001  0.74885203E+001  0.89070355E+001  0.10543403E+002  0.12411907E+002  0.14526697E+002  0.16901780E+002  0.19551037E+002  0.22488244E+002  0.25727051E+002  0.29281025E+002  0.33163622E+002  0.37388204E+002  0.41968074E+002
  0.96807380E+000  0.97701807E+000  0.10186702E+001  0.11075012E+001  0.12542905E+001  0.14680738E+001  0.16818571E+001  0.18286464E+001  0.19174774E+001  0.19591295E+001  0.19680738E+001  0.19726300E+001  0.20010868E+001  0.20732222E+001  0.22072790E+001  0.24206131E+001  0.27299571E+001  0.31515651E+001  0.37013042E+001  0.43947194E+001  0.52470783E+001  0.62734083E+001  0.74885202E+001  0.89070355E+001  0.10543403E+002  0.12411907E+002  0.14526697E+002  0.16901780E+002  0.19551037E+002  0.22488244E+002  0.25727051E+002  0.29281025E+002  0.33163622E+002  0.37388204E+002  0.41968074E+002
  0.96806723E+000  0.97701150E+000  0.10186637E+001  0.11074946E+001  0.12542839E+001  0.14680672E+001  0.16818505E+001  0.18286398E+001  0.19174708E+001  0.19591230E+001  0.19680672E+001  0.19726234E+001  0.20010802E+001  0.20732157E+001  0.22072724E+001  0.24206065E+001  0.27299506E+001  0.31515585E+001  0.37012977E+001  0.43947128E+001  0.52470718E+001  0.62734017E+001  0.74885137E+001  0.89070289E+001  0.10543396E+002  0.12411900E+002  0.14526690E+002  0.16901773E+002  0.19551030E+002  0.22488237E+002  0.25727044E+002  0.29281018E+002  0.33163615E+002  0.37388198E+002  0.41968067E+002
  0.96769893E+000  0.97664320E+000  0.10182954E+001  0.11071263E+001  0.12539156E+001  0.14676989E+001  0.16814822E+001  0.18282715E+001  0.19171025E+001  0.19587547E+001  0.19676989E+001  0.19722551E+001  0.20007119E+001  0.20728474E+001  0.22069041E+001  0.24202382E+001  0.27295823E+001  0.31511902E+001  0.37009294E+001  0.43943445E+001  0.52467035E+001  0.62730334E+001  0.74881453E+001  0.89066606E+001  0.10543028E+002  0.12411532E+002  0.14526322E+002  0.16901405E+002  0.19550662E+002  0.22487869E+002  0.25726676E+002  0.29280650E+002  0.33163247E+002  0.37387829E+002  0.41967699E+002
  0.95596044E+000  0.95602150E+000  0.99767367E+000  0.10865046E+001  0.12332939E+001  0.14470772E+001  0.16608605E+001  0.18076498E+001  0.18964808E+001  0.19381329E+001  0.19470772E+001  0.19516334E+001  0.19800902E+001  0.20522257E+001  0.21862824E+001  0.23996165E+001  0.27089606E+001  0.31305685E+001  0.36803077E+001  0.43737228E+001  0.52260818E+001  0.62524117E+001  0.74675236E+001  0.88860389E+001  0.10522406E+002  0.12390910E+002  0.14505700E+002  0.16880783E+002  0.19530040E+002  0.22467247E+002  0.25706054E+002  0.29260028E+002  0.33142625E+002  0.37367208E+002  0.41947077E+002
  0.95926449E+000  0.96820876E+000  0.10098609E+001  0.10986919E+001  0.12454812E+001  0.14592645E+001  0.16730478E+001  0.94471957E+000  0.94401970E+000  0.94363610E+000  0.95258037E+000  0.95713653E+000  0.98559337E+000  0.10577288E+001  0.11917856E+001  0.14051197E+001  0.17144637E+001  0.21360716E+001  0.26858108E+001  0.33792259E+001  0.42315849E+001  0.52579149E+001  0.64730268E+001  0.78915420E+001  0.95279091E+001  0.11396413E+002  0.13511203E+002  0.15886287E+002  0.18535544E+002  0.21472750E+002  0.24711557E+002  0.28265531E+002  0.32148128E+002  0.36372711E+002  0.40952580E+002
  0.93343014E+000  0.94237441E+000  0.98402658E+000  0.10728576E+001  0.75923431E+000  0.75888477E+000  0.75801281E+000  0.75705454E+000  0.75722583E+000  0.75730718E+000  0.76625146E+000  0.77080762E+000  0.79926446E+000  0.87139990E+000  0.10054566E+001  0.12187908E+001  0.15281348E+001  0.19497427E+001  0.24994819E+001  0.31928970E+001  0.40452560E+001  0.50715860E+001  0.62866979E+001  0.77052131E+001  0.93415802E+001  0.11210084E+002  0.13324874E+002  0.15699958E+002  0.18349215E+002  0.21286421E+002  0.24525228E+002  0.28079202E+002  0.31961799E+002  0.36186382E+002  0.40766251E+002
  0.26412009E+000  0.26409307E+000  0.30574524E+000  0.39457621E+000  0.54136551E+000  0.75514879E+000  0.96893208E+000  0.11157214E+001  0.12045523E+001  0.12462045E+001  0.12551488E+001  0.12597050E+001  0.12881618E+001  0.13602972E+001  0.14943540E+001  0.17076881E+001  0.20170321E+001  0.24386401E+001  0.29883792E+001  0.29883957E+001  0.38407547E+001  0.48670846E+001  0.60821965E+001  0.75007118E+001  0.91370788E+001  0.11005583E+002  0.13120373E+002  0.15495456E+002  0.18144713E+002  0.21081920E+002  0.24320727E+002  0.27874701E+002  0.31757298E+002  0.35981880E+002  0.40561750E+002
  0.85660824E+000  0.85666485E+000  0.85692976E+000  0.94576073E+000  0.10925500E+001  0.13063333E+001  0.15201166E+001  0.16669059E+001  0.17557369E+001  0.17973890E+001  0.18063333E+001  0.18108895E+001  0.18393463E+001  0.19114817E+001  0.20455385E+001  0.22588726E+001  0.25682167E+001  0.29898246E+001  0.35395637E+001  0.42329789E+001  0.50853379E+001  0.61116678E+001  0.73267797E+001  0.87452950E+001  0.10381662E+002  0.12250166E+002  0.14364956E+002  0.16740040E+002  0.19389296E+002  0.22326503E+002  0.25565310E+002  0.29119284E+002  0.33001881E+002  0.37226464E+002  0.41806333E+002
