  0.74535681E+000  0.75430109E+000  0.79595326E+000  0.88478423E+000  0.10315735E+001  0.12453568E+001  0.14591401E+001  0.16059294E+001  0.16947604E+001  0.17364125E+001  0.17453568E+001  0.17499130E+001  0.17783698E+001  0.18505052E+001  0.19845620E+001  0.21978961E+001  0.25072401E+001  0.29288481E+001  0.34785872E+001  0.41720024E+001  0.50243613E+001  0.60506913E+001  0.72658032E+001  0.86843184E+001  0.10320685E+002  0.12189190E+002  0.14303980E+002  0.16679063E+002  0.19328320E+002  0.22265526E+002  0.25504334E+002  0.29058308E+002  0.32940905E+002  0.37165487E+002  0.41745357E+002
  0.74535681E+000  0.75430109E+000  0.79595326E+000  0.88478423E+000  0.10315735E+001  0.12453568E+001  0.14591401E+001  0.16059294E+001  0.16947604E+001  0.17364125E+001  0.17453568E+001  0.17499130E+001  0.17783698E+001  0.18505052E+001  0.19845620E+001  0.21978961E+001  0.25072401E+001  0.29288481E+001  0.34785872E+001  0.41720024E+001  0.50243613E+001  0.60506913E+001  0.72658032E+001  0.86843184E+001  0.10320685E+002  0.12189190E+002  0.14303980E+002  0.16679063E+002  0.19328320E+002  0.22265526E+002  0.25504334E+002  0.29058308E+002  0.32940905E+002  0.37165487E+002  0.41745357E+002
  0.74535681E+000  0.75430109E+000  0.79595326E+000  0.88478423E+000  0.10315735E+001  0.12453568E+001  0.14591401E+001  0.16059294E+001  0.16947604E+001  0.17364125E+001  0.17453568E+001  0.17499130E+001  0.17783698E+001  0.18505052E+001  0.19845620E+001  0.21978961E+001  0.25072401E+001  0.29288481E+001  0.34785872E+001  0.41720024E+001  0.50243613E+001  0.60506913E+001  0.72658032E+001  0.86843184E+001  0.10320685E+002  0.12189190E+002  0.14303980E+002  0.16679063E+002  0.19328320E+002  0.22265526E+002  0.25504334E+002  0.29058308E+002  0.32940905E+002  0.37165487E+002  0.41745357E+002
  0.74535681E+000  0.75430109E+000  0.79595326E+000  0.88478423E+000  0.10315735E+001  0.12453568E+001  0.14591401E+001  0.16059294E+001  0.16947604E+001  0.17364125E+001  0.17453568E+001  0.17499130E+001  0.17783698E+001  0.18505052E+001  0.19845620E+001  0.21978961E+001  0.25072401E+001  0.29288481E+001  0.34785872E+001  0.41720024E+001  0.50243613E+001  0.60506913E+001  0.72658032E+001  0.86843184E+001  0.10320685E+002  0.12189190E+002  0.14303980E+002  0.16679063E+002  0.19328320E+002  0.22265526E+002  0.25504334E+002  0.29058308E+002  0.32940905E+002  0.37165487E+002  0.41745357E+002
  0.74535681E+000  0.75430109E+000  0.79595326E+000  0.88478423E+000  0.10315735E+001  0.12453568E+001  0.14591401E+001  0.16059294E+001  0.16947604E+001  0.17364125E+001  0.17453568E+001  0.17499130E+001  0.17783698E+001  0.18505052E+001  0.19845620E+001  0.21978961E+001  0.25072401E+001  0.29288481E+001  0.34785872E+001  0.41720024E+001  0.50243613E+001  0.60506913E+001  0.72658032E+001  0.86843184E+001  0.10320685E+002  0.12189190E+002  0.14303980E+002  0.16679063E+002  0.19328320E+002  0.22265526E+002  0.25504334E+002  0.29058308E+002  0.32940905E+002  0.37165487E+002  0.41745357E+002
  0.74535681E+000  0.75430109E+000  0.79595326E+000  0.88478423E+000  0.10315735E+001  0.12453568E+001  0.14591401E+001  0.16059294E+001  0.16947604E+001  0.17364125E+001  0.17453568E+001  0.17499130E+001  0.17783698E+001  0.18505052E+001  0.19845620E+001  0.21978961E+001  0.25072401E+001  0.29288481E+001  0.34785872E+001  0.41720024E+001  0.50243613E+001  0.60506913E+001  0.72658032E+001  0.86843184E+001  0.10320685E+002  0.12189190E+002  0.14303980E+002  0.16679063E+002  0.19328320E+002  0.22265526E+002  0.25504334E+002  0.29058308E+002  0.32940905E+002  0.37165487E+002  0.41745357E+002
  0.74535681E+000  0.75430109E+000  0.79595326E+000  0.88478423E+000  0.10315735E+001  0.12453568E+001  0.14591401E+001  0.16059294E+001  0.16947604E+001  0.17364125E+001  0.17453568E+001  0.17499130E+001  0.17783698E+001  0.18505052E+001  0.19845620E+001  0.21978961E+001  0.25072401E+001  0.29288481E+001  0.34785872E+001  0.41720024E+001  0.50243613E+001  0.60506913E+001  0.72658032E+001  0.86843184E+001  0.10320685E+002  0.12189190E+002  0.14303980E+002  0.16679063E+002  0.19328320E+002  0.22265526E+002  0.25504334E+002  0.29058308E+002  0.32940905E+002  0.37165487E+002  0.41745357E+002
  0.74535681E+000  0.75430109E+000  0.79595326E+000  0.88478423E+000  0.10315735E+001  0.12453568E+001  0.14591401E+001  0.16059294E+001  0.16947604E+001  0.17364125E+001  0.17453568E+001  0.17499130E+001  0.17783698E+001  0.18505052E+001  0.19845620E+001  0.21978961E+001  0.25072401E+001  0.29288481E+001  0.34785872E+001  0.41720024E+001  0.50243613E+001  0.60506913E+001  0.72658032E+001  0.86843184E+001  0.10320685E+002  0.12189190E+002  0.14303980E+002  0.16679063E+002  0.19328320E+002  0.22265526E+002  0.25504334E+002  0.29058308E+002  0.32940905E+002  0.37165487E+002  0.41745357E+002
  0.74535681E+000  0.75430109E+000  0.79595326E+000  0.88478423E+000  0.10315735E+001  0.12453568E+001  0.14591401E+001  0.16059294E+001  0.16947604E+001  0.17364125E+001  0.17453568E+001  0.17499130E+001  0.17783698E+001  0.18505052E+001  0.19845620E+001  0.21978961E+001  0.25072401E+001  0.29288481E+001  0.34785872E+001  0.41720024E+001  0.50243613E+001  0.60506913E+001  0.72658032E+001  0.86843184E+001  0.10320685E+002  0.12189190E+002  0.14303980E+002  0.16679063E+002  0.19328320E+002  0.22265526E+002  0.25504334E+002  0.29058308E+002  0.32940905E+002  0.37165487E+002  0.41745357E+002
  0.74535681E+000  0.75430109E+000  0.79595326E+000  0.88478423E+000  0.10315735E+001  0.12453568E+001  0.14591401E+001  0.16059294E+001  0.16947604E+001  0.17364125E+001  0.17453568E+001  0.17499130E+001  0.17783698E+001  0.18505052E+001  0.19845620E+001  0.21978961E+001  0.25072401E+001  0.29288481E+001  0.34785872E+001  0.41720024E+001  0.50243613E+001  0.60506913E+001  0.72658032E+001  0.86843184E+001  0.10320685E+002  0.12189190E+002  0.14303980E+002  0.16679063E+002  0.19328320E+002  0.22265526E+002  0.25504334E+002  0.29058308E+002  0.32940905E+002  0.37165487E+002  0.41745357E+002
  0.74535681E+000  0.75430109E+000  0.79595326E+000  0.88478423E+000  0.10315735E+001  0.12453568E+001  0.14591401E+001  0.16059294E+001  0.16947604E+001  0.17364125E+001  0.17453568E+001  0.17499130E+001  0.17783698E+001  0.18505052E+001  0.19845620E+001  0.21978961E+001  0.25072401E+001  0.29288481E+001  0.34785872E+001  0.41720024E+001  0.50243613E+001  0.60506913E+001  0.72658032E+001  0.86843184E+001  0.10320685E+002  0.12189190E+002  0.14303980E+002  0.16679063E+002  0.19328320E+002  0.22265526E+002  0.25504334E+002  0.29058308E+002  0.32940905E+002  0.37165487E+002  0.41745357E+002
  0.74535681E+000  0.75430109E+000  0.79595326E+000  0.88478423E+000  0.10315735E+001  0.12453568E+001  0.14591401E+001  0.16059294E+001  0.16947604E+001  0.17364125E+001  0.17453568E+001  0.17499130E+001  0.17783698E+001  0.18505052E+001  0.19845620E+001  0.21978961E+001  0.25072401E+001  0.29288481E+001  0.34785872E+001  0.41720024E+001  0.50243613E+001  0.60506913E+001  0.72658032E+001  0.86843184E+001  0.10320685E+002  0.12189190E+002  0.14303980E+002  0.16679063E+002  0.19328320E+002  0.22265526E+002  0.25504334E+002  0.29058308E+002  0.32940905E+002  0.37165487E+002  0.41745357E+002
  0.74535681E+000  0.75430109E+000  0.79595326E+000  0.88478423E+000  0.10315735E+001  0.12453568E+001  0.14591401E+001  0.16059294E+001  0.16947604E+001  0.17364125E+001  0.17453568E+001  0.17499130E+001  0.17783698E+001  0.18505052E+001  0.19845620E+001  0.21978961E+001  0.25072401E+001  0.29288481E+001  0.34785872E+001  0.41720024E+001  0.50243613E+001  0.60506913E+001  0.72658032E+001  0.86843184E+001  0.10320685E+002  0.12189190E+002  0.14303980E+002  0.16679063E+002  0.19328320E+002  0.22265526E+002  0.25504334E+002  0.29058308E+002  0.32940905E+002  0.37165487E+002  0.41745357E+002
  0.74535681E+000  0.75430109E+000  0.79595326E+000  0.88478423E+000  0.10315735E+001  0.12453568E+001  0.14591401E+001  0.16059294E+001  0.16947604E+001  0.17364125E+001  0.17453568E+001  0.17499130E+001  0.17783698E+001  0.18505052E+001  0.19845620E+001  0.21978961E+001  0.25072401E+001  0.29288481E+001  0.34785872E+001  0.41720024E+001  0.50243613E+001  0.60506913E+001  0.72658032E+001  0.86843184E+001  0.10320685E+002  0.12189190E+002  0.14303980E+002  0.16679063E+002  0.19328320E+002  0.22265526E+002  0.25504334E+002  0.29058308E+002  0.32940905E+002  0.37165487E+002  0.41745357E+002
  0.74535681E+000  0.75430109E+000  0.79595326E+000  0.88478423E+000  0.10315735E+001  0.12453568E+001  0.14591401E+001  0.16059294E+001  0.16947604E+001  0.17364125E+001  0.17453568E+001  0.17499130E+001  0.17783698E+001  0.18505052E+001  0.19845620E+001  0.21978961E+001  0.25072401E+001  0.29288481E+001  0.34785872E+001  0.41720024E+001  0.50243613E+001  0.60506913E+001  0.72658032E+001  0.86843184E+001  0.10320685E+002  0.12189190E+002  0.14303980E+002  0.16679063E+002  0.19328320E+002  0.22265526E+002  0.25504334E+002  0.29058308E+002  0.32940905E+002  0.37165487E+002  0.41745357E+002
  0.74535681E+000  0.75430109E+000  0.79595326E+000  0.88478423E+000  0.10315735E+001  0.12453568E+001  0.14591401E+001  0.16059294E+001  0.16947604E+001  0.17364125E+001  0.17453568E+001  0.17499130E+001  0.17783698E+001  0.18505052E+001  0.19845620E+001  0.21978961E+001  0.25072401E+001  0.29288481E+001  0.34785872E+001  0.41720024E+001  0.50243613E+001  0.60506913E+001  0.72658032E+001  0.86843184E+001  0.10320685E+002  0.12189190E+002  0.14303980E+002  0.16679063E+002  0.19328320E+002  0.22265526E+002  0.25504334E+002  0.29058308E+002  0.32940905E+002  0.37165487E+002  0.41745357E+002
  0.74535681E+000  0.75430109E+000  0.79595326E+000  0.88478423E+000  0.10315735E+001  0.12453568E+001  0.14591401E+001  0.16059294E+001  0.16947604E+001  0.17364125E+001  0.17453568E+001  0.17499130E+001  0.17783698E+001  0.18505052E+001  0.19845620E+001  0.21978961E+001  0.25072401E+001  0.29288481E+001  0.34785872E+001  0.41720024E+001  0.50243613E+001  0.60506913E+001  0.72658032E+001  0.86843184E+001  0.10320685E+002  0.12189190E+002  0.14303980E+002  0.16679063E+002  0.19328320E+002  0.22265526E+002  0.25504334E+002  0.29058308E+002  0.32940905E+002  0.37165487E+002  0.41745357E+002
  0.74535676E+000  0.75430103E+000  0.79595320E+000  0.88478417E+000  0.10315735E+001  0.12453568E+001  0.14591400E+001  0.16059293E+001  0.16947603E+001  0.17364125E+001  0.17453567E+001  0.17499129E+001  0.17783697E+001  0.18505052E+001  0.19845619E+001  0.21978960E+001  0.25072401E+001  0.29288480E+001  0.34785872E+001  0.41720023E+001  0.50243613E+001  0.60506912E+001  0.72658031E+001  0.86843184E+001  0.10320685E+002  0.12189190E+002  0.14303980E+002  0.16679063E+002  0.19328320E+002  0.22265526E+002  0.25504334E+002  0.29058308E+002  0.32940905E+002  0.37165487E+002  0.41745356E+002
  0.74535183E+000  0.75429610E+000  0.79594828E+000  0.88477925E+000  0.10315685E+001  0.12453518E+001  0.14591351E+001  0.16059244E+001  0.16947554E+001  0.17364075E+001  0.17453518E+001  0.17499080E+001  0.17783648E+001  0.18505003E+001  0.19845570E+001  0.21978911E+001  0.25072352E+001  0.29288431E+001  0.34785823E+001  0.41719974E+001  0.50243564E+001  0.60506863E+001  0.72657982E+001  0.86843134E+001  0.10320680E+002  0.12189185E+002  0.14303975E+002  0.16679058E+002  0.19328315E+002  0.22265521E+002  0.25504329E+002  0.29058303E+002  0.32940900E+002  0.37165482E+002  0.41745352E+002
  0.74503151E+000  0.75397579E+000  0.79562796E+000  0.88445893E+000  0.10312482E+001  0.12450315E+001  0.14588148E+001  0.16056041E+001  0.16944351E+001  0.17360872E+001  0.17450315E+001  0.17495877E+001  0.17780445E+001  0.18501799E+001  0.19842367E+001  0.21975708E+001  0.25069149E+001  0.29285228E+001  0.34782619E+001  0.41716771E+001  0.50240360E+001  0.60503660E+001  0.72654779E+001  0.86839931E+001  0.10320360E+002  0.12188864E+002  0.14303654E+002  0.16678738E+002  0.19327995E+002  0.22265201E+002  0.25504008E+002  0.29057982E+002  0.32940579E+002  0.37165162E+002  0.41745031E+002
  0.73124801E+000  0.74019228E+000  0.78184445E+000  0.87067542E+000  0.10174647E+001  0.12312480E+001  0.14450313E+001  0.15918206E+001  0.16806516E+001  0.17223037E+001  0.17312480E+001  0.17358042E+001  0.17642610E+001  0.18363964E+001  0.19704532E+001  0.21837873E+001  0.24931313E+001  0.29147392E+001  0.82521839E+000  0.80543825E+000  0.16577972E+001  0.26841272E+001  0.38992391E+001  0.53177543E+001  0.69541213E+001  0.88226254E+001  0.10937416E+002  0.13312499E+002  0.15961756E+002  0.18898962E+002  0.22137769E+002  0.25691743E+002  0.29574340E+002  0.33798923E+002  0.38378792E+002
  0.36955253E+000  0.36955251E+000  0.36955246E+000  0.49482085E+000  0.49482053E+000  0.49482006E+000  0.49481959E+000  0.49481927E+000  0.49481907E+000  0.49481898E+000  0.49481896E+000  0.49481895E+000  0.49481889E+000  0.49481873E+000  0.49481843E+000  0.49481797E+000  0.49481729E+000  0.49481599E+000  0.49481429E+000  0.49481216E+000  0.49480954E+000  0.49480638E+000  0.49480263E+000  0.49479827E+000  0.49479323E+000  0.49478748E+000  0.49478097E+000  0.49477366E+000  0.49476550E+000  0.49475647E+000  0.49474651E+000  0.49473121E+000  0.49471928E+000  0.49470630E+000  0.49469224E+000
  0.17910001E+000  0.17915015E+000  0.17938333E+000  0.17950592E+000  0.17950643E+000  0.17950718E+000  0.17950820E+000  0.17950925E+000  0.17950991E+000  0.17951023E+000  0.17951030E+000  0.17951033E+000  0.17951054E+000  0.17951111E+000  0.17951228E+000  0.17951442E+000  0.17951811E+000  0.17952422E+000  0.17953402E+000  0.17954495E+000  0.17954703E+000  0.17954973E+000  0.17955321E+000  0.17955766E+000  0.17956335E+000  0.17957075E+000  0.17958133E+000  0.17959985E+000  0.17965110E+000  0.17974551E+000  0.17989533E+000  0.17992947E+000  0.18001001E+000  0.18017541E+000  0.18044613E+000
  0.73175939E+000  0.74070367E+000  0.78235584E+000  0.78235577E+000  0.75006164E+000  0.75246432E+000  0.96624760E+000  0.13423851E+001  0.13978732E+001  0.14395253E+001  0.14484696E+001  0.13842106E+001  0.14024799E+001  0.14746154E+001  0.16086721E+001  0.18220062E+001  0.21313503E+001  0.25529582E+001  0.31026973E+001  0.37961124E+001  0.73775010E+000  0.78371258E+000  0.83735332E+000  0.89984383E+000  0.97623180E+000  0.10890954E+001  0.13270607E+001  0.19693641E+001  0.46186209E+001  0.75558273E+001  0.10794634E+002  0.23844940E+001  0.49400706E+001  0.91646531E+001  0.13744523E+002
  0.74443035E+000  0.75337462E+000  0.79502680E+000  0.56883934E+000  0.56954337E+000  0.69631028E+000  0.91009356E+000  0.10568829E+001  0.11457138E+001  0.11873660E+001  0.11963103E+001  0.12008664E+001  0.12293233E+001  0.13014587E+001  0.14355155E+001  0.16488496E+001  0.19581936E+001  0.23798015E+001 -0.46035771E+000 -0.48260137E+000  0.36975760E+000  0.13960875E+001  0.26111994E+001  0.40297146E+001  0.56660816E+001  0.75345854E+001  0.96493753E+001  0.12024458E+002  0.14673715E+002  0.17610921E+002  0.20849727E+002  0.24403699E+002  0.28286294E+002  0.32510875E+002  0.37090742E+002
