  0.44128526E+000  0.45022953E+000  0.49188170E+000  0.58071267E+000  0.72750197E+000  0.94128525E+000  0.11550685E+001  0.13018578E+001  0.13906888E+001  0.14323410E+001  0.14412853E+001  0.14458414E+001  0.14742983E+001  0.15464337E+001  0.16804904E+001  0.18938246E+001  0.22031686E+001  0.26247765E+001  0.31745157E+001  0.38679308E+001  0.47202898E+001  0.57466198E+001  0.69617317E+001  0.83802469E+001  0.10016614E+002  0.11885118E+002  0.13999908E+002  0.16374992E+002  0.19024248E+002  0.21961455E+002  0.25200262E+002  0.28754236E+002  0.32636833E+002  0.36861416E+002  0.41441285E+002
  0.44128526E+000  0.45022953E+000  0.49188170E+000  0.58071267E+000  0.72750197E+000  0.94128525E+000  0.11550685E+001  0.13018578E+001  0.13906888E+001  0.14323410E+001  0.14412853E+001  0.14458414E+001  0.14742983E+001  0.15464337E+001  0.16804904E+001  0.18938246E+001  0.22031686E+001  0.26247765E+001  0.31745157E+001  0.38679308E+001  0.47202898E+001  0.57466198E+001  0.69617317E+001  0.83802469E+001  0.10016614E+002  0.11885118E+002  0.13999908E+002  0.16374992E+002  0.19024248E+002  0.21961455E+002  0.25200262E+002  0.28754236E+002  0.32636833E+002  0.36861416E+002  0.41441285E+002
  0.44128526E+000  0.45022953E+000  0.49188170E+000  0.58071267E+000  0.72750197E+000  0.94128525E+000  0.11550685E+001  0.13018578E+001  0.13906888E+001  0.14323410E+001  0.14412853E+001  0.14458414E+001  0.14742983E+001  0.15464337E+001  0.16804904E+001  0.18938246E+001  0.22031686E+001  0.26247765E+001  0.31745157E+001  0.38679308E+001  0.47202898E+001  0.57466198E+001  0.69617317E+001  0.83802469E+001  0.10016614E+002  0.11885118E+002  0.13999908E+002  0.16374992E+002  0.19024248E+002  0.21961455E+002  0.25200262E+002  0.28754236E+002  0.32636833E+002  0.36861416E+002  0.41441285E+002
  0.44128526E+000  0.45022953E+000  0.49188170E+000  0.58071267E+000  0.72750197E+000  0.94128525E+000  0.11550685E+001  0.13018578E+001  0.13906888E+001  0.14323410E+001  0.14412853E+001  0.14458414E+001  0.14742983E+001  0.15464337E+001  0.16804904E+001  0.18938246E+001  0.22031686E+001  0.26247765E+001  0.31745157E+001  0.38679308E+001  0.47202898E+001  0.57466198E+001  0.69617317E+001  0.83802469E+001  0.10016614E+002  0.11885118E+002  0.13999908E+002  0.16374992E+002  0.19024248E+002  0.21961455E+002  0.25200262E+002  0.28754236E+002  0.32636833E+002  0.36861416E+002  0.41441285E+002
  0.44128526E+000  0.45022953E+000  0.49188170E+000  0.58071267E+000  0.72750197E+000  0.94128525E+000  0.11550685E+001  0.13018578E+001  0.13906888E+001  0.14323410E+001  0.14412853E+001  0.14458414E+001  0.14742983E+001  0.15464337E+001  0.16804904E+001  0.18938246E+001  0.22031686E+001  0.26247765E+001  0.31745157E+001  0.38679308E+001  0.47202898E+001  0.57466198E+001  0.69617317E+001  0.83802469E+001  0.10016614E+002  0.11885118E+002  0.13999908E+002  0.16374992E+002  0.19024248E+002  0.21961455E+002  0.25200262E+002  0.28754236E+002  0.32636833E+002  0.36861416E+002  0.41441285E+002
  0.44128526E+000  0.45022953E+000  0.49188170E+000  0.58071267E+000  0.72750197E+000  0.94128525E+000  0.11550685E+001  0.13018578E+001  0.13906888E+001  0.14323410E+001  0.14412853E+001  0.14458414E+001  0.14742983E+001  0.15464337E+001  0.16804904E+001  0.18938246E+001  0.22031686E+001  0.26247765E+001  0.31745157E+001  0.38679308E+001  0.47202898E+001  0.57466198E+001  0.69617317E+001  0.83802469E+001  0.10016614E+002  0.11885118E+002  0.13999908E+002  0.16374992E+002  0.19024248E+002  0.21961455E+002  0.25200262E+002  0.28754236E+002  0.32636833E+002  0.36861416E+002  0.41441285E+002
  0.44128526E+000  0.45022953E+000  0.49188170E+000  0.58071267E+000  0.72750197E+000  0.94128525E+000  0.11550685E+001  0.13018578E+001  0.13906888E+001  0.14323410E+001  0.14412853E+001  0.14458414E+001  0.14742983E+001  0.15464337E+001  0.16804904E+001  0.18938246E+001  0.22031686E+001  0.26247765E+001  0.31745157E+001  0.38679308E+001  0.47202898E+001  0.57466198E+001  0.69617317E+001  0.83802469E+001  0.10016614E+002  0.11885118E+002  0.13999908E+002  0.16374992E+002  0.19024248E+002  0.21961455E+002  0.25200262E+002  0.28754236E+002  0.32636833E+002  0.36861416E+002  0.41441285E+002
  0.44128526E+000  0.45022953E+000  0.49188170E+000  0.58071267E+000  0.72750197E+000  0.94128525E+000  0.11550685E+001  0.13018578E+001  0.13906888E+001  0.14323410E+001  0.14412853E+001  0.14458414E+001  0.14742983E+001  0.15464337E+001  0.16804904E+001  0.18938246E+001  0.22031686E+001  0.26247765E+001  0.31745157E+001  0.38679308E+001  0.47202898E+001  0.57466198E+001  0.69617317E+001  0.83802469E+001  0.10016614E+002  0.11885118E+002  0.13999908E+002  0.16374992E+002  0.19024248E+002  0.21961455E+002  0.25200262E+002  0.28754236E+002  0.32636833E+002  0.36861416E+002  0.41441285E+002
  0.44128526E+000  0.45022953E+000  0.49188170E+000  0.58071267E+000  0.72750197E+000  0.94128525E+000  0.11550685E+001  0.13018578E+001  0.13906888E+001  0.14323410E+001  0.14412853E+001  0.14458414E+001  0.14742983E+001  0.15464337E+001  0.16804904E+001  0.18938246E+001  0.22031686E+001  0.26247765E+001  0.31745157E+001  0.38679308E+001  0.47202898E+001  0.57466198E+001  0.69617317E+001  0.83802469E+001  0.10016614E+002  0.11885118E+002  0.13999908E+002  0.16374992E+002  0.19024248E+002  0.21961455E+002  0.25200262E+002  0.28754236E+002  0.32636833E+002  0.36861416E+002  0.41441285E+002
  0.44128526E+000  0.45022953E+000  0.49188170E+000  0.58071267E+000  0.72750197E+000  0.94128525E+000  0.11550685E+001  0.13018578E+001  0.13906888E+001  0.14323410E+001  0.14412853E+001  0.14458414E+001  0.14742983E+001  0.15464337E+001  0.16804904E+001  0.18938246E+001  0.22031686E+001  0.26247765E+001  0.31745157E+001  0.38679308E+001  0.47202898E+001  0.57466198E+001  0.69617317E+001  0.83802469E+001  0.10016614E+002  0.11885118E+002  0.13999908E+002  0.16374992E+002  0.19024248E+002  0.21961455E+002  0.25200262E+002  0.28754236E+002  0.32636833E+002  0.36861416E+002  0.41441285E+002
  0.44128526E+000  0.45022953E+000  0.49188170E+000  0.58071267E+000  0.72750197E+000  0.94128525E+000  0.11550685E+001  0.13018578E+001  0.13906888E+001  0.14323410E+001  0.14412853E+001  0.14458414E+001  0.14742983E+001  0.15464337E+001  0.16804904E+001  0.18938246E+001  0.22031686E+001  0.26247765E+001  0.31745157E+001  0.38679308E+001  0.47202898E+001  0.57466198E+001  0.69617317E+001  0.83802469E+001  0.10016614E+002  0.11885118E+002  0.13999908E+002  0.16374992E+002  0.19024248E+002  0.21961455E+002  0.25200262E+002  0.28754236E+002  0.32636833E+002  0.36861416E+002  0.41441285E+002
  0.44128526E+000  0.45022953E+000  0.49188170E+000  0.58071267E+000  0.72750197E+000  0.94128525E+000  0.11550685E+001  0.13018578E+001  0.13906888E+001  0.14323410E+001  0.14412853E+001  0.14458414E+001  0.14742983E+001  0.15464337E+001  0.16804904E+001  0.18938246E+001  0.22031686E+001  0.26247765E+001  0.31745157E+001  0.38679308E+001  0.47202898E+001  0.57466198E+001  0.69617317E+001  0.83802469E+001  0.10016614E+002  0.11885118E+002  0.13999908E+002  0.16374992E+002  0.19024248E+002  0.21961455E+002  0.25200262E+002  0.28754236E+002  0.32636833E+002  0.36861416E+002  0.41441285E+002
  0.44128526E+000  0.45022953E+000  0.49188170E+000  0.58071267E+000  0.72750197E+000  0.94128525E+000  0.11550685E+001  0.13018578E+001  0.13906888E+001  0.14323410E+001  0.14412853E+001  0.14458414E+001  0.14742983E+001  0.15464337E+001  0.16804904E+001  0.18938246E+001  0.22031686E+001  0.26247765E+001  0.31745157E+001  0.38679308E+001  0.47202898E+001  0.57466198E+001  0.69617317E+001  0.83802469E+001  0.10016614E+002  0.11885118E+002  0.13999908E+002  0.16374992E+002  0.19024248E+002  0.21961455E+002  0.25200262E+002  0.28754236E+002  0.32636833E+002  0.36861416E+002  0.41441285E+002
  0.44128526E+000  0.45022953E+000  0.49188170E+000  0.58071267E+000  0.72750197E+000  0.94128525E+000  0.11550685E+001  0.13018578E+001  0.13906888E+001  0.14323410E+001  0.14412853E+001  0.14458414E+001  0.14742983E+001  0.15464337E+001  0.16804904E+001  0.18938246E+001  0.22031686E+001  0.26247765E+001  0.31745157E+001  0.38679308E+001  0.47202898E+001  0.57466198E+001  0.69617317E+001  0.83802469E+001  0.10016614E+002  0.11885118E+002  0.13999908E+002  0.16374992E+002  0.19024248E+002  0.21961455E+002  0.25200262E+002  0.28754236E+002  0.32636833E+002  0.36861416E+002  0.41441285E+002
  0.44128526E+000  0.45022953E+000  0.49188170E+000  0.58071267E+000  0.72750197E+000  0.94128525E+000  0.11550685E+001  0.13018578E+001  0.13906888E+001  0.14323410E+001  0.14412853E+001  0.14458414E+001  0.14742983E+001  0.15464337E+001  0.16804904E+001  0.18938246E+001  0.22031686E+001  0.26247765E+001  0.31745157E+001  0.38679308E+001  0.47202898E+001  0.57466198E+001  0.69617317E+001  0.83802469E+001  0.10016614E+002  0.11885118E+002  0.13999908E+002  0.16374992E+002  0.19024248E+002  0.21961455E+002  0.25200262E+002  0.28754236E+002  0.32636833E+002  0.36861416E+002  0.41441285E+002
  0.44128525E+000  0.45022953E+000  0.49188170E+000  0.58071267E+000  0.72750197E+000  0.94128525E+000  0.11550685E+001  0.13018578E+001  0.13906888E+001  0.14323410E+001  0.14412853E+001  0.14458414E+001  0.14742983E+001  0.15464337E+001  0.16804904E+001  0.18938246E+001  0.22031686E+001  0.26247765E+001  0.31745157E+001  0.38679308E+001  0.47202898E+001  0.57466198E+001  0.69617317E+001  0.83802469E+001  0.10016614E+002  0.11885118E+002  0.13999908E+002  0.16374992E+002  0.19024248E+002  0.21961455E+002  0.25200262E+002  0.28754236E+002  0.32636833E+002  0.36861416E+002  0.41441285E+002
  0.44128522E+000  0.45022949E+000  0.49188167E+000  0.58071264E+000  0.72750194E+000  0.94128522E+000  0.11550685E+001  0.13018578E+001  0.13906888E+001  0.14323409E+001  0.14412852E+001  0.14458414E+001  0.14742982E+001  0.15464337E+001  0.16804904E+001  0.18938245E+001  0.22031686E+001  0.26247765E+001  0.31745157E+001  0.38679308E+001  0.47202898E+001  0.57466197E+001  0.69617317E+001  0.83802469E+001  0.10016614E+002  0.11885118E+002  0.13999908E+002  0.16374992E+002  0.19024248E+002  0.21961455E+002  0.25200262E+002  0.28754236E+002  0.32636833E+002  0.36861416E+002  0.41441285E+002
  0.44128335E+000  0.45022762E+000  0.49187980E+000  0.58071077E+000  0.72750006E+000  0.94128335E+000  0.11550666E+001  0.13018559E+001  0.13906869E+001  0.14323391E+001  0.14412833E+001  0.14458395E+001  0.14742963E+001  0.15464318E+001  0.16804885E+001  0.18938227E+001  0.22031667E+001  0.26247746E+001  0.31745138E+001  0.38679289E+001  0.47202879E+001  0.57466179E+001  0.69617298E+001  0.83802450E+001  0.10016612E+002  0.11885116E+002  0.13999906E+002  0.16374990E+002  0.19024247E+002  0.21961453E+002  0.25200260E+002  0.28754234E+002  0.32636831E+002  0.36861414E+002  0.41441283E+002
  0.44120601E+000  0.45015028E+000  0.49180245E+000  0.58063342E+000  0.72742272E+000  0.94120601E+000  0.11549893E+001  0.13017786E+001  0.13906096E+001  0.14322617E+001  0.14412060E+001  0.14457622E+001  0.14742190E+001  0.15463544E+001  0.16804112E+001  0.18937453E+001  0.22030894E+001  0.26246973E+001  0.31744365E+001  0.38678516E+001  0.47202106E+001  0.57465405E+001  0.69616524E+001  0.83801677E+001  0.10016535E+002  0.11885039E+002  0.13999829E+002  0.16374912E+002  0.19024169E+002  0.21961376E+002  0.25200183E+002  0.28754157E+002  0.32636754E+002  0.36861337E+002  0.41441206E+002
  0.43911217E+000  0.44805644E+000  0.48970862E+000  0.57853959E+000  0.72532888E+000  0.93911217E+000  0.11528955E+001  0.12996848E+001  0.13885157E+001  0.14301679E+001  0.14391122E+001  0.14436683E+001  0.14721252E+001  0.15442606E+001  0.16783174E+001  0.18916515E+001  0.22009955E+001  0.26226034E+001  0.31723426E+001  0.38657577E+001  0.47181167E+001  0.57444467E+001  0.69595586E+001  0.83780738E+001  0.10014441E+002  0.11882945E+002  0.13997735E+002  0.16372818E+002  0.19022075E+002  0.21959282E+002  0.25198089E+002  0.28752063E+002  0.32634660E+002  0.36859243E+002  0.41439112E+002
  0.40979888E+000  0.41874315E+000  0.46039532E+000  0.54922629E+000  0.69601559E+000  0.90979888E+000  0.11235822E+001  0.12703715E+001  0.13592024E+001  0.14008546E+001  0.14097989E+001  0.14143550E+001  0.14428119E+001  0.15149473E+001  0.16490041E+001  0.18623382E+001  0.21716822E+001  0.25932902E+001  0.31430293E+001  0.38364445E+001  0.46888034E+001  0.57151334E+001  0.69302453E+001  0.83487605E+001  0.99851276E+001  0.11853632E+002  0.13968422E+002  0.16343505E+002  0.18992762E+002  0.21929969E+002  0.25168776E+002  0.28722750E+002  0.32605347E+002  0.36829929E+002  0.41409799E+002
  0.37040359E+000  0.37934786E+000  0.42100003E+000  0.50983100E+000  0.65662030E+000  0.87040359E+000  0.10841869E+001  0.12309762E+001  0.13198071E+001  0.13614593E+001  0.13704036E+001  0.13749597E+001  0.14034166E+001  0.14755520E+001  0.16096088E+001  0.18229429E+001  0.21322869E+001  0.25538949E+001  0.31036340E+001  0.37970492E+001  0.46494081E+001  0.56757381E+001  0.68908500E+001  0.83093653E+001  0.99457323E+001  0.11814236E+002  0.13929027E+002  0.16304110E+002  0.18953367E+002  0.21890573E+002  0.25129381E+002  0.28683355E+002  0.32565952E+002  0.36790534E+002  0.41370404E+002
  0.36777402E+000  0.37671829E+000  0.41837047E+000  0.50720144E+000  0.65399074E+000  0.86777402E+000  0.10815573E+001  0.12283466E+001  0.13171776E+001  0.13588297E+001  0.13677740E+001  0.13723302E+001  0.14007870E+001  0.14729225E+001  0.16069792E+001  0.18203133E+001  0.21296574E+001  0.25512653E+001  0.31010045E+001  0.37944196E+001  0.46467786E+001  0.56731085E+001  0.68882204E+001  0.83067357E+001  0.99431027E+001  0.11811607E+002  0.13926397E+002  0.16301480E+002  0.18950737E+002  0.21887944E+002  0.25126751E+002  0.28680725E+002  0.32563322E+002  0.36787904E+002  0.41367774E+002
  0.28527735E+000  0.28527740E+000  0.28527762E+000  0.28527810E+000  0.28527890E+000  0.28528006E+000  0.28528122E+000  0.28528202E+000  0.28528250E+000  0.28528273E+000  0.28528277E+000  0.28528280E+000  0.28528297E+000  0.28528352E+000  0.28528491E+000  0.28528806E+000  0.28529459E+000  0.28530715E+000  0.28532975E+000  0.28536369E+000  0.28540585E+000  0.28547830E+000  0.28559447E+000  0.28577150E+000  0.28603083E+000  0.21545351E+001  0.42693255E+001  0.66444089E+001  0.92936661E+001  0.12230873E+002  0.15469680E+002  0.19023655E+002  0.22906252E+002  0.27130835E+002  0.31710705E+002
  0.54779064E+000  0.54781741E+000  0.54794144E+000  0.54819038E+000  0.54855920E+000  0.54893357E+000  0.54908487E+000  0.54895956E+000  0.54924176E+000  0.54935186E+000  0.54937492E+000  0.55393108E+000  0.58238792E+000  0.65452336E+000  0.78858010E+000  0.10019142E+001  0.13112583E+001  0.17328662E+001  0.22826054E+001  0.26626515E+001  0.26886147E+001  0.37149447E+001  0.49300566E+001  0.63485718E+001  0.79849389E+001  0.98534430E+001  0.11342132E+002  0.11485965E+002  0.14135222E+002  0.17072428E+002  0.20311235E+002  0.23865209E+002  0.27747806E+002  0.33418631E+002  0.33645859E+002
