 -0.13880569E+000 -0.12986142E+000 -0.88209244E-001  0.62172712E-003  0.14741102E+000  0.36119431E+000  0.57497760E+000  0.72176689E+000  0.81059786E+000  0.85225004E+000  0.86119431E+000  0.86575047E+000  0.89420731E+000  0.96634275E+000  0.11003995E+001  0.13137336E+001  0.16230777E+001  0.20446856E+001  0.25944248E+001  0.32878399E+001  0.41401989E+001  0.51665288E+001  0.63816407E+001  0.78001560E+001  0.94365230E+001  0.11305027E+002  0.13419817E+002  0.15794901E+002  0.18444158E+002  0.21381364E+002  0.24620171E+002  0.28174145E+002  0.32056742E+002  0.36281325E+002  0.40861194E+002
 -0.13880569E+000 -0.12986142E+000 -0.88209244E-001  0.62172712E-003  0.14741102E+000  0.36119431E+000  0.57497760E+000  0.72176689E+000  0.81059786E+000  0.85225004E+000  0.86119431E+000  0.86575047E+000  0.89420731E+000  0.96634275E+000  0.11003995E+001  0.13137336E+001  0.16230777E+001  0.20446856E+001  0.25944248E+001  0.32878399E+001  0.41401989E+001  0.51665288E+001  0.63816407E+001  0.78001560E+001  0.94365230E+001  0.11305027E+002  0.13419817E+002  0.15794901E+002  0.18444158E+002  0.21381364E+002  0.24620171E+002  0.28174145E+002  0.32056742E+002  0.36281325E+002  0.40861194E+002
 -0.13880569E+000 -0.12986142E+000 -0.88209244E-001  0.62172712E-003  0.14741102E+000  0.36119431E+000  0.57497760E+000  0.72176689E+000  0.81059786E+000  0.85225004E+000  0.86119431E+000  0.86575047E+000  0.89420731E+000  0.96634275E+000  0.11003995E+001  0.13137336E+001  0.16230777E+001  0.20446856E+001  0.25944248E+001  0.32878399E+001  0.41401989E+001  0.51665288E+001  0.63816407E+001  0.78001560E+001  0.94365230E+001  0.11305027E+002  0.13419817E+002  0.15794901E+002  0.18444158E+002  0.21381364E+002  0.24620171E+002  0.28174145E+002  0.32056742E+002  0.36281325E+002  0.40861194E+002
 -0.13880569E+000 -0.12986142E+000 -0.88209244E-001  0.62172712E-003  0.14741102E+000  0.36119431E+000  0.57497760E+000  0.72176689E+000  0.81059786E+000  0.85225004E+000  0.86119431E+000  0.86575047E+000  0.89420731E+000  0.96634275E+000  0.11003995E+001  0.13137336E+001  0.16230777E+001  0.20446856E+001  0.25944248E+001  0.32878399E+001  0.41401989E+001  0.51665288E+001  0.63816407E+001  0.78001560E+001  0.94365230E+001  0.11305027E+002  0.13419817E+002  0.15794901E+002  0.18444158E+002  0.21381364E+002  0.24620171E+002  0.28174145E+002  0.32056742E+002  0.36281325E+002  0.40861194E+002
 -0.13880569E+000 -0.12986142E+000 -0.88209244E-001  0.62172712E-003  0.14741102E+000  0.36119431E+000  0.57497760E+000  0.72176689E+000  0.81059786E+000  0.85225004E+000  0.86119431E+000  0.86575047E+000  0.89420731E+000  0.96634275E+000  0.11003995E+001  0.13137336E+001  0.16230777E+001  0.20446856E+001  0.25944248E+001  0.32878399E+001  0.41401989E+001  0.51665288E+001  0.63816407E+001  0.78001560E+001  0.94365230E+001  0.11305027E+002  0.13419817E+002  0.15794901E+002  0.18444158E+002  0.21381364E+002  0.24620171E+002  0.28174145E+002  0.32056742E+002  0.36281325E+002  0.40861194E+002
 -0.13880569E+000 -0.12986142E+000 -0.88209244E-001  0.62172712E-003  0.14741102E+000  0.36119431E+000  0.57497760E+000  0.72176689E+000  0.81059786E+000  0.85225004E+000  0.86119431E+000  0.86575047E+000  0.89420731E+000  0.96634275E+000  0.11003995E+001  0.13137336E+001  0.16230777E+001  0.20446856E+001  0.25944248E+001  0.32878399E+001  0.41401989E+001  0.51665288E+001  0.63816407E+001  0.78001560E+001  0.94365230E+001  0.11305027E+002  0.13419817E+002  0.15794901E+002  0.18444158E+002  0.21381364E+002  0.24620171E+002  0.28174145E+002  0.32056742E+002  0.36281325E+002  0.40861194E+002
 -0.13880569E+000 -0.12986142E+000 -0.88209244E-001  0.62172712E-003  0.14741102E+000  0.36119431E+000  0.57497760E+000  0.72176689E+000  0.81059786E+000  0.85225004E+000  0.86119431E+000  0.86575047E+000  0.89420731E+000  0.96634275E+000  0.11003995E+001  0.13137336E+001  0.16230777E+001  0.20446856E+001  0.25944248E+001  0.32878399E+001  0.41401989E+001  0.51665288E+001  0.63816407E+001  0.78001560E+001  0.94365230E+001  0.11305027E+002  0.13419817E+002  0.15794901E+002  0.18444158E+002  0.21381364E+002  0.24620171E+002  0.28174145E+002  0.32056742E+002  0.36281325E+002  0.40861194E+002
 -0.13880569E+000 -0.12986142E+000 -0.88209244E-001  0.62172712E-003  0.14741102E+000  0.36119431E+000  0.57497760E+000  0.72176689E+000  0.81059786E+000  0.85225004E+000  0.86119431E+000  0.86575047E+000  0.89420731E+000  0.96634275E+000  0.11003995E+001  0.13137336E+001  0.16230777E+001  0.20446856E+001  0.25944248E+001  0.32878399E+001  0.41401989E+001  0.51665288E+001  0.63816407E+001  0.78001560E+001  0.94365230E+001  0.11305027E+002  0.13419817E+002  0.15794901E+002  0.18444158E+002  0.21381364E+002  0.24620171E+002  0.28174145E+002  0.32056742E+002  0.36281325E+002  0.40861194E+002
 -0.13880569E+000 -0.12986142E+000 -0.88209244E-001  0.62172712E-003  0.14741102E+000  0.36119431E+000  0.57497760E+000  0.72176689E+000  0.81059786E+000  0.85225004E+000  0.86119431E+000  0.86575047E+000  0.89420731E+000  0.96634275E+000  0.11003995E+001  0.13137336E+001  0.16230777E+001  0.20446856E+001  0.25944248E+001  0.32878399E+001  0.41401989E+001  0.51665288E+001  0.63816407E+001  0.78001560E+001  0.94365230E+001  0.11305027E+002  0.13419817E+002  0.15794901E+002  0.18444158E+002  0.21381364E+002  0.24620171E+002  0.28174145E+002  0.32056742E+002  0.36281325E+002  0.40861194E+002
 -0.13880569E+000 -0.12986142E+000 -0.88209244E-001  0.62172712E-003  0.14741102E+000  0.36119431E+000  0.57497760E+000  0.72176689E+000  0.81059786E+000  0.85225004E+000  0.86119431E+000  0.86575047E+000  0.89420731E+000  0.96634275E+000  0.11003995E+001  0.13137336E+001  0.16230777E+001  0.20446856E+001  0.25944248E+001  0.32878399E+001  0.41401989E+001  0.51665288E+001  0.63816407E+001  0.78001560E+001  0.94365230E+001  0.11305027E+002  0.13419817E+002  0.15794901E+002  0.18444158E+002  0.21381364E+002  0.24620171E+002  0.28174145E+002  0.32056742E+002  0.36281325E+002  0.40861194E+002
 -0.13880569E+000 -0.12986142E+000 -0.88209244E-001  0.62172712E-003  0.14741102E+000  0.36119431E+000  0.57497760E+000  0.72176689E+000  0.81059786E+000  0.85225004E+000  0.86119431E+000  0.86575047E+000  0.89420731E+000  0.96634275E+000  0.11003995E+001  0.13137336E+001  0.16230777E+001  0.20446856E+001  0.25944248E+001  0.32878399E+001  0.41401989E+001  0.51665288E+001  0.63816407E+001  0.78001560E+001  0.94365230E+001  0.11305027E+002  0.13419817E+002  0.15794901E+002  0.18444158E+002  0.21381364E+002  0.24620171E+002  0.28174145E+002  0.32056742E+002  0.36281325E+002  0.40861194E+002
 -0.13880569E+000 -0.12986142E+000 -0.88209244E-001  0.62172712E-003  0.14741102E+000  0.36119431E+000  0.57497760E+000  0.72176689E+000  0.81059786E+000  0.85225004E+000  0.86119431E+000  0.86575047E+000  0.89420731E+000  0.96634275E+000  0.11003995E+001  0.13137336E+001  0.16230777E+001  0.20446856E+001  0.25944248E+001  0.32878399E+001  0.41401989E+001  0.51665288E+001  0.63816407E+001  0.78001560E+001  0.94365230E+001  0.11305027E+002  0.13419817E+002  0.15794901E+002  0.18444158E+002  0.21381364E+002  0.24620171E+002  0.28174145E+002  0.32056742E+002  0.36281325E+002  0.40861194E+002
 -0.13880569E+000 -0.12986142E+000 -0.88209244E-001  0.62172712E-003  0.14741102E+000  0.36119431E+000  0.57497760E+000  0.72176689E+000  0.81059786E+000  0.85225004E+000  0.86119431E+000  0.86575047E+000  0.89420731E+000  0.96634275E+000  0.11003995E+001  0.13137336E+001  0.16230777E+001  0.20446856E+001  0.25944248E+001  0.32878399E+001  0.41401989E+001  0.51665288E+001  0.63816407E+001  0.78001560E+001  0.94365230E+001  0.11305027E+002  0.13419817E+002  0.15794901E+002  0.18444158E+002  0.21381364E+002  0.24620171E+002  0.28174145E+002  0.32056742E+002  0.36281325E+002  0.40861194E+002
 -0.13880569E+000 -0.12986142E+000 -0.88209244E-001  0.62172712E-003  0.14741102E+000  0.36119431E+000  0.57497760E+000  0.72176689E+000  0.81059786E+000  0.85225004E+000  0.86119431E+000  0.86575047E+000  0.89420731E+000  0.96634275E+000  0.11003995E+001  0.13137336E+001  0.16230777E+001  0.20446856E+001  0.25944248E+001  0.32878399E+001  0.41401989E+001  0.51665288E+001  0.63816407E+001  0.78001560E+001  0.94365230E+001  0.11305027E+002  0.13419817E+002  0.15794901E+002  0.18444158E+002  0.21381364E+002  0.24620171E+002  0.28174145E+002  0.32056742E+002  0.36281325E+002  0.40861194E+002
 -0.13880569E+000 -0.12986142E+000 -0.88209244E-001  0.62172712E-003  0.14741102E+000  0.36119431E+000  0.57497760E+000  0.72176689E+000  0.81059786E+000  0.85225004E+000  0.86119431E+000  0.86575047E+000  0.89420731E+000  0.96634275E+000  0.11003995E+001  0.13137336E+001  0.16230777E+001  0.20446856E+001  0.25944248E+001  0.32878399E+001  0.41401989E+001  0.51665288E+001  0.63816407E+001  0.78001560E+001  0.94365230E+001  0.11305027E+002  0.13419817E+002  0.15794901E+002  0.18444158E+002  0.21381364E+002  0.24620171E+002  0.28174145E+002  0.32056742E+002  0.36281325E+002  0.40861194E+002
 -0.13880569E+000 -0.12986142E+000 -0.88209244E-001  0.62172713E-003  0.14741102E+000  0.36119431E+000  0.57497760E+000  0.72176689E+000  0.81059786E+000  0.85225004E+000  0.86119431E+000  0.86575047E+000  0.89420731E+000  0.96634275E+000  0.11003995E+001  0.13137336E+001  0.16230777E+001  0.20446856E+001  0.25944248E+001  0.32878399E+001  0.41401989E+001  0.51665288E+001  0.63816407E+001  0.78001560E+001  0.94365230E+001  0.11305027E+002  0.13419817E+002  0.15794901E+002  0.18444158E+002  0.21381364E+002  0.24620171E+002  0.28174145E+002  0.32056742E+002  0.36281325E+002  0.40861194E+002
 -0.13880569E+000 -0.12986142E+000 -0.88209243E-001  0.62172750E-003  0.14741102E+000  0.36119431E+000  0.57497760E+000  0.72176689E+000  0.81059786E+000  0.85225004E+000  0.86119431E+000  0.86575047E+000  0.89420731E+000  0.96634275E+000  0.11003995E+001  0.13137336E+001  0.16230777E+001  0.20446856E+001  0.25944248E+001  0.32878399E+001  0.41401989E+001  0.51665288E+001  0.63816407E+001  0.78001560E+001  0.94365230E+001  0.11305027E+002  0.13419817E+002  0.15794901E+002  0.18444158E+002  0.21381364E+002  0.24620171E+002  0.28174145E+002  0.32056742E+002  0.36281325E+002  0.40861194E+002
 -0.13880564E+000 -0.12986137E+000 -0.88209197E-001  0.62177334E-003  0.14741107E+000  0.36119436E+000  0.57497764E+000  0.72176694E+000  0.81059791E+000  0.85225008E+000  0.86119436E+000  0.86575052E+000  0.89420736E+000  0.96634280E+000  0.11003995E+001  0.13137337E+001  0.16230777E+001  0.20446856E+001  0.25944248E+001  0.32878399E+001  0.41401989E+001  0.51665289E+001  0.63816408E+001  0.78001560E+001  0.94365231E+001  0.11305027E+002  0.13419817E+002  0.15794901E+002  0.18444158E+002  0.21381364E+002  0.24620171E+002  0.28174145E+002  0.32056742E+002  0.36281325E+002  0.40861194E+002
 -0.13880130E+000 -0.12985703E+000 -0.88204856E-001  0.62611432E-003  0.14741541E+000  0.36119870E+000  0.57498198E+000  0.72177128E+000  0.81060225E+000  0.85225442E+000  0.86119870E+000  0.86575486E+000  0.89421170E+000  0.96634714E+000  0.11004039E+001  0.13137380E+001  0.16230820E+001  0.20446900E+001  0.25944291E+001  0.32878443E+001  0.41402033E+001  0.51665332E+001  0.63816451E+001  0.78001604E+001  0.94365274E+001  0.11305032E+002  0.13419822E+002  0.15794905E+002  0.18444162E+002  0.21381369E+002  0.24620176E+002  0.28174150E+002  0.32056747E+002  0.36281329E+002  0.40861199E+002
 -0.13850437E+000 -0.12956009E+000 -0.87907921E-001  0.92304989E-003  0.14771235E+000  0.36149563E+000  0.57527892E+000  0.72206822E+000  0.81089919E+000  0.85255136E+000  0.86149563E+000  0.86605180E+000  0.89450863E+000  0.96664407E+000  0.11007008E+001  0.13140349E+001  0.16233790E+001  0.20449869E+001  0.25947261E+001  0.32881412E+001  0.41405002E+001  0.51668301E+001  0.63819421E+001  0.78004573E+001  0.94368243E+001  0.11305328E+002  0.13420119E+002  0.15795202E+002  0.18444459E+002  0.21381665E+002  0.24620473E+002  0.28174447E+002  0.32057044E+002  0.36281626E+002  0.40861496E+002
 -0.12517175E+000 -0.11622748E+000 -0.74575307E-001  0.14255664E-001  0.16104496E+000  0.37482825E+000  0.58861153E+000  0.73540083E+000  0.82423180E+000  0.86588397E+000  0.87482825E+000  0.87938441E+000  0.90784125E+000  0.97997669E+000 -0.26676021E+001 -0.26849043E+001 -0.27106669E+001 -0.27471132E+001 -0.21973740E+001 -0.15039588E+001 -0.65159984E+000  0.37473015E+000  0.15898421E+001  0.30083574E+001  0.46447245E+001  0.65132286E+001  0.86280189E+001  0.11003102E+002  0.13652359E+002  0.16589566E+002  0.19828373E+002  0.23382347E+002  0.27264944E+002  0.31489527E+002  0.36069396E+002
  0.18604965E+000  0.19499392E+000  0.23664610E+000  0.32547707E+000  0.47226636E+000  0.68604965E+000  0.89983294E+000  0.10466222E+001  0.56072256E+000  0.56089556E+000  0.56983983E+000  0.57439599E+000  0.60285283E+000  0.67498827E+000  0.80904502E+000  0.10223791E+001  0.60222348E+000  0.62695162E+000  0.11766908E+001  0.18701059E+001  0.27224649E+001  0.37487949E+001  0.49639069E+001  0.63824222E+001  0.80187893E+001  0.98872936E+001  0.12002084E+002  0.14377167E+002  0.17026425E+002  0.19963632E+002  0.23202440E+002  0.32485288E+001  0.20500958E+001  0.62746785E+001  0.10854548E+002
  0.25589244E+000  0.25591234E+000  0.29756451E+000  0.38639548E+000  0.10874155E+002  0.10900409E+002  0.10926163E+002  0.10943503E+002  0.10953853E+002  0.10958944E+002  0.10960037E+002  0.10960594E+002  0.10964069E+002  0.10972854E+002  0.10989074E+002  0.11014571E+002  0.11050817E+002  0.11102354E+002  0.11169540E+002  0.11250088E+002  0.11342573E+002  0.11444240E+002  0.11550729E+002  0.11655759E+002  0.11750786E+002  0.11824621E+002  0.11862989E+002  0.11848075E+002  0.11758005E+002  0.11566255E+002  0.11240886E+002  0.10743926E+002  0.11089649E+002  0.11530097E+002  0.11790641E+002
 -0.13690771E+000 -0.19431872E+000 -0.19444437E+000 -0.12059472E+000 -0.12107014E+000 -0.14198903E+000  0.71794256E-001  0.16995785E+001  0.16918918E+001  0.16882909E+001  0.16875186E+001  0.16871253E+001  0.16846601E+001  0.16784128E+001  0.16668282E+001  0.16484649E+001  0.16220043E+001  0.15862741E+001  0.15402657E+001  0.14831862E+001  0.14145398E+001  0.13152375E+001  0.11953218E+001  0.10522375E+001  0.88325834E+000  0.68556828E+000  0.45657930E+000  0.19480028E+000 -0.96988164E-001 -0.39149286E+000 -0.67783813E+000 -0.94153912E+000  0.29410578E+001  0.71656404E+001  0.11745510E+002
 -0.13857378E+000 -0.12962951E+000 -0.87977334E-001 -0.35940769E+000 -0.35969718E+000 -0.36012098E+000 -0.36042011E+000 -0.21363082E+000 -0.12479985E+000 -0.83147673E-001 -0.74203400E-001 -0.69647237E-001 -0.87693532E+000 -0.87824599E+000 -0.74418924E+000 -0.53085513E+000 -0.22520699E+001 -0.22643533E+001 -0.17146141E+001 -0.50479358E+001 -0.51012655E+001 -0.51623202E+001 -0.52299405E+001 -0.53023701E+001 -0.36660031E+001 -0.12201724E+002 -0.12414897E+002 -0.10039814E+002 -0.73905569E+001 -0.44533504E+001 -0.33941793E+002 -0.34882171E+002 -0.35888215E+002 -0.31663633E+002 -0.27083763E+002
