  0.34468083E+001  0.34557526E+001  0.34974048E+001  0.35862358E+001  0.37330251E+001  0.39468083E+001  0.41605916E+001  0.43073809E+001  0.43962119E+001  0.44378641E+001  0.44468083E+001  0.44513645E+001  0.44798213E+001  0.45519568E+001  0.46860135E+001  0.48993476E+001  0.52086917E+001  0.56302996E+001  0.61800388E+001  0.68734539E+001  0.77258129E+001  0.87521428E+001  0.99672547E+001  0.11385770E+002  0.13022137E+002  0.14890641E+002  0.17005431E+002  0.19380515E+002  0.22029771E+002  0.24966978E+002  0.28205785E+002  0.31759759E+002  0.35642356E+002  0.39866939E+002  0.44446808E+002
  0.34468083E+001  0.34557526E+001  0.34974048E+001  0.35862358E+001  0.37330251E+001  0.39468083E+001  0.41605916E+001  0.43073809E+001  0.43962119E+001  0.44378641E+001  0.44468083E+001  0.44513645E+001  0.44798213E+001  0.45519568E+001  0.46860135E+001  0.48993476E+001  0.52086917E+001  0.56302996E+001  0.61800388E+001  0.68734539E+001  0.77258129E+001  0.87521428E+001  0.99672547E+001  0.11385770E+002  0.13022137E+002  0.14890641E+002  0.17005431E+002  0.19380515E+002  0.22029771E+002  0.24966978E+002  0.28205785E+002  0.31759759E+002  0.35642356E+002  0.39866939E+002  0.44446808E+002
  0.34468083E+001  0.34557526E+001  0.34974048E+001  0.35862358E+001  0.37330251E+001  0.39468083E+001  0.41605916E+001  0.43073809E+001  0.43962119E+001  0.44378641E+001  0.44468083E+001  0.44513645E+001  0.44798213E+001  0.45519568E+001  0.46860135E+001  0.48993476E+001  0.52086917E+001  0.56302996E+001  0.61800388E+001  0.68734539E+001  0.77258129E+001  0.87521428E+001  0.99672547E+001  0.11385770E+002  0.13022137E+002  0.14890641E+002  0.17005431E+002  0.19380515E+002  0.22029771E+002  0.24966978E+002  0.28205785E+002  0.31759759E+002  0.35642356E+002  0.39866939E+002  0.44446808E+002
  0.34468083E+001  0.34557526E+001  0.34974048E+001  0.35862358E+001  0.37330251E+001  0.39468083E+001  0.41605916E+001  0.43073809E+001  0.43962119E+001  0.44378641E+001  0.44468083E+001  0.44513645E+001  0.44798213E+001  0.45519568E+001  0.46860135E+001  0.48993476E+001  0.52086917E+001  0.56302996E+001  0.61800388E+001  0.68734539E+001  0.77258129E+001  0.87521428E+001  0.99672547E+001  0.11385770E+002  0.13022137E+002  0.14890641E+002  0.17005431E+002  0.19380515E+002  0.22029771E+002  0.24966978E+002  0.28205785E+002  0.31759759E+002  0.35642356E+002  0.39866939E+002  0.44446808E+002
  0.34468083E+001  0.34557526E+001  0.34974048E+001  0.35862358E+001  0.37330251E+001  0.39468083E+001  0.41605916E+001  0.43073809E+001  0.43962119E+001  0.44378641E+001  0.44468083E+001  0.44513645E+001  0.44798213E+001  0.45519568E+001  0.46860135E+001  0.48993476E+001  0.52086917E+001  0.56302996E+001  0.61800388E+001  0.68734539E+001  0.77258129E+001  0.87521428E+001  0.99672547E+001  0.11385770E+002  0.13022137E+002  0.14890641E+002  0.17005431E+002  0.19380515E+002  0.22029771E+002  0.24966978E+002  0.28205785E+002  0.31759759E+002  0.35642356E+002  0.39866939E+002  0.44446808E+002
  0.34468083E+001  0.34557526E+001  0.34974048E+001  0.35862358E+001  0.37330251E+001  0.39468083E+001  0.41605916E+001  0.43073809E+001  0.43962119E+001  0.44378641E+001  0.44468083E+001  0.44513645E+001  0.44798213E+001  0.45519568E+001  0.46860135E+001  0.48993476E+001  0.52086917E+001  0.56302996E+001  0.61800388E+001  0.68734539E+001  0.77258129E+001  0.87521428E+001  0.99672547E+001  0.11385770E+002  0.13022137E+002  0.14890641E+002  0.17005431E+002  0.19380515E+002  0.22029771E+002  0.24966978E+002  0.28205785E+002  0.31759759E+002  0.35642356E+002  0.39866939E+002  0.44446808E+002
  0.34468083E+001  0.34557526E+001  0.34974048E+001  0.35862358E+001  0.37330251E+001  0.39468083E+001  0.41605916E+001  0.43073809E+001  0.43962119E+001  0.44378641E+001  0.44468083E+001  0.44513645E+001  0.44798213E+001  0.45519568E+001  0.46860135E+001  0.48993476E+001  0.52086917E+001  0.56302996E+001  0.61800388E+001  0.68734539E+001  0.77258129E+001  0.87521428E+001  0.99672547E+001  0.11385770E+002  0.13022137E+002  0.14890641E+002  0.17005431E+002  0.19380515E+002  0.22029771E+002  0.24966978E+002  0.28205785E+002  0.31759759E+002  0.35642356E+002  0.39866939E+002  0.44446808E+002
  0.34468083E+001  0.34557526E+001  0.34974048E+001  0.35862358E+001  0.37330251E+001  0.39468083E+001  0.41605916E+001  0.43073809E+001  0.43962119E+001  0.44378641E+001  0.44468083E+001  0.44513645E+001  0.44798213E+001  0.45519568E+001  0.46860135E+001  0.48993476E+001  0.52086917E+001  0.56302996E+001  0.61800388E+001  0.68734539E+001  0.77258129E+001  0.87521428E+001  0.99672547E+001  0.11385770E+002  0.13022137E+002  0.14890641E+002  0.17005431E+002  0.19380515E+002  0.22029771E+002  0.24966978E+002  0.28205785E+002  0.31759759E+002  0.35642356E+002  0.39866939E+002  0.44446808E+002
  0.34468083E+001  0.34557526E+001  0.34974048E+001  0.35862358E+001  0.37330251E+001  0.39468083E+001  0.41605916E+001  0.43073809E+001  0.43962119E+001  0.44378641E+001  0.44468083E+001  0.44513645E+001  0.44798213E+001  0.45519568E+001  0.46860135E+001  0.48993476E+001  0.52086917E+001  0.56302996E+001  0.61800388E+001  0.68734539E+001  0.77258129E+001  0.87521428E+001  0.99672547E+001  0.11385770E+002  0.13022137E+002  0.14890641E+002  0.17005431E+002  0.19380515E+002  0.22029771E+002  0.24966978E+002  0.28205785E+002  0.31759759E+002  0.35642356E+002  0.39866939E+002  0.44446808E+002
  0.34468083E+001  0.34557526E+001  0.34974048E+001  0.35862358E+001  0.37330251E+001  0.39468083E+001  0.41605916E+001  0.43073809E+001  0.43962119E+001  0.44378641E+001  0.44468083E+001  0.44513645E+001  0.44798213E+001  0.45519568E+001  0.46860135E+001  0.48993476E+001  0.52086917E+001  0.56302996E+001  0.61800388E+001  0.68734539E+001  0.77258129E+001  0.87521428E+001  0.99672547E+001  0.11385770E+002  0.13022137E+002  0.14890641E+002  0.17005431E+002  0.19380515E+002  0.22029771E+002  0.24966978E+002  0.28205785E+002  0.31759759E+002  0.35642356E+002  0.39866939E+002  0.44446808E+002
  0.34468083E+001  0.34557526E+001  0.34974048E+001  0.35862358E+001  0.37330251E+001  0.39468083E+001  0.41605916E+001  0.43073809E+001  0.43962119E+001  0.44378641E+001  0.44468083E+001  0.44513645E+001  0.44798213E+001  0.45519568E+001  0.46860135E+001  0.48993476E+001  0.52086917E+001  0.56302996E+001  0.61800388E+001  0.68734539E+001  0.77258129E+001  0.87521428E+001  0.99672547E+001  0.11385770E+002  0.13022137E+002  0.14890641E+002  0.17005431E+002  0.19380515E+002  0.22029771E+002  0.24966978E+002  0.28205785E+002  0.31759759E+002  0.35642356E+002  0.39866939E+002  0.44446808E+002
  0.34468083E+001  0.34557526E+001  0.34974048E+001  0.35862358E+001  0.37330251E+001  0.39468083E+001  0.41605916E+001  0.43073809E+001  0.43962119E+001  0.44378641E+001  0.44468083E+001  0.44513645E+001  0.44798213E+001  0.45519568E+001  0.46860135E+001  0.48993476E+001  0.52086917E+001  0.56302996E+001  0.61800388E+001  0.68734539E+001  0.77258129E+001  0.87521428E+001  0.99672547E+001  0.11385770E+002  0.13022137E+002  0.14890641E+002  0.17005431E+002  0.19380515E+002  0.22029771E+002  0.24966978E+002  0.28205785E+002  0.31759759E+002  0.35642356E+002  0.39866939E+002  0.44446808E+002
  0.34468083E+001  0.34557526E+001  0.34974048E+001  0.35862358E+001  0.37330251E+001  0.39468083E+001  0.41605916E+001  0.43073809E+001  0.43962119E+001  0.44378641E+001  0.44468083E+001  0.44513645E+001  0.44798213E+001  0.45519568E+001  0.46860135E+001  0.48993476E+001  0.52086917E+001  0.56302996E+001  0.61800388E+001  0.68734539E+001  0.77258129E+001  0.87521428E+001  0.99672547E+001  0.11385770E+002  0.13022137E+002  0.14890641E+002  0.17005431E+002  0.19380515E+002  0.22029771E+002  0.24966978E+002  0.28205785E+002  0.31759759E+002  0.35642356E+002  0.39866939E+002  0.44446808E+002
  0.34468083E+001  0.34557526E+001  0.34974048E+001  0.35862358E+001  0.37330251E+001  0.39468083E+001  0.41605916E+001  0.43073809E+001  0.43962119E+001  0.44378641E+001  0.44468083E+001  0.44513645E+001  0.44798213E+001  0.45519568E+001  0.46860135E+001  0.48993476E+001  0.52086917E+001  0.56302996E+001  0.61800388E+001  0.68734539E+001  0.77258129E+001  0.87521428E+001  0.99672547E+001  0.11385770E+002  0.13022137E+002  0.14890641E+002  0.17005431E+002  0.19380515E+002  0.22029771E+002  0.24966978E+002  0.28205785E+002  0.31759759E+002  0.35642356E+002  0.39866939E+002  0.44446808E+002
  0.34468083E+001  0.34557526E+001  0.34974048E+001  0.35862358E+001  0.37330251E+001  0.39468083E+001  0.41605916E+001  0.43073809E+001  0.43962119E+001  0.44378641E+001  0.44468083E+001  0.44513645E+001  0.44798213E+001  0.45519568E+001  0.46860135E+001  0.48993476E+001  0.52086917E+001  0.56302996E+001  0.61800388E+001  0.68734539E+001  0.77258129E+001  0.87521428E+001  0.99672547E+001  0.11385770E+002  0.13022137E+002  0.14890641E+002  0.17005431E+002  0.19380515E+002  0.22029771E+002  0.24966978E+002  0.28205785E+002  0.31759759E+002  0.35642356E+002  0.39866939E+002  0.44446808E+002
  0.34468083E+001  0.34557526E+001  0.34974048E+001  0.35862358E+001  0.37330251E+001  0.39468083E+001  0.41605916E+001  0.43073809E+001  0.43962119E+001  0.44378641E+001  0.44468083E+001  0.44513645E+001  0.44798213E+001  0.45519568E+001  0.46860135E+001  0.48993476E+001  0.52086917E+001  0.56302996E+001  0.61800388E+001  0.68734539E+001  0.77258129E+001  0.87521428E+001  0.99672547E+001  0.11385770E+002  0.13022137E+002  0.14890641E+002  0.17005431E+002  0.19380515E+002  0.22029771E+002  0.24966978E+002  0.28205785E+002  0.31759759E+002  0.35642356E+002  0.39866939E+002  0.44446808E+002
  0.34468083E+001  0.34557525E+001  0.34974047E+001  0.35862357E+001  0.37330250E+001  0.39468083E+001  0.41605915E+001  0.43073808E+001  0.43962118E+001  0.44378640E+001  0.44468083E+001  0.44513644E+001  0.44798213E+001  0.45519567E+001  0.46860134E+001  0.48993476E+001  0.52086916E+001  0.56302995E+001  0.61800387E+001  0.68734538E+001  0.77258128E+001  0.87521428E+001  0.99672547E+001  0.11385770E+002  0.13022137E+002  0.14890641E+002  0.17005431E+002  0.19380514E+002  0.22029771E+002  0.24966978E+002  0.28205785E+002  0.31759759E+002  0.35642356E+002  0.39866939E+002  0.44446808E+002
  0.34468060E+001  0.34557502E+001  0.34974024E+001  0.35862334E+001  0.37330227E+001  0.39468060E+001  0.41605892E+001  0.43073785E+001  0.43962095E+001  0.44378617E+001  0.44468060E+001  0.44513621E+001  0.44798190E+001  0.45519544E+001  0.46860111E+001  0.48993453E+001  0.52086893E+001  0.56302972E+001  0.61800364E+001  0.68734515E+001  0.77258105E+001  0.87521405E+001  0.99672524E+001  0.11385768E+002  0.13022135E+002  0.14890639E+002  0.17005429E+002  0.19380512E+002  0.22029769E+002  0.24966976E+002  0.28205783E+002  0.31759757E+002  0.35642354E+002  0.39866936E+002  0.44446806E+002
  0.34467595E+001  0.34557038E+001  0.34973559E+001  0.35861869E+001  0.37329762E+001  0.39467595E+001  0.41605428E+001  0.43073321E+001  0.43961630E+001  0.44378152E+001  0.44467595E+001  0.44513156E+001  0.44797725E+001  0.45519079E+001  0.46859647E+001  0.48992988E+001  0.52086428E+001  0.56302508E+001  0.61799899E+001  0.68734050E+001  0.77257640E+001  0.87520940E+001  0.99672059E+001  0.11385721E+002  0.13022088E+002  0.14890592E+002  0.17005382E+002  0.19380466E+002  0.22029723E+002  0.24966929E+002  0.28205736E+002  0.31759710E+002  0.35642307E+002  0.39866890E+002  0.44446759E+002
  0.34461454E+001  0.34550897E+001  0.34967418E+001  0.35855728E+001  0.37323621E+001  0.39461454E+001  0.41599287E+001  0.43067180E+001  0.43955490E+001  0.44372011E+001  0.44461454E+001  0.44507016E+001  0.44791584E+001  0.45512938E+001  0.46853506E+001  0.48986847E+001  0.52080287E+001  0.56296367E+001  0.61793758E+001  0.68727910E+001  0.77251499E+001  0.87514799E+001  0.99665918E+001  0.11385107E+002  0.13021474E+002  0.14889978E+002  0.17004768E+002  0.19379852E+002  0.22029109E+002  0.24966315E+002  0.28205122E+002  0.31759096E+002  0.35641693E+002  0.39866276E+002  0.44446145E+002
  0.34417829E+001  0.34507272E+001  0.34923794E+001  0.35812104E+001  0.37279997E+001  0.39417829E+001  0.41555662E+001  0.43023555E+001  0.43911865E+001  0.44328387E+001  0.44417829E+001  0.44463391E+001  0.44747959E+001  0.45469314E+001  0.46809881E+001  0.48943222E+001  0.52036663E+001  0.56252742E+001  0.61750134E+001  0.68684285E+001  0.77207875E+001  0.87471174E+001  0.99622293E+001  0.11380745E+002  0.13017112E+002  0.14885616E+002  0.17000406E+002  0.19375489E+002  0.22024746E+002  0.24961953E+002  0.28200760E+002  0.31754734E+002  0.35637331E+002  0.39861913E+002  0.44441783E+002
  0.34325162E+001  0.34414604E+001  0.34831126E+001  0.35719436E+001  0.37187329E+001  0.39325162E+001  0.41462995E+001  0.42930887E+001  0.43819197E+001  0.44235719E+001  0.44325162E+001  0.44370723E+001  0.44655292E+001  0.45376646E+001  0.46717213E+001  0.48850555E+001  0.51943995E+001  0.56160074E+001  0.61657466E+001  0.68591617E+001  0.77115207E+001  0.87378507E+001  0.99529626E+001  0.11371478E+002  0.13007845E+002  0.14876349E+002  0.16991139E+002  0.19366222E+002  0.22015479E+002  0.24952686E+002  0.28191493E+002  0.31745467E+002  0.35628064E+002  0.39852646E+002  0.44432516E+002
  0.34392713E+001  0.34482156E+001  0.34898677E+001  0.35786987E+001  0.37254880E+001  0.39392713E+001  0.41530546E+001  0.42998439E+001  0.43886748E+001  0.44303270E+001  0.44392713E+001  0.44438274E+001  0.44722843E+001  0.45444197E+001  0.46784765E+001  0.48918106E+001  0.52011546E+001  0.56227625E+001  0.61725017E+001  0.68659168E+001  0.77182758E+001  0.87446058E+001  0.99597177E+001  0.11378233E+002  0.13014600E+002  0.14883104E+002  0.16997894E+002  0.19372977E+002  0.22022234E+002  0.24959441E+002  0.28198248E+002  0.31752222E+002  0.35634819E+002  0.39859402E+002  0.44439271E+002
  0.34555530E+001  0.34644973E+001  0.35061495E+001  0.35949804E+001  0.37417697E+001  0.39555530E+001  0.41693363E+001  0.43161256E+001  0.44049566E+001  0.44466087E+001  0.44555530E+001  0.44601092E+001  0.44885660E+001  0.45607014E+001  0.46947582E+001  0.49080923E+001  0.52174363E+001  0.56390443E+001  0.61887834E+001  0.68821986E+001  0.77345575E+001  0.87608875E+001  0.99759994E+001  0.11394515E+002  0.13030882E+002  0.14899386E+002  0.17014176E+002  0.19389259E+002  0.22038516E+002  0.24975723E+002  0.28214530E+002  0.31768504E+002  0.35651101E+002  0.39875683E+002  0.44455553E+002
  0.34627690E+001  0.34717132E+001  0.35133654E+001  0.36021964E+001  0.37489857E+001  0.39627690E+001  0.41765522E+001  0.43233415E+001  0.44121725E+001  0.44538247E+001  0.44627690E+001  0.44673251E+001  0.44957820E+001  0.45679174E+001  0.47019741E+001  0.49153083E+001  0.52246523E+001  0.56462602E+001  0.61959994E+001  0.68894145E+001  0.77417735E+001  0.87681035E+001  0.99832154E+001  0.11401731E+002  0.13038098E+002  0.14906602E+002  0.17021392E+002  0.19396475E+002  0.22045732E+002  0.24982939E+002  0.28221746E+002  0.31775720E+002  0.35658317E+002  0.39882899E+002  0.44462769E+002
