  0.23192158E+000  0.24086585E+000  0.28251803E+000  0.37134900E+000  0.51813829E+000  0.73192158E+000  0.94570486E+000  0.10924942E+001  0.11813251E+001  0.12229773E+001  0.12319216E+001  0.12364777E+001  0.12649346E+001  0.13370700E+001  0.14711268E+001  0.16844609E+001  0.19938049E+001  0.24154129E+001  0.29651520E+001  0.36585672E+001  0.45109261E+001  0.55372561E+001  0.67523680E+001  0.81708833E+001  0.98072503E+001  0.11675754E+002  0.13790545E+002  0.16165628E+002  0.18814885E+002  0.21752091E+002  0.24990899E+002  0.28544873E+002  0.32427470E+002  0.36652052E+002  0.41231922E+002
  0.23192158E+000  0.24086585E+000  0.28251803E+000  0.37134900E+000  0.51813829E+000  0.73192158E+000  0.94570486E+000  0.10924942E+001  0.11813251E+001  0.12229773E+001  0.12319216E+001  0.12364777E+001  0.12649346E+001  0.13370700E+001  0.14711268E+001  0.16844609E+001  0.19938049E+001  0.24154129E+001  0.29651520E+001  0.36585672E+001  0.45109261E+001  0.55372561E+001  0.67523680E+001  0.81708833E+001  0.98072503E+001  0.11675754E+002  0.13790545E+002  0.16165628E+002  0.18814885E+002  0.21752091E+002  0.24990899E+002  0.28544873E+002  0.32427470E+002  0.36652052E+002  0.41231922E+002
  0.23192158E+000  0.24086585E+000  0.28251803E+000  0.37134900E+000  0.51813829E+000  0.73192158E+000  0.94570486E+000  0.10924942E+001  0.11813251E+001  0.12229773E+001  0.12319216E+001  0.12364777E+001  0.12649346E+001  0.13370700E+001  0.14711268E+001  0.16844609E+001  0.19938049E+001  0.24154129E+001  0.29651520E+001  0.36585672E+001  0.45109261E+001  0.55372561E+001  0.67523680E+001  0.81708833E+001  0.98072503E+001  0.11675754E+002  0.13790545E+002  0.16165628E+002  0.18814885E+002  0.21752091E+002  0.24990899E+002  0.28544873E+002  0.32427470E+002  0.36652052E+002  0.41231922E+002
  0.23192158E+000  0.24086585E+000  0.28251803E+000  0.37134900E+000  0.51813829E+000  0.73192158E+000  0.94570486E+000  0.10924942E+001  0.11813251E+001  0.12229773E+001  0.12319216E+001  0.12364777E+001  0.12649346E+001  0.13370700E+001  0.14711268E+001  0.16844609E+001  0.19938049E+001  0.24154129E+001  0.29651520E+001  0.36585672E+001  0.45109261E+001  0.55372561E+001  0.67523680E+001  0.81708833E+001  0.98072503E+001  0.11675754E+002  0.13790545E+002  0.16165628E+002  0.18814885E+002  0.21752091E+002  0.24990899E+002  0.28544873E+002  0.32427470E+002  0.36652052E+002  0.41231922E+002
  0.23192158E+000  0.24086585E+000  0.28251803E+000  0.37134900E+000  0.51813829E+000  0.73192158E+000  0.94570486E+000  0.10924942E+001  0.11813251E+001  0.12229773E+001  0.12319216E+001  0.12364777E+001  0.12649346E+001  0.13370700E+001  0.14711268E+001  0.16844609E+001  0.19938049E+001  0.24154129E+001  0.29651520E+001  0.36585672E+001  0.45109261E+001  0.55372561E+001  0.67523680E+001  0.81708833E+001  0.98072503E+001  0.11675754E+002  0.13790545E+002  0.16165628E+002  0.18814885E+002  0.21752091E+002  0.24990899E+002  0.28544873E+002  0.32427470E+002  0.36652052E+002  0.41231922E+002
  0.23192158E+000  0.24086585E+000  0.28251803E+000  0.37134900E+000  0.51813829E+000  0.73192158E+000  0.94570486E+000  0.10924942E+001  0.11813251E+001  0.12229773E+001  0.12319216E+001  0.12364777E+001  0.12649346E+001  0.13370700E+001  0.14711268E+001  0.16844609E+001  0.19938049E+001  0.24154129E+001  0.29651520E+001  0.36585672E+001  0.45109261E+001  0.55372561E+001  0.67523680E+001  0.81708833E+001  0.98072503E+001  0.11675754E+002  0.13790545E+002  0.16165628E+002  0.18814885E+002  0.21752091E+002  0.24990899E+002  0.28544873E+002  0.32427470E+002  0.36652052E+002  0.41231922E+002
  0.23192158E+000  0.24086585E+000  0.28251803E+000  0.37134900E+000  0.51813829E+000  0.73192158E+000  0.94570486E+000  0.10924942E+001  0.11813251E+001  0.12229773E+001  0.12319216E+001  0.12364777E+001  0.12649346E+001  0.13370700E+001  0.14711268E+001  0.16844609E+001  0.19938049E+001  0.24154129E+001  0.29651520E+001  0.36585672E+001  0.45109261E+001  0.55372561E+001  0.67523680E+001  0.81708833E+001  0.98072503E+001  0.11675754E+002  0.13790545E+002  0.16165628E+002  0.18814885E+002  0.21752091E+002  0.24990899E+002  0.28544873E+002  0.32427470E+002  0.36652052E+002  0.41231922E+002
  0.23192158E+000  0.24086585E+000  0.28251803E+000  0.37134900E+000  0.51813829E+000  0.73192158E+000  0.94570486E+000  0.10924942E+001  0.11813251E+001  0.12229773E+001  0.12319216E+001  0.12364777E+001  0.12649346E+001  0.13370700E+001  0.14711268E+001  0.16844609E+001  0.19938049E+001  0.24154129E+001  0.29651520E+001  0.36585672E+001  0.45109261E+001  0.55372561E+001  0.67523680E+001  0.81708833E+001  0.98072503E+001  0.11675754E+002  0.13790545E+002  0.16165628E+002  0.18814885E+002  0.21752091E+002  0.24990899E+002  0.28544873E+002  0.32427470E+002  0.36652052E+002  0.41231922E+002
  0.23192158E+000  0.24086585E+000  0.28251803E+000  0.37134900E+000  0.51813829E+000  0.73192158E+000  0.94570486E+000  0.10924942E+001  0.11813251E+001  0.12229773E+001  0.12319216E+001  0.12364777E+001  0.12649346E+001  0.13370700E+001  0.14711268E+001  0.16844609E+001  0.19938049E+001  0.24154129E+001  0.29651520E+001  0.36585672E+001  0.45109261E+001  0.55372561E+001  0.67523680E+001  0.81708833E+001  0.98072503E+001  0.11675754E+002  0.13790545E+002  0.16165628E+002  0.18814885E+002  0.21752091E+002  0.24990899E+002  0.28544873E+002  0.32427470E+002  0.36652052E+002  0.41231922E+002
  0.23192158E+000  0.24086585E+000  0.28251803E+000  0.37134900E+000  0.51813829E+000  0.73192158E+000  0.94570486E+000  0.10924942E+001  0.11813251E+001  0.12229773E+001  0.12319216E+001  0.12364777E+001  0.12649346E+001  0.13370700E+001  0.14711268E+001  0.16844609E+001  0.19938049E+001  0.24154129E+001  0.29651520E+001  0.36585672E+001  0.45109261E+001  0.55372561E+001  0.67523680E+001  0.81708833E+001  0.98072503E+001  0.11675754E+002  0.13790545E+002  0.16165628E+002  0.18814885E+002  0.21752091E+002  0.24990899E+002  0.28544873E+002  0.32427470E+002  0.36652052E+002  0.41231922E+002
  0.23192158E+000  0.24086585E+000  0.28251803E+000  0.37134900E+000  0.51813829E+000  0.73192158E+000  0.94570486E+000  0.10924942E+001  0.11813251E+001  0.12229773E+001  0.12319216E+001  0.12364777E+001  0.12649346E+001  0.13370700E+001  0.14711268E+001  0.16844609E+001  0.19938049E+001  0.24154129E+001  0.29651520E+001  0.36585672E+001  0.45109261E+001  0.55372561E+001  0.67523680E+001  0.81708833E+001  0.98072503E+001  0.11675754E+002  0.13790545E+002  0.16165628E+002  0.18814885E+002  0.21752091E+002  0.24990899E+002  0.28544873E+002  0.32427470E+002  0.36652052E+002  0.41231922E+002
  0.23192158E+000  0.24086585E+000  0.28251803E+000  0.37134900E+000  0.51813829E+000  0.73192158E+000  0.94570486E+000  0.10924942E+001  0.11813251E+001  0.12229773E+001  0.12319216E+001  0.12364777E+001  0.12649346E+001  0.13370700E+001  0.14711268E+001  0.16844609E+001  0.19938049E+001  0.24154129E+001  0.29651520E+001  0.36585672E+001  0.45109261E+001  0.55372561E+001  0.67523680E+001  0.81708833E+001  0.98072503E+001  0.11675754E+002  0.13790545E+002  0.16165628E+002  0.18814885E+002  0.21752091E+002  0.24990899E+002  0.28544873E+002  0.32427470E+002  0.36652052E+002  0.41231922E+002
  0.23192158E+000  0.24086585E+000  0.28251803E+000  0.37134900E+000  0.51813829E+000  0.73192158E+000  0.94570486E+000  0.10924942E+001  0.11813251E+001  0.12229773E+001  0.12319216E+001  0.12364777E+001  0.12649346E+001  0.13370700E+001  0.14711268E+001  0.16844609E+001  0.19938049E+001  0.24154129E+001  0.29651520E+001  0.36585672E+001  0.45109261E+001  0.55372561E+001  0.67523680E+001  0.81708833E+001  0.98072503E+001  0.11675754E+002  0.13790545E+002  0.16165628E+002  0.18814885E+002  0.21752091E+002  0.24990899E+002  0.28544873E+002  0.32427470E+002  0.36652052E+002  0.41231922E+002
  0.23192158E+000  0.24086585E+000  0.28251803E+000  0.37134900E+000  0.51813829E+000  0.73192158E+000  0.94570486E+000  0.10924942E+001  0.11813251E+001  0.12229773E+001  0.12319216E+001  0.12364777E+001  0.12649346E+001  0.13370700E+001  0.14711268E+001  0.16844609E+001  0.19938049E+001  0.24154129E+001  0.29651520E+001  0.36585672E+001  0.45109261E+001  0.55372561E+001  0.67523680E+001  0.81708833E+001  0.98072503E+001  0.11675754E+002  0.13790545E+002  0.16165628E+002  0.18814885E+002  0.21752091E+002  0.24990899E+002  0.28544873E+002  0.32427470E+002  0.36652052E+002  0.41231922E+002
  0.23192158E+000  0.24086585E+000  0.28251803E+000  0.37134900E+000  0.51813829E+000  0.73192158E+000  0.94570486E+000  0.10924942E+001  0.11813251E+001  0.12229773E+001  0.12319216E+001  0.12364777E+001  0.12649346E+001  0.13370700E+001  0.14711268E+001  0.16844609E+001  0.19938049E+001  0.24154129E+001  0.29651520E+001  0.36585672E+001  0.45109261E+001  0.55372561E+001  0.67523680E+001  0.81708833E+001  0.98072503E+001  0.11675754E+002  0.13790545E+002  0.16165628E+002  0.18814885E+002  0.21752091E+002  0.24990899E+002  0.28544873E+002  0.32427470E+002  0.36652052E+002  0.41231922E+002
  0.23192158E+000  0.24086585E+000  0.28251803E+000  0.37134900E+000  0.51813829E+000  0.73192158E+000  0.94570486E+000  0.10924942E+001  0.11813251E+001  0.12229773E+001  0.12319216E+001  0.12364777E+001  0.12649346E+001  0.13370700E+001  0.14711268E+001  0.16844609E+001  0.19938049E+001  0.24154129E+001  0.29651520E+001  0.36585672E+001  0.45109261E+001  0.55372561E+001  0.67523680E+001  0.81708833E+001  0.98072503E+001  0.11675754E+002  0.13790545E+002  0.16165628E+002  0.18814885E+002  0.21752091E+002  0.24990899E+002  0.28544873E+002  0.32427470E+002  0.36652052E+002  0.41231922E+002
  0.23192158E+000  0.24086585E+000  0.28251802E+000  0.37134900E+000  0.51813829E+000  0.73192158E+000  0.94570486E+000  0.10924942E+001  0.11813251E+001  0.12229773E+001  0.12319216E+001  0.12364777E+001  0.12649346E+001  0.13370700E+001  0.14711268E+001  0.16844609E+001  0.19938049E+001  0.24154129E+001  0.29651520E+001  0.36585672E+001  0.45109261E+001  0.55372561E+001  0.67523680E+001  0.81708833E+001  0.98072503E+001  0.11675754E+002  0.13790545E+002  0.16165628E+002  0.18814885E+002  0.21752091E+002  0.24990899E+002  0.28544873E+002  0.32427470E+002  0.36652052E+002  0.41231922E+002
  0.23192148E+000  0.24086575E+000  0.28251792E+000  0.37134889E+000  0.51813819E+000  0.73192148E+000  0.94570476E+000  0.10924941E+001  0.11813250E+001  0.12229772E+001  0.12319215E+001  0.12364776E+001  0.12649345E+001  0.13370699E+001  0.14711267E+001  0.16844608E+001  0.19938048E+001  0.24154128E+001  0.29651519E+001  0.36585671E+001  0.45109260E+001  0.55372560E+001  0.67523679E+001  0.81708831E+001  0.98072502E+001  0.11675754E+002  0.13790545E+002  0.16165628E+002  0.18814885E+002  0.21752091E+002  0.24990899E+002  0.28544873E+002  0.32427469E+002  0.36652052E+002  0.41231922E+002
  0.23191308E+000  0.24085735E+000  0.28250952E+000  0.37134049E+000  0.51812979E+000  0.73191308E+000  0.94569636E+000  0.10924857E+001  0.11813166E+001  0.12229688E+001  0.12319131E+001  0.12364692E+001  0.12649261E+001  0.13370615E+001  0.14711183E+001  0.16844524E+001  0.19937964E+001  0.24154044E+001  0.29651435E+001  0.36585587E+001  0.45109176E+001  0.55372476E+001  0.67523595E+001  0.81708747E+001  0.98072418E+001  0.11675746E+002  0.13790536E+002  0.16165619E+002  0.18814876E+002  0.21752083E+002  0.24990890E+002  0.28544864E+002  0.32427461E+002  0.36652044E+002  0.41231913E+002
  0.23145011E+000  0.24039438E+000  0.28204655E+000  0.37087752E+000  0.51766682E+000  0.73145011E+000  0.94523339E+000  0.10920227E+001  0.11808537E+001  0.12225058E+001  0.12314501E+001  0.12360063E+001  0.12644631E+001  0.13365985E+001  0.14706553E+001  0.16839894E+001  0.19933335E+001  0.24149414E+001  0.29646805E+001  0.36580957E+001  0.45104547E+001  0.55367846E+001  0.67518965E+001  0.81704118E+001  0.98067788E+001  0.11675283E+002  0.13790073E+002  0.16165156E+002  0.18814413E+002  0.21751620E+002  0.24990427E+002  0.28544401E+002  0.32426998E+002  0.36651581E+002  0.41231450E+002
  0.21815273E+000  0.22709700E+000  0.26874917E+000  0.35758015E+000  0.50436944E+000  0.71815273E+000  0.93193601E+000  0.10787253E+001  0.11675563E+001  0.12092085E+001  0.12181527E+001  0.12227089E+001  0.12511657E+001  0.13233012E+001  0.14573579E+001  0.16706920E+001  0.19800361E+001  0.24016440E+001  0.29513832E+001  0.36447983E+001  0.44971573E+001  0.55234873E+001  0.67385992E+001  0.81571144E+001  0.97934815E+001  0.11661986E+002  0.13776776E+002  0.16151859E+002  0.18801116E+002  0.21738323E+002  0.24977130E+002  0.28531104E+002  0.32413701E+002  0.36638283E+002  0.41218153E+002
  0.21048629E+000  0.21943056E+000  0.26108274E+000  0.34991371E+000  0.49670301E+000  0.71048629E+000  0.92426958E+000  0.10710589E+001  0.11598898E+001  0.12015420E+001  0.12104863E+001  0.12150425E+001  0.12434993E+001  0.13156347E+001  0.14496915E+001  0.16630256E+001  0.19723696E+001  0.23939776E+001  0.29437167E+001  0.36371319E+001  0.44894908E+001  0.55158208E+001  0.67309327E+001  0.81494480E+001  0.97858150E+001  0.11654319E+002  0.13769109E+002  0.16144193E+002  0.18793450E+002  0.21730656E+002  0.24969463E+002  0.28523437E+002  0.32406034E+002  0.36630617E+002  0.41210486E+002
  0.20768339E+000  0.21662766E+000  0.25827983E+000  0.34711080E+000  0.49390010E+000  0.70768339E+000  0.92146667E+000  0.10682560E+001  0.11570869E+001  0.11987391E+001  0.12076834E+001  0.12122395E+001  0.12406964E+001  0.13128318E+001  0.14468886E+001  0.16602227E+001  0.19695667E+001  0.23911747E+001  0.29409138E+001  0.36343290E+001  0.44866879E+001  0.55130179E+001  0.67281298E+001  0.81466450E+001  0.97830121E+001  0.11651516E+002  0.13766306E+002  0.16141390E+002  0.18790647E+002  0.21727853E+002  0.24966660E+002  0.28520634E+002  0.32403231E+002  0.36627814E+002  0.41207683E+002
  0.11609328E+000  0.11609331E+000  0.11609345E+000  0.11609375E+000  0.11609425E+000  0.11609497E+000  0.11609570E+000  0.11609619E+000  0.11609650E+000  0.11609664E+000  0.11609667E+000  0.11609668E+000  0.11609680E+000  0.11609720E+000  0.11609831E+000  0.11610103E+000  0.11610693E+000  0.11611863E+000  0.11614010E+000  0.11616457E+000  0.11619507E+000  0.11625348E+000  0.11635302E+000  0.11651064E+000  0.11674757E+000  0.19852518E+001  0.41000422E+001  0.64751256E+001  0.91243828E+001  0.12061590E+002  0.15300397E+002  0.18854371E+002  0.22736969E+002  0.26961551E+002  0.31541421E+002
  0.27979075E+000  0.27981225E+000  0.27991278E+000  0.28011158E+000  0.28040336E+000  0.28066531E+000  0.28070477E+000  0.28050505E+000  0.28075625E+000  0.28084880E+000  0.28086759E+000  0.28542376E+000  0.31388059E+000  0.38601604E+000  0.52007278E+000  0.73340690E+000  0.10427509E+001  0.14643589E+001  0.20140980E+001  0.18301429E+001  0.18546110E+001  0.28809409E+001  0.40960528E+001  0.55145681E+001  0.71509351E+001  0.90194392E+001  0.81163765E+001  0.82077063E+001  0.10856963E+002  0.13794170E+002  0.17032977E+002  0.20586951E+002  0.24469548E+002  0.31019760E+002  0.31246983E+002
