  0.15874068E+001  0.15963511E+001  0.16380033E+001  0.17268342E+001  0.18736235E+001  0.20874068E+001  0.23011901E+001  0.24479794E+001  0.25368104E+001  0.25784625E+001  0.25874068E+001  0.25919630E+001  0.26204198E+001  0.26925552E+001  0.28266120E+001  0.30399461E+001  0.33492901E+001  0.37708981E+001  0.43206372E+001  0.50140524E+001  0.58664113E+001  0.68927413E+001  0.81078532E+001  0.95263684E+001  0.11162735E+002  0.13031240E+002  0.15146030E+002  0.17521113E+002  0.20170370E+002  0.23107576E+002  0.26346384E+002  0.29900358E+002  0.33782954E+002  0.38007537E+002  0.42587406E+002
  0.15874068E+001  0.15963511E+001  0.16380033E+001  0.17268342E+001  0.18736235E+001  0.20874068E+001  0.23011901E+001  0.24479794E+001  0.25368104E+001  0.25784625E+001  0.25874068E+001  0.25919630E+001  0.26204198E+001  0.26925552E+001  0.28266120E+001  0.30399461E+001  0.33492901E+001  0.37708981E+001  0.43206372E+001  0.50140524E+001  0.58664113E+001  0.68927413E+001  0.81078532E+001  0.95263684E+001  0.11162735E+002  0.13031240E+002  0.15146030E+002  0.17521113E+002  0.20170370E+002  0.23107576E+002  0.26346384E+002  0.29900358E+002  0.33782954E+002  0.38007537E+002  0.42587406E+002
  0.15874068E+001  0.15963511E+001  0.16380033E+001  0.17268342E+001  0.18736235E+001  0.20874068E+001  0.23011901E+001  0.24479794E+001  0.25368104E+001  0.25784625E+001  0.25874068E+001  0.25919630E+001  0.26204198E+001  0.26925552E+001  0.28266120E+001  0.30399461E+001  0.33492901E+001  0.37708981E+001  0.43206372E+001  0.50140524E+001  0.58664113E+001  0.68927413E+001  0.81078532E+001  0.95263684E+001  0.11162735E+002  0.13031240E+002  0.15146030E+002  0.17521113E+002  0.20170370E+002  0.23107576E+002  0.26346384E+002  0.29900358E+002  0.33782954E+002  0.38007537E+002  0.42587406E+002
  0.15874068E+001  0.15963511E+001  0.16380033E+001  0.17268342E+001  0.18736235E+001  0.20874068E+001  0.23011901E+001  0.24479794E+001  0.25368104E+001  0.25784625E+001  0.25874068E+001  0.25919630E+001  0.26204198E+001  0.26925552E+001  0.28266120E+001  0.30399461E+001  0.33492901E+001  0.37708981E+001  0.43206372E+001  0.50140524E+001  0.58664113E+001  0.68927413E+001  0.81078532E+001  0.95263684E+001  0.11162735E+002  0.13031240E+002  0.15146030E+002  0.17521113E+002  0.20170370E+002  0.23107576E+002  0.26346384E+002  0.29900358E+002  0.33782954E+002  0.38007537E+002  0.42587406E+002
  0.15874068E+001  0.15963511E+001  0.16380033E+001  0.17268342E+001  0.18736235E+001  0.20874068E+001  0.23011901E+001  0.24479794E+001  0.25368104E+001  0.25784625E+001  0.25874068E+001  0.25919630E+001  0.26204198E+001  0.26925552E+001  0.28266120E+001  0.30399461E+001  0.33492901E+001  0.37708981E+001  0.43206372E+001  0.50140524E+001  0.58664113E+001  0.68927413E+001  0.81078532E+001  0.95263684E+001  0.11162735E+002  0.13031240E+002  0.15146030E+002  0.17521113E+002  0.20170370E+002  0.23107576E+002  0.26346384E+002  0.29900358E+002  0.33782954E+002  0.38007537E+002  0.42587406E+002
  0.15874068E+001  0.15963511E+001  0.16380033E+001  0.17268342E+001  0.18736235E+001  0.20874068E+001  0.23011901E+001  0.24479794E+001  0.25368104E+001  0.25784625E+001  0.25874068E+001  0.25919630E+001  0.26204198E+001  0.26925552E+001  0.28266120E+001  0.30399461E+001  0.33492901E+001  0.37708981E+001  0.43206372E+001  0.50140524E+001  0.58664113E+001  0.68927413E+001  0.81078532E+001  0.95263684E+001  0.11162735E+002  0.13031240E+002  0.15146030E+002  0.17521113E+002  0.20170370E+002  0.23107576E+002  0.26346384E+002  0.29900358E+002  0.33782954E+002  0.38007537E+002  0.42587406E+002
  0.15874068E+001  0.15963511E+001  0.16380033E+001  0.17268342E+001  0.18736235E+001  0.20874068E+001  0.23011901E+001  0.24479794E+001  0.25368104E+001  0.25784625E+001  0.25874068E+001  0.25919630E+001  0.26204198E+001  0.26925552E+001  0.28266120E+001  0.30399461E+001  0.33492901E+001  0.37708981E+001  0.43206372E+001  0.50140524E+001  0.58664113E+001  0.68927413E+001  0.81078532E+001  0.95263684E+001  0.11162735E+002  0.13031240E+002  0.15146030E+002  0.17521113E+002  0.20170370E+002  0.23107576E+002  0.26346384E+002  0.29900358E+002  0.33782954E+002  0.38007537E+002  0.42587406E+002
  0.15874068E+001  0.15963511E+001  0.16380033E+001  0.17268342E+001  0.18736235E+001  0.20874068E+001  0.23011901E+001  0.24479794E+001  0.25368104E+001  0.25784625E+001  0.25874068E+001  0.25919630E+001  0.26204198E+001  0.26925552E+001  0.28266120E+001  0.30399461E+001  0.33492901E+001  0.37708981E+001  0.43206372E+001  0.50140524E+001  0.58664113E+001  0.68927413E+001  0.81078532E+001  0.95263684E+001  0.11162735E+002  0.13031240E+002  0.15146030E+002  0.17521113E+002  0.20170370E+002  0.23107576E+002  0.26346384E+002  0.29900358E+002  0.33782954E+002  0.38007537E+002  0.42587406E+002
  0.15874068E+001  0.15963511E+001  0.16380033E+001  0.17268342E+001  0.18736235E+001  0.20874068E+001  0.23011901E+001  0.24479794E+001  0.25368104E+001  0.25784625E+001  0.25874068E+001  0.25919630E+001  0.26204198E+001  0.26925552E+001  0.28266120E+001  0.30399461E+001  0.33492901E+001  0.37708981E+001  0.43206372E+001  0.50140524E+001  0.58664113E+001  0.68927413E+001  0.81078532E+001  0.95263684E+001  0.11162735E+002  0.13031240E+002  0.15146030E+002  0.17521113E+002  0.20170370E+002  0.23107576E+002  0.26346384E+002  0.29900358E+002  0.33782954E+002  0.38007537E+002  0.42587406E+002
  0.15874068E+001  0.15963511E+001  0.16380033E+001  0.17268342E+001  0.18736235E+001  0.20874068E+001  0.23011901E+001  0.24479794E+001  0.25368104E+001  0.25784625E+001  0.25874068E+001  0.25919630E+001  0.26204198E+001  0.26925552E+001  0.28266120E+001  0.30399461E+001  0.33492901E+001  0.37708981E+001  0.43206372E+001  0.50140524E+001  0.58664113E+001  0.68927413E+001  0.81078532E+001  0.95263684E+001  0.11162735E+002  0.13031240E+002  0.15146030E+002  0.17521113E+002  0.20170370E+002  0.23107576E+002  0.26346384E+002  0.29900358E+002  0.33782954E+002  0.38007537E+002  0.42587406E+002
  0.15874068E+001  0.15963511E+001  0.16380033E+001  0.17268342E+001  0.18736235E+001  0.20874068E+001  0.23011901E+001  0.24479794E+001  0.25368104E+001  0.25784625E+001  0.25874068E+001  0.25919630E+001  0.26204198E+001  0.26925552E+001  0.28266120E+001  0.30399461E+001  0.33492901E+001  0.37708981E+001  0.43206372E+001  0.50140524E+001  0.58664113E+001  0.68927413E+001  0.81078532E+001  0.95263684E+001  0.11162735E+002  0.13031240E+002  0.15146030E+002  0.17521113E+002  0.20170370E+002  0.23107576E+002  0.26346384E+002  0.29900358E+002  0.33782954E+002  0.38007537E+002  0.42587406E+002
  0.15874068E+001  0.15963511E+001  0.16380033E+001  0.17268342E+001  0.18736235E+001  0.20874068E+001  0.23011901E+001  0.24479794E+001  0.25368104E+001  0.25784625E+001  0.25874068E+001  0.25919630E+001  0.26204198E+001  0.26925552E+001  0.28266120E+001  0.30399461E+001  0.33492901E+001  0.37708981E+001  0.43206372E+001  0.50140524E+001  0.58664113E+001  0.68927413E+001  0.81078532E+001  0.95263684E+001  0.11162735E+002  0.13031240E+002  0.15146030E+002  0.17521113E+002  0.20170370E+002  0.23107576E+002  0.26346384E+002  0.29900358E+002  0.33782954E+002  0.38007537E+002  0.42587406E+002
  0.15874068E+001  0.15963511E+001  0.16380033E+001  0.17268342E+001  0.18736235E+001  0.20874068E+001  0.23011901E+001  0.24479794E+001  0.25368104E+001  0.25784625E+001  0.25874068E+001  0.25919630E+001  0.26204198E+001  0.26925552E+001  0.28266120E+001  0.30399461E+001  0.33492901E+001  0.37708981E+001  0.43206372E+001  0.50140524E+001  0.58664113E+001  0.68927413E+001  0.81078532E+001  0.95263684E+001  0.11162735E+002  0.13031240E+002  0.15146030E+002  0.17521113E+002  0.20170370E+002  0.23107576E+002  0.26346384E+002  0.29900358E+002  0.33782954E+002  0.38007537E+002  0.42587406E+002
  0.15874068E+001  0.15963511E+001  0.16380033E+001  0.17268342E+001  0.18736235E+001  0.20874068E+001  0.23011901E+001  0.24479794E+001  0.25368104E+001  0.25784625E+001  0.25874068E+001  0.25919630E+001  0.26204198E+001  0.26925552E+001  0.28266120E+001  0.30399461E+001  0.33492901E+001  0.37708981E+001  0.43206372E+001  0.50140524E+001  0.58664113E+001  0.68927413E+001  0.81078532E+001  0.95263684E+001  0.11162735E+002  0.13031240E+002  0.15146030E+002  0.17521113E+002  0.20170370E+002  0.23107576E+002  0.26346384E+002  0.29900358E+002  0.33782954E+002  0.38007537E+002  0.42587406E+002
  0.15874068E+001  0.15963511E+001  0.16380033E+001  0.17268342E+001  0.18736235E+001  0.20874068E+001  0.23011901E+001  0.24479794E+001  0.25368104E+001  0.25784625E+001  0.25874068E+001  0.25919630E+001  0.26204198E+001  0.26925552E+001  0.28266120E+001  0.30399461E+001  0.33492901E+001  0.37708981E+001  0.43206372E+001  0.50140524E+001  0.58664113E+001  0.68927413E+001  0.81078532E+001  0.95263684E+001  0.11162735E+002  0.13031240E+002  0.15146030E+002  0.17521113E+002  0.20170370E+002  0.23107576E+002  0.26346384E+002  0.29900358E+002  0.33782954E+002  0.38007537E+002  0.42587406E+002
  0.15874068E+001  0.15963511E+001  0.16380033E+001  0.17268342E+001  0.18736235E+001  0.20874068E+001  0.23011901E+001  0.24479794E+001  0.25368104E+001  0.25784625E+001  0.25874068E+001  0.25919630E+001  0.26204198E+001  0.26925552E+001  0.28266120E+001  0.30399461E+001  0.33492901E+001  0.37708981E+001  0.43206372E+001  0.50140524E+001  0.58664113E+001  0.68927413E+001  0.81078532E+001  0.95263684E+001  0.11162735E+002  0.13031240E+002  0.15146030E+002  0.17521113E+002  0.20170370E+002  0.23107576E+002  0.26346384E+002  0.29900358E+002  0.33782954E+002  0.38007537E+002  0.42587406E+002
  0.15874068E+001  0.15963511E+001  0.16380033E+001  0.17268342E+001  0.18736235E+001  0.20874068E+001  0.23011901E+001  0.24479794E+001  0.25368104E+001  0.25784625E+001  0.25874068E+001  0.25919630E+001  0.26204198E+001  0.26925552E+001  0.28266120E+001  0.30399461E+001  0.33492901E+001  0.37708981E+001  0.43206372E+001  0.50140524E+001  0.58664113E+001  0.68927413E+001  0.81078532E+001  0.95263684E+001  0.11162735E+002  0.13031240E+002  0.15146030E+002  0.17521113E+002  0.20170370E+002  0.23107576E+002  0.26346384E+002  0.29900358E+002  0.33782954E+002  0.38007537E+002  0.42587406E+002
  0.15874068E+001  0.15963511E+001  0.16380033E+001  0.17268342E+001  0.18736235E+001  0.20874068E+001  0.23011901E+001  0.24479794E+001  0.25368104E+001  0.25784625E+001  0.25874068E+001  0.25919630E+001  0.26204198E+001  0.26925552E+001  0.28266120E+001  0.30399461E+001  0.33492901E+001  0.37708981E+001  0.43206372E+001  0.50140523E+001  0.58664113E+001  0.68927413E+001  0.81078532E+001  0.95263684E+001  0.11162735E+002  0.13031240E+002  0.15146030E+002  0.17521113E+002  0.20170370E+002  0.23107576E+002  0.26346384E+002  0.29900358E+002  0.33782954E+002  0.38007537E+002  0.42587406E+002
  0.15874065E+001  0.15963508E+001  0.16380030E+001  0.17268340E+001  0.18736232E+001  0.20874065E+001  0.23011898E+001  0.24479791E+001  0.25368101E+001  0.25784623E+001  0.25874065E+001  0.25919627E+001  0.26204195E+001  0.26925550E+001  0.28266117E+001  0.30399458E+001  0.33492899E+001  0.37708978E+001  0.43206369E+001  0.50140521E+001  0.58664110E+001  0.68927410E+001  0.81078529E+001  0.95263681E+001  0.11162735E+002  0.13031239E+002  0.15146029E+002  0.17521113E+002  0.20170370E+002  0.23107576E+002  0.26346383E+002  0.29900357E+002  0.33782954E+002  0.38007537E+002  0.42587406E+002
  0.15873882E+001  0.15963325E+001  0.16379847E+001  0.17268156E+001  0.18736049E+001  0.20873882E+001  0.23011715E+001  0.24479608E+001  0.25367917E+001  0.25784439E+001  0.25873882E+001  0.25919444E+001  0.26204012E+001  0.26925366E+001  0.28265934E+001  0.30399275E+001  0.33492715E+001  0.37708795E+001  0.43206186E+001  0.50140337E+001  0.58663927E+001  0.68927227E+001  0.81078346E+001  0.95263498E+001  0.11162717E+002  0.13031221E+002  0.15146011E+002  0.17521094E+002  0.20170351E+002  0.23107558E+002  0.26346365E+002  0.29900339E+002  0.33782936E+002  0.38007518E+002  0.42587388E+002
  0.15865401E+001  0.15954844E+001  0.16371366E+001  0.17259675E+001  0.18727568E+001  0.20865401E+001  0.23003234E+001  0.24471127E+001  0.25359437E+001  0.25775958E+001  0.25865401E+001  0.25910963E+001  0.26195531E+001  0.26916885E+001  0.28257453E+001  0.30390794E+001  0.33484234E+001  0.37700314E+001  0.43197705E+001  0.50131857E+001  0.58655446E+001  0.68918746E+001  0.81069865E+001  0.95255017E+001  0.11161869E+002  0.13030373E+002  0.15145163E+002  0.17520246E+002  0.20169503E+002  0.23106710E+002  0.26345517E+002  0.29899491E+002  0.33782088E+002  0.38006670E+002  0.42586540E+002
  0.15596829E+001  0.15686271E+001  0.16102793E+001  0.16991103E+001  0.18458996E+001  0.20596829E+001  0.22734661E+001  0.24202554E+001  0.25090864E+001  0.25507386E+001  0.25596829E+001  0.25642390E+001  0.25926959E+001  0.26648313E+001  0.27988880E+001  0.30122221E+001  0.33215662E+001  0.37431741E+001  0.42929133E+001  0.49863284E+001  0.58386874E+001  0.68650173E+001  0.80801292E+001  0.94986444E+001  0.11135011E+002  0.13003516E+002  0.15118306E+002  0.17493389E+002  0.20142646E+002  0.23079852E+002  0.26318660E+002  0.29872634E+002  0.33755231E+002  0.37979813E+002  0.42559683E+002
  0.75700178E+000  0.75700185E+000  0.75700216E+000  0.75700290E+000  0.75700431E+000  0.75700676E+000  0.75700959E+000  0.75700869E+000  0.75700814E+000  0.75700789E+000  0.75700783E+000  0.75700780E+000  0.75700763E+000  0.82914307E+000  0.96319982E+000  0.11765339E+001  0.14858780E+001  0.19074859E+001  0.24572251E+001  0.31506402E+001  0.40029992E+001  0.50293291E+001  0.62444410E+001  0.76629562E+001  0.92993233E+001  0.11167827E+002  0.13282618E+002  0.15657701E+002  0.18306958E+002  0.21244164E+002  0.24482971E+002  0.28036945E+002  0.31919542E+002  0.36144125E+002  0.40723994E+002
  0.15939888E+001  0.16029331E+001  0.16445853E+001  0.17334162E+001  0.18802055E+001  0.20939888E+001  0.23077721E+001  0.38090287E-001  0.38091042E-001  0.38091396E-001  0.38091472E-001  0.38091510E-001  0.38091757E-001  0.11022720E+000  0.24428395E+000  0.45761806E+000  0.76696211E+000  0.11885700E+001  0.17383092E+001  0.24317243E+001  0.32840833E+001  0.43104133E+001  0.55255252E+001  0.69440405E+001  0.85804075E+001  0.10448912E+002  0.12563702E+002  0.14938785E+002  0.17588042E+002  0.20525249E+002  0.23764056E+002  0.27318030E+002  0.31200627E+002  0.35425209E+002  0.40005079E+002
  0.15885678E+001  0.15975121E+001  0.16391643E+001  0.16199672E+001  0.16208525E+001  0.16218914E+001  0.16225930E+001  0.16171457E+001  0.16187692E+001  0.16194293E+001  0.16196235E+001  0.16241797E+001  0.16526365E+001  0.17247719E+001  0.18588287E+001  0.20721628E+001  0.23815068E+001  0.28031148E+001  0.33528539E+001  0.40462690E+001  0.48986280E+001  0.59249580E+001  0.71400698E+001  0.85585851E+001  0.10194952E+002  0.12063456E+002  0.14178246E+002  0.16553330E+002  0.19202586E+002  0.22139793E+002  0.25378600E+002  0.28932574E+002  0.32815171E+002  0.37039753E+002  0.41619623E+002
