  0.56761802E+001  0.56851245E+001  0.57267767E+001  0.58156077E+001  0.59623970E+001  0.61761802E+001  0.63899635E+001  0.65367528E+001  0.66255838E+001  0.66672360E+001  0.66761802E+001  0.66807364E+001  0.67091932E+001  0.67813287E+001  0.69153854E+001  0.71287195E+001  0.74380636E+001  0.78596715E+001  0.84094107E+001  0.91028258E+001  0.99551848E+001  0.10981515E+002  0.12196627E+002  0.13615142E+002  0.15251509E+002  0.17120013E+002  0.19234803E+002  0.21609886E+002  0.24259143E+002  0.27196350E+002  0.30435157E+002  0.33989131E+002  0.37871728E+002  0.42096311E+002  0.46676180E+002
  0.56761802E+001  0.56851245E+001  0.57267767E+001  0.58156077E+001  0.59623970E+001  0.61761802E+001  0.63899635E+001  0.65367528E+001  0.66255838E+001  0.66672360E+001  0.66761802E+001  0.66807364E+001  0.67091932E+001  0.67813287E+001  0.69153854E+001  0.71287195E+001  0.74380636E+001  0.78596715E+001  0.84094107E+001  0.91028258E+001  0.99551848E+001  0.10981515E+002  0.12196627E+002  0.13615142E+002  0.15251509E+002  0.17120013E+002  0.19234803E+002  0.21609886E+002  0.24259143E+002  0.27196350E+002  0.30435157E+002  0.33989131E+002  0.37871728E+002  0.42096311E+002  0.46676180E+002
  0.56761802E+001  0.56851245E+001  0.57267767E+001  0.58156077E+001  0.59623970E+001  0.61761802E+001  0.63899635E+001  0.65367528E+001  0.66255838E+001  0.66672360E+001  0.66761802E+001  0.66807364E+001  0.67091932E+001  0.67813287E+001  0.69153854E+001  0.71287195E+001  0.74380636E+001  0.78596715E+001  0.84094107E+001  0.91028258E+001  0.99551848E+001  0.10981515E+002  0.12196627E+002  0.13615142E+002  0.15251509E+002  0.17120013E+002  0.19234803E+002  0.21609886E+002  0.24259143E+002  0.27196350E+002  0.30435157E+002  0.33989131E+002  0.37871728E+002  0.42096311E+002  0.46676180E+002
  0.56761802E+001  0.56851245E+001  0.57267767E+001  0.58156077E+001  0.59623970E+001  0.61761802E+001  0.63899635E+001  0.65367528E+001  0.66255838E+001  0.66672360E+001  0.66761802E+001  0.66807364E+001  0.67091932E+001  0.67813287E+001  0.69153854E+001  0.71287195E+001  0.74380636E+001  0.78596715E+001  0.84094107E+001  0.91028258E+001  0.99551848E+001  0.10981515E+002  0.12196627E+002  0.13615142E+002  0.15251509E+002  0.17120013E+002  0.19234803E+002  0.21609886E+002  0.24259143E+002  0.27196350E+002  0.30435157E+002  0.33989131E+002  0.37871728E+002  0.42096311E+002  0.46676180E+002
  0.56761802E+001  0.56851245E+001  0.57267767E+001  0.58156077E+001  0.59623970E+001  0.61761802E+001  0.63899635E+001  0.65367528E+001  0.66255838E+001  0.66672360E+001  0.66761802E+001  0.66807364E+001  0.67091932E+001  0.67813287E+001  0.69153854E+001  0.71287195E+001  0.74380636E+001  0.78596715E+001  0.84094107E+001  0.91028258E+001  0.99551848E+001  0.10981515E+002  0.12196627E+002  0.13615142E+002  0.15251509E+002  0.17120013E+002  0.19234803E+002  0.21609886E+002  0.24259143E+002  0.27196350E+002  0.30435157E+002  0.33989131E+002  0.37871728E+002  0.42096311E+002  0.46676180E+002
  0.56761802E+001  0.56851245E+001  0.57267767E+001  0.58156077E+001  0.59623970E+001  0.61761802E+001  0.63899635E+001  0.65367528E+001  0.66255838E+001  0.66672360E+001  0.66761802E+001  0.66807364E+001  0.67091932E+001  0.67813287E+001  0.69153854E+001  0.71287195E+001  0.74380636E+001  0.78596715E+001  0.84094107E+001  0.91028258E+001  0.99551848E+001  0.10981515E+002  0.12196627E+002  0.13615142E+002  0.15251509E+002  0.17120013E+002  0.19234803E+002  0.21609886E+002  0.24259143E+002  0.27196350E+002  0.30435157E+002  0.33989131E+002  0.37871728E+002  0.42096311E+002  0.46676180E+002
  0.56761802E+001  0.56851245E+001  0.57267767E+001  0.58156077E+001  0.59623970E+001  0.61761802E+001  0.63899635E+001  0.65367528E+001  0.66255838E+001  0.66672360E+001  0.66761802E+001  0.66807364E+001  0.67091932E+001  0.67813287E+001  0.69153854E+001  0.71287195E+001  0.74380636E+001  0.78596715E+001  0.84094107E+001  0.91028258E+001  0.99551848E+001  0.10981515E+002  0.12196627E+002  0.13615142E+002  0.15251509E+002  0.17120013E+002  0.19234803E+002  0.21609886E+002  0.24259143E+002  0.27196350E+002  0.30435157E+002  0.33989131E+002  0.37871728E+002  0.42096311E+002  0.46676180E+002
  0.56761802E+001  0.56851245E+001  0.57267767E+001  0.58156077E+001  0.59623970E+001  0.61761802E+001  0.63899635E+001  0.65367528E+001  0.66255838E+001  0.66672360E+001  0.66761802E+001  0.66807364E+001  0.67091932E+001  0.67813287E+001  0.69153854E+001  0.71287195E+001  0.74380636E+001  0.78596715E+001  0.84094107E+001  0.91028258E+001  0.99551848E+001  0.10981515E+002  0.12196627E+002  0.13615142E+002  0.15251509E+002  0.17120013E+002  0.19234803E+002  0.21609886E+002  0.24259143E+002  0.27196350E+002  0.30435157E+002  0.33989131E+002  0.37871728E+002  0.42096311E+002  0.46676180E+002
  0.56761802E+001  0.56851245E+001  0.57267767E+001  0.58156077E+001  0.59623970E+001  0.61761802E+001  0.63899635E+001  0.65367528E+001  0.66255838E+001  0.66672360E+001  0.66761802E+001  0.66807364E+001  0.67091932E+001  0.67813287E+001  0.69153854E+001  0.71287195E+001  0.74380636E+001  0.78596715E+001  0.84094107E+001  0.91028258E+001  0.99551848E+001  0.10981515E+002  0.12196627E+002  0.13615142E+002  0.15251509E+002  0.17120013E+002  0.19234803E+002  0.21609886E+002  0.24259143E+002  0.27196350E+002  0.30435157E+002  0.33989131E+002  0.37871728E+002  0.42096311E+002  0.46676180E+002
  0.56761802E+001  0.56851245E+001  0.57267767E+001  0.58156077E+001  0.59623970E+001  0.61761802E+001  0.63899635E+001  0.65367528E+001  0.66255838E+001  0.66672360E+001  0.66761802E+001  0.66807364E+001  0.67091932E+001  0.67813287E+001  0.69153854E+001  0.71287195E+001  0.74380636E+001  0.78596715E+001  0.84094107E+001  0.91028258E+001  0.99551848E+001  0.10981515E+002  0.12196627E+002  0.13615142E+002  0.15251509E+002  0.17120013E+002  0.19234803E+002  0.21609886E+002  0.24259143E+002  0.27196350E+002  0.30435157E+002  0.33989131E+002  0.37871728E+002  0.42096311E+002  0.46676180E+002
  0.56761802E+001  0.56851245E+001  0.57267767E+001  0.58156077E+001  0.59623970E+001  0.61761802E+001  0.63899635E+001  0.65367528E+001  0.66255838E+001  0.66672360E+001  0.66761802E+001  0.66807364E+001  0.67091932E+001  0.67813287E+001  0.69153854E+001  0.71287195E+001  0.74380636E+001  0.78596715E+001  0.84094107E+001  0.91028258E+001  0.99551848E+001  0.10981515E+002  0.12196627E+002  0.13615142E+002  0.15251509E+002  0.17120013E+002  0.19234803E+002  0.21609886E+002  0.24259143E+002  0.27196350E+002  0.30435157E+002  0.33989131E+002  0.37871728E+002  0.42096311E+002  0.46676180E+002
  0.56761802E+001  0.56851245E+001  0.57267767E+001  0.58156077E+001  0.59623970E+001  0.61761802E+001  0.63899635E+001  0.65367528E+001  0.66255838E+001  0.66672360E+001  0.66761802E+001  0.66807364E+001  0.67091932E+001  0.67813287E+001  0.69153854E+001  0.71287195E+001  0.74380636E+001  0.78596715E+001  0.84094107E+001  0.91028258E+001  0.99551848E+001  0.10981515E+002  0.12196627E+002  0.13615142E+002  0.15251509E+002  0.17120013E+002  0.19234803E+002  0.21609886E+002  0.24259143E+002  0.27196350E+002  0.30435157E+002  0.33989131E+002  0.37871728E+002  0.42096311E+002  0.46676180E+002
  0.56761802E+001  0.56851245E+001  0.57267767E+001  0.58156077E+001  0.59623970E+001  0.61761802E+001  0.63899635E+001  0.65367528E+001  0.66255838E+001  0.66672360E+001  0.66761802E+001  0.66807364E+001  0.67091932E+001  0.67813287E+001  0.69153854E+001  0.71287195E+001  0.74380636E+001  0.78596715E+001  0.84094107E+001  0.91028258E+001  0.99551848E+001  0.10981515E+002  0.12196627E+002  0.13615142E+002  0.15251509E+002  0.17120013E+002  0.19234803E+002  0.21609886E+002  0.24259143E+002  0.27196350E+002  0.30435157E+002  0.33989131E+002  0.37871728E+002  0.42096311E+002  0.46676180E+002
  0.56761802E+001  0.56851245E+001  0.57267767E+001  0.58156077E+001  0.59623970E+001  0.61761802E+001  0.63899635E+001  0.65367528E+001  0.66255838E+001  0.66672360E+001  0.66761802E+001  0.66807364E+001  0.67091932E+001  0.67813287E+001  0.69153854E+001  0.71287195E+001  0.74380636E+001  0.78596715E+001  0.84094107E+001  0.91028258E+001  0.99551848E+001  0.10981515E+002  0.12196627E+002  0.13615142E+002  0.15251509E+002  0.17120013E+002  0.19234803E+002  0.21609886E+002  0.24259143E+002  0.27196350E+002  0.30435157E+002  0.33989131E+002  0.37871728E+002  0.42096311E+002  0.46676180E+002
  0.56761802E+001  0.56851245E+001  0.57267767E+001  0.58156077E+001  0.59623970E+001  0.61761802E+001  0.63899635E+001  0.65367528E+001  0.66255838E+001  0.66672360E+001  0.66761802E+001  0.66807364E+001  0.67091932E+001  0.67813287E+001  0.69153854E+001  0.71287195E+001  0.74380636E+001  0.78596715E+001  0.84094107E+001  0.91028258E+001  0.99551848E+001  0.10981515E+002  0.12196627E+002  0.13615142E+002  0.15251509E+002  0.17120013E+002  0.19234803E+002  0.21609886E+002  0.24259143E+002  0.27196350E+002  0.30435157E+002  0.33989131E+002  0.37871728E+002  0.42096311E+002  0.46676180E+002
  0.56761802E+001  0.56851244E+001  0.57267766E+001  0.58156076E+001  0.59623969E+001  0.61761802E+001  0.63899634E+001  0.65367527E+001  0.66255837E+001  0.66672359E+001  0.66761802E+001  0.66807363E+001  0.67091932E+001  0.67813286E+001  0.69153853E+001  0.71287195E+001  0.74380635E+001  0.78596714E+001  0.84094106E+001  0.91028257E+001  0.99551847E+001  0.10981515E+002  0.12196627E+002  0.13615142E+002  0.15251509E+002  0.17120013E+002  0.19234803E+002  0.21609886E+002  0.24259143E+002  0.27196350E+002  0.30435157E+002  0.33989131E+002  0.37871728E+002  0.42096311E+002  0.46676180E+002
  0.56761772E+001  0.56851215E+001  0.57267737E+001  0.58156046E+001  0.59623939E+001  0.61761772E+001  0.63899605E+001  0.65367498E+001  0.66255808E+001  0.66672330E+001  0.66761772E+001  0.66807334E+001  0.67091902E+001  0.67813257E+001  0.69153824E+001  0.71287165E+001  0.74380606E+001  0.78596685E+001  0.84094077E+001  0.91028228E+001  0.99551818E+001  0.10981512E+002  0.12196624E+002  0.13615139E+002  0.15251506E+002  0.17120010E+002  0.19234800E+002  0.21609883E+002  0.24259140E+002  0.27196347E+002  0.30435154E+002  0.33989128E+002  0.37871725E+002  0.42096308E+002  0.46676177E+002
  0.56760868E+001  0.56850310E+001  0.57266832E+001  0.58155142E+001  0.59623035E+001  0.61760868E+001  0.63898700E+001  0.65366593E+001  0.66254903E+001  0.66671425E+001  0.66760868E+001  0.66806429E+001  0.67090998E+001  0.67812352E+001  0.69152919E+001  0.71286261E+001  0.74379701E+001  0.78595780E+001  0.84093172E+001  0.91027323E+001  0.99550913E+001  0.10981421E+002  0.12196533E+002  0.13615048E+002  0.15251415E+002  0.17119920E+002  0.19234710E+002  0.21609793E+002  0.24259050E+002  0.27196256E+002  0.30435064E+002  0.33989038E+002  0.37871635E+002  0.42096217E+002  0.46676087E+002
  0.56740549E+001  0.56829992E+001  0.57246514E+001  0.58134823E+001  0.59602716E+001  0.61740549E+001  0.63878382E+001  0.65346275E+001  0.66234585E+001  0.66651107E+001  0.66740549E+001  0.66786111E+001  0.67070679E+001  0.67792034E+001  0.69132601E+001  0.71265942E+001  0.74359383E+001  0.78575462E+001  0.84072854E+001  0.91007005E+001  0.99530595E+001  0.10979389E+002  0.12194501E+002  0.13613017E+002  0.15249384E+002  0.17117888E+002  0.19232678E+002  0.21607761E+002  0.24257018E+002  0.27194225E+002  0.30433032E+002  0.33987006E+002  0.37869603E+002  0.42094185E+002  0.46674055E+002
  0.56426715E+001  0.56516157E+001  0.56932679E+001  0.57820989E+001  0.59288882E+001  0.61426715E+001  0.63564547E+001  0.65032440E+001  0.65920750E+001  0.66337272E+001  0.66426715E+001  0.66472276E+001  0.66756845E+001  0.67478199E+001  0.68818766E+001  0.70952108E+001  0.74045548E+001  0.78261627E+001  0.83759019E+001  0.90693170E+001  0.99216760E+001  0.10948006E+002  0.12163118E+002  0.13581633E+002  0.15218000E+002  0.17086504E+002  0.19201294E+002  0.21576378E+002  0.24225635E+002  0.27162841E+002  0.30401648E+002  0.33955622E+002  0.37838219E+002  0.42062802E+002  0.46642671E+002
  0.53096593E+001  0.53096594E+001  0.53513115E+001  0.54401425E+001  0.55869318E+001  0.58007151E+001  0.60144984E+001  0.61612877E+001  0.62501186E+001  0.62917708E+001  0.63007151E+001  0.63052712E+001  0.63337281E+001  0.64058635E+001  0.65399203E+001  0.67532544E+001  0.70625984E+001  0.74842064E+001  0.80339455E+001  0.87273607E+001  0.95797196E+001  0.10606050E+002  0.11821162E+002  0.13239677E+002  0.14876044E+002  0.16744548E+002  0.18859338E+002  0.21234421E+002  0.23883678E+002  0.26820885E+002  0.30059692E+002  0.33613666E+002  0.37496263E+002  0.41720845E+002  0.46300715E+002
  0.60913559E+001  0.60913559E+001  0.60913559E+001  0.60913559E+001  0.60913559E+001  0.60913590E+001  0.60913590E+001  0.60913590E+001  0.60913590E+001  0.60913596E+001  0.60913597E+001  0.60913598E+001  0.60913602E+001  0.60913613E+001  0.60913632E+001  0.60913664E+001  0.60913710E+001  0.60913772E+001  0.60913853E+001  0.67848004E+001  0.76371594E+001  0.76371666E+001  0.76371752E+001  0.76371853E+001  0.92735523E+001  0.11142056E+002  0.13256847E+002  0.15631930E+002  0.18281187E+002  0.21218393E+002  0.24457200E+002  0.28011174E+002  0.28010749E+002  0.32235331E+002  0.36815201E+002
  0.60705522E+001  0.60705521E+001  0.60705517E+001  0.60705510E+001  0.60705498E+001  0.60705482E+001  0.60705468E+001  0.60705459E+001  0.60705454E+001  0.60705452E+001  0.60705451E+001  0.60705450E+001  0.60705448E+001  0.60705431E+001  0.60705399E+001  0.60705347E+001  0.60705273E+001  0.60705172E+001  0.60705040E+001  0.60704874E+001  0.60704669E+001  0.60704423E+001  0.60704132E+001  0.60703791E+001  0.60703399E+001  0.60702951E+001  0.60702445E+001  0.60701876E+001  0.30071098E+001  0.30071483E+001  0.30071908E+001  0.30072375E+001  0.30072887E+001  0.30073444E+001  0.30074047E+001
  0.43388507E+001  0.43477950E+001  0.40348991E+001  0.41066974E+001  0.42267912E+001  0.43909283E+001  0.45603596E+001  0.46555727E+001  0.47128654E+001  0.47353448E+001  0.47353434E+001  0.47398995E+001  0.47683564E+001  0.21397625E+001  0.21397691E+001  0.21397797E+001  0.21397950E+001  0.21398159E+001  0.21398700E+001  0.21399398E+001  0.21400629E+001  0.21401679E+001  0.21402931E+001  0.21404404E+001  0.21406119E+001  0.21456925E+001  0.21468061E+001  0.21480663E+001  0.21494888E+001  0.21517212E+001  0.21566007E+001  0.21627225E+001  0.21684585E+001  0.21692349E+001  0.21703235E+001
  0.57596074E+001  0.57597265E+001  0.57602788E+001  0.58491097E+001  0.72226238E+001  0.72290695E+001  0.72694770E+001  0.72728252E+001  0.72747943E+001  0.73164464E+001  0.73253907E+001  0.73299469E+001  0.73584037E+001  0.54850344E+001  0.54880598E+001  0.54905667E+001  0.55015692E+001  0.55015174E+001  0.55667158E+001  0.56458160E+001  0.57463157E+001  0.46948877E+001  0.47137864E+001  0.47337464E+001  0.47591563E+001  0.70062219E+002  0.72128370E+002  0.72670134E+002  0.73512502E+002  0.74324212E+002  0.75348421E+002  0.85843860E+002  0.73940560E+002  0.11097682E+002  0.13718283E+002
