  0.19142203E+001  0.19231646E+001  0.19648168E+001  0.20536477E+001  0.22004370E+001  0.24142203E+001  0.26280036E+001  0.27747929E+001  0.28636239E+001  0.29052760E+001  0.29142203E+001  0.29187765E+001  0.29472333E+001  0.30193688E+001  0.31534255E+001  0.33667596E+001  0.36761037E+001  0.40977116E+001  0.46474507E+001  0.53408659E+001  0.61932249E+001  0.72195548E+001  0.84346667E+001  0.98531819E+001  0.11489549E+002  0.13358053E+002  0.15472843E+002  0.17847926E+002  0.20497183E+002  0.23434390E+002  0.26673197E+002  0.30227171E+002  0.34109768E+002  0.38334351E+002  0.42914220E+002
  0.19142203E+001  0.19231646E+001  0.19648168E+001  0.20536477E+001  0.22004370E+001  0.24142203E+001  0.26280036E+001  0.27747929E+001  0.28636239E+001  0.29052760E+001  0.29142203E+001  0.29187765E+001  0.29472333E+001  0.30193688E+001  0.31534255E+001  0.33667596E+001  0.36761037E+001  0.40977116E+001  0.46474507E+001  0.53408659E+001  0.61932249E+001  0.72195548E+001  0.84346667E+001  0.98531819E+001  0.11489549E+002  0.13358053E+002  0.15472843E+002  0.17847926E+002  0.20497183E+002  0.23434390E+002  0.26673197E+002  0.30227171E+002  0.34109768E+002  0.38334351E+002  0.42914220E+002
  0.19142203E+001  0.19231646E+001  0.19648168E+001  0.20536477E+001  0.22004370E+001  0.24142203E+001  0.26280036E+001  0.27747929E+001  0.28636239E+001  0.29052760E+001  0.29142203E+001  0.29187765E+001  0.29472333E+001  0.30193688E+001  0.31534255E+001  0.33667596E+001  0.36761037E+001  0.40977116E+001  0.46474507E+001  0.53408659E+001  0.61932249E+001  0.72195548E+001  0.84346667E+001  0.98531819E+001  0.11489549E+002  0.13358053E+002  0.15472843E+002  0.17847926E+002  0.20497183E+002  0.23434390E+002  0.26673197E+002  0.30227171E+002  0.34109768E+002  0.38334351E+002  0.42914220E+002
  0.19142203E+001  0.19231646E+001  0.19648168E+001  0.20536477E+001  0.22004370E+001  0.24142203E+001  0.26280036E+001  0.27747929E+001  0.28636239E+001  0.29052760E+001  0.29142203E+001  0.29187765E+001  0.29472333E+001  0.30193688E+001  0.31534255E+001  0.33667596E+001  0.36761037E+001  0.40977116E+001  0.46474507E+001  0.53408659E+001  0.61932249E+001  0.72195548E+001  0.84346667E+001  0.98531819E+001  0.11489549E+002  0.13358053E+002  0.15472843E+002  0.17847926E+002  0.20497183E+002  0.23434390E+002  0.26673197E+002  0.30227171E+002  0.34109768E+002  0.38334351E+002  0.42914220E+002
  0.19142203E+001  0.19231646E+001  0.19648168E+001  0.20536477E+001  0.22004370E+001  0.24142203E+001  0.26280036E+001  0.27747929E+001  0.28636239E+001  0.29052760E+001  0.29142203E+001  0.29187765E+001  0.29472333E+001  0.30193688E+001  0.31534255E+001  0.33667596E+001  0.36761037E+001  0.40977116E+001  0.46474507E+001  0.53408659E+001  0.61932249E+001  0.72195548E+001  0.84346667E+001  0.98531819E+001  0.11489549E+002  0.13358053E+002  0.15472843E+002  0.17847926E+002  0.20497183E+002  0.23434390E+002  0.26673197E+002  0.30227171E+002  0.34109768E+002  0.38334351E+002  0.42914220E+002
  0.19142203E+001  0.19231646E+001  0.19648168E+001  0.20536477E+001  0.22004370E+001  0.24142203E+001  0.26280036E+001  0.27747929E+001  0.28636239E+001  0.29052760E+001  0.29142203E+001  0.29187765E+001  0.29472333E+001  0.30193688E+001  0.31534255E+001  0.33667596E+001  0.36761037E+001  0.40977116E+001  0.46474507E+001  0.53408659E+001  0.61932249E+001  0.72195548E+001  0.84346667E+001  0.98531819E+001  0.11489549E+002  0.13358053E+002  0.15472843E+002  0.17847926E+002  0.20497183E+002  0.23434390E+002  0.26673197E+002  0.30227171E+002  0.34109768E+002  0.38334351E+002  0.42914220E+002
  0.19142203E+001  0.19231646E+001  0.19648168E+001  0.20536477E+001  0.22004370E+001  0.24142203E+001  0.26280036E+001  0.27747929E+001  0.28636239E+001  0.29052760E+001  0.29142203E+001  0.29187765E+001  0.29472333E+001  0.30193688E+001  0.31534255E+001  0.33667596E+001  0.36761037E+001  0.40977116E+001  0.46474507E+001  0.53408659E+001  0.61932249E+001  0.72195548E+001  0.84346667E+001  0.98531819E+001  0.11489549E+002  0.13358053E+002  0.15472843E+002  0.17847926E+002  0.20497183E+002  0.23434390E+002  0.26673197E+002  0.30227171E+002  0.34109768E+002  0.38334351E+002  0.42914220E+002
  0.19142203E+001  0.19231646E+001  0.19648168E+001  0.20536477E+001  0.22004370E+001  0.24142203E+001  0.26280036E+001  0.27747929E+001  0.28636239E+001  0.29052760E+001  0.29142203E+001  0.29187765E+001  0.29472333E+001  0.30193688E+001  0.31534255E+001  0.33667596E+001  0.36761037E+001  0.40977116E+001  0.46474507E+001  0.53408659E+001  0.61932249E+001  0.72195548E+001  0.84346667E+001  0.98531819E+001  0.11489549E+002  0.13358053E+002  0.15472843E+002  0.17847926E+002  0.20497183E+002  0.23434390E+002  0.26673197E+002  0.30227171E+002  0.34109768E+002  0.38334351E+002  0.42914220E+002
  0.19142203E+001  0.19231646E+001  0.19648168E+001  0.20536477E+001  0.22004370E+001  0.24142203E+001  0.26280036E+001  0.27747929E+001  0.28636239E+001  0.29052760E+001  0.29142203E+001  0.29187765E+001  0.29472333E+001  0.30193688E+001  0.31534255E+001  0.33667596E+001  0.36761037E+001  0.40977116E+001  0.46474507E+001  0.53408659E+001  0.61932249E+001  0.72195548E+001  0.84346667E+001  0.98531819E+001  0.11489549E+002  0.13358053E+002  0.15472843E+002  0.17847926E+002  0.20497183E+002  0.23434390E+002  0.26673197E+002  0.30227171E+002  0.34109768E+002  0.38334351E+002  0.42914220E+002
  0.19142203E+001  0.19231646E+001  0.19648168E+001  0.20536477E+001  0.22004370E+001  0.24142203E+001  0.26280036E+001  0.27747929E+001  0.28636239E+001  0.29052760E+001  0.29142203E+001  0.29187765E+001  0.29472333E+001  0.30193688E+001  0.31534255E+001  0.33667596E+001  0.36761037E+001  0.40977116E+001  0.46474507E+001  0.53408659E+001  0.61932249E+001  0.72195548E+001  0.84346667E+001  0.98531819E+001  0.11489549E+002  0.13358053E+002  0.15472843E+002  0.17847926E+002  0.20497183E+002  0.23434390E+002  0.26673197E+002  0.30227171E+002  0.34109768E+002  0.38334351E+002  0.42914220E+002
  0.19142203E+001  0.19231646E+001  0.19648168E+001  0.20536477E+001  0.22004370E+001  0.24142203E+001  0.26280036E+001  0.27747929E+001  0.28636239E+001  0.29052760E+001  0.29142203E+001  0.29187765E+001  0.29472333E+001  0.30193688E+001  0.31534255E+001  0.33667596E+001  0.36761037E+001  0.40977116E+001  0.46474507E+001  0.53408659E+001  0.61932249E+001  0.72195548E+001  0.84346667E+001  0.98531819E+001  0.11489549E+002  0.13358053E+002  0.15472843E+002  0.17847926E+002  0.20497183E+002  0.23434390E+002  0.26673197E+002  0.30227171E+002  0.34109768E+002  0.38334351E+002  0.42914220E+002
  0.19142203E+001  0.19231646E+001  0.19648168E+001  0.20536477E+001  0.22004370E+001  0.24142203E+001  0.26280036E+001  0.27747929E+001  0.28636239E+001  0.29052760E+001  0.29142203E+001  0.29187765E+001  0.29472333E+001  0.30193688E+001  0.31534255E+001  0.33667596E+001  0.36761037E+001  0.40977116E+001  0.46474507E+001  0.53408659E+001  0.61932249E+001  0.72195548E+001  0.84346667E+001  0.98531819E+001  0.11489549E+002  0.13358053E+002  0.15472843E+002  0.17847926E+002  0.20497183E+002  0.23434390E+002  0.26673197E+002  0.30227171E+002  0.34109768E+002  0.38334351E+002  0.42914220E+002
  0.19142203E+001  0.19231646E+001  0.19648168E+001  0.20536477E+001  0.22004370E+001  0.24142203E+001  0.26280036E+001  0.27747929E+001  0.28636239E+001  0.29052760E+001  0.29142203E+001  0.29187765E+001  0.29472333E+001  0.30193688E+001  0.31534255E+001  0.33667596E+001  0.36761037E+001  0.40977116E+001  0.46474507E+001  0.53408659E+001  0.61932249E+001  0.72195548E+001  0.84346667E+001  0.98531819E+001  0.11489549E+002  0.13358053E+002  0.15472843E+002  0.17847926E+002  0.20497183E+002  0.23434390E+002  0.26673197E+002  0.30227171E+002  0.34109768E+002  0.38334351E+002  0.42914220E+002
  0.19142203E+001  0.19231646E+001  0.19648168E+001  0.20536477E+001  0.22004370E+001  0.24142203E+001  0.26280036E+001  0.27747929E+001  0.28636239E+001  0.29052760E+001  0.29142203E+001  0.29187765E+001  0.29472333E+001  0.30193688E+001  0.31534255E+001  0.33667596E+001  0.36761037E+001  0.40977116E+001  0.46474507E+001  0.53408659E+001  0.61932249E+001  0.72195548E+001  0.84346667E+001  0.98531819E+001  0.11489549E+002  0.13358053E+002  0.15472843E+002  0.17847926E+002  0.20497183E+002  0.23434390E+002  0.26673197E+002  0.30227171E+002  0.34109768E+002  0.38334351E+002  0.42914220E+002
  0.19142203E+001  0.19231646E+001  0.19648168E+001  0.20536477E+001  0.22004370E+001  0.24142203E+001  0.26280036E+001  0.27747929E+001  0.28636239E+001  0.29052760E+001  0.29142203E+001  0.29187765E+001  0.29472333E+001  0.30193688E+001  0.31534255E+001  0.33667596E+001  0.36761037E+001  0.40977116E+001  0.46474507E+001  0.53408659E+001  0.61932249E+001  0.72195548E+001  0.84346667E+001  0.98531819E+001  0.11489549E+002  0.13358053E+002  0.15472843E+002  0.17847926E+002  0.20497183E+002  0.23434390E+002  0.26673197E+002  0.30227171E+002  0.34109768E+002  0.38334351E+002  0.42914220E+002
  0.19142203E+001  0.19231646E+001  0.19648168E+001  0.20536477E+001  0.22004370E+001  0.24142203E+001  0.26280036E+001  0.27747929E+001  0.28636239E+001  0.29052760E+001  0.29142203E+001  0.29187765E+001  0.29472333E+001  0.30193688E+001  0.31534255E+001  0.33667596E+001  0.36761037E+001  0.40977116E+001  0.46474507E+001  0.53408659E+001  0.61932249E+001  0.72195548E+001  0.84346667E+001  0.98531819E+001  0.11489549E+002  0.13358053E+002  0.15472843E+002  0.17847926E+002  0.20497183E+002  0.23434390E+002  0.26673197E+002  0.30227171E+002  0.34109768E+002  0.38334351E+002  0.42914220E+002
  0.19142203E+001  0.19231646E+001  0.19648168E+001  0.20536477E+001  0.22004370E+001  0.24142203E+001  0.26280036E+001  0.27747929E+001  0.28636239E+001  0.29052760E+001  0.29142203E+001  0.29187765E+001  0.29472333E+001  0.30193687E+001  0.31534255E+001  0.33667596E+001  0.36761037E+001  0.40977116E+001  0.46474507E+001  0.53408659E+001  0.61932248E+001  0.72195548E+001  0.84346667E+001  0.98531819E+001  0.11489549E+002  0.13358053E+002  0.15472843E+002  0.17847926E+002  0.20497183E+002  0.23434390E+002  0.26673197E+002  0.30227171E+002  0.34109768E+002  0.38334351E+002  0.42914220E+002
  0.19142196E+001  0.19231638E+001  0.19648160E+001  0.20536470E+001  0.22004363E+001  0.24142196E+001  0.26280029E+001  0.27747922E+001  0.28636231E+001  0.29052753E+001  0.29142196E+001  0.29187757E+001  0.29472326E+001  0.30193680E+001  0.31534248E+001  0.33667589E+001  0.36761029E+001  0.40977108E+001  0.46474500E+001  0.53408651E+001  0.61932241E+001  0.72195541E+001  0.84346660E+001  0.98531812E+001  0.11489548E+002  0.13358052E+002  0.15472843E+002  0.17847926E+002  0.20497183E+002  0.23434389E+002  0.26673196E+002  0.30227170E+002  0.34109767E+002  0.38334350E+002  0.42914219E+002
  0.19141796E+001  0.19231239E+001  0.19647760E+001  0.20536070E+001  0.22003963E+001  0.24141796E+001  0.26279629E+001  0.27747522E+001  0.28635831E+001  0.29052353E+001  0.29141796E+001  0.29187357E+001  0.29471926E+001  0.30193280E+001  0.31533848E+001  0.33667189E+001  0.36760629E+001  0.40976708E+001  0.46474100E+001  0.53408251E+001  0.61931841E+001  0.72195141E+001  0.84346260E+001  0.98531412E+001  0.11489508E+002  0.13358012E+002  0.15472803E+002  0.17847886E+002  0.20497143E+002  0.23434349E+002  0.26673156E+002  0.30227130E+002  0.34109727E+002  0.38334310E+002  0.42914179E+002
  0.19125943E+001  0.19215386E+001  0.19631908E+001  0.20520217E+001  0.21988110E+001  0.24125943E+001  0.26263776E+001  0.27731669E+001  0.28619979E+001  0.29036500E+001  0.29125943E+001  0.29171505E+001  0.29456073E+001  0.30177427E+001  0.31517995E+001  0.33651336E+001  0.36744776E+001  0.40960856E+001  0.46458247E+001  0.53392399E+001  0.61915988E+001  0.72179288E+001  0.84330407E+001  0.98515559E+001  0.11487923E+002  0.13356427E+002  0.15471217E+002  0.17846300E+002  0.20495557E+002  0.23432764E+002  0.26671571E+002  0.30225545E+002  0.34108142E+002  0.38332725E+002  0.42912594E+002
  0.18707320E+001  0.18796763E+001  0.19213284E+001  0.20101594E+001  0.21569487E+001  0.23707320E+001  0.25845153E+001  0.27313046E+001  0.28201355E+001  0.28617877E+001  0.28707320E+001  0.28752882E+001  0.29037450E+001  0.29758804E+001  0.31099372E+001  0.33232713E+001  0.36326153E+001  0.40542233E+001  0.46039624E+001  0.52973776E+001  0.61497365E+001  0.71760665E+001  0.83911784E+001  0.98096936E+001  0.11446061E+002  0.13314565E+002  0.15429355E+002  0.17804438E+002  0.20453695E+002  0.23390902E+002  0.26629709E+002  0.30183683E+002  0.34066280E+002  0.38290862E+002  0.42870731E+002
  0.12733608E+001  0.12733608E+001  0.13150130E+001  0.14038440E+001  0.14038445E+001  0.14039078E+001  0.14039272E+001  0.14039278E+001  0.14039296E+001  0.14039304E+001  0.14039305E+001  0.14039306E+001  0.14039312E+001  0.14039326E+001  0.14039352E+001  0.14039397E+001  0.14039416E+001  0.43264685E+001  0.43351643E+001  0.43403424E+001  0.43376542E+001  0.43360876E+001  0.43351318E+001  0.43346005E+001  0.10600846E+002  0.10600801E+002  0.10600771E+002  0.10600739E+002  0.10579783E+002  0.10579624E+002  0.10579613E+002  0.10579664E+002  0.10579795E+002  0.10580026E+002  0.10580381E+002
  0.19542763E+001  0.19544025E+001  0.19960547E+001  0.20848857E+001  0.21058417E+001  0.21090080E+001  0.21121606E+001  0.22589499E+001  0.23477808E+001  0.23894330E+001  0.21726405E+001  0.21727099E+001  0.22011667E+001  0.22733022E+001  0.24073589E+001  0.26206930E+001  0.26206945E+001  0.37481058E+001  0.37558893E+001  0.37655573E+001  0.37772395E+001  0.37910641E+001  0.38070733E+001  0.38252574E+001  0.38455456E+001  0.57140497E+001  0.78288398E+001  0.78288034E+001  0.37353892E+001  0.66725957E+001  0.99114029E+001  0.13465377E+002  0.17347974E+002  0.21572556E+002  0.26152426E+002
  0.19524391E+001  0.19613833E+001  0.20030355E+001  0.20918665E+001  0.22386558E+001  0.24524391E+001  0.26662223E+001  0.28130116E+001  0.29018426E+001  0.29434948E+001  0.29524391E+001  0.29569952E+001  0.29854521E+001  0.30575875E+001  0.31916442E+001  0.34049784E+001  0.37143224E+001  0.41359303E+001  0.46856695E+001  0.53790846E+001  0.62314436E+001  0.72577736E+001  0.84728855E+001  0.98914007E+001  0.11527768E+002  0.43104509E+001  0.43103977E+001  0.43103377E+001  0.43102705E+001  0.43101963E+001  0.43101271E+001  0.43100774E+001  0.43100776E+001  0.43100215E+001  0.43100152E+001
  0.19186388E+001  0.19275831E+001  0.19692353E+001  0.20580662E+001  0.22048555E+001  0.24186388E+001  0.26324221E+001  0.27792114E+001  0.28680424E+001  0.18678048E+001  0.18677712E+001  0.18723274E+001  0.19007842E+001  0.18623265E+001  0.18617026E+001  0.18605016E+001  0.21698456E+001  0.25914536E+001  0.31411927E+001  0.38346078E+001  0.46869668E+001  0.57132968E+001  0.69284087E+001  0.83469239E+001  0.11512050E+001  0.10132488E+001  0.96731218E+000  0.95154937E+000  0.94058398E+000  0.95029790E+000  0.14697295E+001  0.24535365E+001  0.43175814E+001  0.25445258E+001  0.41256215E+001
