  0.18398506E+002  0.18407450E+002  0.18449102E+002  0.18537933E+002  0.18684722E+002  0.18898506E+002  0.19112289E+002  0.19259078E+002  0.19347909E+002  0.19389561E+002  0.19398506E+002  0.19403062E+002  0.19431519E+002  0.19503654E+002  0.19637711E+002  0.19851045E+002  0.20160389E+002  0.20581997E+002  0.21131736E+002  0.21825151E+002  0.22677510E+002  0.23703840E+002  0.24918952E+002  0.26337467E+002  0.27973834E+002  0.29842338E+002  0.31957129E+002  0.34332212E+002  0.36981469E+002  0.39918675E+002  0.43157483E+002  0.46711457E+002  0.50594053E+002  0.54818636E+002  0.59398505E+002
  0.18398506E+002  0.18407450E+002  0.18449102E+002  0.18537933E+002  0.18684722E+002  0.18898506E+002  0.19112289E+002  0.19259078E+002  0.19347909E+002  0.19389561E+002  0.19398506E+002  0.19403062E+002  0.19431519E+002  0.19503654E+002  0.19637711E+002  0.19851045E+002  0.20160389E+002  0.20581997E+002  0.21131736E+002  0.21825151E+002  0.22677510E+002  0.23703840E+002  0.24918952E+002  0.26337467E+002  0.27973834E+002  0.29842338E+002  0.31957129E+002  0.34332212E+002  0.36981469E+002  0.39918675E+002  0.43157483E+002  0.46711457E+002  0.50594053E+002  0.54818636E+002  0.59398505E+002
  0.18398506E+002  0.18407450E+002  0.18449102E+002  0.18537933E+002  0.18684722E+002  0.18898506E+002  0.19112289E+002  0.19259078E+002  0.19347909E+002  0.19389561E+002  0.19398506E+002  0.19403062E+002  0.19431519E+002  0.19503654E+002  0.19637711E+002  0.19851045E+002  0.20160389E+002  0.20581997E+002  0.21131736E+002  0.21825151E+002  0.22677510E+002  0.23703840E+002  0.24918952E+002  0.26337467E+002  0.27973834E+002  0.29842338E+002  0.31957129E+002  0.34332212E+002  0.36981469E+002  0.39918675E+002  0.43157483E+002  0.46711457E+002  0.50594053E+002  0.54818636E+002  0.59398505E+002
  0.18398506E+002  0.18407450E+002  0.18449102E+002  0.18537933E+002  0.18684722E+002  0.18898506E+002  0.19112289E+002  0.19259078E+002  0.19347909E+002  0.19389561E+002  0.19398506E+002  0.19403062E+002  0.19431519E+002  0.19503654E+002  0.19637711E+002  0.19851045E+002  0.20160389E+002  0.20581997E+002  0.21131736E+002  0.21825151E+002  0.22677510E+002  0.23703840E+002  0.24918952E+002  0.26337467E+002  0.27973834E+002  0.29842338E+002  0.31957129E+002  0.34332212E+002  0.36981469E+002  0.39918675E+002  0.43157483E+002  0.46711457E+002  0.50594053E+002  0.54818636E+002  0.59398505E+002
  0.18398506E+002  0.18407450E+002  0.18449102E+002  0.18537933E+002  0.18684722E+002  0.18898506E+002  0.19112289E+002  0.19259078E+002  0.19347909E+002  0.19389561E+002  0.19398506E+002  0.19403062E+002  0.19431519E+002  0.19503654E+002  0.19637711E+002  0.19851045E+002  0.20160389E+002  0.20581997E+002  0.21131736E+002  0.21825151E+002  0.22677510E+002  0.23703840E+002  0.24918952E+002  0.26337467E+002  0.27973834E+002  0.29842338E+002  0.31957129E+002  0.34332212E+002  0.36981469E+002  0.39918675E+002  0.43157483E+002  0.46711457E+002  0.50594053E+002  0.54818636E+002  0.59398505E+002
  0.18398506E+002  0.18407450E+002  0.18449102E+002  0.18537933E+002  0.18684722E+002  0.18898506E+002  0.19112289E+002  0.19259078E+002  0.19347909E+002  0.19389561E+002  0.19398506E+002  0.19403062E+002  0.19431519E+002  0.19503654E+002  0.19637711E+002  0.19851045E+002  0.20160389E+002  0.20581997E+002  0.21131736E+002  0.21825151E+002  0.22677510E+002  0.23703840E+002  0.24918952E+002  0.26337467E+002  0.27973834E+002  0.29842338E+002  0.31957129E+002  0.34332212E+002  0.36981469E+002  0.39918675E+002  0.43157483E+002  0.46711457E+002  0.50594053E+002  0.54818636E+002  0.59398505E+002
  0.18398506E+002  0.18407450E+002  0.18449102E+002  0.18537933E+002  0.18684722E+002  0.18898506E+002  0.19112289E+002  0.19259078E+002  0.19347909E+002  0.19389561E+002  0.19398506E+002  0.19403062E+002  0.19431519E+002  0.19503654E+002  0.19637711E+002  0.19851045E+002  0.20160389E+002  0.20581997E+002  0.21131736E+002  0.21825151E+002  0.22677510E+002  0.23703840E+002  0.24918952E+002  0.26337467E+002  0.27973834E+002  0.29842338E+002  0.31957129E+002  0.34332212E+002  0.36981469E+002  0.39918675E+002  0.43157483E+002  0.46711457E+002  0.50594053E+002  0.54818636E+002  0.59398505E+002
  0.18398506E+002  0.18407450E+002  0.18449102E+002  0.18537933E+002  0.18684722E+002  0.18898506E+002  0.19112289E+002  0.19259078E+002  0.19347909E+002  0.19389561E+002  0.19398506E+002  0.19403062E+002  0.19431519E+002  0.19503654E+002  0.19637711E+002  0.19851045E+002  0.20160389E+002  0.20581997E+002  0.21131736E+002  0.21825151E+002  0.22677510E+002  0.23703840E+002  0.24918952E+002  0.26337467E+002  0.27973834E+002  0.29842338E+002  0.31957129E+002  0.34332212E+002  0.36981469E+002  0.39918675E+002  0.43157483E+002  0.46711457E+002  0.50594053E+002  0.54818636E+002  0.59398505E+002
  0.18398506E+002  0.18407450E+002  0.18449102E+002  0.18537933E+002  0.18684722E+002  0.18898506E+002  0.19112289E+002  0.19259078E+002  0.19347909E+002  0.19389561E+002  0.19398506E+002  0.19403062E+002  0.19431519E+002  0.19503654E+002  0.19637711E+002  0.19851045E+002  0.20160389E+002  0.20581997E+002  0.21131736E+002  0.21825151E+002  0.22677510E+002  0.23703840E+002  0.24918952E+002  0.26337467E+002  0.27973834E+002  0.29842338E+002  0.31957129E+002  0.34332212E+002  0.36981469E+002  0.39918675E+002  0.43157483E+002  0.46711457E+002  0.50594053E+002  0.54818636E+002  0.59398505E+002
  0.18398506E+002  0.18407450E+002  0.18449102E+002  0.18537933E+002  0.18684722E+002  0.18898506E+002  0.19112289E+002  0.19259078E+002  0.19347909E+002  0.19389561E+002  0.19398506E+002  0.19403062E+002  0.19431519E+002  0.19503654E+002  0.19637711E+002  0.19851045E+002  0.20160389E+002  0.20581997E+002  0.21131736E+002  0.21825151E+002  0.22677510E+002  0.23703840E+002  0.24918952E+002  0.26337467E+002  0.27973834E+002  0.29842338E+002  0.31957129E+002  0.34332212E+002  0.36981469E+002  0.39918675E+002  0.43157483E+002  0.46711457E+002  0.50594053E+002  0.54818636E+002  0.59398505E+002
  0.18398506E+002  0.18407450E+002  0.18449102E+002  0.18537933E+002  0.18684722E+002  0.18898506E+002  0.19112289E+002  0.19259078E+002  0.19347909E+002  0.19389561E+002  0.19398506E+002  0.19403062E+002  0.19431519E+002  0.19503654E+002  0.19637711E+002  0.19851045E+002  0.20160389E+002  0.20581997E+002  0.21131736E+002  0.21825151E+002  0.22677510E+002  0.23703840E+002  0.24918952E+002  0.26337467E+002  0.27973834E+002  0.29842338E+002  0.31957129E+002  0.34332212E+002  0.36981469E+002  0.39918675E+002  0.43157483E+002  0.46711457E+002  0.50594053E+002  0.54818636E+002  0.59398505E+002
  0.18398506E+002  0.18407450E+002  0.18449102E+002  0.18537933E+002  0.18684722E+002  0.18898506E+002  0.19112289E+002  0.19259078E+002  0.19347909E+002  0.19389561E+002  0.19398506E+002  0.19403062E+002  0.19431519E+002  0.19503654E+002  0.19637711E+002  0.19851045E+002  0.20160389E+002  0.20581997E+002  0.21131736E+002  0.21825151E+002  0.22677510E+002  0.23703840E+002  0.24918952E+002  0.26337467E+002  0.27973834E+002  0.29842338E+002  0.31957129E+002  0.34332212E+002  0.36981469E+002  0.39918675E+002  0.43157483E+002  0.46711457E+002  0.50594053E+002  0.54818636E+002  0.59398505E+002
  0.18398506E+002  0.18407450E+002  0.18449102E+002  0.18537933E+002  0.18684722E+002  0.18898506E+002  0.19112289E+002  0.19259078E+002  0.19347909E+002  0.19389561E+002  0.19398506E+002  0.19403062E+002  0.19431519E+002  0.19503654E+002  0.19637711E+002  0.19851045E+002  0.20160389E+002  0.20581997E+002  0.21131736E+002  0.21825151E+002  0.22677510E+002  0.23703840E+002  0.24918952E+002  0.26337467E+002  0.27973834E+002  0.29842338E+002  0.31957129E+002  0.34332212E+002  0.36981469E+002  0.39918675E+002  0.43157483E+002  0.46711457E+002  0.50594053E+002  0.54818636E+002  0.59398505E+002
  0.18398506E+002  0.18407450E+002  0.18449102E+002  0.18537933E+002  0.18684722E+002  0.18898506E+002  0.19112289E+002  0.19259078E+002  0.19347909E+002  0.19389561E+002  0.19398506E+002  0.19403062E+002  0.19431519E+002  0.19503654E+002  0.19637711E+002  0.19851045E+002  0.20160389E+002  0.20581997E+002  0.21131736E+002  0.21825151E+002  0.22677510E+002  0.23703840E+002  0.24918952E+002  0.26337467E+002  0.27973834E+002  0.29842338E+002  0.31957129E+002  0.34332212E+002  0.36981469E+002  0.39918675E+002  0.43157483E+002  0.46711457E+002  0.50594053E+002  0.54818636E+002  0.59398505E+002
  0.18398506E+002  0.18407450E+002  0.18449102E+002  0.18537933E+002  0.18684723E+002  0.18898506E+002  0.19112289E+002  0.19259078E+002  0.19347909E+002  0.19389562E+002  0.19398506E+002  0.19403062E+002  0.19431519E+002  0.19503654E+002  0.19637711E+002  0.19851045E+002  0.20160389E+002  0.20581997E+002  0.21131736E+002  0.21825151E+002  0.22677510E+002  0.23703840E+002  0.24918952E+002  0.26337467E+002  0.27973834E+002  0.29842339E+002  0.31957129E+002  0.34332212E+002  0.36981469E+002  0.39918675E+002  0.43157483E+002  0.46711457E+002  0.50594053E+002  0.54818636E+002  0.59398505E+002
  0.18398508E+002  0.18407452E+002  0.18449104E+002  0.18537935E+002  0.18684725E+002  0.18898508E+002  0.19112291E+002  0.19259080E+002  0.19347911E+002  0.19389564E+002  0.19398508E+002  0.19403064E+002  0.19431521E+002  0.19503656E+002  0.19637713E+002  0.19851047E+002  0.20160391E+002  0.20581999E+002  0.21131738E+002  0.21825153E+002  0.22677512E+002  0.23703842E+002  0.24918954E+002  0.26337469E+002  0.27973836E+002  0.29842341E+002  0.31957131E+002  0.34332214E+002  0.36981471E+002  0.39918677E+002  0.43157485E+002  0.46711459E+002  0.50594055E+002  0.54818638E+002  0.59398507E+002
  0.18398581E+002  0.18407525E+002  0.18449177E+002  0.18538008E+002  0.18684798E+002  0.18898581E+002  0.19112364E+002  0.19259153E+002  0.19347984E+002  0.19389637E+002  0.19398581E+002  0.19403137E+002  0.19431594E+002  0.19503729E+002  0.19637786E+002  0.19851120E+002  0.20160464E+002  0.20582072E+002  0.21131811E+002  0.21825226E+002  0.22677585E+002  0.23703915E+002  0.24919027E+002  0.26337542E+002  0.27973910E+002  0.29842414E+002  0.31957204E+002  0.34332287E+002  0.36981544E+002  0.39918750E+002  0.43157558E+002  0.46711532E+002  0.50594129E+002  0.54818711E+002  0.59398580E+002
  0.18400573E+002  0.18409517E+002  0.18451169E+002  0.18540000E+002  0.18686789E+002  0.18900573E+002  0.19114356E+002  0.19261145E+002  0.19349976E+002  0.19391628E+002  0.19400573E+002  0.19405129E+002  0.19433586E+002  0.19505721E+002  0.19639778E+002  0.19853112E+002  0.20162456E+002  0.20584064E+002  0.21133803E+002  0.21827218E+002  0.22679577E+002  0.23705907E+002  0.24921019E+002  0.26339534E+002  0.27975901E+002  0.29844406E+002  0.31959196E+002  0.34334279E+002  0.36983536E+002  0.39920742E+002  0.43159550E+002  0.46713524E+002  0.50596120E+002  0.54820703E+002  0.59400572E+002
  0.18439119E+002  0.18448064E+002  0.18489716E+002  0.18578547E+002  0.18725336E+002  0.18939119E+002  0.19152903E+002  0.19299692E+002  0.19388523E+002  0.19430175E+002  0.19439119E+002  0.19443676E+002  0.19472132E+002  0.19544268E+002  0.19678325E+002  0.19891659E+002  0.20201003E+002  0.20622611E+002  0.21172350E+002  0.21865765E+002  0.22718124E+002  0.23744454E+002  0.24959566E+002  0.26378081E+002  0.28014448E+002  0.29882952E+002  0.31997742E+002  0.34372825E+002  0.37022082E+002  0.39959289E+002  0.43198096E+002  0.46752070E+002  0.50634667E+002  0.54859250E+002  0.59439119E+002
  0.18917005E+002  0.18925949E+002  0.18967601E+002  0.19056432E+002  0.19203222E+002  0.19417005E+002  0.19630788E+002  0.19777577E+002  0.19866408E+002  0.19908061E+002  0.19917005E+002  0.19921561E+002  0.19950018E+002  0.20022153E+002  0.20156210E+002  0.20369544E+002  0.20678888E+002  0.21100496E+002  0.21650235E+002  0.22343650E+002  0.23196009E+002  0.24222339E+002  0.25437451E+002  0.26855966E+002  0.28492334E+002  0.30360838E+002  0.32475628E+002  0.34850711E+002  0.37499968E+002  0.40437174E+002  0.43675982E+002  0.47229956E+002  0.51112553E+002  0.55337135E+002  0.59917005E+002
  0.21904571E+002  0.21913515E+002  0.21955167E+002  0.22043998E+002  0.22190788E+002  0.22404571E+002  0.22618354E+002  0.22765143E+002  0.22853974E+002  0.22895627E+002  0.22904571E+002  0.22909127E+002  0.22937584E+002  0.23009719E+002  0.23143776E+002  0.23357110E+002  0.23666454E+002  0.24088062E+002  0.24637801E+002  0.25331216E+002  0.26183575E+002  0.27209905E+002  0.28425017E+002  0.29843532E+002  0.31479899E+002  0.33348404E+002  0.35463194E+002  0.37838277E+002  0.40487534E+002  0.43424740E+002  0.46663548E+002  0.50217522E+002  0.54100119E+002  0.58324701E+002  0.62904570E+002
  0.24737642E+002  0.24746587E+002  0.24788239E+002  0.24877070E+002  0.25023859E+002  0.25237642E+002  0.25451426E+002  0.25598215E+002  0.25687046E+002  0.25728698E+002  0.25737642E+002  0.25742199E+002  0.25770655E+002  0.25842791E+002  0.25976848E+002  0.26190182E+002  0.26499526E+002  0.26921134E+002  0.27470873E+002  0.28164288E+002  0.29016647E+002  0.30042977E+002  0.31258089E+002  0.32676604E+002  0.34312971E+002  0.36181475E+002  0.38296265E+002  0.40671349E+002  0.43320605E+002  0.46257812E+002  0.49496619E+002  0.53050593E+002  0.56933190E+002  0.61157773E+002  0.65737642E+002
  0.22099660E+002  0.22108604E+002  0.22150256E+002  0.22239087E+002  0.22385877E+002  0.22599660E+002  0.22813443E+002  0.22960232E+002  0.23049063E+002  0.23090716E+002  0.23099660E+002  0.23104216E+002  0.23132673E+002  0.23204808E+002  0.23338865E+002  0.23552199E+002  0.23861543E+002  0.24283151E+002  0.24832890E+002  0.25526305E+002  0.26378664E+002  0.27404994E+002  0.28620106E+002  0.30038621E+002  0.31674988E+002  0.33543493E+002  0.35658283E+002  0.38033366E+002  0.40682623E+002  0.43619829E+002  0.46858637E+002  0.50412611E+002  0.54295207E+002  0.58519790E+002  0.63099659E+002
  0.17876437E+001  0.17876443E+001  0.17876498E+001  0.17876616E+001  0.17876813E+001  0.17877104E+001  0.17877398E+001  0.17877589E+001  0.17877665E+001  0.17877700E+001  0.17877708E+001  0.17877711E+001  0.17877730E+001  0.17877778E+001  0.19218346E+001  0.21351687E+001  0.24445127E+001  0.28661206E+001  0.34158598E+001  0.41092751E+001  0.49616343E+001  0.59879645E+001  0.72030768E+001  0.86215924E+001  0.10257960E+002  0.12126465E+002  0.14241257E+002  0.16616341E+002  0.19265599E+002  0.22202808E+002  0.25441617E+002  0.28995593E+002  0.29000470E+002  0.29005846E+002  0.29011753E+002
  0.19349867E+002  0.19358811E+002  0.19400463E+002  0.19489294E+002  0.19636083E+002  0.19849867E+002  0.20063650E+002  0.19093979E+002  0.19101239E+002  0.19128585E+002  0.19134462E+002  0.19139018E+002  0.19167475E+002  0.19239611E+002  0.19373667E+002  0.19587001E+002  0.19896345E+002  0.18749120E+002  0.18816041E+002  0.19509458E+002  0.20361818E+002  0.21388150E+002  0.22603264E+002  0.24021783E+002  0.32458167E+003  0.32783821E+003  0.33102784E+003  0.33426678E+003  0.33756819E+003  0.34081389E+003  0.34405270E+003  0.34760667E+003  0.35148927E+003  0.35571385E+003  0.36029372E+003
