  0.54329798E+001  0.54419241E+001  0.54835762E+001  0.55724072E+001  0.57191965E+001  0.59329798E+001  0.61467631E+001  0.62935524E+001  0.63823833E+001  0.64240355E+001  0.64329798E+001  0.64375359E+001  0.64659928E+001  0.65381282E+001  0.66721850E+001  0.68855191E+001  0.71948631E+001  0.76164710E+001  0.81662102E+001  0.88596253E+001  0.97119843E+001  0.10738314E+002  0.11953426E+002  0.13371941E+002  0.15008308E+002  0.16876812E+002  0.18991603E+002  0.21366686E+002  0.24015943E+002  0.26953149E+002  0.30191957E+002  0.33745931E+002  0.37628527E+002  0.41853110E+002  0.46432979E+002
  0.54329798E+001  0.54419241E+001  0.54835762E+001  0.55724072E+001  0.57191965E+001  0.59329798E+001  0.61467631E+001  0.62935524E+001  0.63823833E+001  0.64240355E+001  0.64329798E+001  0.64375359E+001  0.64659928E+001  0.65381282E+001  0.66721850E+001  0.68855191E+001  0.71948631E+001  0.76164710E+001  0.81662102E+001  0.88596253E+001  0.97119843E+001  0.10738314E+002  0.11953426E+002  0.13371941E+002  0.15008308E+002  0.16876812E+002  0.18991603E+002  0.21366686E+002  0.24015943E+002  0.26953149E+002  0.30191957E+002  0.33745931E+002  0.37628527E+002  0.41853110E+002  0.46432979E+002
  0.54329798E+001  0.54419241E+001  0.54835762E+001  0.55724072E+001  0.57191965E+001  0.59329798E+001  0.61467631E+001  0.62935524E+001  0.63823833E+001  0.64240355E+001  0.64329798E+001  0.64375359E+001  0.64659928E+001  0.65381282E+001  0.66721850E+001  0.68855191E+001  0.71948631E+001  0.76164710E+001  0.81662102E+001  0.88596253E+001  0.97119843E+001  0.10738314E+002  0.11953426E+002  0.13371941E+002  0.15008308E+002  0.16876812E+002  0.18991603E+002  0.21366686E+002  0.24015943E+002  0.26953149E+002  0.30191957E+002  0.33745931E+002  0.37628527E+002  0.41853110E+002  0.46432979E+002
  0.54329798E+001  0.54419241E+001  0.54835762E+001  0.55724072E+001  0.57191965E+001  0.59329798E+001  0.61467631E+001  0.62935524E+001  0.63823833E+001  0.64240355E+001  0.64329798E+001  0.64375359E+001  0.64659928E+001  0.65381282E+001  0.66721850E+001  0.68855191E+001  0.71948631E+001  0.76164710E+001  0.81662102E+001  0.88596253E+001  0.97119843E+001  0.10738314E+002  0.11953426E+002  0.13371941E+002  0.15008308E+002  0.16876812E+002  0.18991603E+002  0.21366686E+002  0.24015943E+002  0.26953149E+002  0.30191957E+002  0.33745931E+002  0.37628527E+002  0.41853110E+002  0.46432979E+002
  0.54329798E+001  0.54419241E+001  0.54835762E+001  0.55724072E+001  0.57191965E+001  0.59329798E+001  0.61467631E+001  0.62935524E+001  0.63823833E+001  0.64240355E+001  0.64329798E+001  0.64375359E+001  0.64659928E+001  0.65381282E+001  0.66721850E+001  0.68855191E+001  0.71948631E+001  0.76164710E+001  0.81662102E+001  0.88596253E+001  0.97119843E+001  0.10738314E+002  0.11953426E+002  0.13371941E+002  0.15008308E+002  0.16876812E+002  0.18991603E+002  0.21366686E+002  0.24015943E+002  0.26953149E+002  0.30191957E+002  0.33745931E+002  0.37628527E+002  0.41853110E+002  0.46432979E+002
  0.54329798E+001  0.54419241E+001  0.54835762E+001  0.55724072E+001  0.57191965E+001  0.59329798E+001  0.61467631E+001  0.62935524E+001  0.63823833E+001  0.64240355E+001  0.64329798E+001  0.64375359E+001  0.64659928E+001  0.65381282E+001  0.66721850E+001  0.68855191E+001  0.71948631E+001  0.76164710E+001  0.81662102E+001  0.88596253E+001  0.97119843E+001  0.10738314E+002  0.11953426E+002  0.13371941E+002  0.15008308E+002  0.16876812E+002  0.18991603E+002  0.21366686E+002  0.24015943E+002  0.26953149E+002  0.30191957E+002  0.33745931E+002  0.37628527E+002  0.41853110E+002  0.46432979E+002
  0.54329798E+001  0.54419241E+001  0.54835762E+001  0.55724072E+001  0.57191965E+001  0.59329798E+001  0.61467631E+001  0.62935524E+001  0.63823833E+001  0.64240355E+001  0.64329798E+001  0.64375359E+001  0.64659928E+001  0.65381282E+001  0.66721850E+001  0.68855191E+001  0.71948631E+001  0.76164710E+001  0.81662102E+001  0.88596253E+001  0.97119843E+001  0.10738314E+002  0.11953426E+002  0.13371941E+002  0.15008308E+002  0.16876812E+002  0.18991603E+002  0.21366686E+002  0.24015943E+002  0.26953149E+002  0.30191957E+002  0.33745931E+002  0.37628527E+002  0.41853110E+002  0.46432979E+002
  0.54329798E+001  0.54419241E+001  0.54835762E+001  0.55724072E+001  0.57191965E+001  0.59329798E+001  0.61467631E+001  0.62935524E+001  0.63823833E+001  0.64240355E+001  0.64329798E+001  0.64375359E+001  0.64659928E+001  0.65381282E+001  0.66721850E+001  0.68855191E+001  0.71948631E+001  0.76164710E+001  0.81662102E+001  0.88596253E+001  0.97119843E+001  0.10738314E+002  0.11953426E+002  0.13371941E+002  0.15008308E+002  0.16876812E+002  0.18991603E+002  0.21366686E+002  0.24015943E+002  0.26953149E+002  0.30191957E+002  0.33745931E+002  0.37628527E+002  0.41853110E+002  0.46432979E+002
  0.54329798E+001  0.54419241E+001  0.54835762E+001  0.55724072E+001  0.57191965E+001  0.59329798E+001  0.61467631E+001  0.62935524E+001  0.63823833E+001  0.64240355E+001  0.64329798E+001  0.64375359E+001  0.64659928E+001  0.65381282E+001  0.66721850E+001  0.68855191E+001  0.71948631E+001  0.76164710E+001  0.81662102E+001  0.88596253E+001  0.97119843E+001  0.10738314E+002  0.11953426E+002  0.13371941E+002  0.15008308E+002  0.16876812E+002  0.18991603E+002  0.21366686E+002  0.24015943E+002  0.26953149E+002  0.30191957E+002  0.33745931E+002  0.37628527E+002  0.41853110E+002  0.46432979E+002
  0.54329798E+001  0.54419241E+001  0.54835762E+001  0.55724072E+001  0.57191965E+001  0.59329798E+001  0.61467631E+001  0.62935524E+001  0.63823833E+001  0.64240355E+001  0.64329798E+001  0.64375359E+001  0.64659928E+001  0.65381282E+001  0.66721850E+001  0.68855191E+001  0.71948631E+001  0.76164710E+001  0.81662102E+001  0.88596253E+001  0.97119843E+001  0.10738314E+002  0.11953426E+002  0.13371941E+002  0.15008308E+002  0.16876812E+002  0.18991603E+002  0.21366686E+002  0.24015943E+002  0.26953149E+002  0.30191957E+002  0.33745931E+002  0.37628527E+002  0.41853110E+002  0.46432979E+002
  0.54329798E+001  0.54419241E+001  0.54835762E+001  0.55724072E+001  0.57191965E+001  0.59329798E+001  0.61467631E+001  0.62935524E+001  0.63823833E+001  0.64240355E+001  0.64329798E+001  0.64375359E+001  0.64659928E+001  0.65381282E+001  0.66721850E+001  0.68855191E+001  0.71948631E+001  0.76164710E+001  0.81662102E+001  0.88596253E+001  0.97119843E+001  0.10738314E+002  0.11953426E+002  0.13371941E+002  0.15008308E+002  0.16876812E+002  0.18991603E+002  0.21366686E+002  0.24015943E+002  0.26953149E+002  0.30191957E+002  0.33745931E+002  0.37628527E+002  0.41853110E+002  0.46432979E+002
  0.54329798E+001  0.54419241E+001  0.54835762E+001  0.55724072E+001  0.57191965E+001  0.59329798E+001  0.61467631E+001  0.62935524E+001  0.63823833E+001  0.64240355E+001  0.64329798E+001  0.64375359E+001  0.64659928E+001  0.65381282E+001  0.66721850E+001  0.68855191E+001  0.71948631E+001  0.76164710E+001  0.81662102E+001  0.88596253E+001  0.97119843E+001  0.10738314E+002  0.11953426E+002  0.13371941E+002  0.15008308E+002  0.16876812E+002  0.18991603E+002  0.21366686E+002  0.24015943E+002  0.26953149E+002  0.30191957E+002  0.33745931E+002  0.37628527E+002  0.41853110E+002  0.46432979E+002
  0.54329798E+001  0.54419241E+001  0.54835762E+001  0.55724072E+001  0.57191965E+001  0.59329798E+001  0.61467631E+001  0.62935524E+001  0.63823833E+001  0.64240355E+001  0.64329798E+001  0.64375359E+001  0.64659928E+001  0.65381282E+001  0.66721850E+001  0.68855191E+001  0.71948631E+001  0.76164710E+001  0.81662102E+001  0.88596253E+001  0.97119843E+001  0.10738314E+002  0.11953426E+002  0.13371941E+002  0.15008308E+002  0.16876812E+002  0.18991603E+002  0.21366686E+002  0.24015943E+002  0.26953149E+002  0.30191957E+002  0.33745931E+002  0.37628527E+002  0.41853110E+002  0.46432979E+002
  0.54329798E+001  0.54419241E+001  0.54835762E+001  0.55724072E+001  0.57191965E+001  0.59329798E+001  0.61467631E+001  0.62935524E+001  0.63823833E+001  0.64240355E+001  0.64329798E+001  0.64375359E+001  0.64659928E+001  0.65381282E+001  0.66721850E+001  0.68855191E+001  0.71948631E+001  0.76164710E+001  0.81662102E+001  0.88596253E+001  0.97119843E+001  0.10738314E+002  0.11953426E+002  0.13371941E+002  0.15008308E+002  0.16876812E+002  0.18991603E+002  0.21366686E+002  0.24015943E+002  0.26953149E+002  0.30191957E+002  0.33745931E+002  0.37628527E+002  0.41853110E+002  0.46432979E+002
  0.54329798E+001  0.54419241E+001  0.54835762E+001  0.55724072E+001  0.57191965E+001  0.59329798E+001  0.61467631E+001  0.62935524E+001  0.63823833E+001  0.64240355E+001  0.64329798E+001  0.64375359E+001  0.64659928E+001  0.65381282E+001  0.66721850E+001  0.68855191E+001  0.71948631E+001  0.76164710E+001  0.81662102E+001  0.88596253E+001  0.97119843E+001  0.10738314E+002  0.11953426E+002  0.13371941E+002  0.15008308E+002  0.16876812E+002  0.18991603E+002  0.21366686E+002  0.24015943E+002  0.26953149E+002  0.30191957E+002  0.33745931E+002  0.37628527E+002  0.41853110E+002  0.46432979E+002
  0.54329798E+001  0.54419241E+001  0.54835762E+001  0.55724072E+001  0.57191965E+001  0.59329798E+001  0.61467631E+001  0.62935524E+001  0.63823833E+001  0.64240355E+001  0.64329798E+001  0.64375359E+001  0.64659928E+001  0.65381282E+001  0.66721850E+001  0.68855191E+001  0.71948631E+001  0.76164710E+001  0.81662102E+001  0.88596253E+001  0.97119843E+001  0.10738314E+002  0.11953426E+002  0.13371941E+002  0.15008308E+002  0.16876813E+002  0.18991603E+002  0.21366686E+002  0.24015943E+002  0.26953149E+002  0.30191957E+002  0.33745931E+002  0.37628527E+002  0.41853110E+002  0.46432979E+002
  0.54329803E+001  0.54419246E+001  0.54835767E+001  0.55724077E+001  0.57191970E+001  0.59329803E+001  0.61467636E+001  0.62935529E+001  0.63823838E+001  0.64240360E+001  0.64329803E+001  0.64375364E+001  0.64659933E+001  0.65381287E+001  0.66721855E+001  0.68855196E+001  0.71948636E+001  0.76164715E+001  0.81662107E+001  0.88596258E+001  0.97119848E+001  0.10738315E+002  0.11953427E+002  0.13371942E+002  0.15008309E+002  0.16876813E+002  0.18991603E+002  0.21366686E+002  0.24015943E+002  0.26953150E+002  0.30191957E+002  0.33745931E+002  0.37628528E+002  0.41853110E+002  0.46432980E+002
  0.54329934E+001  0.54419377E+001  0.54835898E+001  0.55724208E+001  0.57192101E+001  0.59329934E+001  0.61467767E+001  0.62935660E+001  0.63823969E+001  0.64240491E+001  0.64329934E+001  0.64375495E+001  0.64660064E+001  0.65381418E+001  0.66721986E+001  0.68855327E+001  0.71948767E+001  0.76164846E+001  0.81662238E+001  0.88596389E+001  0.97119979E+001  0.10738328E+002  0.11953440E+002  0.13371955E+002  0.15008322E+002  0.16876826E+002  0.18991616E+002  0.21366699E+002  0.24015956E+002  0.26953163E+002  0.30191970E+002  0.33745944E+002  0.37628541E+002  0.41853123E+002  0.46432993E+002
  0.54332283E+001  0.54421726E+001  0.54838247E+001  0.55726557E+001  0.57194450E+001  0.59332283E+001  0.61470116E+001  0.62938009E+001  0.63826318E+001  0.64242840E+001  0.64332283E+001  0.64377844E+001  0.64662413E+001  0.65383767E+001  0.66724335E+001  0.68857676E+001  0.71951116E+001  0.76167195E+001  0.81664587E+001  0.88598738E+001  0.97122328E+001  0.10738563E+002  0.11953675E+002  0.13372190E+002  0.15008557E+002  0.16877061E+002  0.18991851E+002  0.21366934E+002  0.24016191E+002  0.26953398E+002  0.30192205E+002  0.33746179E+002  0.37628776E+002  0.41853358E+002  0.46433228E+002
  0.54356641E+001  0.54446084E+001  0.54862606E+001  0.55750916E+001  0.57218808E+001  0.59356641E+001  0.61494474E+001  0.62962367E+001  0.63850677E+001  0.64267198E+001  0.64356641E+001  0.64402203E+001  0.64686771E+001  0.65408126E+001  0.66748693E+001  0.68882034E+001  0.71975475E+001  0.76191554E+001  0.81688945E+001  0.88623097E+001  0.97146686E+001  0.10740999E+002  0.11956110E+002  0.13374626E+002  0.15010993E+002  0.16879497E+002  0.18994287E+002  0.21369370E+002  0.24018627E+002  0.26955834E+002  0.30194641E+002  0.33748615E+002  0.37631212E+002  0.41855794E+002  0.46435664E+002
  0.54412300E+001  0.54501743E+001  0.54918264E+001  0.55806574E+001  0.57274467E+001  0.59412300E+001  0.61550133E+001  0.63018026E+001  0.63906335E+001  0.64322857E+001  0.64412300E+001  0.64457862E+001  0.64742430E+001  0.65463784E+001  0.66804352E+001  0.68937693E+001  0.72031133E+001  0.76247212E+001  0.81744604E+001  0.88678755E+001  0.97202345E+001  0.10746564E+002  0.11961676E+002  0.13380192E+002  0.15016559E+002  0.16885063E+002  0.18999853E+002  0.21374936E+002  0.24024193E+002  0.26961400E+002  0.30200207E+002  0.33754181E+002  0.37636778E+002  0.41861360E+002  0.46441230E+002
  0.53020083E+001  0.53109526E+001  0.53526047E+001  0.54414357E+001  0.55882250E+001  0.58020083E+001  0.60157916E+001  0.61625809E+001  0.62514118E+001  0.62930640E+001  0.63020083E+001  0.63065644E+001  0.63350213E+001  0.64071567E+001  0.65412134E+001  0.67545476E+001  0.70638916E+001  0.74854995E+001  0.80352387E+001  0.87286538E+001  0.95810128E+001  0.10607343E+002  0.11822455E+002  0.13240970E+002  0.14877337E+002  0.16745841E+002  0.18860631E+002  0.21235714E+002  0.23884971E+002  0.26822178E+002  0.30060985E+002  0.33614959E+002  0.37497556E+002  0.41722139E+002  0.46302008E+002
  0.43449356E+001  0.43449357E+001  0.43449365E+001  0.43449381E+001  0.43449410E+001  0.43449457E+001  0.43449507E+001  0.43449458E+001  0.43449429E+001  0.43449415E+001  0.43449412E+001  0.43449411E+001  0.43449401E+001  0.44170756E+001  0.45511323E+001  0.47644664E+001  0.50738105E+001  0.54954184E+001  0.60451575E+001  0.67385727E+001  0.75909316E+001  0.86172616E+001  0.98323735E+001  0.11250889E+002  0.12887256E+002  0.14755760E+002  0.16870550E+002  0.19245633E+002  0.21894890E+002  0.24832097E+002  0.28070904E+002  0.31624878E+002  0.35507475E+002  0.39732057E+002  0.44311927E+002
  0.63776321E+001  0.63865764E+001  0.64282286E+001  0.65170596E+001  0.66638489E+001  0.68776321E+001  0.70914154E+001  0.47030023E+000  0.47030268E+000  0.47030384E+000  0.47030408E+000  0.47030421E+000  0.47030500E+000  0.54244045E+000  0.67649719E+000  0.88983131E+000  0.11991754E+001  0.16207833E+001  0.21705225E+001  0.28639376E+001  0.37162966E+001  0.47426265E+001  0.59577384E+001  0.73762537E+001  0.90126207E+001  0.10881125E+002  0.12995915E+002  0.15370998E+002  0.18020255E+002  0.20957462E+002  0.24196269E+002  0.27750243E+002  0.31632840E+002  0.35857422E+002  0.40437292E+002
  0.55036116E+001  0.55125559E+001  0.55542081E+001  0.56433522E+001  0.56434232E+001  0.56432700E+001  0.56427816E+001  0.56133942E+001  0.56173321E+001  0.56186197E+001  0.56189162E+001  0.56234724E+001  0.56519292E+001  0.57240646E+001  0.58581214E+001  0.60714555E+001  0.63807995E+001  0.68024075E+001  0.73521466E+001  0.80455617E+001  0.88979206E+001  0.99242506E+001  0.11139362E+002  0.12557878E+002  0.14194244E+002  0.16062748E+002  0.18177538E+002  0.20552621E+002  0.23201878E+002  0.26139084E+002  0.29377891E+002  0.32931865E+002  0.36814462E+002  0.41039044E+002  0.45618913E+002
