  0.33986689E+000  0.34881116E+000  0.39046333E+000  0.47929430E+000  0.62608360E+000  0.83986689E+000  0.10536502E+001  0.12004395E+001  0.12892704E+001  0.13309226E+001  0.13398669E+001  0.13444231E+001  0.13728799E+001  0.14450153E+001  0.15790721E+001  0.17924062E+001  0.21017502E+001  0.25233582E+001  0.30730973E+001  0.37665125E+001  0.46188715E+001  0.56452014E+001  0.68603133E+001  0.82788286E+001  0.99151956E+001  0.11783700E+002  0.13898490E+002  0.16273573E+002  0.18922830E+002  0.21860037E+002  0.25098844E+002  0.28652818E+002  0.32535415E+002  0.36759997E+002  0.41339867E+002
  0.33986689E+000  0.34881116E+000  0.39046333E+000  0.47929430E+000  0.62608360E+000  0.83986689E+000  0.10536502E+001  0.12004395E+001  0.12892704E+001  0.13309226E+001  0.13398669E+001  0.13444231E+001  0.13728799E+001  0.14450153E+001  0.15790721E+001  0.17924062E+001  0.21017502E+001  0.25233582E+001  0.30730973E+001  0.37665125E+001  0.46188715E+001  0.56452014E+001  0.68603133E+001  0.82788286E+001  0.99151956E+001  0.11783700E+002  0.13898490E+002  0.16273573E+002  0.18922830E+002  0.21860037E+002  0.25098844E+002  0.28652818E+002  0.32535415E+002  0.36759997E+002  0.41339867E+002
  0.33986689E+000  0.34881116E+000  0.39046333E+000  0.47929430E+000  0.62608360E+000  0.83986689E+000  0.10536502E+001  0.12004395E+001  0.12892704E+001  0.13309226E+001  0.13398669E+001  0.13444231E+001  0.13728799E+001  0.14450153E+001  0.15790721E+001  0.17924062E+001  0.21017502E+001  0.25233582E+001  0.30730973E+001  0.37665125E+001  0.46188715E+001  0.56452014E+001  0.68603133E+001  0.82788286E+001  0.99151956E+001  0.11783700E+002  0.13898490E+002  0.16273573E+002  0.18922830E+002  0.21860037E+002  0.25098844E+002  0.28652818E+002  0.32535415E+002  0.36759997E+002  0.41339867E+002
  0.33986689E+000  0.34881116E+000  0.39046333E+000  0.47929430E+000  0.62608360E+000  0.83986689E+000  0.10536502E+001  0.12004395E+001  0.12892704E+001  0.13309226E+001  0.13398669E+001  0.13444231E+001  0.13728799E+001  0.14450153E+001  0.15790721E+001  0.17924062E+001  0.21017502E+001  0.25233582E+001  0.30730973E+001  0.37665125E+001  0.46188715E+001  0.56452014E+001  0.68603133E+001  0.82788286E+001  0.99151956E+001  0.11783700E+002  0.13898490E+002  0.16273573E+002  0.18922830E+002  0.21860037E+002  0.25098844E+002  0.28652818E+002  0.32535415E+002  0.36759997E+002  0.41339867E+002
  0.33986689E+000  0.34881116E+000  0.39046333E+000  0.47929430E+000  0.62608360E+000  0.83986689E+000  0.10536502E+001  0.12004395E+001  0.12892704E+001  0.13309226E+001  0.13398669E+001  0.13444231E+001  0.13728799E+001  0.14450153E+001  0.15790721E+001  0.17924062E+001  0.21017502E+001  0.25233582E+001  0.30730973E+001  0.37665125E+001  0.46188715E+001  0.56452014E+001  0.68603133E+001  0.82788286E+001  0.99151956E+001  0.11783700E+002  0.13898490E+002  0.16273573E+002  0.18922830E+002  0.21860037E+002  0.25098844E+002  0.28652818E+002  0.32535415E+002  0.36759997E+002  0.41339867E+002
  0.33986689E+000  0.34881116E+000  0.39046333E+000  0.47929430E+000  0.62608360E+000  0.83986689E+000  0.10536502E+001  0.12004395E+001  0.12892704E+001  0.13309226E+001  0.13398669E+001  0.13444231E+001  0.13728799E+001  0.14450153E+001  0.15790721E+001  0.17924062E+001  0.21017502E+001  0.25233582E+001  0.30730973E+001  0.37665125E+001  0.46188715E+001  0.56452014E+001  0.68603133E+001  0.82788286E+001  0.99151956E+001  0.11783700E+002  0.13898490E+002  0.16273573E+002  0.18922830E+002  0.21860037E+002  0.25098844E+002  0.28652818E+002  0.32535415E+002  0.36759997E+002  0.41339867E+002
  0.33986689E+000  0.34881116E+000  0.39046333E+000  0.47929430E+000  0.62608360E+000  0.83986689E+000  0.10536502E+001  0.12004395E+001  0.12892704E+001  0.13309226E+001  0.13398669E+001  0.13444231E+001  0.13728799E+001  0.14450153E+001  0.15790721E+001  0.17924062E+001  0.21017502E+001  0.25233582E+001  0.30730973E+001  0.37665125E+001  0.46188715E+001  0.56452014E+001  0.68603133E+001  0.82788286E+001  0.99151956E+001  0.11783700E+002  0.13898490E+002  0.16273573E+002  0.18922830E+002  0.21860037E+002  0.25098844E+002  0.28652818E+002  0.32535415E+002  0.36759997E+002  0.41339867E+002
  0.33986689E+000  0.34881116E+000  0.39046333E+000  0.47929430E+000  0.62608360E+000  0.83986689E+000  0.10536502E+001  0.12004395E+001  0.12892704E+001  0.13309226E+001  0.13398669E+001  0.13444231E+001  0.13728799E+001  0.14450153E+001  0.15790721E+001  0.17924062E+001  0.21017502E+001  0.25233582E+001  0.30730973E+001  0.37665125E+001  0.46188715E+001  0.56452014E+001  0.68603133E+001  0.82788286E+001  0.99151956E+001  0.11783700E+002  0.13898490E+002  0.16273573E+002  0.18922830E+002  0.21860037E+002  0.25098844E+002  0.28652818E+002  0.32535415E+002  0.36759997E+002  0.41339867E+002
  0.33986689E+000  0.34881116E+000  0.39046333E+000  0.47929430E+000  0.62608360E+000  0.83986689E+000  0.10536502E+001  0.12004395E+001  0.12892704E+001  0.13309226E+001  0.13398669E+001  0.13444231E+001  0.13728799E+001  0.14450153E+001  0.15790721E+001  0.17924062E+001  0.21017502E+001  0.25233582E+001  0.30730973E+001  0.37665125E+001  0.46188715E+001  0.56452014E+001  0.68603133E+001  0.82788286E+001  0.99151956E+001  0.11783700E+002  0.13898490E+002  0.16273573E+002  0.18922830E+002  0.21860037E+002  0.25098844E+002  0.28652818E+002  0.32535415E+002  0.36759997E+002  0.41339867E+002
  0.33986689E+000  0.34881116E+000  0.39046333E+000  0.47929430E+000  0.62608360E+000  0.83986689E+000  0.10536502E+001  0.12004395E+001  0.12892704E+001  0.13309226E+001  0.13398669E+001  0.13444231E+001  0.13728799E+001  0.14450153E+001  0.15790721E+001  0.17924062E+001  0.21017502E+001  0.25233582E+001  0.30730973E+001  0.37665125E+001  0.46188715E+001  0.56452014E+001  0.68603133E+001  0.82788286E+001  0.99151956E+001  0.11783700E+002  0.13898490E+002  0.16273573E+002  0.18922830E+002  0.21860037E+002  0.25098844E+002  0.28652818E+002  0.32535415E+002  0.36759997E+002  0.41339867E+002
  0.33986689E+000  0.34881116E+000  0.39046333E+000  0.47929430E+000  0.62608360E+000  0.83986689E+000  0.10536502E+001  0.12004395E+001  0.12892704E+001  0.13309226E+001  0.13398669E+001  0.13444231E+001  0.13728799E+001  0.14450153E+001  0.15790721E+001  0.17924062E+001  0.21017502E+001  0.25233582E+001  0.30730973E+001  0.37665125E+001  0.46188715E+001  0.56452014E+001  0.68603133E+001  0.82788286E+001  0.99151956E+001  0.11783700E+002  0.13898490E+002  0.16273573E+002  0.18922830E+002  0.21860037E+002  0.25098844E+002  0.28652818E+002  0.32535415E+002  0.36759997E+002  0.41339867E+002
  0.33986689E+000  0.34881116E+000  0.39046333E+000  0.47929430E+000  0.62608360E+000  0.83986689E+000  0.10536502E+001  0.12004395E+001  0.12892704E+001  0.13309226E+001  0.13398669E+001  0.13444231E+001  0.13728799E+001  0.14450153E+001  0.15790721E+001  0.17924062E+001  0.21017502E+001  0.25233582E+001  0.30730973E+001  0.37665125E+001  0.46188715E+001  0.56452014E+001  0.68603133E+001  0.82788286E+001  0.99151956E+001  0.11783700E+002  0.13898490E+002  0.16273573E+002  0.18922830E+002  0.21860037E+002  0.25098844E+002  0.28652818E+002  0.32535415E+002  0.36759997E+002  0.41339867E+002
  0.33986689E+000  0.34881116E+000  0.39046333E+000  0.47929430E+000  0.62608360E+000  0.83986689E+000  0.10536502E+001  0.12004395E+001  0.12892704E+001  0.13309226E+001  0.13398669E+001  0.13444231E+001  0.13728799E+001  0.14450153E+001  0.15790721E+001  0.17924062E+001  0.21017502E+001  0.25233582E+001  0.30730973E+001  0.37665125E+001  0.46188715E+001  0.56452014E+001  0.68603133E+001  0.82788286E+001  0.99151956E+001  0.11783700E+002  0.13898490E+002  0.16273573E+002  0.18922830E+002  0.21860037E+002  0.25098844E+002  0.28652818E+002  0.32535415E+002  0.36759997E+002  0.41339867E+002
  0.33986689E+000  0.34881116E+000  0.39046333E+000  0.47929430E+000  0.62608360E+000  0.83986689E+000  0.10536502E+001  0.12004395E+001  0.12892704E+001  0.13309226E+001  0.13398669E+001  0.13444231E+001  0.13728799E+001  0.14450153E+001  0.15790721E+001  0.17924062E+001  0.21017502E+001  0.25233582E+001  0.30730973E+001  0.37665125E+001  0.46188715E+001  0.56452014E+001  0.68603133E+001  0.82788286E+001  0.99151956E+001  0.11783700E+002  0.13898490E+002  0.16273573E+002  0.18922830E+002  0.21860037E+002  0.25098844E+002  0.28652818E+002  0.32535415E+002  0.36759997E+002  0.41339867E+002
  0.33986689E+000  0.34881116E+000  0.39046333E+000  0.47929430E+000  0.62608360E+000  0.83986689E+000  0.10536502E+001  0.12004395E+001  0.12892704E+001  0.13309226E+001  0.13398669E+001  0.13444231E+001  0.13728799E+001  0.14450153E+001  0.15790721E+001  0.17924062E+001  0.21017502E+001  0.25233582E+001  0.30730973E+001  0.37665125E+001  0.46188715E+001  0.56452014E+001  0.68603133E+001  0.82788286E+001  0.99151956E+001  0.11783700E+002  0.13898490E+002  0.16273573E+002  0.18922830E+002  0.21860037E+002  0.25098844E+002  0.28652818E+002  0.32535415E+002  0.36759997E+002  0.41339867E+002
  0.33986689E+000  0.34881116E+000  0.39046333E+000  0.47929430E+000  0.62608360E+000  0.83986689E+000  0.10536502E+001  0.12004395E+001  0.12892704E+001  0.13309226E+001  0.13398669E+001  0.13444231E+001  0.13728799E+001  0.14450153E+001  0.15790721E+001  0.17924062E+001  0.21017502E+001  0.25233582E+001  0.30730973E+001  0.37665125E+001  0.46188715E+001  0.56452014E+001  0.68603133E+001  0.82788286E+001  0.99151956E+001  0.11783700E+002  0.13898490E+002  0.16273573E+002  0.18922830E+002  0.21860037E+002  0.25098844E+002  0.28652818E+002  0.32535415E+002  0.36759997E+002  0.41339867E+002
  0.33986688E+000  0.34881116E+000  0.39046333E+000  0.47929430E+000  0.62608360E+000  0.83986688E+000  0.10536502E+001  0.12004395E+001  0.12892704E+001  0.13309226E+001  0.13398669E+001  0.13444230E+001  0.13728799E+001  0.14450153E+001  0.15790721E+001  0.17924062E+001  0.21017502E+001  0.25233582E+001  0.30730973E+001  0.37665125E+001  0.46188714E+001  0.56452014E+001  0.68603133E+001  0.82788286E+001  0.99151956E+001  0.11783700E+002  0.13898490E+002  0.16273573E+002  0.18922830E+002  0.21860037E+002  0.25098844E+002  0.28652818E+002  0.32535415E+002  0.36759997E+002  0.41339867E+002
  0.33986670E+000  0.34881097E+000  0.39046315E+000  0.47929412E+000  0.62608341E+000  0.83986670E+000  0.10536500E+001  0.12004393E+001  0.12892703E+001  0.13309224E+001  0.13398667E+001  0.13444229E+001  0.13728797E+001  0.14450151E+001  0.15790719E+001  0.17924060E+001  0.21017501E+001  0.25233580E+001  0.30730971E+001  0.37665123E+001  0.46188713E+001  0.56452012E+001  0.68603131E+001  0.82788284E+001  0.99151954E+001  0.11783700E+002  0.13898490E+002  0.16273573E+002  0.18922830E+002  0.21860037E+002  0.25098844E+002  0.28652818E+002  0.32535415E+002  0.36759997E+002  0.41339867E+002
  0.33985828E+000  0.34880255E+000  0.39045472E+000  0.47928569E+000  0.62607499E+000  0.83985827E+000  0.10536416E+001  0.12004309E+001  0.12892618E+001  0.13309140E+001  0.13398583E+001  0.13444144E+001  0.13728713E+001  0.14450067E+001  0.15790635E+001  0.17923976E+001  0.21017416E+001  0.25233496E+001  0.30730887E+001  0.37665039E+001  0.46188628E+001  0.56451928E+001  0.68603047E+001  0.82788200E+001  0.99151870E+001  0.11783691E+002  0.13898481E+002  0.16273565E+002  0.18922822E+002  0.21860028E+002  0.25098835E+002  0.28652809E+002  0.32535406E+002  0.36759989E+002  0.41339858E+002
  0.33960384E+000  0.34854811E+000  0.39020029E+000  0.47903126E+000  0.62582055E+000  0.83960384E+000  0.10533871E+001  0.12001764E+001  0.12890074E+001  0.13306596E+001  0.13396038E+001  0.13441600E+001  0.13726168E+001  0.14447523E+001  0.15788090E+001  0.17921431E+001  0.21014872E+001  0.25230951E+001  0.30728343E+001  0.37662494E+001  0.46186084E+001  0.56449384E+001  0.68600503E+001  0.82785655E+001  0.99149326E+001  0.11783437E+002  0.13898227E+002  0.16273310E+002  0.18922567E+002  0.21859774E+002  0.25098581E+002  0.28652555E+002  0.32535152E+002  0.36759734E+002  0.41339604E+002
  0.33552457E+000  0.34446885E+000  0.38612102E+000  0.47495199E+000  0.62174129E+000  0.83552457E+000  0.10493079E+001  0.11960972E+001  0.12849281E+001  0.13265803E+001  0.13355246E+001  0.13400807E+001  0.13685376E+001  0.14406730E+001  0.15747298E+001  0.17880639E+001  0.20974079E+001  0.25190159E+001  0.30687550E+001  0.37621702E+001  0.46145291E+001  0.56408591E+001  0.68559710E+001  0.82744863E+001  0.99108533E+001  0.11779357E+002  0.13894148E+002  0.16269231E+002  0.18918488E+002  0.21855694E+002  0.25094502E+002  0.28648476E+002  0.32531073E+002  0.36755655E+002  0.41335525E+002
  0.32582467E+000  0.33476894E+000  0.37642111E+000  0.46525209E+000  0.61204138E+000  0.82582467E+000  0.10396080E+001  0.11863973E+001  0.12752282E+001  0.13168804E+001  0.13258247E+001  0.13303808E+001  0.13588377E+001  0.14309731E+001  0.15650299E+001  0.17783640E+001  0.20877080E+001  0.25093159E+001  0.30590551E+001  0.37524703E+001  0.46048292E+001  0.56311592E+001  0.68462711E+001  0.82647863E+001  0.99011534E+001  0.11769658E+002  0.13884448E+002  0.16259531E+002  0.18908788E+002  0.21845995E+002  0.25084802E+002  0.28638776E+002  0.32521373E+002  0.36745955E+002  0.41325825E+002
  0.32596768E+000  0.33491195E+000  0.37656413E+000  0.46539510E+000  0.61218440E+000  0.82596768E+000  0.10397510E+001  0.11865403E+001  0.12753712E+001  0.13170234E+001  0.13259677E+001  0.13305238E+001  0.13589807E+001  0.14311161E+001  0.15651729E+001  0.17785070E+001  0.20878510E+001  0.25094590E+001  0.30591981E+001  0.37526133E+001  0.46049722E+001  0.56313022E+001  0.68464141E+001  0.82649294E+001  0.99012964E+001  0.11769801E+002  0.13884591E+002  0.16259674E+002  0.18908931E+002  0.21846138E+002  0.25084945E+002  0.28638919E+002  0.32521516E+002  0.36746098E+002  0.41325968E+002
  0.27401519E+000  0.28295946E+000  0.32461163E+000  0.41344260E+000  0.56023190E+000  0.77401519E+000  0.98779847E+000  0.11345878E+001  0.12234187E+001  0.12650709E+001  0.12740152E+001  0.12785713E+001  0.13070282E+001  0.13791636E+001  0.15132204E+001  0.17265545E+001  0.20358985E+001  0.24575064E+001  0.30072456E+001  0.37006607E+001  0.45530197E+001  0.55793496E+001  0.67944614E+001  0.82129766E+001  0.98493435E+001  0.11717847E+002  0.13832638E+002  0.16207721E+002  0.18856977E+002  0.21794184E+002  0.25032991E+002  0.28586964E+002  0.32469561E+002  0.36694143E+002  0.41274012E+002
  0.39433158E+000  0.40327585E+000  0.44492803E+000  0.53375900E+000  0.68054829E+000  0.89433158E+000  0.11081149E+001  0.47170633E+000  0.47133022E+000  0.47112541E+000  0.47107857E+000  0.47105441E+000  0.84043543E+000  0.84034161E+000  0.84006082E+000  0.83929888E+000  0.11486429E+001  0.15702508E+001  0.21199900E+001  0.28134052E+001  0.36657641E+001  0.46920941E+001  0.59072060E+001  0.73257212E+001  0.89620882E+001  0.10830592E+002  0.12945383E+002  0.15320466E+002  0.17969723E+002  0.20906929E+002  0.24145736E+002  0.27699710E+002  0.31582307E+002  0.35806889E+002  0.40386759E+002
