  0.10202788E+001  0.10292231E+001  0.10708753E+001  0.11597062E+001  0.13064955E+001  0.15202788E+001  0.17340621E+001  0.18808514E+001  0.19696824E+001  0.20113345E+001  0.20202788E+001  0.20248350E+001  0.20532918E+001  0.21254272E+001  0.22594840E+001  0.24728181E+001  0.27821622E+001  0.32037701E+001  0.37535092E+001  0.44469244E+001  0.52992834E+001  0.63256133E+001  0.75407252E+001  0.89592405E+001  0.10595608E+002  0.12464112E+002  0.14578902E+002  0.16953985E+002  0.19603242E+002  0.22540449E+002  0.25779256E+002  0.29333230E+002  0.33215827E+002  0.37440409E+002  0.42020279E+002
  0.10202788E+001  0.10292231E+001  0.10708753E+001  0.11597062E+001  0.13064955E+001  0.15202788E+001  0.17340621E+001  0.18808514E+001  0.19696824E+001  0.20113345E+001  0.20202788E+001  0.20248350E+001  0.20532918E+001  0.21254272E+001  0.22594840E+001  0.24728181E+001  0.27821622E+001  0.32037701E+001  0.37535092E+001  0.44469244E+001  0.52992834E+001  0.63256133E+001  0.75407252E+001  0.89592405E+001  0.10595608E+002  0.12464112E+002  0.14578902E+002  0.16953985E+002  0.19603242E+002  0.22540449E+002  0.25779256E+002  0.29333230E+002  0.33215827E+002  0.37440409E+002  0.42020279E+002
  0.10202788E+001  0.10292231E+001  0.10708753E+001  0.11597062E+001  0.13064955E+001  0.15202788E+001  0.17340621E+001  0.18808514E+001  0.19696824E+001  0.20113345E+001  0.20202788E+001  0.20248350E+001  0.20532918E+001  0.21254272E+001  0.22594840E+001  0.24728181E+001  0.27821622E+001  0.32037701E+001  0.37535092E+001  0.44469244E+001  0.52992834E+001  0.63256133E+001  0.75407252E+001  0.89592405E+001  0.10595608E+002  0.12464112E+002  0.14578902E+002  0.16953985E+002  0.19603242E+002  0.22540449E+002  0.25779256E+002  0.29333230E+002  0.33215827E+002  0.37440409E+002  0.42020279E+002
  0.10202788E+001  0.10292231E+001  0.10708753E+001  0.11597062E+001  0.13064955E+001  0.15202788E+001  0.17340621E+001  0.18808514E+001  0.19696824E+001  0.20113345E+001  0.20202788E+001  0.20248350E+001  0.20532918E+001  0.21254272E+001  0.22594840E+001  0.24728181E+001  0.27821622E+001  0.32037701E+001  0.37535092E+001  0.44469244E+001  0.52992834E+001  0.63256133E+001  0.75407252E+001  0.89592405E+001  0.10595608E+002  0.12464112E+002  0.14578902E+002  0.16953985E+002  0.19603242E+002  0.22540449E+002  0.25779256E+002  0.29333230E+002  0.33215827E+002  0.37440409E+002  0.42020279E+002
  0.10202788E+001  0.10292231E+001  0.10708753E+001  0.11597062E+001  0.13064955E+001  0.15202788E+001  0.17340621E+001  0.18808514E+001  0.19696824E+001  0.20113345E+001  0.20202788E+001  0.20248350E+001  0.20532918E+001  0.21254272E+001  0.22594840E+001  0.24728181E+001  0.27821622E+001  0.32037701E+001  0.37535092E+001  0.44469244E+001  0.52992834E+001  0.63256133E+001  0.75407252E+001  0.89592405E+001  0.10595608E+002  0.12464112E+002  0.14578902E+002  0.16953985E+002  0.19603242E+002  0.22540449E+002  0.25779256E+002  0.29333230E+002  0.33215827E+002  0.37440409E+002  0.42020279E+002
  0.10202788E+001  0.10292231E+001  0.10708753E+001  0.11597062E+001  0.13064955E+001  0.15202788E+001  0.17340621E+001  0.18808514E+001  0.19696824E+001  0.20113345E+001  0.20202788E+001  0.20248350E+001  0.20532918E+001  0.21254272E+001  0.22594840E+001  0.24728181E+001  0.27821622E+001  0.32037701E+001  0.37535092E+001  0.44469244E+001  0.52992834E+001  0.63256133E+001  0.75407252E+001  0.89592405E+001  0.10595608E+002  0.12464112E+002  0.14578902E+002  0.16953985E+002  0.19603242E+002  0.22540449E+002  0.25779256E+002  0.29333230E+002  0.33215827E+002  0.37440409E+002  0.42020279E+002
  0.10202788E+001  0.10292231E+001  0.10708753E+001  0.11597062E+001  0.13064955E+001  0.15202788E+001  0.17340621E+001  0.18808514E+001  0.19696824E+001  0.20113345E+001  0.20202788E+001  0.20248350E+001  0.20532918E+001  0.21254272E+001  0.22594840E+001  0.24728181E+001  0.27821622E+001  0.32037701E+001  0.37535092E+001  0.44469244E+001  0.52992834E+001  0.63256133E+001  0.75407252E+001  0.89592405E+001  0.10595608E+002  0.12464112E+002  0.14578902E+002  0.16953985E+002  0.19603242E+002  0.22540449E+002  0.25779256E+002  0.29333230E+002  0.33215827E+002  0.37440409E+002  0.42020279E+002
  0.10202788E+001  0.10292231E+001  0.10708753E+001  0.11597062E+001  0.13064955E+001  0.15202788E+001  0.17340621E+001  0.18808514E+001  0.19696824E+001  0.20113345E+001  0.20202788E+001  0.20248350E+001  0.20532918E+001  0.21254272E+001  0.22594840E+001  0.24728181E+001  0.27821622E+001  0.32037701E+001  0.37535092E+001  0.44469244E+001  0.52992834E+001  0.63256133E+001  0.75407252E+001  0.89592405E+001  0.10595608E+002  0.12464112E+002  0.14578902E+002  0.16953985E+002  0.19603242E+002  0.22540449E+002  0.25779256E+002  0.29333230E+002  0.33215827E+002  0.37440409E+002  0.42020279E+002
  0.10202788E+001  0.10292231E+001  0.10708753E+001  0.11597062E+001  0.13064955E+001  0.15202788E+001  0.17340621E+001  0.18808514E+001  0.19696824E+001  0.20113345E+001  0.20202788E+001  0.20248350E+001  0.20532918E+001  0.21254272E+001  0.22594840E+001  0.24728181E+001  0.27821622E+001  0.32037701E+001  0.37535092E+001  0.44469244E+001  0.52992834E+001  0.63256133E+001  0.75407252E+001  0.89592405E+001  0.10595608E+002  0.12464112E+002  0.14578902E+002  0.16953985E+002  0.19603242E+002  0.22540449E+002  0.25779256E+002  0.29333230E+002  0.33215827E+002  0.37440409E+002  0.42020279E+002
  0.10202788E+001  0.10292231E+001  0.10708753E+001  0.11597062E+001  0.13064955E+001  0.15202788E+001  0.17340621E+001  0.18808514E+001  0.19696824E+001  0.20113345E+001  0.20202788E+001  0.20248350E+001  0.20532918E+001  0.21254272E+001  0.22594840E+001  0.24728181E+001  0.27821622E+001  0.32037701E+001  0.37535092E+001  0.44469244E+001  0.52992834E+001  0.63256133E+001  0.75407252E+001  0.89592405E+001  0.10595608E+002  0.12464112E+002  0.14578902E+002  0.16953985E+002  0.19603242E+002  0.22540449E+002  0.25779256E+002  0.29333230E+002  0.33215827E+002  0.37440409E+002  0.42020279E+002
  0.10202788E+001  0.10292231E+001  0.10708753E+001  0.11597062E+001  0.13064955E+001  0.15202788E+001  0.17340621E+001  0.18808514E+001  0.19696824E+001  0.20113345E+001  0.20202788E+001  0.20248350E+001  0.20532918E+001  0.21254272E+001  0.22594840E+001  0.24728181E+001  0.27821622E+001  0.32037701E+001  0.37535092E+001  0.44469244E+001  0.52992834E+001  0.63256133E+001  0.75407252E+001  0.89592405E+001  0.10595608E+002  0.12464112E+002  0.14578902E+002  0.16953985E+002  0.19603242E+002  0.22540449E+002  0.25779256E+002  0.29333230E+002  0.33215827E+002  0.37440409E+002  0.42020279E+002
  0.10202788E+001  0.10292231E+001  0.10708753E+001  0.11597062E+001  0.13064955E+001  0.15202788E+001  0.17340621E+001  0.18808514E+001  0.19696824E+001  0.20113345E+001  0.20202788E+001  0.20248350E+001  0.20532918E+001  0.21254272E+001  0.22594840E+001  0.24728181E+001  0.27821622E+001  0.32037701E+001  0.37535092E+001  0.44469244E+001  0.52992834E+001  0.63256133E+001  0.75407252E+001  0.89592405E+001  0.10595608E+002  0.12464112E+002  0.14578902E+002  0.16953985E+002  0.19603242E+002  0.22540449E+002  0.25779256E+002  0.29333230E+002  0.33215827E+002  0.37440409E+002  0.42020279E+002
  0.10202788E+001  0.10292231E+001  0.10708753E+001  0.11597062E+001  0.13064955E+001  0.15202788E+001  0.17340621E+001  0.18808514E+001  0.19696824E+001  0.20113345E+001  0.20202788E+001  0.20248350E+001  0.20532918E+001  0.21254272E+001  0.22594840E+001  0.24728181E+001  0.27821622E+001  0.32037701E+001  0.37535092E+001  0.44469244E+001  0.52992834E+001  0.63256133E+001  0.75407252E+001  0.89592405E+001  0.10595608E+002  0.12464112E+002  0.14578902E+002  0.16953985E+002  0.19603242E+002  0.22540449E+002  0.25779256E+002  0.29333230E+002  0.33215827E+002  0.37440409E+002  0.42020279E+002
  0.10202788E+001  0.10292231E+001  0.10708753E+001  0.11597062E+001  0.13064955E+001  0.15202788E+001  0.17340621E+001  0.18808514E+001  0.19696824E+001  0.20113345E+001  0.20202788E+001  0.20248350E+001  0.20532918E+001  0.21254272E+001  0.22594840E+001  0.24728181E+001  0.27821622E+001  0.32037701E+001  0.37535092E+001  0.44469244E+001  0.52992834E+001  0.63256133E+001  0.75407252E+001  0.89592405E+001  0.10595608E+002  0.12464112E+002  0.14578902E+002  0.16953985E+002  0.19603242E+002  0.22540449E+002  0.25779256E+002  0.29333230E+002  0.33215827E+002  0.37440409E+002  0.42020279E+002
  0.10202788E+001  0.10292231E+001  0.10708753E+001  0.11597062E+001  0.13064955E+001  0.15202788E+001  0.17340621E+001  0.18808514E+001  0.19696824E+001  0.20113345E+001  0.20202788E+001  0.20248350E+001  0.20532918E+001  0.21254272E+001  0.22594840E+001  0.24728181E+001  0.27821622E+001  0.32037701E+001  0.37535092E+001  0.44469244E+001  0.52992834E+001  0.63256133E+001  0.75407252E+001  0.89592405E+001  0.10595608E+002  0.12464112E+002  0.14578902E+002  0.16953985E+002  0.19603242E+002  0.22540449E+002  0.25779256E+002  0.29333230E+002  0.33215827E+002  0.37440409E+002  0.42020279E+002
  0.10202788E+001  0.10292231E+001  0.10708753E+001  0.11597062E+001  0.13064955E+001  0.15202788E+001  0.17340621E+001  0.18808514E+001  0.19696824E+001  0.20113345E+001  0.20202788E+001  0.20248350E+001  0.20532918E+001  0.21254272E+001  0.22594840E+001  0.24728181E+001  0.27821622E+001  0.32037701E+001  0.37535092E+001  0.44469244E+001  0.52992834E+001  0.63256133E+001  0.75407252E+001  0.89592405E+001  0.10595608E+002  0.12464112E+002  0.14578902E+002  0.16953985E+002  0.19603242E+002  0.22540449E+002  0.25779256E+002  0.29333230E+002  0.33215827E+002  0.37440409E+002  0.42020279E+002
  0.10202788E+001  0.10292230E+001  0.10708752E+001  0.11597062E+001  0.13064955E+001  0.15202788E+001  0.17340621E+001  0.18808513E+001  0.19696823E+001  0.20113345E+001  0.20202788E+001  0.20248349E+001  0.20532918E+001  0.21254272E+001  0.22594840E+001  0.24728181E+001  0.27821621E+001  0.32037700E+001  0.37535092E+001  0.44469243E+001  0.52992833E+001  0.63256133E+001  0.75407252E+001  0.89592404E+001  0.10595607E+002  0.12464112E+002  0.14578902E+002  0.16953985E+002  0.19603242E+002  0.22540449E+002  0.25779256E+002  0.29333230E+002  0.33215827E+002  0.37440409E+002  0.42020279E+002
  0.10202765E+001  0.10292207E+001  0.10708729E+001  0.11597039E+001  0.13064932E+001  0.15202765E+001  0.17340597E+001  0.18808490E+001  0.19696800E+001  0.20113322E+001  0.20202765E+001  0.20248326E+001  0.20532895E+001  0.21254249E+001  0.22594816E+001  0.24728158E+001  0.27821598E+001  0.32037677E+001  0.37535069E+001  0.44469220E+001  0.52992810E+001  0.63256110E+001  0.75407229E+001  0.89592381E+001  0.10595605E+002  0.12464109E+002  0.14578899E+002  0.16953983E+002  0.19603240E+002  0.22540446E+002  0.25779253E+002  0.29333227E+002  0.33215824E+002  0.37440407E+002  0.42020276E+002
  0.10201812E+001  0.10291255E+001  0.10707776E+001  0.11596086E+001  0.13063979E+001  0.15201812E+001  0.17339645E+001  0.18807538E+001  0.19695847E+001  0.20112369E+001  0.20201812E+001  0.20247374E+001  0.20531942E+001  0.21253296E+001  0.22593864E+001  0.24727205E+001  0.27820645E+001  0.32036725E+001  0.37534116E+001  0.44468268E+001  0.52991857E+001  0.63255157E+001  0.75406276E+001  0.89591428E+001  0.10595510E+002  0.12464014E+002  0.14578804E+002  0.16953887E+002  0.19603144E+002  0.22540351E+002  0.25779158E+002  0.29333132E+002  0.33215729E+002  0.37440312E+002  0.42020181E+002
  0.10176045E+001  0.10265488E+001  0.10682010E+001  0.11570319E+001  0.13038212E+001  0.15176045E+001  0.17313878E+001  0.18781771E+001  0.19670081E+001  0.20086602E+001  0.20176045E+001  0.20221607E+001  0.20506175E+001  0.21227530E+001  0.22568097E+001  0.24701438E+001  0.27794879E+001  0.32010958E+001  0.37508350E+001  0.44442501E+001  0.52966091E+001  0.63229390E+001  0.75380509E+001  0.89565662E+001  0.10592933E+002  0.12461437E+002  0.14576228E+002  0.16951311E+002  0.19600568E+002  0.22537774E+002  0.25776581E+002  0.29330556E+002  0.33213152E+002  0.37437735E+002  0.42017604E+002
  0.98154594E+000  0.98161432E+000  0.10232665E+001  0.11120975E+001  0.12588868E+001  0.14726700E+001  0.16864533E+001  0.18332426E+001  0.19220736E+001  0.19637258E+001  0.19726700E+001  0.19772262E+001  0.20056830E+001  0.20778185E+001  0.22118752E+001  0.24252093E+001  0.27345534E+001  0.31561613E+001  0.37059005E+001  0.43993156E+001  0.52516746E+001  0.62780045E+001  0.74931164E+001  0.89116316E+001  0.10547999E+002  0.12416503E+002  0.14531293E+002  0.16906376E+002  0.19555633E+002  0.22492840E+002  0.25731647E+002  0.29285621E+002  0.33168218E+002  0.37392800E+002  0.41972670E+002
  0.91843396E+000  0.92737823E+000  0.96903040E+000  0.10578614E+001  0.12046507E+001  0.14184340E+001  0.16322172E+001  0.17790065E+001  0.18678375E+001  0.19094897E+001  0.19184340E+001  0.19229901E+001  0.19514470E+001  0.20235824E+001  0.21576391E+001  0.23709733E+001  0.26803173E+001  0.31019252E+001  0.36516644E+001  0.43450795E+001  0.51974385E+001  0.62237685E+001  0.74388804E+001  0.88573956E+001  0.10493763E+002  0.12362267E+002  0.14477057E+002  0.16852140E+002  0.19501397E+002  0.22438603E+002  0.25677411E+002  0.23642901E+002  0.23483725E+002  0.27708307E+002  0.32288177E+002
  0.91584708E+000  0.92479135E+000  0.96644352E+000  0.10552745E+001  0.12020638E+001  0.14158471E+001  0.16296304E+001  0.17764197E+001  0.18652506E+001  0.19069028E+001  0.19158471E+001  0.19204032E+001  0.19488601E+001  0.20209955E+001  0.21550523E+001  0.23683864E+001  0.26777304E+001  0.30993383E+001  0.36490775E+001  0.43424926E+001  0.51948515E+001  0.62211815E+001  0.74362933E+001  0.88548084E+001  0.10491175E+002  0.12359679E+002  0.14474469E+002  0.16849553E+002  0.19498809E+002  0.22436016E+002  0.25674822E+002  0.29228796E+002  0.33111392E+002  0.37335974E+002  0.41915842E+002
  0.65655597E+000  0.65655598E+000  0.65655602E+000  0.65655614E+000  0.65655644E+000  0.87033973E+000  0.10841230E+001  0.12309123E+001  0.13197433E+001  0.13613954E+001  0.13703397E+001  0.96134419E+000  0.96120334E+000  0.10333388E+001  0.11673955E+001  0.13807296E+001  0.16900737E+001  0.21116816E+001  0.26614208E+001  0.33548359E+001  0.42071948E+001  0.52335248E+001  0.64486366E+001  0.78671518E+001  0.95035187E+001  0.11372023E+002  0.13486813E+002  0.15861896E+002  0.18511153E+002  0.21448359E+002  0.24687166E+002  0.28241140E+002  0.32123737E+002  0.36348319E+002  0.40928188E+002
  0.78068779E+000  0.78071896E+000  0.78086345E+000  0.83762604E+000  0.93281309E+000  0.11465964E+001  0.13603797E+001  0.15071690E+001  0.15959999E+001  0.16376521E+001  0.16465964E+001  0.16511525E+001  0.16796094E+001  0.17517448E+001  0.18858016E+001  0.20991357E+001  0.24084797E+001  0.28300876E+001  0.33798268E+001  0.40732419E+001  0.49256009E+001  0.59519308E+001  0.71670427E+001  0.85855580E+001  0.10221925E+002  0.12090429E+002  0.14205219E+002  0.16580302E+002  0.19229559E+002  0.15391550E+002  0.15332588E+002  0.15143937E+002  0.19026534E+002  0.23251116E+002  0.27830985E+002
