 -0.22348429E+001 -0.22258986E+001 -0.21842464E+001 -0.20954154E+001 -0.19486261E+001 -0.17348429E+001 -0.15210596E+001 -0.13742703E+001 -0.12854393E+001 -0.12437871E+001 -0.12348429E+001 -0.12302867E+001 -0.12018299E+001 -0.11296944E+001 -0.99563767E+000 -0.78230356E+000 -0.47295951E+000 -0.51351589E-001  0.49838758E+000  0.11918027E+001  0.20441617E+001  0.30704916E+001  0.42856036E+001  0.57041188E+001  0.73404858E+001  0.92089899E+001  0.11323780E+002  0.13698863E+002  0.16348120E+002  0.19285327E+002  0.22524134E+002  0.26078108E+002  0.29960705E+002  0.34185288E+002  0.38765157E+002
 -0.22348429E+001 -0.22258986E+001 -0.21842464E+001 -0.20954154E+001 -0.19486261E+001 -0.17348429E+001 -0.15210596E+001 -0.13742703E+001 -0.12854393E+001 -0.12437871E+001 -0.12348429E+001 -0.12302867E+001 -0.12018299E+001 -0.11296944E+001 -0.99563767E+000 -0.78230356E+000 -0.47295951E+000 -0.51351589E-001  0.49838758E+000  0.11918027E+001  0.20441617E+001  0.30704916E+001  0.42856036E+001  0.57041188E+001  0.73404858E+001  0.92089899E+001  0.11323780E+002  0.13698863E+002  0.16348120E+002  0.19285327E+002  0.22524134E+002  0.26078108E+002  0.29960705E+002  0.34185288E+002  0.38765157E+002
 -0.22348429E+001 -0.22258986E+001 -0.21842464E+001 -0.20954154E+001 -0.19486261E+001 -0.17348429E+001 -0.15210596E+001 -0.13742703E+001 -0.12854393E+001 -0.12437871E+001 -0.12348429E+001 -0.12302867E+001 -0.12018299E+001 -0.11296944E+001 -0.99563767E+000 -0.78230356E+000 -0.47295951E+000 -0.51351589E-001  0.49838758E+000  0.11918027E+001  0.20441617E+001  0.30704916E+001  0.42856036E+001  0.57041188E+001  0.73404858E+001  0.92089899E+001  0.11323780E+002  0.13698863E+002  0.16348120E+002  0.19285327E+002  0.22524134E+002  0.26078108E+002  0.29960705E+002  0.34185288E+002  0.38765157E+002
 -0.22348429E+001 -0.22258986E+001 -0.21842464E+001 -0.20954154E+001 -0.19486261E+001 -0.17348429E+001 -0.15210596E+001 -0.13742703E+001 -0.12854393E+001 -0.12437871E+001 -0.12348429E+001 -0.12302867E+001 -0.12018299E+001 -0.11296944E+001 -0.99563767E+000 -0.78230356E+000 -0.47295951E+000 -0.51351589E-001  0.49838758E+000  0.11918027E+001  0.20441617E+001  0.30704916E+001  0.42856036E+001  0.57041188E+001  0.73404858E+001  0.92089899E+001  0.11323780E+002  0.13698863E+002  0.16348120E+002  0.19285327E+002  0.22524134E+002  0.26078108E+002  0.29960705E+002  0.34185288E+002  0.38765157E+002
 -0.22348429E+001 -0.22258986E+001 -0.21842464E+001 -0.20954154E+001 -0.19486261E+001 -0.17348429E+001 -0.15210596E+001 -0.13742703E+001 -0.12854393E+001 -0.12437871E+001 -0.12348429E+001 -0.12302867E+001 -0.12018299E+001 -0.11296944E+001 -0.99563767E+000 -0.78230356E+000 -0.47295951E+000 -0.51351589E-001  0.49838758E+000  0.11918027E+001  0.20441617E+001  0.30704916E+001  0.42856036E+001  0.57041188E+001  0.73404858E+001  0.92089899E+001  0.11323780E+002  0.13698863E+002  0.16348120E+002  0.19285327E+002  0.22524134E+002  0.26078108E+002  0.29960705E+002  0.34185288E+002  0.38765157E+002
 -0.22348429E+001 -0.22258986E+001 -0.21842464E+001 -0.20954154E+001 -0.19486261E+001 -0.17348429E+001 -0.15210596E+001 -0.13742703E+001 -0.12854393E+001 -0.12437871E+001 -0.12348429E+001 -0.12302867E+001 -0.12018299E+001 -0.11296944E+001 -0.99563767E+000 -0.78230356E+000 -0.47295951E+000 -0.51351589E-001  0.49838758E+000  0.11918027E+001  0.20441617E+001  0.30704916E+001  0.42856036E+001  0.57041188E+001  0.73404858E+001  0.92089899E+001  0.11323780E+002  0.13698863E+002  0.16348120E+002  0.19285327E+002  0.22524134E+002  0.26078108E+002  0.29960705E+002  0.34185288E+002  0.38765157E+002
 -0.22348429E+001 -0.22258986E+001 -0.21842464E+001 -0.20954154E+001 -0.19486261E+001 -0.17348429E+001 -0.15210596E+001 -0.13742703E+001 -0.12854393E+001 -0.12437871E+001 -0.12348429E+001 -0.12302867E+001 -0.12018299E+001 -0.11296944E+001 -0.99563767E+000 -0.78230356E+000 -0.47295951E+000 -0.51351589E-001  0.49838758E+000  0.11918027E+001  0.20441617E+001  0.30704916E+001  0.42856036E+001  0.57041188E+001  0.73404858E+001  0.92089899E+001  0.11323780E+002  0.13698863E+002  0.16348120E+002  0.19285327E+002  0.22524134E+002  0.26078108E+002  0.29960705E+002  0.34185288E+002  0.38765157E+002
 -0.22348429E+001 -0.22258986E+001 -0.21842464E+001 -0.20954154E+001 -0.19486261E+001 -0.17348429E+001 -0.15210596E+001 -0.13742703E+001 -0.12854393E+001 -0.12437871E+001 -0.12348429E+001 -0.12302867E+001 -0.12018299E+001 -0.11296944E+001 -0.99563767E+000 -0.78230356E+000 -0.47295951E+000 -0.51351589E-001  0.49838758E+000  0.11918027E+001  0.20441617E+001  0.30704916E+001  0.42856036E+001  0.57041188E+001  0.73404858E+001  0.92089899E+001  0.11323780E+002  0.13698863E+002  0.16348120E+002  0.19285327E+002  0.22524134E+002  0.26078108E+002  0.29960705E+002  0.34185288E+002  0.38765157E+002
 -0.22348429E+001 -0.22258986E+001 -0.21842464E+001 -0.20954154E+001 -0.19486261E+001 -0.17348429E+001 -0.15210596E+001 -0.13742703E+001 -0.12854393E+001 -0.12437871E+001 -0.12348429E+001 -0.12302867E+001 -0.12018299E+001 -0.11296944E+001 -0.99563767E+000 -0.78230356E+000 -0.47295951E+000 -0.51351589E-001  0.49838758E+000  0.11918027E+001  0.20441617E+001  0.30704916E+001  0.42856036E+001  0.57041188E+001  0.73404858E+001  0.92089899E+001  0.11323780E+002  0.13698863E+002  0.16348120E+002  0.19285327E+002  0.22524134E+002  0.26078108E+002  0.29960705E+002  0.34185288E+002  0.38765157E+002
 -0.22348429E+001 -0.22258986E+001 -0.21842464E+001 -0.20954154E+001 -0.19486261E+001 -0.17348429E+001 -0.15210596E+001 -0.13742703E+001 -0.12854393E+001 -0.12437871E+001 -0.12348429E+001 -0.12302867E+001 -0.12018299E+001 -0.11296944E+001 -0.99563767E+000 -0.78230356E+000 -0.47295951E+000 -0.51351589E-001  0.49838758E+000  0.11918027E+001  0.20441617E+001  0.30704916E+001  0.42856036E+001  0.57041188E+001  0.73404858E+001  0.92089899E+001  0.11323780E+002  0.13698863E+002  0.16348120E+002  0.19285327E+002  0.22524134E+002  0.26078108E+002  0.29960705E+002  0.34185288E+002  0.38765157E+002
 -0.22348429E+001 -0.22258986E+001 -0.21842464E+001 -0.20954154E+001 -0.19486261E+001 -0.17348429E+001 -0.15210596E+001 -0.13742703E+001 -0.12854393E+001 -0.12437871E+001 -0.12348429E+001 -0.12302867E+001 -0.12018299E+001 -0.11296944E+001 -0.99563767E+000 -0.78230356E+000 -0.47295951E+000 -0.51351589E-001  0.49838758E+000  0.11918027E+001  0.20441617E+001  0.30704916E+001  0.42856036E+001  0.57041188E+001  0.73404858E+001  0.92089899E+001  0.11323780E+002  0.13698863E+002  0.16348120E+002  0.19285327E+002  0.22524134E+002  0.26078108E+002  0.29960705E+002  0.34185288E+002  0.38765157E+002
 -0.22348429E+001 -0.22258986E+001 -0.21842464E+001 -0.20954154E+001 -0.19486261E+001 -0.17348429E+001 -0.15210596E+001 -0.13742703E+001 -0.12854393E+001 -0.12437871E+001 -0.12348429E+001 -0.12302867E+001 -0.12018299E+001 -0.11296944E+001 -0.99563767E+000 -0.78230356E+000 -0.47295951E+000 -0.51351589E-001  0.49838758E+000  0.11918027E+001  0.20441617E+001  0.30704916E+001  0.42856036E+001  0.57041188E+001  0.73404858E+001  0.92089899E+001  0.11323780E+002  0.13698863E+002  0.16348120E+002  0.19285327E+002  0.22524134E+002  0.26078108E+002  0.29960705E+002  0.34185288E+002  0.38765157E+002
 -0.22348429E+001 -0.22258986E+001 -0.21842464E+001 -0.20954154E+001 -0.19486261E+001 -0.17348429E+001 -0.15210596E+001 -0.13742703E+001 -0.12854393E+001 -0.12437871E+001 -0.12348429E+001 -0.12302867E+001 -0.12018299E+001 -0.11296944E+001 -0.99563767E+000 -0.78230356E+000 -0.47295951E+000 -0.51351589E-001  0.49838758E+000  0.11918027E+001  0.20441617E+001  0.30704916E+001  0.42856036E+001  0.57041188E+001  0.73404858E+001  0.92089899E+001  0.11323780E+002  0.13698863E+002  0.16348120E+002  0.19285327E+002  0.22524134E+002  0.26078108E+002  0.29960705E+002  0.34185288E+002  0.38765157E+002
 -0.22348429E+001 -0.22258986E+001 -0.21842464E+001 -0.20954154E+001 -0.19486261E+001 -0.17348429E+001 -0.15210596E+001 -0.13742703E+001 -0.12854393E+001 -0.12437871E+001 -0.12348429E+001 -0.12302867E+001 -0.12018299E+001 -0.11296944E+001 -0.99563767E+000 -0.78230356E+000 -0.47295951E+000 -0.51351589E-001  0.49838758E+000  0.11918027E+001  0.20441617E+001  0.30704916E+001  0.42856036E+001  0.57041188E+001  0.73404858E+001  0.92089899E+001  0.11323780E+002  0.13698863E+002  0.16348120E+002  0.19285327E+002  0.22524134E+002  0.26078108E+002  0.29960705E+002  0.34185288E+002  0.38765157E+002
 -0.22348429E+001 -0.22258986E+001 -0.21842464E+001 -0.20954154E+001 -0.19486261E+001 -0.17348429E+001 -0.15210596E+001 -0.13742703E+001 -0.12854393E+001 -0.12437871E+001 -0.12348429E+001 -0.12302867E+001 -0.12018299E+001 -0.11296944E+001 -0.99563767E+000 -0.78230356E+000 -0.47295951E+000 -0.51351589E-001  0.49838758E+000  0.11918027E+001  0.20441617E+001  0.30704916E+001  0.42856036E+001  0.57041188E+001  0.73404858E+001  0.92089899E+001  0.11323780E+002  0.13698863E+002  0.16348120E+002  0.19285327E+002  0.22524134E+002  0.26078108E+002  0.29960705E+002  0.34185288E+002  0.38765157E+002
 -0.22348428E+001 -0.22258986E+001 -0.21842464E+001 -0.20954154E+001 -0.19486261E+001 -0.17348428E+001 -0.15210596E+001 -0.13742703E+001 -0.12854393E+001 -0.12437871E+001 -0.12348428E+001 -0.12302867E+001 -0.12018298E+001 -0.11296944E+001 -0.99563766E+000 -0.78230354E+000 -0.47295950E+000 -0.51351576E-001  0.49838759E+000  0.11918027E+001  0.20441617E+001  0.30704917E+001  0.42856036E+001  0.57041188E+001  0.73404858E+001  0.92089900E+001  0.11323780E+002  0.13698863E+002  0.16348120E+002  0.19285327E+002  0.22524134E+002  0.26078108E+002  0.29960705E+002  0.34185288E+002  0.38765157E+002
 -0.22348424E+001 -0.22258981E+001 -0.21842459E+001 -0.20954150E+001 -0.19486257E+001 -0.17348424E+001 -0.15210591E+001 -0.13742698E+001 -0.12854388E+001 -0.12437866E+001 -0.12348424E+001 -0.12302862E+001 -0.12018294E+001 -0.11296939E+001 -0.99563719E+000 -0.78230307E+000 -0.47295903E+000 -0.51351106E-001  0.49838806E+000  0.11918032E+001  0.20441622E+001  0.30704921E+001  0.42856040E+001  0.57041193E+001  0.73404863E+001  0.92089904E+001  0.11323781E+002  0.13698864E+002  0.16348121E+002  0.19285327E+002  0.22524135E+002  0.26078109E+002  0.29960705E+002  0.34185288E+002  0.38765157E+002
 -0.22348297E+001 -0.22258854E+001 -0.21842332E+001 -0.20954023E+001 -0.19486130E+001 -0.17348297E+001 -0.15210464E+001 -0.13742571E+001 -0.12854261E+001 -0.12437739E+001 -0.12348297E+001 -0.12302735E+001 -0.12018167E+001 -0.11296812E+001 -0.99562449E+000 -0.78229037E+000 -0.47294633E+000 -0.51338406E-001  0.49840076E+000  0.11918159E+001  0.20441749E+001  0.30705048E+001  0.42856167E+001  0.57041320E+001  0.73404990E+001  0.92090031E+001  0.11323793E+002  0.13698877E+002  0.16348133E+002  0.19285340E+002  0.22524147E+002  0.26078121E+002  0.29960718E+002  0.34185301E+002  0.38765170E+002
 -0.22345853E+001 -0.22256411E+001 -0.21839889E+001 -0.20951579E+001 -0.19483686E+001 -0.17345853E+001 -0.15208021E+001 -0.13740128E+001 -0.12851818E+001 -0.12435296E+001 -0.12345854E+001 -0.12300292E+001 -0.12015724E+001 -0.11294369E+001 -0.99538017E+000 -0.78204605E+000 -0.47270200E+000 -0.51094082E-001  0.49864509E+000  0.11920602E+001  0.20444192E+001  0.30707492E+001  0.42858611E+001  0.57043763E+001  0.73407433E+001  0.92092475E+001  0.11324038E+002  0.13699121E+002  0.16348378E+002  0.19285584E+002  0.22524392E+002  0.26078366E+002  0.29960963E+002  0.34185545E+002  0.38765415E+002
 -0.22315615E+001 -0.22226172E+001 -0.21809650E+001 -0.20921341E+001 -0.19453448E+001 -0.17315615E+001 -0.15177782E+001 -0.13709889E+001 -0.12821579E+001 -0.12405058E+001 -0.12315615E+001 -0.12270053E+001 -0.11985485E+001 -0.11264130E+001 -0.99235630E+000 -0.77902219E+000 -0.46967814E+000 -0.48070218E-001  0.50166895E+000  0.11950841E+001  0.20474431E+001  0.30737730E+001  0.42888849E+001  0.57074002E+001  0.73437672E+001  0.92122713E+001  0.11327062E+002  0.13702145E+002  0.16351402E+002  0.19288608E+002  0.22527415E+002  0.26081389E+002  0.29963986E+002  0.34188569E+002  0.38768438E+002
 -0.22123436E+001 -0.22033993E+001 -0.21617472E+001 -0.20729162E+001 -0.19261269E+001 -0.17123436E+001 -0.14985603E+001 -0.13517710E+001 -0.12629401E+001 -0.12212879E+001 -0.12123436E+001 -0.12077874E+001 -0.11793306E+001 -0.11071952E+001 -0.97313842E+000 -0.75980430E+000 -0.45046026E+000 -0.28852335E-001  0.52088683E+000  0.12143020E+001  0.20666609E+001  0.30929909E+001  0.43081028E+001  0.57266180E+001  0.73629851E+001  0.92314892E+001  0.11346279E+002  0.13721363E+002  0.16370620E+002  0.19307826E+002  0.22546633E+002  0.26100607E+002  0.29983204E+002  0.34207787E+002  0.38787656E+002
 -0.21874597E+001 -0.21785154E+001 -0.21368632E+001 -0.20480323E+001 -0.19012430E+001 -0.16874597E+001 -0.14736764E+001 -0.13268871E+001 -0.12380561E+001 -0.11964040E+001 -0.11874597E+001 -0.11829035E+001 -0.11544467E+001 -0.10823112E+001 -0.94825450E+000 -0.73492039E+000 -0.42557634E+000 -0.39684187E-002  0.54577075E+000  0.12391859E+001  0.20915449E+001  0.31178748E+001  0.43329867E+001  0.57515020E+001  0.73878690E+001  0.92563731E+001  0.11371163E+002  0.13746247E+002  0.16395503E+002  0.19332710E+002  0.22571517E+002  0.26125491E+002  0.30008088E+002  0.34232671E+002  0.38812540E+002
 -0.21903752E+001 -0.21814309E+001 -0.21397788E+001 -0.20509478E+001 -0.19041585E+001 -0.16903752E+001 -0.14765919E+001 -0.13298026E+001 -0.12409717E+001 -0.11993195E+001 -0.11903752E+001 -0.11858191E+001 -0.11573622E+001 -0.10852268E+001 -0.95117003E+000 -0.73783591E+000 -0.42849187E+000 -0.68839444E-002  0.54285522E+000  0.12362704E+001  0.20886293E+001  0.31149593E+001  0.43300712E+001  0.57485864E+001  0.73849535E+001  0.92534576E+001  0.11368248E+002  0.13743331E+002  0.16392588E+002  0.19329795E+002  0.22568602E+002  0.26122576E+002  0.30005173E+002  0.34229755E+002  0.38809625E+002
 -0.21660419E+001 -0.21570977E+001 -0.21154455E+001 -0.20266145E+001 -0.18798252E+001 -0.16660420E+001 -0.14522587E+001 -0.13054694E+001 -0.12166384E+001 -0.11749862E+001 -0.11660420E+001 -0.11614858E+001 -0.11330290E+001 -0.10608935E+001 -0.92683677E+000 -0.71350265E+000 -0.40415861E+000  0.17449316E-001  0.56718848E+000  0.12606036E+001  0.21129626E+001  0.31392926E+001  0.43544045E+001  0.57729197E+001  0.74092867E+001  0.92777908E+001  0.11392581E+002  0.13767664E+002  0.16416921E+002  0.19354128E+002  0.22592935E+002  0.26146909E+002  0.30029506E+002  0.34254088E+002  0.38833958E+002
 -0.22774438E+001 -0.22684995E+001 -0.22268473E+001 -0.21380163E+001 -0.19912270E+001 -0.17774438E+001 -0.15636605E+001 -0.14168712E+001 -0.13280402E+001 -0.12863880E+001 -0.12774438E+001 -0.12728876E+001 -0.12444308E+001 -0.11722953E+001 -0.10382386E+001 -0.82490446E+000 -0.51556041E+000 -0.93952489E-001  0.45578668E+000  0.11492018E+001  0.20015608E+001  0.30278907E+001  0.42430026E+001  0.56615179E+001  0.72978849E+001  0.91663890E+001  0.11281179E+002  0.13656262E+002  0.16305519E+002  0.19242726E+002  0.22481533E+002  0.26035507E+002  0.29918104E+002  0.34142686E+002  0.38722556E+002
