 -0.99664200E+000 -0.98769773E+000 -0.94604555E+000 -0.85721458E+000 -0.71042528E+000 -0.49664200E+000 -0.28285871E+000 -0.13606942E+000 -0.47238445E-001 -0.55862720E-002  0.33580007E-002  0.79141639E-002  0.36371000E-001  0.10850644E+000  0.24256319E+000  0.45589730E+000  0.76524135E+000  0.11868493E+001  0.17365884E+001  0.24300036E+001  0.32823626E+001  0.43086925E+001  0.55238044E+001  0.69423197E+001  0.85786867E+001  0.10447191E+002  0.12561981E+002  0.14937064E+002  0.17586321E+002  0.20523528E+002  0.23762335E+002  0.27316309E+002  0.31198906E+002  0.35423489E+002  0.40003358E+002
 -0.99664200E+000 -0.98769773E+000 -0.94604555E+000 -0.85721458E+000 -0.71042528E+000 -0.49664200E+000 -0.28285871E+000 -0.13606942E+000 -0.47238445E-001 -0.55862720E-002  0.33580007E-002  0.79141639E-002  0.36371000E-001  0.10850644E+000  0.24256319E+000  0.45589730E+000  0.76524135E+000  0.11868493E+001  0.17365884E+001  0.24300036E+001  0.32823626E+001  0.43086925E+001  0.55238044E+001  0.69423197E+001  0.85786867E+001  0.10447191E+002  0.12561981E+002  0.14937064E+002  0.17586321E+002  0.20523528E+002  0.23762335E+002  0.27316309E+002  0.31198906E+002  0.35423489E+002  0.40003358E+002
 -0.99664200E+000 -0.98769773E+000 -0.94604555E+000 -0.85721458E+000 -0.71042528E+000 -0.49664200E+000 -0.28285871E+000 -0.13606942E+000 -0.47238445E-001 -0.55862720E-002  0.33580007E-002  0.79141639E-002  0.36371000E-001  0.10850644E+000  0.24256319E+000  0.45589730E+000  0.76524135E+000  0.11868493E+001  0.17365884E+001  0.24300036E+001  0.32823626E+001  0.43086925E+001  0.55238044E+001  0.69423197E+001  0.85786867E+001  0.10447191E+002  0.12561981E+002  0.14937064E+002  0.17586321E+002  0.20523528E+002  0.23762335E+002  0.27316309E+002  0.31198906E+002  0.35423489E+002  0.40003358E+002
 -0.99664200E+000 -0.98769773E+000 -0.94604555E+000 -0.85721458E+000 -0.71042528E+000 -0.49664200E+000 -0.28285871E+000 -0.13606942E+000 -0.47238445E-001 -0.55862720E-002  0.33580007E-002  0.79141639E-002  0.36371000E-001  0.10850644E+000  0.24256319E+000  0.45589730E+000  0.76524135E+000  0.11868493E+001  0.17365884E+001  0.24300036E+001  0.32823626E+001  0.43086925E+001  0.55238044E+001  0.69423197E+001  0.85786867E+001  0.10447191E+002  0.12561981E+002  0.14937064E+002  0.17586321E+002  0.20523528E+002  0.23762335E+002  0.27316309E+002  0.31198906E+002  0.35423489E+002  0.40003358E+002
 -0.99664200E+000 -0.98769773E+000 -0.94604555E+000 -0.85721458E+000 -0.71042528E+000 -0.49664200E+000 -0.28285871E+000 -0.13606942E+000 -0.47238445E-001 -0.55862720E-002  0.33580007E-002  0.79141639E-002  0.36371000E-001  0.10850644E+000  0.24256319E+000  0.45589730E+000  0.76524135E+000  0.11868493E+001  0.17365884E+001  0.24300036E+001  0.32823626E+001  0.43086925E+001  0.55238044E+001  0.69423197E+001  0.85786867E+001  0.10447191E+002  0.12561981E+002  0.14937064E+002  0.17586321E+002  0.20523528E+002  0.23762335E+002  0.27316309E+002  0.31198906E+002  0.35423489E+002  0.40003358E+002
 -0.99664200E+000 -0.98769773E+000 -0.94604555E+000 -0.85721458E+000 -0.71042528E+000 -0.49664200E+000 -0.28285871E+000 -0.13606942E+000 -0.47238445E-001 -0.55862720E-002  0.33580007E-002  0.79141639E-002  0.36371000E-001  0.10850644E+000  0.24256319E+000  0.45589730E+000  0.76524135E+000  0.11868493E+001  0.17365884E+001  0.24300036E+001  0.32823626E+001  0.43086925E+001  0.55238044E+001  0.69423197E+001  0.85786867E+001  0.10447191E+002  0.12561981E+002  0.14937064E+002  0.17586321E+002  0.20523528E+002  0.23762335E+002  0.27316309E+002  0.31198906E+002  0.35423489E+002  0.40003358E+002
 -0.99664200E+000 -0.98769773E+000 -0.94604555E+000 -0.85721458E+000 -0.71042528E+000 -0.49664200E+000 -0.28285871E+000 -0.13606942E+000 -0.47238445E-001 -0.55862720E-002  0.33580007E-002  0.79141639E-002  0.36371000E-001  0.10850644E+000  0.24256319E+000  0.45589730E+000  0.76524135E+000  0.11868493E+001  0.17365884E+001  0.24300036E+001  0.32823626E+001  0.43086925E+001  0.55238044E+001  0.69423197E+001  0.85786867E+001  0.10447191E+002  0.12561981E+002  0.14937064E+002  0.17586321E+002  0.20523528E+002  0.23762335E+002  0.27316309E+002  0.31198906E+002  0.35423489E+002  0.40003358E+002
 -0.99664200E+000 -0.98769773E+000 -0.94604555E+000 -0.85721458E+000 -0.71042528E+000 -0.49664200E+000 -0.28285871E+000 -0.13606942E+000 -0.47238445E-001 -0.55862720E-002  0.33580007E-002  0.79141639E-002  0.36371000E-001  0.10850644E+000  0.24256319E+000  0.45589730E+000  0.76524135E+000  0.11868493E+001  0.17365884E+001  0.24300036E+001  0.32823626E+001  0.43086925E+001  0.55238044E+001  0.69423197E+001  0.85786867E+001  0.10447191E+002  0.12561981E+002  0.14937064E+002  0.17586321E+002  0.20523528E+002  0.23762335E+002  0.27316309E+002  0.31198906E+002  0.35423489E+002  0.40003358E+002
 -0.99664200E+000 -0.98769773E+000 -0.94604555E+000 -0.85721458E+000 -0.71042528E+000 -0.49664200E+000 -0.28285871E+000 -0.13606942E+000 -0.47238445E-001 -0.55862720E-002  0.33580007E-002  0.79141639E-002  0.36371000E-001  0.10850644E+000  0.24256319E+000  0.45589730E+000  0.76524135E+000  0.11868493E+001  0.17365884E+001  0.24300036E+001  0.32823626E+001  0.43086925E+001  0.55238044E+001  0.69423197E+001  0.85786867E+001  0.10447191E+002  0.12561981E+002  0.14937064E+002  0.17586321E+002  0.20523528E+002  0.23762335E+002  0.27316309E+002  0.31198906E+002  0.35423489E+002  0.40003358E+002
 -0.99664200E+000 -0.98769773E+000 -0.94604555E+000 -0.85721458E+000 -0.71042528E+000 -0.49664200E+000 -0.28285871E+000 -0.13606942E+000 -0.47238445E-001 -0.55862720E-002  0.33580007E-002  0.79141639E-002  0.36371000E-001  0.10850644E+000  0.24256319E+000  0.45589730E+000  0.76524135E+000  0.11868493E+001  0.17365884E+001  0.24300036E+001  0.32823626E+001  0.43086925E+001  0.55238044E+001  0.69423197E+001  0.85786867E+001  0.10447191E+002  0.12561981E+002  0.14937064E+002  0.17586321E+002  0.20523528E+002  0.23762335E+002  0.27316309E+002  0.31198906E+002  0.35423489E+002  0.40003358E+002
 -0.99664200E+000 -0.98769773E+000 -0.94604555E+000 -0.85721458E+000 -0.71042528E+000 -0.49664200E+000 -0.28285871E+000 -0.13606942E+000 -0.47238445E-001 -0.55862720E-002  0.33580007E-002  0.79141639E-002  0.36371000E-001  0.10850644E+000  0.24256319E+000  0.45589730E+000  0.76524135E+000  0.11868493E+001  0.17365884E+001  0.24300036E+001  0.32823626E+001  0.43086925E+001  0.55238044E+001  0.69423197E+001  0.85786867E+001  0.10447191E+002  0.12561981E+002  0.14937064E+002  0.17586321E+002  0.20523528E+002  0.23762335E+002  0.27316309E+002  0.31198906E+002  0.35423489E+002  0.40003358E+002
 -0.99664200E+000 -0.98769773E+000 -0.94604555E+000 -0.85721458E+000 -0.71042528E+000 -0.49664200E+000 -0.28285871E+000 -0.13606942E+000 -0.47238445E-001 -0.55862720E-002  0.33580007E-002  0.79141639E-002  0.36371000E-001  0.10850644E+000  0.24256319E+000  0.45589730E+000  0.76524135E+000  0.11868493E+001  0.17365884E+001  0.24300036E+001  0.32823626E+001  0.43086925E+001  0.55238044E+001  0.69423197E+001  0.85786867E+001  0.10447191E+002  0.12561981E+002  0.14937064E+002  0.17586321E+002  0.20523528E+002  0.23762335E+002  0.27316309E+002  0.31198906E+002  0.35423489E+002  0.40003358E+002
 -0.99664200E+000 -0.98769773E+000 -0.94604555E+000 -0.85721458E+000 -0.71042528E+000 -0.49664200E+000 -0.28285871E+000 -0.13606942E+000 -0.47238445E-001 -0.55862720E-002  0.33580007E-002  0.79141639E-002  0.36371000E-001  0.10850644E+000  0.24256319E+000  0.45589730E+000  0.76524135E+000  0.11868493E+001  0.17365884E+001  0.24300036E+001  0.32823626E+001  0.43086925E+001  0.55238044E+001  0.69423197E+001  0.85786867E+001  0.10447191E+002  0.12561981E+002  0.14937064E+002  0.17586321E+002  0.20523528E+002  0.23762335E+002  0.27316309E+002  0.31198906E+002  0.35423489E+002  0.40003358E+002
 -0.99664200E+000 -0.98769773E+000 -0.94604555E+000 -0.85721458E+000 -0.71042528E+000 -0.49664200E+000 -0.28285871E+000 -0.13606942E+000 -0.47238445E-001 -0.55862720E-002  0.33580007E-002  0.79141639E-002  0.36371000E-001  0.10850644E+000  0.24256319E+000  0.45589730E+000  0.76524135E+000  0.11868493E+001  0.17365884E+001  0.24300036E+001  0.32823626E+001  0.43086925E+001  0.55238044E+001  0.69423197E+001  0.85786867E+001  0.10447191E+002  0.12561981E+002  0.14937064E+002  0.17586321E+002  0.20523528E+002  0.23762335E+002  0.27316309E+002  0.31198906E+002  0.35423489E+002  0.40003358E+002
 -0.99664200E+000 -0.98769773E+000 -0.94604555E+000 -0.85721458E+000 -0.71042528E+000 -0.49664200E+000 -0.28285871E+000 -0.13606942E+000 -0.47238445E-001 -0.55862720E-002  0.33580007E-002  0.79141639E-002  0.36371000E-001  0.10850644E+000  0.24256319E+000  0.45589730E+000  0.76524135E+000  0.11868493E+001  0.17365884E+001  0.24300036E+001  0.32823626E+001  0.43086925E+001  0.55238044E+001  0.69423197E+001  0.85786867E+001  0.10447191E+002  0.12561981E+002  0.14937064E+002  0.17586321E+002  0.20523528E+002  0.23762335E+002  0.27316309E+002  0.31198906E+002  0.35423489E+002  0.40003358E+002
 -0.99664200E+000 -0.98769772E+000 -0.94604555E+000 -0.85721458E+000 -0.71042528E+000 -0.49664200E+000 -0.28285871E+000 -0.13606942E+000 -0.47238445E-001 -0.55862715E-002  0.33580013E-002  0.79141645E-002  0.36371001E-001  0.10850644E+000  0.24256319E+000  0.45589730E+000  0.76524135E+000  0.11868493E+001  0.17365884E+001  0.24300036E+001  0.32823626E+001  0.43086925E+001  0.55238044E+001  0.69423197E+001  0.85786867E+001  0.10447191E+002  0.12561981E+002  0.14937064E+002  0.17586321E+002  0.20523528E+002  0.23762335E+002  0.27316309E+002  0.31198906E+002  0.35423489E+002  0.40003358E+002
 -0.99664195E+000 -0.98769768E+000 -0.94604551E+000 -0.85721453E+000 -0.71042524E+000 -0.49664195E+000 -0.28285867E+000 -0.13606937E+000 -0.47238399E-001 -0.55862254E-002  0.33580474E-002  0.79142106E-002  0.36371047E-001  0.10850649E+000  0.24256323E+000  0.45589735E+000  0.76524140E+000  0.11868493E+001  0.17365885E+001  0.24300036E+001  0.32823626E+001  0.43086926E+001  0.55238045E+001  0.69423197E+001  0.85786868E+001  0.10447191E+002  0.12561981E+002  0.14937064E+002  0.17586321E+002  0.20523528E+002  0.23762335E+002  0.27316309E+002  0.31198906E+002  0.35423489E+002  0.40003358E+002
 -0.99663912E+000 -0.98769484E+000 -0.94604267E+000 -0.85721170E+000 -0.71042240E+000 -0.49663912E+000 -0.28285583E+000 -0.13606654E+000 -0.47235564E-001 -0.55833910E-002  0.33608818E-002  0.79170450E-002  0.36373881E-001  0.10850932E+000  0.24256607E+000  0.45590019E+000  0.76524423E+000  0.11868522E+001  0.17365913E+001  0.24300065E+001  0.32823654E+001  0.43086954E+001  0.55238073E+001  0.69423226E+001  0.85786896E+001  0.10447194E+002  0.12561984E+002  0.14937067E+002  0.17586324E+002  0.20523531E+002  0.23762338E+002  0.27316312E+002  0.31198909E+002  0.35423491E+002  0.40003361E+002
 -0.99650777E+000 -0.98756350E+000 -0.94591132E+000 -0.85708035E+000 -0.71029106E+000 -0.49650777E+000 -0.28272449E+000 -0.13593519E+000 -0.47104218E-001 -0.54520443E-002  0.34922285E-002  0.80483916E-002  0.36505228E-001  0.10864067E+000  0.24269742E+000  0.45603153E+000  0.76537558E+000  0.11869835E+001  0.17367227E+001  0.24301378E+001  0.32824968E+001  0.43088268E+001  0.55239387E+001  0.69424539E+001  0.85788210E+001  0.10447325E+002  0.12562115E+002  0.14937199E+002  0.17586455E+002  0.20523662E+002  0.23762469E+002  0.27316443E+002  0.31199040E+002  0.35423623E+002  0.40003492E+002
 -0.99214922E+000 -0.98320495E+000 -0.94155278E+000 -0.85272181E+000 -0.70593251E+000 -0.49214922E+000 -0.27836594E+000 -0.13157664E+000 -0.42745671E-001 -0.10934973E-002  0.78507755E-002  0.12406939E-001  0.40863775E-001  0.11299922E+000  0.24705596E+000  0.46039008E+000  0.76973412E+000  0.11913420E+001  0.17410812E+001  0.24344963E+001  0.32868553E+001  0.43131853E+001  0.55282972E+001  0.69468124E+001  0.85831795E+001  0.10451684E+002  0.12566474E+002  0.14941557E+002  0.17590814E+002  0.20528020E+002  0.23766828E+002  0.27320802E+002  0.31203399E+002  0.35427981E+002  0.40007851E+002
 -0.89755803E+000 -0.88861376E+000 -0.84696158E+000 -0.75813061E+000 -0.61134132E+000 -0.39755803E+000 -0.18377475E+000 -0.36985449E-001  0.51845522E-001  0.93497695E-001  0.10244197E+000  0.10699813E+000  0.13545497E+000  0.20759041E+000 -0.89786916E+001 -0.90182367E+001 -0.90763829E+001 -0.91572236E+001 -0.86074844E+001 -0.79140692E+001 -0.70617102E+001 -0.60353802E+001 -0.48202682E+001 -0.34017529E+001 -0.17653858E+001  0.10311841E+000  0.22179087E+001  0.45929920E+001  0.72422491E+001  0.10179456E+002  0.13418263E+002  0.16972237E+002  0.20854834E+002  0.25079417E+002  0.29659287E+002
  0.18981106E+000  0.19875533E+000  0.24040751E+000  0.32923848E+000  0.47602778E+000  0.68981106E+000  0.90359435E+000  0.10503837E+001  0.20662700E+001  0.20680491E+001  0.20769934E+001  0.20815496E+001  0.21100064E+001  0.21821419E+001  0.23161986E+001  0.25295327E+001  0.22026400E+001  0.22800949E+001  0.28298341E+001  0.35232492E+001  0.43756082E+001  0.54019382E+001  0.66170501E+001  0.80355654E+001  0.96719326E+001  0.11540437E+002  0.13655227E+002  0.16030311E+002  0.18679568E+002  0.21616775E+002  0.24855583E+002  0.73997420E+001  0.68345004E+001  0.11059083E+002  0.15638953E+002
  0.53384180E+000  0.53388541E+000  0.57553759E+000  0.66436856E+000  0.19341921E+002  0.19377880E+002  0.19413364E+002  0.19437402E+002  0.19451813E+002  0.19458082E+002  0.19459428E+002  0.19460114E+002  0.19464394E+002  0.19475220E+002  0.19495237E+002  0.19526786E+002  0.19571828E+002  0.19634938E+002  0.19716947E+002  0.19816307E+002  0.19932097E+002  0.20062096E+002  0.20202514E+002  0.20347694E+002  0.20489777E+002  0.20618331E+002  0.20719932E+002  0.20777722E+002  0.20770913E+002  0.20674223E+002  0.20457132E+002  0.20083308E+002  0.20456369E+002  0.20896818E+002  0.21157362E+002
 -0.98044393E+000 -0.11617560E+001 -0.11623473E+001 -0.99968602E+000 -0.10017196E+001 -0.10406753E+001 -0.82689206E+000 -0.20766844E+001 -0.20963322E+001 -0.21055465E+001 -0.21075247E+001 -0.21085322E+001 -0.21148349E+001 -0.21308122E+001 -0.21604907E+001 -0.22076826E+001 -0.22760255E+001 -0.23689952E+001 -0.24899177E+001 -0.26419497E+001 -0.28280293E+001 -0.30726617E+001 -0.33664579E+001 -0.37150662E+001 -0.41245652E+001 -0.46013807E+001 -0.51519254E+001 -0.57817485E+001 -0.64928998E+001 -0.72636714E+001 -0.80894380E+001 -0.89628551E+001 -0.50802582E+001 -0.85567569E+000  0.37241938E+001
 -0.99254525E+000 -0.98360097E+000 -0.94194880E+000 -0.15816992E+001 -0.15823607E+001 -0.15833243E+001 -0.15841353E+001 -0.14373460E+001 -0.13485150E+001 -0.13068628E+001 -0.12979186E+001 -0.12933624E+001 -0.32881616E+001 -0.32887345E+001 -0.31546778E+001 -0.29413437E+001 -0.78336772E+001 -0.78512227E+001 -0.73014835E+001 -0.14309033E+002 -0.14395562E+002 -0.14495742E+002 -0.14608435E+002 -0.14731715E+002 -0.13095348E+002 -0.36257901E+002 -0.36764676E+002 -0.34389593E+002 -0.31740336E+002 -0.28803129E+002 -0.10825291E+003 -0.11095125E+003 -0.11390696E+003 -0.10968238E+003 -0.10510251E+003
