  0.13393151E+002  0.13402095E+002  0.13443747E+002  0.13532578E+002  0.13679368E+002  0.13893151E+002  0.14106934E+002  0.14253723E+002  0.14342554E+002  0.14384207E+002  0.14393151E+002  0.14397707E+002  0.14426164E+002  0.14498299E+002  0.14632356E+002  0.14845690E+002  0.15155034E+002  0.15576642E+002  0.16126381E+002  0.16819796E+002  0.17672155E+002  0.18698485E+002  0.19913597E+002  0.21332112E+002  0.22968479E+002  0.24836984E+002  0.26951774E+002  0.29326857E+002  0.31976114E+002  0.34913320E+002  0.38152128E+002  0.41706102E+002  0.45588698E+002  0.49813281E+002  0.54393150E+002
  0.13393151E+002  0.13402095E+002  0.13443747E+002  0.13532578E+002  0.13679368E+002  0.13893151E+002  0.14106934E+002  0.14253723E+002  0.14342554E+002  0.14384207E+002  0.14393151E+002  0.14397707E+002  0.14426164E+002  0.14498299E+002  0.14632356E+002  0.14845690E+002  0.15155034E+002  0.15576642E+002  0.16126381E+002  0.16819796E+002  0.17672155E+002  0.18698485E+002  0.19913597E+002  0.21332112E+002  0.22968479E+002  0.24836984E+002  0.26951774E+002  0.29326857E+002  0.31976114E+002  0.34913320E+002  0.38152128E+002  0.41706102E+002  0.45588698E+002  0.49813281E+002  0.54393150E+002
  0.13393151E+002  0.13402095E+002  0.13443747E+002  0.13532578E+002  0.13679368E+002  0.13893151E+002  0.14106934E+002  0.14253723E+002  0.14342554E+002  0.14384207E+002  0.14393151E+002  0.14397707E+002  0.14426164E+002  0.14498299E+002  0.14632356E+002  0.14845690E+002  0.15155034E+002  0.15576642E+002  0.16126381E+002  0.16819796E+002  0.17672155E+002  0.18698485E+002  0.19913597E+002  0.21332112E+002  0.22968479E+002  0.24836984E+002  0.26951774E+002  0.29326857E+002  0.31976114E+002  0.34913320E+002  0.38152128E+002  0.41706102E+002  0.45588698E+002  0.49813281E+002  0.54393150E+002
  0.13393151E+002  0.13402095E+002  0.13443747E+002  0.13532578E+002  0.13679368E+002  0.13893151E+002  0.14106934E+002  0.14253723E+002  0.14342554E+002  0.14384207E+002  0.14393151E+002  0.14397707E+002  0.14426164E+002  0.14498299E+002  0.14632356E+002  0.14845690E+002  0.15155034E+002  0.15576642E+002  0.16126381E+002  0.16819796E+002  0.17672155E+002  0.18698485E+002  0.19913597E+002  0.21332112E+002  0.22968479E+002  0.24836984E+002  0.26951774E+002  0.29326857E+002  0.31976114E+002  0.34913320E+002  0.38152128E+002  0.41706102E+002  0.45588698E+002  0.49813281E+002  0.54393150E+002
  0.13393151E+002  0.13402095E+002  0.13443747E+002  0.13532578E+002  0.13679368E+002  0.13893151E+002  0.14106934E+002  0.14253723E+002  0.14342554E+002  0.14384207E+002  0.14393151E+002  0.14397707E+002  0.14426164E+002  0.14498299E+002  0.14632356E+002  0.14845690E+002  0.15155034E+002  0.15576642E+002  0.16126381E+002  0.16819796E+002  0.17672155E+002  0.18698485E+002  0.19913597E+002  0.21332112E+002  0.22968479E+002  0.24836984E+002  0.26951774E+002  0.29326857E+002  0.31976114E+002  0.34913320E+002  0.38152128E+002  0.41706102E+002  0.45588698E+002  0.49813281E+002  0.54393150E+002
  0.13393151E+002  0.13402095E+002  0.13443747E+002  0.13532578E+002  0.13679368E+002  0.13893151E+002  0.14106934E+002  0.14253723E+002  0.14342554E+002  0.14384207E+002  0.14393151E+002  0.14397707E+002  0.14426164E+002  0.14498299E+002  0.14632356E+002  0.14845690E+002  0.15155034E+002  0.15576642E+002  0.16126381E+002  0.16819796E+002  0.17672155E+002  0.18698485E+002  0.19913597E+002  0.21332112E+002  0.22968479E+002  0.24836984E+002  0.26951774E+002  0.29326857E+002  0.31976114E+002  0.34913320E+002  0.38152128E+002  0.41706102E+002  0.45588698E+002  0.49813281E+002  0.54393150E+002
  0.13393151E+002  0.13402095E+002  0.13443747E+002  0.13532578E+002  0.13679368E+002  0.13893151E+002  0.14106934E+002  0.14253723E+002  0.14342554E+002  0.14384207E+002  0.14393151E+002  0.14397707E+002  0.14426164E+002  0.14498299E+002  0.14632356E+002  0.14845690E+002  0.15155034E+002  0.15576642E+002  0.16126381E+002  0.16819796E+002  0.17672155E+002  0.18698485E+002  0.19913597E+002  0.21332112E+002  0.22968479E+002  0.24836984E+002  0.26951774E+002  0.29326857E+002  0.31976114E+002  0.34913320E+002  0.38152128E+002  0.41706102E+002  0.45588698E+002  0.49813281E+002  0.54393150E+002
  0.13393151E+002  0.13402095E+002  0.13443747E+002  0.13532578E+002  0.13679368E+002  0.13893151E+002  0.14106934E+002  0.14253723E+002  0.14342554E+002  0.14384207E+002  0.14393151E+002  0.14397707E+002  0.14426164E+002  0.14498299E+002  0.14632356E+002  0.14845690E+002  0.15155034E+002  0.15576642E+002  0.16126381E+002  0.16819796E+002  0.17672155E+002  0.18698485E+002  0.19913597E+002  0.21332112E+002  0.22968479E+002  0.24836984E+002  0.26951774E+002  0.29326857E+002  0.31976114E+002  0.34913320E+002  0.38152128E+002  0.41706102E+002  0.45588698E+002  0.49813281E+002  0.54393150E+002
  0.13393151E+002  0.13402095E+002  0.13443747E+002  0.13532578E+002  0.13679368E+002  0.13893151E+002  0.14106934E+002  0.14253723E+002  0.14342554E+002  0.14384207E+002  0.14393151E+002  0.14397707E+002  0.14426164E+002  0.14498299E+002  0.14632356E+002  0.14845690E+002  0.15155034E+002  0.15576642E+002  0.16126381E+002  0.16819796E+002  0.17672155E+002  0.18698485E+002  0.19913597E+002  0.21332112E+002  0.22968479E+002  0.24836984E+002  0.26951774E+002  0.29326857E+002  0.31976114E+002  0.34913320E+002  0.38152128E+002  0.41706102E+002  0.45588698E+002  0.49813281E+002  0.54393150E+002
  0.13393151E+002  0.13402095E+002  0.13443747E+002  0.13532578E+002  0.13679368E+002  0.13893151E+002  0.14106934E+002  0.14253723E+002  0.14342554E+002  0.14384207E+002  0.14393151E+002  0.14397707E+002  0.14426164E+002  0.14498299E+002  0.14632356E+002  0.14845690E+002  0.15155034E+002  0.15576642E+002  0.16126381E+002  0.16819796E+002  0.17672155E+002  0.18698485E+002  0.19913597E+002  0.21332112E+002  0.22968479E+002  0.24836984E+002  0.26951774E+002  0.29326857E+002  0.31976114E+002  0.34913320E+002  0.38152128E+002  0.41706102E+002  0.45588698E+002  0.49813281E+002  0.54393150E+002
  0.13393151E+002  0.13402095E+002  0.13443747E+002  0.13532578E+002  0.13679368E+002  0.13893151E+002  0.14106934E+002  0.14253723E+002  0.14342554E+002  0.14384207E+002  0.14393151E+002  0.14397707E+002  0.14426164E+002  0.14498299E+002  0.14632356E+002  0.14845690E+002  0.15155034E+002  0.15576642E+002  0.16126381E+002  0.16819796E+002  0.17672155E+002  0.18698485E+002  0.19913597E+002  0.21332112E+002  0.22968479E+002  0.24836984E+002  0.26951774E+002  0.29326857E+002  0.31976114E+002  0.34913320E+002  0.38152128E+002  0.41706102E+002  0.45588698E+002  0.49813281E+002  0.54393150E+002
  0.13393151E+002  0.13402095E+002  0.13443747E+002  0.13532578E+002  0.13679368E+002  0.13893151E+002  0.14106934E+002  0.14253723E+002  0.14342554E+002  0.14384207E+002  0.14393151E+002  0.14397707E+002  0.14426164E+002  0.14498299E+002  0.14632356E+002  0.14845690E+002  0.15155034E+002  0.15576642E+002  0.16126381E+002  0.16819796E+002  0.17672155E+002  0.18698485E+002  0.19913597E+002  0.21332112E+002  0.22968479E+002  0.24836984E+002  0.26951774E+002  0.29326857E+002  0.31976114E+002  0.34913320E+002  0.38152128E+002  0.41706102E+002  0.45588698E+002  0.49813281E+002  0.54393150E+002
  0.13393151E+002  0.13402095E+002  0.13443747E+002  0.13532578E+002  0.13679368E+002  0.13893151E+002  0.14106934E+002  0.14253723E+002  0.14342554E+002  0.14384207E+002  0.14393151E+002  0.14397707E+002  0.14426164E+002  0.14498299E+002  0.14632356E+002  0.14845690E+002  0.15155034E+002  0.15576642E+002  0.16126381E+002  0.16819796E+002  0.17672155E+002  0.18698485E+002  0.19913597E+002  0.21332112E+002  0.22968479E+002  0.24836984E+002  0.26951774E+002  0.29326857E+002  0.31976114E+002  0.34913320E+002  0.38152128E+002  0.41706102E+002  0.45588698E+002  0.49813281E+002  0.54393150E+002
  0.13393151E+002  0.13402095E+002  0.13443747E+002  0.13532578E+002  0.13679368E+002  0.13893151E+002  0.14106934E+002  0.14253723E+002  0.14342554E+002  0.14384207E+002  0.14393151E+002  0.14397707E+002  0.14426164E+002  0.14498299E+002  0.14632356E+002  0.14845690E+002  0.15155034E+002  0.15576642E+002  0.16126381E+002  0.16819796E+002  0.17672155E+002  0.18698485E+002  0.19913597E+002  0.21332112E+002  0.22968479E+002  0.24836984E+002  0.26951774E+002  0.29326857E+002  0.31976114E+002  0.34913320E+002  0.38152128E+002  0.41706102E+002  0.45588698E+002  0.49813281E+002  0.54393150E+002
  0.13393151E+002  0.13402095E+002  0.13443747E+002  0.13532578E+002  0.13679368E+002  0.13893151E+002  0.14106934E+002  0.14253723E+002  0.14342554E+002  0.14384207E+002  0.14393151E+002  0.14397707E+002  0.14426164E+002  0.14498299E+002  0.14632356E+002  0.14845690E+002  0.15155034E+002  0.15576642E+002  0.16126381E+002  0.16819796E+002  0.17672155E+002  0.18698485E+002  0.19913597E+002  0.21332112E+002  0.22968479E+002  0.24836984E+002  0.26951774E+002  0.29326857E+002  0.31976114E+002  0.34913320E+002  0.38152128E+002  0.41706102E+002  0.45588698E+002  0.49813281E+002  0.54393150E+002
  0.13393150E+002  0.13402094E+002  0.13443747E+002  0.13532578E+002  0.13679367E+002  0.13893150E+002  0.14106933E+002  0.14253723E+002  0.14342554E+002  0.14384206E+002  0.14393150E+002  0.14397706E+002  0.14426163E+002  0.14498299E+002  0.14632355E+002  0.14845689E+002  0.15155034E+002  0.15576641E+002  0.16126381E+002  0.16819796E+002  0.17672155E+002  0.18698485E+002  0.19913597E+002  0.21332112E+002  0.22968479E+002  0.24836983E+002  0.26951773E+002  0.29326856E+002  0.31976113E+002  0.34913320E+002  0.38152127E+002  0.41706101E+002  0.45588698E+002  0.49813280E+002  0.54393150E+002
  0.13393124E+002  0.13402069E+002  0.13443721E+002  0.13532552E+002  0.13679341E+002  0.13893124E+002  0.14106908E+002  0.14253697E+002  0.14342528E+002  0.14384180E+002  0.14393124E+002  0.14397680E+002  0.14426137E+002  0.14498273E+002  0.14632329E+002  0.14845664E+002  0.15155008E+002  0.15576616E+002  0.16126355E+002  0.16819770E+002  0.17672129E+002  0.18698459E+002  0.19913571E+002  0.21332086E+002  0.22968453E+002  0.24836957E+002  0.26951747E+002  0.29326830E+002  0.31976087E+002  0.34913294E+002  0.38152101E+002  0.41706075E+002  0.45588672E+002  0.49813254E+002  0.54393124E+002
  0.13392413E+002  0.13401358E+002  0.13443010E+002  0.13531841E+002  0.13678630E+002  0.13892413E+002  0.14106197E+002  0.14252986E+002  0.14341817E+002  0.14383469E+002  0.14392413E+002  0.14396969E+002  0.14425426E+002  0.14497562E+002  0.14631618E+002  0.14844953E+002  0.15154297E+002  0.15575905E+002  0.16125644E+002  0.16819059E+002  0.17671418E+002  0.18697748E+002  0.19912860E+002  0.21331375E+002  0.22967742E+002  0.24836246E+002  0.26951036E+002  0.29326119E+002  0.31975376E+002  0.34912583E+002  0.38151390E+002  0.41705364E+002  0.45587961E+002  0.49812543E+002  0.54392413E+002
  0.13378578E+002  0.13387522E+002  0.13429174E+002  0.13518005E+002  0.13664794E+002  0.13878578E+002  0.14092361E+002  0.14239150E+002  0.14327981E+002  0.14369633E+002  0.14378578E+002  0.14383134E+002  0.14411591E+002  0.14483726E+002  0.14617783E+002  0.14831117E+002  0.15140461E+002  0.15562069E+002  0.16111808E+002  0.16805223E+002  0.17657582E+002  0.18683912E+002  0.19899024E+002  0.21317539E+002  0.22953906E+002  0.24822410E+002  0.26937200E+002  0.29312284E+002  0.31961541E+002  0.34898747E+002  0.38137554E+002  0.41691528E+002  0.45574125E+002  0.49798708E+002  0.54378577E+002
  0.13207978E+002  0.13216922E+002  0.13258574E+002  0.13347405E+002  0.13494195E+002  0.13707978E+002  0.13921761E+002  0.14068551E+002  0.14157381E+002  0.14199034E+002  0.14207978E+002  0.14212534E+002  0.14240991E+002  0.14313126E+002  0.14447183E+002  0.14660517E+002  0.14969861E+002  0.15391469E+002  0.15941208E+002  0.16634623E+002  0.17486982E+002  0.18513312E+002  0.19728424E+002  0.21146939E+002  0.22783307E+002  0.24651811E+002  0.26766601E+002  0.29141684E+002  0.31790941E+002  0.34728147E+002  0.37966955E+002  0.41520929E+002  0.45403525E+002  0.49628108E+002  0.54207977E+002
  0.12224515E+002  0.12233459E+002  0.12275111E+002  0.12363942E+002  0.12510732E+002  0.12724515E+002  0.12938298E+002  0.13085088E+002  0.13173918E+002  0.13215571E+002  0.13224515E+002  0.13229071E+002  0.13257528E+002  0.13329663E+002  0.13463720E+002  0.13677054E+002  0.13986398E+002  0.14408006E+002  0.14957745E+002  0.15651160E+002  0.16503519E+002  0.17529849E+002  0.18744961E+002  0.20163476E+002  0.21799844E+002  0.23668348E+002  0.25783138E+002  0.28158221E+002  0.30807478E+002  0.33744684E+002  0.36983491E+002  0.40537465E+002  0.44420062E+002  0.48644645E+002  0.53224514E+002
  0.13879823E+002  0.13879823E+002  0.13879823E+002  0.13879825E+002  0.14026614E+002  0.14026614E+002  0.14026613E+002  0.14173403E+002  0.14262234E+002  0.14303886E+002  0.14303886E+002  0.14303886E+002  0.14303886E+002  0.14303887E+002  0.14303889E+002  0.14303888E+002  0.14303888E+002  0.14303887E+002  0.14303885E+002  0.14303884E+002  0.14303881E+002  0.14303879E+002  0.14303876E+002  0.14303873E+002  0.14303869E+002  0.14303864E+002  0.14303859E+002  0.14303853E+002  0.14303847E+002  0.14303840E+002  0.14303832E+002  0.14303823E+002  0.14303814E+002  0.14303804E+002  0.14303793E+002
  0.13817995E+002  0.13817995E+002  0.13817995E+002  0.13817994E+002  0.13817994E+002  0.13817993E+002  0.13817992E+002  0.13817991E+002  0.13817991E+002  0.13817991E+002  0.13817991E+002  0.13817991E+002  0.13817990E+002  0.13817990E+002  0.13817989E+002  0.13817989E+002  0.13817987E+002  0.13817986E+002  0.13817986E+002  0.13817988E+002  0.13817993E+002  0.13818005E+002  0.13818024E+002  0.13818056E+002  0.13818104E+002  0.13818175E+002  0.13818274E+002  0.13818410E+002  0.13818592E+002  0.13818832E+002  0.13819142E+002  0.13819537E+002  0.13820035E+002  0.13820654E+002  0.13821416E+002
  0.12785426E+002  0.12785426E+002  0.12785426E+002  0.12785424E+002  0.12785422E+002  0.12785419E+002  0.12785416E+002  0.12785414E+002  0.12785413E+002  0.12785412E+002  0.12785412E+002  0.12785412E+002  0.12785411E+002  0.12785410E+002  0.12785408E+002  0.12785406E+002  0.12785401E+002  0.13207009E+002  0.13756749E+002  0.14450164E+002  0.15302523E+002  0.16328853E+002  0.17543964E+002  0.18962480E+002  0.20598847E+002  0.22467351E+002  0.24582141E+002  0.26957224E+002  0.29606480E+002  0.32543686E+002  0.35782493E+002  0.39336466E+002  0.43219062E+002  0.47443644E+002  0.52023512E+002
  0.13007180E+002  0.13016125E+002  0.13057777E+002  0.90289351E+001  0.90255733E+001  0.90221797E+001  0.90187758E+001  0.90165747E+001  0.90151357E+001  0.90143154E+001  0.90140268E+001  0.90138640E+001  0.90128344E+001  0.90100062E+001  0.90739549E+001  0.91832447E+001  0.93601348E+001  0.97817428E+001  0.10331482E+002  0.11024897E+002  0.27777927E+001  0.26851784E+001 -0.11364954E+002 -0.11666567E+002 -0.12027414E+002 -0.10158909E+002 -0.80441173E+001 -0.56690328E+001 -0.30197746E+001 -0.10705027E+002 -0.11682758E+002 -0.12820620E+002 -0.89380239E+001 -0.47134443E+001 -0.13357797E+000
