  0.27582078E+000  0.10000000E+009  0.10000000E+009  0.10000000E+009  0.10000000E+009  0.10000000E+009  0.10000000E+009  0.10000000E+009  0.10000000E+009  0.10000000E+009  0.10000000E+009  0.10000000E+009  0.10000000E+009  0.10000000E+009  0.10000000E+009  0.10000000E+009  0.10000000E+009  0.10000000E+009  0.10000000E+009  0.10000000E+009  0.10000000E+009  0.10000000E+009  0.10000000E+009  0.10000000E+009  0.10000000E+009  0.10000000E+009  0.10000000E+009  0.10000000E+009  0.10000000E+009  0.10000000E+009  0.10000000E+009  0.10000000E+009  0.10000000E+009  0.10000000E+009  0.10000000E+009
  0.27582078E+000  0.10000000E+009  0.10000000E+009  0.10000000E+009  0.10000000E+009  0.10000000E+009  0.10000000E+009  0.10000000E+009  0.10000000E+009  0.10000000E+009  0.10000000E+009  0.10000000E+009  0.10000000E+009  0.10000000E+009  0.10000000E+009  0.10000000E+009  0.10000000E+009  0.10000000E+009  0.10000000E+009  0.10000000E+009  0.10000000E+009  0.10000000E+009  0.10000000E+009  0.10000000E+009  0.10000000E+009  0.10000000E+009  0.10000000E+009  0.10000000E+009  0.10000000E+009  0.10000000E+009  0.10000000E+009  0.10000000E+009  0.10000000E+009  0.10000000E+009  0.10000000E+009
  0.27582078E+000  0.10000000E+009  0.10000000E+009  0.10000000E+009  0.10000000E+009  0.10000000E+009  0.10000000E+009  0.10000000E+009  0.10000000E+009  0.10000000E+009  0.10000000E+009  0.10000000E+009  0.10000000E+009  0.10000000E+009  0.10000000E+009  0.10000000E+009  0.10000000E+009  0.10000000E+009  0.10000000E+009  0.10000000E+009  0.10000000E+009  0.10000000E+009  0.10000000E+009  0.10000000E+009  0.10000000E+009  0.10000000E+009  0.10000000E+009  0.10000000E+009  0.10000000E+009  0.10000000E+009  0.10000000E+009  0.10000000E+009  0.10000000E+009  0.10000000E+009  0.10000000E+009
  0.27582078E+000  0.10000000E+009  0.10000000E+009  0.10000000E+009  0.10000000E+009  0.10000000E+009  0.10000000E+009  0.10000000E+009  0.10000000E+009  0.10000000E+009  0.10000000E+009  0.10000000E+009  0.10000000E+009  0.10000000E+009  0.10000000E+009  0.10000000E+009  0.10000000E+009  0.10000000E+009  0.10000000E+009  0.10000000E+009  0.10000000E+009  0.10000000E+009  0.10000000E+009  0.10000000E+009  0.10000000E+009  0.10000000E+009  0.10000000E+009  0.10000000E+009  0.10000000E+009  0.10000000E+009  0.10000000E+009  0.10000000E+009  0.10000000E+009  0.10000000E+009  0.10000000E+009
  0.27582078E+000  0.10000000E+009  0.10000000E+009  0.10000000E+009  0.10000000E+009  0.10000000E+009  0.10000000E+009  0.10000000E+009  0.10000000E+009  0.10000000E+009  0.10000000E+009  0.10000000E+009  0.10000000E+009  0.10000000E+009  0.10000000E+009  0.10000000E+009  0.10000000E+009  0.10000000E+009  0.10000000E+009  0.10000000E+009  0.10000000E+009  0.10000000E+009  0.10000000E+009  0.10000000E+009  0.10000000E+009  0.10000000E+009  0.10000000E+009  0.10000000E+009  0.10000000E+009  0.10000000E+009  0.10000000E+009  0.10000000E+009  0.10000000E+009  0.10000000E+009  0.10000000E+009
  0.27582078E+000  0.10000000E+009  0.10000000E+009  0.10000000E+009  0.10000000E+009  0.10000000E+009  0.10000000E+009  0.10000000E+009  0.10000000E+009  0.10000000E+009  0.10000000E+009  0.10000000E+009  0.10000000E+009  0.10000000E+009  0.10000000E+009  0.10000000E+009  0.10000000E+009  0.10000000E+009  0.10000000E+009  0.10000000E+009  0.10000000E+009  0.10000000E+009  0.10000000E+009  0.10000000E+009  0.10000000E+009  0.10000000E+009  0.10000000E+009  0.10000000E+009  0.10000000E+009  0.10000000E+009  0.10000000E+009  0.10000000E+009  0.10000000E+009  0.10000000E+009  0.10000000E+009
  0.27582078E+000  0.10000000E+009  0.10000000E+009  0.10000000E+009  0.10000000E+009  0.10000000E+009  0.10000000E+009  0.10000000E+009  0.10000000E+009  0.10000000E+009  0.10000000E+009  0.10000000E+009  0.10000000E+009  0.10000000E+009  0.10000000E+009  0.10000000E+009  0.10000000E+009  0.10000000E+009  0.10000000E+009  0.10000000E+009  0.10000000E+009  0.10000000E+009  0.10000000E+009  0.10000000E+009  0.10000000E+009  0.10000000E+009  0.10000000E+009  0.10000000E+009  0.10000000E+009  0.10000000E+009  0.10000000E+009  0.10000000E+009  0.10000000E+009  0.10000000E+009  0.10000000E+009
  0.27582078E+000  0.10000000E+009  0.10000000E+009  0.10000000E+009  0.10000000E+009  0.10000000E+009  0.10000000E+009  0.10000000E+009  0.10000000E+009  0.10000000E+009  0.10000000E+009  0.10000000E+009  0.10000000E+009  0.10000000E+009  0.10000000E+009  0.10000000E+009  0.10000000E+009  0.10000000E+009  0.10000000E+009  0.10000000E+009  0.10000000E+009  0.10000000E+009  0.10000000E+009  0.10000000E+009  0.10000000E+009  0.10000000E+009  0.10000000E+009  0.10000000E+009  0.10000000E+009  0.10000000E+009  0.10000000E+009  0.10000000E+009  0.10000000E+009  0.10000000E+009  0.10000000E+009
  0.27582078E+000  0.10000000E+009  0.10000000E+009  0.10000000E+009  0.10000000E+009  0.10000000E+009  0.10000000E+009  0.10000000E+009  0.10000000E+009  0.10000000E+009  0.10000000E+009  0.10000000E+009  0.10000000E+009  0.10000000E+009  0.10000000E+009  0.10000000E+009  0.10000000E+009  0.10000000E+009  0.10000000E+009  0.10000000E+009  0.10000000E+009  0.10000000E+009  0.10000000E+009  0.10000000E+009  0.10000000E+009  0.10000000E+009  0.10000000E+009  0.10000000E+009  0.10000000E+009  0.10000000E+009  0.10000000E+009  0.10000000E+009  0.10000000E+009  0.10000000E+009  0.10000000E+009
  0.27582078E+000  0.10000000E+009  0.10000000E+009  0.10000000E+009  0.10000000E+009  0.10000000E+009  0.10000000E+009  0.10000000E+009  0.10000000E+009  0.10000000E+009  0.10000000E+009  0.10000000E+009  0.10000000E+009  0.10000000E+009  0.10000000E+009  0.10000000E+009  0.10000000E+009  0.10000000E+009  0.10000000E+009  0.10000000E+009  0.10000000E+009  0.10000000E+009  0.10000000E+009  0.10000000E+009  0.10000000E+009  0.10000000E+009  0.10000000E+009  0.10000000E+009  0.10000000E+009  0.10000000E+009  0.10000000E+009  0.10000000E+009  0.10000000E+009  0.10000000E+009  0.10000000E+009
  0.27582078E+000  0.10000000E+009  0.10000000E+009  0.10000000E+009  0.10000000E+009  0.10000000E+009  0.10000000E+009  0.10000000E+009  0.10000000E+009  0.10000000E+009  0.10000000E+009  0.10000000E+009  0.10000000E+009  0.10000000E+009  0.10000000E+009  0.10000000E+009  0.10000000E+009  0.10000000E+009  0.10000000E+009  0.10000000E+009  0.10000000E+009  0.10000000E+009  0.10000000E+009  0.10000000E+009  0.10000000E+009  0.10000000E+009  0.10000000E+009  0.10000000E+009  0.10000000E+009  0.10000000E+009  0.10000000E+009  0.10000000E+009  0.10000000E+009  0.10000000E+009  0.10000000E+009
  0.27582078E+000  0.10000000E+009  0.10000000E+009  0.10000000E+009  0.10000000E+009  0.10000000E+009  0.10000000E+009  0.10000000E+009  0.10000000E+009  0.10000000E+009  0.10000000E+009  0.10000000E+009  0.10000000E+009  0.10000000E+009  0.10000000E+009  0.10000000E+009  0.10000000E+009  0.10000000E+009  0.10000000E+009  0.10000000E+009  0.10000000E+009  0.10000000E+009  0.10000000E+009  0.10000000E+009  0.10000000E+009  0.10000000E+009  0.10000000E+009  0.10000000E+009  0.10000000E+009  0.10000000E+009  0.10000000E+009  0.10000000E+009  0.10000000E+009  0.10000000E+009  0.10000000E+009
  0.27582078E+000  0.10000000E+009  0.10000000E+009  0.10000000E+009  0.10000000E+009  0.10000000E+009  0.10000000E+009  0.10000000E+009  0.10000000E+009  0.10000000E+009  0.10000000E+009  0.10000000E+009  0.10000000E+009  0.10000000E+009  0.10000000E+009  0.10000000E+009  0.10000000E+009  0.10000000E+009  0.10000000E+009  0.10000000E+009  0.10000000E+009  0.10000000E+009  0.10000000E+009  0.10000000E+009  0.10000000E+009  0.10000000E+009  0.10000000E+009  0.10000000E+009  0.10000000E+009  0.10000000E+009  0.10000000E+009  0.10000000E+009  0.10000000E+009  0.10000000E+009  0.10000000E+009
  0.27582078E+000  0.10000000E+009  0.10000000E+009  0.10000000E+009  0.10000000E+009  0.10000000E+009  0.10000000E+009  0.10000000E+009  0.10000000E+009  0.10000000E+009  0.10000000E+009  0.10000000E+009  0.10000000E+009  0.10000000E+009  0.10000000E+009  0.10000000E+009  0.10000000E+009  0.10000000E+009  0.10000000E+009  0.10000000E+009  0.10000000E+009  0.10000000E+009  0.10000000E+009  0.10000000E+009  0.10000000E+009  0.10000000E+009  0.10000000E+009  0.10000000E+009  0.10000000E+009  0.10000000E+009  0.10000000E+009  0.10000000E+009  0.10000000E+009  0.10000000E+009  0.10000000E+009
  0.27582078E+000  0.10000000E+009  0.10000000E+009  0.10000000E+009  0.10000000E+009  0.10000000E+009  0.10000000E+009  0.10000000E+009  0.10000000E+009  0.10000000E+009  0.10000000E+009  0.10000000E+009  0.10000000E+009  0.10000000E+009  0.10000000E+009  0.10000000E+009  0.10000000E+009  0.10000000E+009  0.10000000E+009  0.10000000E+009  0.10000000E+009  0.10000000E+009  0.10000000E+009  0.10000000E+009  0.10000000E+009  0.10000000E+009  0.10000000E+009  0.10000000E+009  0.10000000E+009  0.10000000E+009  0.10000000E+009  0.10000000E+009  0.10000000E+009  0.10000000E+009  0.10000000E+009
  0.27582078E+000  0.10000000E+009  0.10000000E+009  0.10000000E+009  0.10000000E+009  0.10000000E+009  0.10000000E+009  0.10000000E+009  0.10000000E+009  0.10000000E+009  0.10000000E+009  0.10000000E+009  0.10000000E+009  0.10000000E+009  0.10000000E+009  0.10000000E+009  0.10000000E+009  0.10000000E+009  0.10000000E+009  0.10000000E+009  0.10000000E+009  0.10000000E+009  0.10000000E+009  0.10000000E+009  0.10000000E+009  0.10000000E+009  0.10000000E+009  0.10000000E+009  0.10000000E+009  0.10000000E+009  0.10000000E+009  0.10000000E+009  0.10000000E+009  0.10000000E+009  0.10000000E+009
  0.27582078E+000  0.10000000E+009  0.10000000E+009  0.10000000E+009  0.10000000E+009  0.10000000E+009  0.10000000E+009  0.10000000E+009  0.10000000E+009  0.10000000E+009  0.10000000E+009  0.10000000E+009  0.10000000E+009  0.10000000E+009  0.10000000E+009  0.10000000E+009  0.10000000E+009  0.10000000E+009  0.10000000E+009  0.10000000E+009  0.10000000E+009  0.10000000E+009  0.10000000E+009  0.10000000E+009  0.10000000E+009  0.10000000E+009  0.10000000E+009  0.10000000E+009  0.10000000E+009  0.10000000E+009  0.10000000E+009  0.10000000E+009  0.10000000E+009  0.10000000E+009  0.10000000E+009
  0.27582078E+000  0.10000000E+009  0.10000000E+009  0.10000000E+009  0.10000000E+009  0.10000000E+009  0.10000000E+009  0.10000000E+009  0.10000000E+009  0.10000000E+009  0.10000000E+009  0.10000000E+009  0.10000000E+009  0.10000000E+009  0.10000000E+009  0.10000000E+009  0.10000000E+009  0.10000000E+009  0.10000000E+009  0.10000000E+009  0.10000000E+009  0.10000000E+009  0.10000000E+009  0.10000000E+009  0.10000000E+009  0.10000000E+009  0.10000000E+009  0.10000000E+009  0.10000000E+009  0.10000000E+009  0.10000000E+009  0.10000000E+009  0.10000000E+009  0.10000000E+009  0.10000000E+009
  0.27582078E+000  0.10000000E+009  0.10000000E+009  0.10000000E+009  0.10000000E+009  0.10000000E+009  0.10000000E+009  0.10000000E+009  0.10000000E+009  0.10000000E+009  0.10000000E+009  0.10000000E+009  0.10000000E+009  0.10000000E+009  0.10000000E+009  0.10000000E+009  0.10000000E+009  0.10000000E+009  0.10000000E+009  0.10000000E+009  0.10000000E+009  0.10000000E+009  0.10000000E+009  0.10000000E+009  0.10000000E+009  0.10000000E+009  0.10000000E+009  0.10000000E+009  0.10000000E+009  0.10000000E+009  0.10000000E+009  0.10000000E+009  0.10000000E+009  0.10000000E+009  0.10000000E+009
  0.27582078E+000  0.10000000E+009  0.10000000E+009  0.10000000E+009  0.10000000E+009  0.10000000E+009  0.10000000E+009  0.10000000E+009  0.10000000E+009  0.10000000E+009  0.10000000E+009  0.10000000E+009  0.10000000E+009  0.10000000E+009  0.10000000E+009  0.10000000E+009  0.10000000E+009  0.10000000E+009  0.10000000E+009  0.10000000E+009  0.10000000E+009  0.10000000E+009  0.10000000E+009  0.10000000E+009  0.10000000E+009  0.10000000E+009  0.10000000E+009  0.10000000E+009  0.10000000E+009  0.10000000E+009  0.10000000E+009  0.10000000E+009  0.10000000E+009  0.10000000E+009  0.10000000E+009
  0.27582078E+000  0.10000000E+009  0.10000000E+009  0.10000000E+009  0.10000000E+009  0.10000000E+009  0.10000000E+009  0.10000000E+009  0.10000000E+009  0.10000000E+009  0.10000000E+009  0.10000000E+009  0.10000000E+009  0.10000000E+009  0.10000000E+009  0.10000000E+009  0.10000000E+009  0.10000000E+009  0.10000000E+009  0.10000000E+009  0.10000000E+009  0.10000000E+009  0.10000000E+009  0.10000000E+009  0.10000000E+009  0.10000000E+009  0.10000000E+009  0.10000000E+009  0.10000000E+009  0.10000000E+009  0.10000000E+009  0.10000000E+009  0.10000000E+009  0.10000000E+009  0.10000000E+009
  0.27582078E+000  0.10000000E+009  0.10000000E+009  0.10000000E+009  0.10000000E+009  0.10000000E+009  0.10000000E+009  0.10000000E+009  0.10000000E+009  0.10000000E+009  0.10000000E+009  0.10000000E+009  0.10000000E+009  0.10000000E+009  0.10000000E+009  0.10000000E+009  0.10000000E+009  0.10000000E+009  0.10000000E+009  0.10000000E+009  0.10000000E+009  0.10000000E+009  0.10000000E+009  0.10000000E+009  0.10000000E+009  0.10000000E+009  0.10000000E+009  0.10000000E+009  0.10000000E+009  0.10000000E+009  0.10000000E+009  0.10000000E+009  0.10000000E+009  0.10000000E+009  0.10000000E+009
  0.27582078E+000  0.10000000E+009  0.10000000E+009  0.10000000E+009  0.10000000E+009  0.10000000E+009  0.10000000E+009  0.10000000E+009  0.10000000E+009  0.10000000E+009  0.15462545E-263  0.15462546E-263  0.29190852E+000  0.10000000E+009  0.10000000E+009  0.10000000E+009  0.10000000E+009  0.10000000E+009  0.10000000E+009  0.10000000E+009  0.10000000E+009  0.10000000E+009  0.10000000E+009  0.10000000E+009  0.10000000E+009  0.10000000E+009  0.10000000E+009  0.10000000E+009  0.10000000E+009  0.10000000E+009  0.10000000E+009  0.10000000E+009  0.10000000E+009  0.10000000E+009  0.10000000E+009
  0.23161965E-262  0.23157771E-262  0.23148823E-262  0.38716517E-268  0.28029342E+000  0.29796648E-262  0.21260104E-262  0.21253879E-262  0.21250961E-262  0.21250334E-262  0.21250015E-262  0.83395392E-263  0.83394785E-263  0.83393946E-263  0.83392994E-263  0.83393133E-263  0.96440398E-263  0.46681184E-268  0.23644872E-253  0.29064723E-253  0.31431526E+000  0.10000000E+009  0.10000000E+009  0.10000000E+009  0.10000000E+009  0.10000000E+009  0.10000000E+009  0.10000000E+009  0.10000000E+009  0.10000000E+009  0.10000000E+009  0.10000000E+009  0.10000000E+009  0.10000000E+009  0.10000000E+009
  0.11978047E-265  0.20403025E-265  0.20399566E-265  0.20685891E-265  0.34869705E-265  0.15531501E-265  0.26608763E-265  0.34589696E-265  0.34587278E-265  0.34585520E-265  0.34575642E-265  0.20990027E-269  0.42312857E-264  0.55715254E-264  0.76101331E-264  0.19534021E-255  0.29683938E+000  0.34960123E-265  0.30350201E+000  0.25835310E-256  0.31431526E+000  0.10000000E+009  0.10000000E+009  0.10000000E+009  0.10000000E+009  0.10000000E+009  0.10000000E+009  0.10000000E+009  0.10000000E+009  0.10000000E+009  0.10000000E+009  0.10000000E+009  0.10000000E+009  0.10000000E+009  0.10000000E+009
