  0.13858214E+001  0.10000000E+009  0.10000000E+009  0.10000000E+009  0.10000000E+009  0.10000000E+009  0.10000000E+009  0.10000000E+009  0.10000000E+009  0.10000000E+009  0.10000000E+009  0.10000000E+009  0.10000000E+009  0.10000000E+009  0.10000000E+009  0.10000000E+009  0.10000000E+009  0.10000000E+009  0.10000000E+009  0.10000000E+009  0.10000000E+009  0.10000000E+009  0.10000000E+009  0.10000000E+009  0.10000000E+009  0.10000000E+009  0.10000000E+009  0.10000000E+009  0.10000000E+009  0.10000000E+009  0.10000000E+009  0.10000000E+009  0.10000000E+009  0.10000000E+009  0.10000000E+009
  0.13858214E+001  0.10000000E+009  0.10000000E+009  0.10000000E+009  0.10000000E+009  0.10000000E+009  0.10000000E+009  0.10000000E+009  0.10000000E+009  0.10000000E+009  0.10000000E+009  0.10000000E+009  0.10000000E+009  0.10000000E+009  0.10000000E+009  0.10000000E+009  0.10000000E+009  0.10000000E+009  0.10000000E+009  0.10000000E+009  0.10000000E+009  0.10000000E+009  0.10000000E+009  0.10000000E+009  0.10000000E+009  0.10000000E+009  0.10000000E+009  0.10000000E+009  0.10000000E+009  0.10000000E+009  0.10000000E+009  0.10000000E+009  0.10000000E+009  0.10000000E+009  0.10000000E+009
  0.13858214E+001  0.10000000E+009  0.10000000E+009  0.10000000E+009  0.10000000E+009  0.10000000E+009  0.10000000E+009  0.10000000E+009  0.10000000E+009  0.10000000E+009  0.10000000E+009  0.10000000E+009  0.10000000E+009  0.10000000E+009  0.10000000E+009  0.10000000E+009  0.10000000E+009  0.10000000E+009  0.10000000E+009  0.10000000E+009  0.10000000E+009  0.10000000E+009  0.10000000E+009  0.10000000E+009  0.10000000E+009  0.10000000E+009  0.10000000E+009  0.10000000E+009  0.10000000E+009  0.10000000E+009  0.10000000E+009  0.10000000E+009  0.10000000E+009  0.10000000E+009  0.10000000E+009
  0.13858214E+001  0.10000000E+009  0.10000000E+009  0.10000000E+009  0.10000000E+009  0.10000000E+009  0.10000000E+009  0.10000000E+009  0.10000000E+009  0.10000000E+009  0.10000000E+009  0.10000000E+009  0.10000000E+009  0.10000000E+009  0.10000000E+009  0.10000000E+009  0.10000000E+009  0.10000000E+009  0.10000000E+009  0.10000000E+009  0.10000000E+009  0.10000000E+009  0.10000000E+009  0.10000000E+009  0.10000000E+009  0.10000000E+009  0.10000000E+009  0.10000000E+009  0.10000000E+009  0.10000000E+009  0.10000000E+009  0.10000000E+009  0.10000000E+009  0.10000000E+009  0.10000000E+009
  0.13858214E+001  0.10000000E+009  0.10000000E+009  0.10000000E+009  0.10000000E+009  0.10000000E+009  0.10000000E+009  0.10000000E+009  0.10000000E+009  0.10000000E+009  0.10000000E+009  0.10000000E+009  0.10000000E+009  0.10000000E+009  0.10000000E+009  0.10000000E+009  0.10000000E+009  0.10000000E+009  0.10000000E+009  0.10000000E+009  0.10000000E+009  0.10000000E+009  0.10000000E+009  0.10000000E+009  0.10000000E+009  0.10000000E+009  0.10000000E+009  0.10000000E+009  0.10000000E+009  0.10000000E+009  0.10000000E+009  0.10000000E+009  0.10000000E+009  0.10000000E+009  0.10000000E+009
  0.13858214E+001  0.10000000E+009  0.10000000E+009  0.10000000E+009  0.10000000E+009  0.10000000E+009  0.10000000E+009  0.10000000E+009  0.10000000E+009  0.10000000E+009  0.10000000E+009  0.10000000E+009  0.10000000E+009  0.10000000E+009  0.10000000E+009  0.10000000E+009  0.10000000E+009  0.10000000E+009  0.10000000E+009  0.10000000E+009  0.10000000E+009  0.10000000E+009  0.10000000E+009  0.10000000E+009  0.10000000E+009  0.10000000E+009  0.10000000E+009  0.10000000E+009  0.10000000E+009  0.10000000E+009  0.10000000E+009  0.10000000E+009  0.10000000E+009  0.10000000E+009  0.10000000E+009
  0.13858214E+001  0.10000000E+009  0.10000000E+009  0.10000000E+009  0.10000000E+009  0.10000000E+009  0.10000000E+009  0.10000000E+009  0.10000000E+009  0.10000000E+009  0.10000000E+009  0.10000000E+009  0.10000000E+009  0.10000000E+009  0.10000000E+009  0.10000000E+009  0.10000000E+009  0.10000000E+009  0.10000000E+009  0.10000000E+009  0.10000000E+009  0.10000000E+009  0.10000000E+009  0.10000000E+009  0.10000000E+009  0.10000000E+009  0.10000000E+009  0.10000000E+009  0.10000000E+009  0.10000000E+009  0.10000000E+009  0.10000000E+009  0.10000000E+009  0.10000000E+009  0.10000000E+009
  0.13858214E+001  0.10000000E+009  0.10000000E+009  0.10000000E+009  0.10000000E+009  0.10000000E+009  0.10000000E+009  0.10000000E+009  0.10000000E+009  0.10000000E+009  0.10000000E+009  0.10000000E+009  0.10000000E+009  0.10000000E+009  0.10000000E+009  0.10000000E+009  0.10000000E+009  0.10000000E+009  0.10000000E+009  0.10000000E+009  0.10000000E+009  0.10000000E+009  0.10000000E+009  0.10000000E+009  0.10000000E+009  0.10000000E+009  0.10000000E+009  0.10000000E+009  0.10000000E+009  0.10000000E+009  0.10000000E+009  0.10000000E+009  0.10000000E+009  0.10000000E+009  0.10000000E+009
  0.13858214E+001  0.10000000E+009  0.10000000E+009  0.10000000E+009  0.10000000E+009  0.10000000E+009  0.10000000E+009  0.10000000E+009  0.10000000E+009  0.10000000E+009  0.10000000E+009  0.10000000E+009  0.10000000E+009  0.10000000E+009  0.10000000E+009  0.10000000E+009  0.10000000E+009  0.10000000E+009  0.10000000E+009  0.10000000E+009  0.10000000E+009  0.10000000E+009  0.10000000E+009  0.10000000E+009  0.10000000E+009  0.10000000E+009  0.10000000E+009  0.10000000E+009  0.10000000E+009  0.10000000E+009  0.10000000E+009  0.10000000E+009  0.10000000E+009  0.10000000E+009  0.10000000E+009
  0.13858214E+001  0.10000000E+009  0.10000000E+009  0.10000000E+009  0.10000000E+009  0.10000000E+009  0.10000000E+009  0.10000000E+009  0.10000000E+009  0.10000000E+009  0.10000000E+009  0.10000000E+009  0.10000000E+009  0.10000000E+009  0.10000000E+009  0.10000000E+009  0.10000000E+009  0.10000000E+009  0.10000000E+009  0.10000000E+009  0.10000000E+009  0.10000000E+009  0.10000000E+009  0.10000000E+009  0.10000000E+009  0.10000000E+009  0.10000000E+009  0.10000000E+009  0.10000000E+009  0.10000000E+009  0.10000000E+009  0.10000000E+009  0.10000000E+009  0.10000000E+009  0.10000000E+009
  0.13858214E+001  0.10000000E+009  0.10000000E+009  0.10000000E+009  0.10000000E+009  0.10000000E+009  0.10000000E+009  0.10000000E+009  0.10000000E+009  0.10000000E+009  0.10000000E+009  0.10000000E+009  0.10000000E+009  0.10000000E+009  0.10000000E+009  0.10000000E+009  0.10000000E+009  0.10000000E+009  0.10000000E+009  0.10000000E+009  0.10000000E+009  0.10000000E+009  0.10000000E+009  0.10000000E+009  0.10000000E+009  0.10000000E+009  0.10000000E+009  0.10000000E+009  0.10000000E+009  0.10000000E+009  0.10000000E+009  0.10000000E+009  0.10000000E+009  0.10000000E+009  0.10000000E+009
  0.13858214E+001  0.10000000E+009  0.10000000E+009  0.10000000E+009  0.10000000E+009  0.10000000E+009  0.10000000E+009  0.10000000E+009  0.10000000E+009  0.10000000E+009  0.10000000E+009  0.10000000E+009  0.10000000E+009  0.10000000E+009  0.10000000E+009  0.10000000E+009  0.10000000E+009  0.10000000E+009  0.10000000E+009  0.10000000E+009  0.10000000E+009  0.10000000E+009  0.10000000E+009  0.10000000E+009  0.10000000E+009  0.10000000E+009  0.10000000E+009  0.10000000E+009  0.10000000E+009  0.10000000E+009  0.10000000E+009  0.10000000E+009  0.10000000E+009  0.10000000E+009  0.10000000E+009
  0.13858214E+001  0.10000000E+009  0.10000000E+009  0.10000000E+009  0.10000000E+009  0.10000000E+009  0.10000000E+009  0.10000000E+009  0.10000000E+009  0.10000000E+009  0.10000000E+009  0.10000000E+009  0.10000000E+009  0.10000000E+009  0.10000000E+009  0.10000000E+009  0.10000000E+009  0.10000000E+009  0.10000000E+009  0.10000000E+009  0.10000000E+009  0.10000000E+009  0.10000000E+009  0.10000000E+009  0.10000000E+009  0.10000000E+009  0.10000000E+009  0.10000000E+009  0.10000000E+009  0.10000000E+009  0.10000000E+009  0.10000000E+009  0.10000000E+009  0.10000000E+009  0.10000000E+009
  0.13858214E+001  0.10000000E+009  0.10000000E+009  0.10000000E+009  0.10000000E+009  0.10000000E+009  0.10000000E+009  0.10000000E+009  0.10000000E+009  0.10000000E+009  0.10000000E+009  0.10000000E+009  0.10000000E+009  0.10000000E+009  0.10000000E+009  0.10000000E+009  0.10000000E+009  0.10000000E+009  0.10000000E+009  0.10000000E+009  0.10000000E+009  0.10000000E+009  0.10000000E+009  0.10000000E+009  0.10000000E+009  0.10000000E+009  0.10000000E+009  0.10000000E+009  0.10000000E+009  0.10000000E+009  0.10000000E+009  0.10000000E+009  0.10000000E+009  0.10000000E+009  0.10000000E+009
  0.13858214E+001  0.10000000E+009  0.10000000E+009  0.10000000E+009  0.10000000E+009  0.10000000E+009  0.10000000E+009  0.10000000E+009  0.10000000E+009  0.10000000E+009  0.10000000E+009  0.10000000E+009  0.10000000E+009  0.10000000E+009  0.10000000E+009  0.10000000E+009  0.10000000E+009  0.10000000E+009  0.10000000E+009  0.10000000E+009  0.10000000E+009  0.10000000E+009  0.10000000E+009  0.10000000E+009  0.10000000E+009  0.10000000E+009  0.10000000E+009  0.10000000E+009  0.10000000E+009  0.10000000E+009  0.10000000E+009  0.10000000E+009  0.10000000E+009  0.10000000E+009  0.10000000E+009
  0.13858214E+001  0.10000000E+009  0.10000000E+009  0.10000000E+009  0.10000000E+009  0.10000000E+009  0.10000000E+009  0.10000000E+009  0.10000000E+009  0.10000000E+009  0.10000000E+009  0.10000000E+009  0.10000000E+009  0.10000000E+009  0.10000000E+009  0.10000000E+009  0.10000000E+009  0.10000000E+009  0.10000000E+009  0.10000000E+009  0.10000000E+009  0.10000000E+009  0.10000000E+009  0.10000000E+009  0.10000000E+009  0.10000000E+009  0.10000000E+009  0.10000000E+009  0.10000000E+009  0.10000000E+009  0.10000000E+009  0.10000000E+009  0.10000000E+009  0.10000000E+009  0.10000000E+009
  0.13858214E+001  0.10000000E+009  0.10000000E+009  0.10000000E+009  0.10000000E+009  0.10000000E+009  0.10000000E+009  0.10000000E+009  0.10000000E+009  0.10000000E+009  0.10000000E+009  0.10000000E+009  0.10000000E+009  0.10000000E+009  0.10000000E+009  0.10000000E+009  0.10000000E+009  0.10000000E+009  0.10000000E+009  0.10000000E+009  0.10000000E+009  0.10000000E+009  0.10000000E+009  0.10000000E+009  0.10000000E+009  0.10000000E+009  0.10000000E+009  0.10000000E+009  0.10000000E+009  0.10000000E+009  0.10000000E+009  0.10000000E+009  0.10000000E+009  0.10000000E+009  0.10000000E+009
  0.13858214E+001  0.10000000E+009  0.10000000E+009  0.10000000E+009  0.10000000E+009  0.10000000E+009  0.10000000E+009  0.10000000E+009  0.10000000E+009  0.10000000E+009  0.10000000E+009  0.10000000E+009  0.10000000E+009  0.10000000E+009  0.10000000E+009  0.10000000E+009  0.10000000E+009  0.10000000E+009  0.10000000E+009  0.10000000E+009  0.10000000E+009  0.10000000E+009  0.10000000E+009  0.10000000E+009  0.10000000E+009  0.10000000E+009  0.10000000E+009  0.10000000E+009  0.10000000E+009  0.10000000E+009  0.10000000E+009  0.10000000E+009  0.10000000E+009  0.10000000E+009  0.10000000E+009
  0.13858214E+001  0.10000000E+009  0.10000000E+009  0.10000000E+009  0.10000000E+009  0.10000000E+009  0.10000000E+009  0.10000000E+009  0.10000000E+009  0.10000000E+009  0.10000000E+009  0.10000000E+009  0.10000000E+009  0.10000000E+009  0.10000000E+009  0.10000000E+009  0.10000000E+009  0.10000000E+009  0.10000000E+009  0.10000000E+009  0.10000000E+009  0.10000000E+009  0.10000000E+009  0.10000000E+009  0.10000000E+009  0.10000000E+009  0.10000000E+009  0.10000000E+009  0.10000000E+009  0.10000000E+009  0.10000000E+009  0.10000000E+009  0.10000000E+009  0.10000000E+009  0.10000000E+009
  0.13858214E+001  0.10000000E+009  0.10000000E+009  0.10000000E+009  0.10000000E+009  0.10000000E+009  0.10000000E+009  0.10000000E+009  0.10000000E+009  0.10000000E+009  0.10000000E+009  0.10000000E+009  0.10000000E+009  0.10000000E+009  0.10000000E+009  0.10000000E+009  0.10000000E+009  0.10000000E+009  0.10000000E+009  0.10000000E+009  0.10000000E+009  0.10000000E+009  0.10000000E+009  0.10000000E+009  0.10000000E+009  0.10000000E+009  0.10000000E+009  0.10000000E+009  0.10000000E+009  0.10000000E+009  0.10000000E+009  0.10000000E+009  0.10000000E+009  0.10000000E+009  0.10000000E+009
  0.13858214E+001  0.10000000E+009  0.10000000E+009  0.10000000E+009  0.10000000E+009  0.10000000E+009  0.10000000E+009  0.10000000E+009  0.10000000E+009  0.10000000E+009  0.10000000E+009  0.10000000E+009  0.10000000E+009  0.10000000E+009  0.10000000E+009  0.10000000E+009  0.10000000E+009  0.10000000E+009  0.10000000E+009  0.10000000E+009  0.10000000E+009  0.10000000E+009  0.10000000E+009  0.10000000E+009  0.10000000E+009  0.10000000E+009  0.10000000E+009  0.10000000E+009  0.10000000E+009  0.10000000E+009  0.10000000E+009  0.10000000E+009  0.10000000E+009  0.10000000E+009  0.10000000E+009
  0.13858214E+001  0.10000000E+009  0.10000000E+009  0.10000000E+009  0.10000000E+009  0.10000000E+009  0.10000000E+009  0.10000000E+009  0.10000000E+009  0.10000000E+009  0.10000000E+009  0.10000000E+009  0.10000000E+009  0.10000000E+009  0.10000000E+009  0.10000000E+009  0.10000000E+009  0.10000000E+009  0.10000000E+009  0.10000000E+009  0.10000000E+009  0.10000000E+009  0.10000000E+009  0.10000000E+009  0.10000000E+009  0.10000000E+009  0.10000000E+009  0.10000000E+009  0.10000000E+009  0.10000000E+009  0.10000000E+009  0.10000000E+009  0.10000000E+009  0.10000000E+009  0.10000000E+009
  0.13858214E+001  0.10000000E+009  0.10000000E+009  0.10000000E+009  0.10000000E+009  0.10000000E+009  0.10000000E+009  0.10000000E+009  0.10000000E+009  0.10000000E+009  0.10000000E+009  0.10000000E+009  0.10000000E+009  0.10000000E+009  0.10000000E+009  0.10000000E+009  0.10000000E+009  0.10000000E+009  0.10000000E+009  0.10000000E+009  0.10000000E+009  0.10000000E+009  0.10000000E+009  0.10000000E+009  0.10000000E+009  0.10000000E+009  0.10000000E+009  0.10000000E+009  0.10000000E+009  0.10000000E+009  0.10000000E+009  0.10000000E+009  0.10000000E+009  0.10000000E+009  0.10000000E+009
  0.13858214E+001  0.27466128E-261  0.27470716E-261  0.27478322E-261  0.27489463E-261  0.27500179E-261  0.27506596E-261  0.13976676E+001  0.10000000E+009  0.10000000E+009  0.10000000E+009  0.15525666E-255  0.16398385E-255  0.14001993E+001  0.10000000E+009  0.10000000E+009  0.10000000E+009  0.10000000E+009  0.10000000E+009  0.10000000E+009  0.10000000E+009  0.10000000E+009  0.10000000E+009  0.10000000E+009  0.10000000E+009  0.10000000E+009  0.10000000E+009  0.10000000E+009  0.10000000E+009  0.10000000E+009  0.10000000E+009  0.10000000E+009  0.10000000E+009  0.10000000E+009  0.10000000E+009
  0.13858214E+001  0.10000000E+009  0.10000000E+009  0.10000000E+009  0.10000000E+009  0.10000000E+009  0.10000000E+009  0.19812330E-264  0.28406081E-254  0.12199687E-254  0.13995956E+001  0.10000000E+009  0.10000000E+009  0.10000000E+009  0.10000000E+009  0.10000000E+009  0.10000000E+009  0.10560925E-255  0.14095784E+001  0.10000000E+009  0.10000000E+009  0.10000000E+009  0.10000000E+009  0.10000000E+009  0.29752238E-256  0.14075207E-256  0.85863790E-257  0.62239704E-257  0.50983896E-257  0.15218847E+001  0.10000000E+009  0.10000000E+009  0.10000000E+009  0.10000000E+009  0.10000000E+009
