  0.33885431E+000  0.10000000E+009  0.10000000E+009  0.10000000E+009  0.10000000E+009  0.10000000E+009  0.10000000E+009  0.10000000E+009  0.10000000E+009  0.10000000E+009  0.10000000E+009  0.10000000E+009  0.10000000E+009  0.10000000E+009  0.10000000E+009  0.10000000E+009  0.10000000E+009  0.10000000E+009  0.10000000E+009  0.10000000E+009  0.10000000E+009  0.10000000E+009  0.10000000E+009  0.10000000E+009  0.10000000E+009  0.10000000E+009  0.10000000E+009  0.10000000E+009  0.10000000E+009  0.10000000E+009  0.10000000E+009  0.10000000E+009  0.10000000E+009  0.10000000E+009  0.10000000E+009
  0.33885431E+000  0.10000000E+009  0.10000000E+009  0.10000000E+009  0.10000000E+009  0.10000000E+009  0.10000000E+009  0.10000000E+009  0.10000000E+009  0.10000000E+009  0.10000000E+009  0.10000000E+009  0.10000000E+009  0.10000000E+009  0.10000000E+009  0.10000000E+009  0.10000000E+009  0.10000000E+009  0.10000000E+009  0.10000000E+009  0.10000000E+009  0.10000000E+009  0.10000000E+009  0.10000000E+009  0.10000000E+009  0.10000000E+009  0.10000000E+009  0.10000000E+009  0.10000000E+009  0.10000000E+009  0.10000000E+009  0.10000000E+009  0.10000000E+009  0.10000000E+009  0.10000000E+009
  0.33885431E+000  0.10000000E+009  0.10000000E+009  0.10000000E+009  0.10000000E+009  0.10000000E+009  0.10000000E+009  0.10000000E+009  0.10000000E+009  0.10000000E+009  0.10000000E+009  0.10000000E+009  0.10000000E+009  0.10000000E+009  0.10000000E+009  0.10000000E+009  0.10000000E+009  0.10000000E+009  0.10000000E+009  0.10000000E+009  0.10000000E+009  0.10000000E+009  0.10000000E+009  0.10000000E+009  0.10000000E+009  0.10000000E+009  0.10000000E+009  0.10000000E+009  0.10000000E+009  0.10000000E+009  0.10000000E+009  0.10000000E+009  0.10000000E+009  0.10000000E+009  0.10000000E+009
  0.33885431E+000  0.10000000E+009  0.10000000E+009  0.10000000E+009  0.10000000E+009  0.10000000E+009  0.10000000E+009  0.10000000E+009  0.10000000E+009  0.10000000E+009  0.10000000E+009  0.10000000E+009  0.10000000E+009  0.10000000E+009  0.10000000E+009  0.10000000E+009  0.10000000E+009  0.10000000E+009  0.10000000E+009  0.10000000E+009  0.10000000E+009  0.10000000E+009  0.10000000E+009  0.10000000E+009  0.10000000E+009  0.10000000E+009  0.10000000E+009  0.10000000E+009  0.10000000E+009  0.10000000E+009  0.10000000E+009  0.10000000E+009  0.10000000E+009  0.10000000E+009  0.10000000E+009
  0.33885431E+000  0.10000000E+009  0.10000000E+009  0.10000000E+009  0.10000000E+009  0.10000000E+009  0.10000000E+009  0.10000000E+009  0.10000000E+009  0.10000000E+009  0.10000000E+009  0.10000000E+009  0.10000000E+009  0.10000000E+009  0.10000000E+009  0.10000000E+009  0.10000000E+009  0.10000000E+009  0.10000000E+009  0.10000000E+009  0.10000000E+009  0.10000000E+009  0.10000000E+009  0.10000000E+009  0.10000000E+009  0.10000000E+009  0.10000000E+009  0.10000000E+009  0.10000000E+009  0.10000000E+009  0.10000000E+009  0.10000000E+009  0.10000000E+009  0.10000000E+009  0.10000000E+009
  0.33885431E+000  0.10000000E+009  0.10000000E+009  0.10000000E+009  0.10000000E+009  0.10000000E+009  0.10000000E+009  0.10000000E+009  0.10000000E+009  0.10000000E+009  0.10000000E+009  0.10000000E+009  0.10000000E+009  0.10000000E+009  0.10000000E+009  0.10000000E+009  0.10000000E+009  0.10000000E+009  0.10000000E+009  0.10000000E+009  0.10000000E+009  0.10000000E+009  0.10000000E+009  0.10000000E+009  0.10000000E+009  0.10000000E+009  0.10000000E+009  0.10000000E+009  0.10000000E+009  0.10000000E+009  0.10000000E+009  0.10000000E+009  0.10000000E+009  0.10000000E+009  0.10000000E+009
  0.33885431E+000  0.10000000E+009  0.10000000E+009  0.10000000E+009  0.10000000E+009  0.10000000E+009  0.10000000E+009  0.10000000E+009  0.10000000E+009  0.10000000E+009  0.10000000E+009  0.10000000E+009  0.10000000E+009  0.10000000E+009  0.10000000E+009  0.10000000E+009  0.10000000E+009  0.10000000E+009  0.10000000E+009  0.10000000E+009  0.10000000E+009  0.10000000E+009  0.10000000E+009  0.10000000E+009  0.10000000E+009  0.10000000E+009  0.10000000E+009  0.10000000E+009  0.10000000E+009  0.10000000E+009  0.10000000E+009  0.10000000E+009  0.10000000E+009  0.10000000E+009  0.10000000E+009
  0.33885431E+000  0.10000000E+009  0.10000000E+009  0.10000000E+009  0.10000000E+009  0.10000000E+009  0.10000000E+009  0.10000000E+009  0.10000000E+009  0.10000000E+009  0.10000000E+009  0.10000000E+009  0.10000000E+009  0.10000000E+009  0.10000000E+009  0.10000000E+009  0.10000000E+009  0.10000000E+009  0.10000000E+009  0.10000000E+009  0.10000000E+009  0.10000000E+009  0.10000000E+009  0.10000000E+009  0.10000000E+009  0.10000000E+009  0.10000000E+009  0.10000000E+009  0.10000000E+009  0.10000000E+009  0.10000000E+009  0.10000000E+009  0.10000000E+009  0.10000000E+009  0.10000000E+009
  0.33885431E+000  0.10000000E+009  0.10000000E+009  0.10000000E+009  0.10000000E+009  0.10000000E+009  0.10000000E+009  0.10000000E+009  0.10000000E+009  0.10000000E+009  0.10000000E+009  0.10000000E+009  0.10000000E+009  0.10000000E+009  0.10000000E+009  0.10000000E+009  0.10000000E+009  0.10000000E+009  0.10000000E+009  0.10000000E+009  0.10000000E+009  0.10000000E+009  0.10000000E+009  0.10000000E+009  0.10000000E+009  0.10000000E+009  0.10000000E+009  0.10000000E+009  0.10000000E+009  0.10000000E+009  0.10000000E+009  0.10000000E+009  0.10000000E+009  0.10000000E+009  0.10000000E+009
  0.33885431E+000  0.10000000E+009  0.10000000E+009  0.10000000E+009  0.10000000E+009  0.10000000E+009  0.10000000E+009  0.10000000E+009  0.10000000E+009  0.10000000E+009  0.10000000E+009  0.10000000E+009  0.10000000E+009  0.10000000E+009  0.10000000E+009  0.10000000E+009  0.10000000E+009  0.10000000E+009  0.10000000E+009  0.10000000E+009  0.10000000E+009  0.10000000E+009  0.10000000E+009  0.10000000E+009  0.10000000E+009  0.10000000E+009  0.10000000E+009  0.10000000E+009  0.10000000E+009  0.10000000E+009  0.10000000E+009  0.10000000E+009  0.10000000E+009  0.10000000E+009  0.10000000E+009
  0.33885431E+000  0.10000000E+009  0.10000000E+009  0.10000000E+009  0.10000000E+009  0.10000000E+009  0.10000000E+009  0.10000000E+009  0.10000000E+009  0.10000000E+009  0.10000000E+009  0.10000000E+009  0.10000000E+009  0.10000000E+009  0.10000000E+009  0.10000000E+009  0.10000000E+009  0.10000000E+009  0.10000000E+009  0.10000000E+009  0.10000000E+009  0.10000000E+009  0.10000000E+009  0.10000000E+009  0.10000000E+009  0.10000000E+009  0.10000000E+009  0.10000000E+009  0.10000000E+009  0.10000000E+009  0.10000000E+009  0.10000000E+009  0.10000000E+009  0.10000000E+009  0.10000000E+009
  0.33885431E+000  0.10000000E+009  0.10000000E+009  0.10000000E+009  0.10000000E+009  0.10000000E+009  0.10000000E+009  0.10000000E+009  0.10000000E+009  0.10000000E+009  0.10000000E+009  0.10000000E+009  0.10000000E+009  0.10000000E+009  0.10000000E+009  0.10000000E+009  0.10000000E+009  0.10000000E+009  0.10000000E+009  0.10000000E+009  0.10000000E+009  0.10000000E+009  0.10000000E+009  0.10000000E+009  0.10000000E+009  0.10000000E+009  0.10000000E+009  0.10000000E+009  0.10000000E+009  0.10000000E+009  0.10000000E+009  0.10000000E+009  0.10000000E+009  0.10000000E+009  0.10000000E+009
  0.33885431E+000  0.10000000E+009  0.10000000E+009  0.10000000E+009  0.10000000E+009  0.10000000E+009  0.10000000E+009  0.10000000E+009  0.10000000E+009  0.10000000E+009  0.10000000E+009  0.10000000E+009  0.10000000E+009  0.10000000E+009  0.10000000E+009  0.10000000E+009  0.10000000E+009  0.10000000E+009  0.10000000E+009  0.10000000E+009  0.10000000E+009  0.10000000E+009  0.10000000E+009  0.10000000E+009  0.10000000E+009  0.10000000E+009  0.10000000E+009  0.10000000E+009  0.10000000E+009  0.10000000E+009  0.10000000E+009  0.10000000E+009  0.10000000E+009  0.10000000E+009  0.10000000E+009
  0.33885431E+000  0.10000000E+009  0.10000000E+009  0.10000000E+009  0.10000000E+009  0.10000000E+009  0.10000000E+009  0.10000000E+009  0.10000000E+009  0.10000000E+009  0.10000000E+009  0.10000000E+009  0.10000000E+009  0.10000000E+009  0.10000000E+009  0.10000000E+009  0.10000000E+009  0.10000000E+009  0.10000000E+009  0.10000000E+009  0.10000000E+009  0.10000000E+009  0.10000000E+009  0.10000000E+009  0.10000000E+009  0.10000000E+009  0.10000000E+009  0.10000000E+009  0.10000000E+009  0.10000000E+009  0.10000000E+009  0.10000000E+009  0.10000000E+009  0.10000000E+009  0.10000000E+009
  0.33885431E+000  0.10000000E+009  0.10000000E+009  0.10000000E+009  0.10000000E+009  0.10000000E+009  0.10000000E+009  0.10000000E+009  0.10000000E+009  0.10000000E+009  0.10000000E+009  0.10000000E+009  0.10000000E+009  0.10000000E+009  0.10000000E+009  0.10000000E+009  0.10000000E+009  0.10000000E+009  0.10000000E+009  0.10000000E+009  0.10000000E+009  0.10000000E+009  0.10000000E+009  0.10000000E+009  0.10000000E+009  0.10000000E+009  0.10000000E+009  0.10000000E+009  0.10000000E+009  0.10000000E+009  0.10000000E+009  0.10000000E+009  0.10000000E+009  0.10000000E+009  0.10000000E+009
  0.33885431E+000  0.10000000E+009  0.10000000E+009  0.10000000E+009  0.10000000E+009  0.10000000E+009  0.10000000E+009  0.10000000E+009  0.10000000E+009  0.10000000E+009  0.10000000E+009  0.10000000E+009  0.10000000E+009  0.10000000E+009  0.10000000E+009  0.10000000E+009  0.10000000E+009  0.10000000E+009  0.10000000E+009  0.10000000E+009  0.10000000E+009  0.10000000E+009  0.10000000E+009  0.10000000E+009  0.10000000E+009  0.10000000E+009  0.10000000E+009  0.10000000E+009  0.10000000E+009  0.10000000E+009  0.10000000E+009  0.10000000E+009  0.10000000E+009  0.10000000E+009  0.10000000E+009
  0.33885431E+000  0.10000000E+009  0.10000000E+009  0.10000000E+009  0.10000000E+009  0.10000000E+009  0.10000000E+009  0.10000000E+009  0.10000000E+009  0.10000000E+009  0.10000000E+009  0.10000000E+009  0.10000000E+009  0.10000000E+009  0.10000000E+009  0.10000000E+009  0.10000000E+009  0.10000000E+009  0.10000000E+009  0.10000000E+009  0.10000000E+009  0.10000000E+009  0.10000000E+009  0.10000000E+009  0.10000000E+009  0.10000000E+009  0.10000000E+009  0.10000000E+009  0.10000000E+009  0.10000000E+009  0.10000000E+009  0.10000000E+009  0.10000000E+009  0.10000000E+009  0.10000000E+009
  0.33885431E+000  0.10000000E+009  0.10000000E+009  0.10000000E+009  0.10000000E+009  0.10000000E+009  0.10000000E+009  0.10000000E+009  0.10000000E+009  0.10000000E+009  0.10000000E+009  0.10000000E+009  0.10000000E+009  0.10000000E+009  0.10000000E+009  0.10000000E+009  0.10000000E+009  0.10000000E+009  0.10000000E+009  0.10000000E+009  0.10000000E+009  0.10000000E+009  0.10000000E+009  0.10000000E+009  0.10000000E+009  0.10000000E+009  0.10000000E+009  0.10000000E+009  0.10000000E+009  0.10000000E+009  0.10000000E+009  0.10000000E+009  0.10000000E+009  0.10000000E+009  0.10000000E+009
  0.33885431E+000  0.10000000E+009  0.10000000E+009  0.10000000E+009  0.10000000E+009  0.10000000E+009  0.10000000E+009  0.10000000E+009  0.10000000E+009  0.10000000E+009  0.10000000E+009  0.10000000E+009  0.10000000E+009  0.10000000E+009  0.10000000E+009  0.10000000E+009  0.10000000E+009  0.10000000E+009  0.10000000E+009  0.10000000E+009  0.10000000E+009  0.10000000E+009  0.10000000E+009  0.10000000E+009  0.10000000E+009  0.10000000E+009  0.10000000E+009  0.10000000E+009  0.10000000E+009  0.10000000E+009  0.10000000E+009  0.10000000E+009  0.10000000E+009  0.10000000E+009  0.10000000E+009
  0.33885431E+000  0.10000000E+009  0.10000000E+009  0.10000000E+009  0.10000000E+009  0.10000000E+009  0.10000000E+009  0.10000000E+009  0.10000000E+009  0.10000000E+009  0.10000000E+009  0.10000000E+009  0.10000000E+009  0.10000000E+009  0.10000000E+009  0.10000000E+009  0.10000000E+009  0.10000000E+009  0.10000000E+009  0.10000000E+009  0.10000000E+009  0.10000000E+009  0.10000000E+009  0.10000000E+009  0.10000000E+009  0.10000000E+009  0.10000000E+009  0.10000000E+009  0.10000000E+009  0.10000000E+009  0.10000000E+009  0.10000000E+009  0.10000000E+009  0.10000000E+009  0.10000000E+009
  0.33885431E+000  0.10000000E+009  0.10000000E+009  0.85051460E-262  0.34318909E+000  0.17870472E-268  0.34974728E+000  0.17731086E-268  0.17731091E-268  0.17731323E-268  0.35419222E+000  0.10000000E+009  0.10000000E+009  0.10000000E+009  0.10000000E+009  0.10000000E+009  0.10000000E+009  0.10000000E+009  0.10000000E+009  0.10000000E+009  0.10000000E+009  0.10000000E+009  0.10000000E+009  0.10000000E+009  0.10000000E+009  0.10000000E+009  0.10000000E+009  0.10000000E+009  0.10000000E+009  0.10000000E+009  0.10000000E+009  0.10000000E+009  0.10000000E+009  0.10000000E+009  0.10000000E+009
  0.33885431E+000  0.90146586E-264  0.33961735E+000  0.64385943E-272  0.39203770E-264  0.39203214E-264  0.68417561E-270  0.67439654E-264  0.67439661E-264  0.67439662E-264  0.67438660E-264  0.67438665E-264  0.67439678E-264  0.67439699E-264  0.67438729E-264  0.67438777E-264  0.67438842E-264  0.67438927E-264  0.67439034E-264  0.67439166E-264  0.67439324E-264  0.67440514E-264  0.67440733E-264  0.67440985E-264  0.67441274E-264  0.67441600E-264  0.67441967E-264  0.67442375E-264  0.67442829E-264  0.67443329E-264  0.67443877E-264  0.67443474E-264  0.67444126E-264  0.67445835E-264  0.67103338E+000
  0.33885431E+000  0.12481442E-263  0.12481447E-263  0.12481455E-263  0.12481468E-263  0.12481692E-263  0.12481701E-263  0.12481707E-263  0.12481709E-263  0.12481710E-263  0.12481710E-263  0.12481712E-263  0.12481718E-263  0.12481728E-263  0.12481743E-263  0.12481766E-263  0.12481797E-263  0.12481837E-263  0.12481888E-263  0.12481951E-263  0.12482014E-263  0.12482089E-263  0.12482177E-263  0.12482278E-263  0.12482393E-263  0.12482524E-263  0.12482671E-263  0.12482835E-263  0.12483018E-263  0.12483221E-263  0.12483443E-263  0.12483686E-263  0.12483916E-263  0.12484165E-263  0.67103338E+000
  0.33885431E+000  0.10000000E+009  0.10000000E+009  0.10000000E+009  0.10000000E+009  0.10000000E+009  0.10000000E+009  0.10000000E+009  0.10000000E+009  0.10000000E+009  0.10000000E+009  0.10000000E+009  0.10000000E+009  0.10000000E+009  0.10000000E+009  0.10000000E+009  0.10000000E+009  0.10000000E+009  0.10000000E+009  0.10000000E+009  0.10000000E+009  0.10000000E+009  0.10000000E+009  0.10000000E+009  0.10000000E+009  0.10000000E+009  0.10000000E+009  0.10000000E+009  0.10000000E+009  0.10000000E+009  0.10000000E+009  0.10000000E+009  0.10000000E+009  0.10000000E+009  0.10000000E+009
  0.11305200E-261  0.33898910E+000  0.11704255E-257  0.11715369E-257  0.34318909E+000  0.10000000E+009  0.10000000E+009  0.10000000E+009  0.10000000E+009  0.10000000E+009  0.21830146E-260  0.35422172E+000  0.10000000E+009  0.10000000E+009  0.10000000E+009  0.10000000E+009  0.10000000E+009  0.95689698E-264  0.16291444E-263  0.31320915E-263  0.31341343E-268  0.38290273E+000  0.10000000E+009  0.10000000E+009  0.10000000E+009  0.10000000E+009  0.10000000E+009  0.23626122E-256  0.48096354E+000  0.10000000E+009  0.10000000E+009  0.10000000E+009  0.10414221E-255  0.48360979E-256  0.67103338E+000
