  0.13329278E+001  0.10000000E+009  0.10000000E+009  0.10000000E+009  0.10000000E+009  0.10000000E+009  0.10000000E+009  0.10000000E+009  0.10000000E+009  0.10000000E+009  0.10000000E+009  0.10000000E+009  0.10000000E+009  0.10000000E+009  0.10000000E+009  0.10000000E+009  0.10000000E+009  0.10000000E+009  0.10000000E+009  0.10000000E+009  0.10000000E+009  0.10000000E+009  0.10000000E+009  0.10000000E+009  0.10000000E+009  0.10000000E+009  0.10000000E+009  0.10000000E+009  0.10000000E+009  0.10000000E+009  0.10000000E+009  0.10000000E+009  0.10000000E+009  0.10000000E+009  0.10000000E+009
  0.13329278E+001  0.10000000E+009  0.10000000E+009  0.10000000E+009  0.10000000E+009  0.10000000E+009  0.10000000E+009  0.10000000E+009  0.10000000E+009  0.10000000E+009  0.10000000E+009  0.10000000E+009  0.10000000E+009  0.10000000E+009  0.10000000E+009  0.10000000E+009  0.10000000E+009  0.10000000E+009  0.10000000E+009  0.10000000E+009  0.10000000E+009  0.10000000E+009  0.10000000E+009  0.10000000E+009  0.10000000E+009  0.10000000E+009  0.10000000E+009  0.10000000E+009  0.10000000E+009  0.10000000E+009  0.10000000E+009  0.10000000E+009  0.10000000E+009  0.10000000E+009  0.10000000E+009
  0.13329278E+001  0.10000000E+009  0.10000000E+009  0.10000000E+009  0.10000000E+009  0.10000000E+009  0.10000000E+009  0.10000000E+009  0.10000000E+009  0.10000000E+009  0.10000000E+009  0.10000000E+009  0.10000000E+009  0.10000000E+009  0.10000000E+009  0.10000000E+009  0.10000000E+009  0.10000000E+009  0.10000000E+009  0.10000000E+009  0.10000000E+009  0.10000000E+009  0.10000000E+009  0.10000000E+009  0.10000000E+009  0.10000000E+009  0.10000000E+009  0.10000000E+009  0.10000000E+009  0.10000000E+009  0.10000000E+009  0.10000000E+009  0.10000000E+009  0.10000000E+009  0.10000000E+009
  0.13329278E+001  0.10000000E+009  0.10000000E+009  0.10000000E+009  0.10000000E+009  0.10000000E+009  0.10000000E+009  0.10000000E+009  0.10000000E+009  0.10000000E+009  0.10000000E+009  0.10000000E+009  0.10000000E+009  0.10000000E+009  0.10000000E+009  0.10000000E+009  0.10000000E+009  0.10000000E+009  0.10000000E+009  0.10000000E+009  0.10000000E+009  0.10000000E+009  0.10000000E+009  0.10000000E+009  0.10000000E+009  0.10000000E+009  0.10000000E+009  0.10000000E+009  0.10000000E+009  0.10000000E+009  0.10000000E+009  0.10000000E+009  0.10000000E+009  0.10000000E+009  0.10000000E+009
  0.13329278E+001  0.10000000E+009  0.10000000E+009  0.10000000E+009  0.10000000E+009  0.10000000E+009  0.10000000E+009  0.10000000E+009  0.10000000E+009  0.10000000E+009  0.10000000E+009  0.10000000E+009  0.10000000E+009  0.10000000E+009  0.10000000E+009  0.10000000E+009  0.10000000E+009  0.10000000E+009  0.10000000E+009  0.10000000E+009  0.10000000E+009  0.10000000E+009  0.10000000E+009  0.10000000E+009  0.10000000E+009  0.10000000E+009  0.10000000E+009  0.10000000E+009  0.10000000E+009  0.10000000E+009  0.10000000E+009  0.10000000E+009  0.10000000E+009  0.10000000E+009  0.10000000E+009
  0.13329278E+001  0.10000000E+009  0.10000000E+009  0.10000000E+009  0.10000000E+009  0.10000000E+009  0.10000000E+009  0.10000000E+009  0.10000000E+009  0.10000000E+009  0.10000000E+009  0.10000000E+009  0.10000000E+009  0.10000000E+009  0.10000000E+009  0.10000000E+009  0.10000000E+009  0.10000000E+009  0.10000000E+009  0.10000000E+009  0.10000000E+009  0.10000000E+009  0.10000000E+009  0.10000000E+009  0.10000000E+009  0.10000000E+009  0.10000000E+009  0.10000000E+009  0.10000000E+009  0.10000000E+009  0.10000000E+009  0.10000000E+009  0.10000000E+009  0.10000000E+009  0.10000000E+009
  0.13329278E+001  0.10000000E+009  0.10000000E+009  0.10000000E+009  0.10000000E+009  0.10000000E+009  0.10000000E+009  0.10000000E+009  0.10000000E+009  0.10000000E+009  0.10000000E+009  0.10000000E+009  0.10000000E+009  0.10000000E+009  0.10000000E+009  0.10000000E+009  0.10000000E+009  0.10000000E+009  0.10000000E+009  0.10000000E+009  0.10000000E+009  0.10000000E+009  0.10000000E+009  0.10000000E+009  0.10000000E+009  0.10000000E+009  0.10000000E+009  0.10000000E+009  0.10000000E+009  0.10000000E+009  0.10000000E+009  0.10000000E+009  0.10000000E+009  0.10000000E+009  0.10000000E+009
  0.13329278E+001  0.10000000E+009  0.10000000E+009  0.10000000E+009  0.10000000E+009  0.10000000E+009  0.10000000E+009  0.10000000E+009  0.10000000E+009  0.10000000E+009  0.10000000E+009  0.10000000E+009  0.10000000E+009  0.10000000E+009  0.10000000E+009  0.10000000E+009  0.10000000E+009  0.10000000E+009  0.10000000E+009  0.10000000E+009  0.10000000E+009  0.10000000E+009  0.10000000E+009  0.10000000E+009  0.10000000E+009  0.10000000E+009  0.10000000E+009  0.10000000E+009  0.10000000E+009  0.10000000E+009  0.10000000E+009  0.10000000E+009  0.10000000E+009  0.10000000E+009  0.10000000E+009
  0.13329278E+001  0.10000000E+009  0.10000000E+009  0.10000000E+009  0.10000000E+009  0.10000000E+009  0.10000000E+009  0.10000000E+009  0.10000000E+009  0.10000000E+009  0.10000000E+009  0.10000000E+009  0.10000000E+009  0.10000000E+009  0.10000000E+009  0.10000000E+009  0.10000000E+009  0.10000000E+009  0.10000000E+009  0.10000000E+009  0.10000000E+009  0.10000000E+009  0.10000000E+009  0.10000000E+009  0.10000000E+009  0.10000000E+009  0.10000000E+009  0.10000000E+009  0.10000000E+009  0.10000000E+009  0.10000000E+009  0.10000000E+009  0.10000000E+009  0.10000000E+009  0.10000000E+009
  0.13329278E+001  0.10000000E+009  0.10000000E+009  0.10000000E+009  0.10000000E+009  0.10000000E+009  0.10000000E+009  0.10000000E+009  0.10000000E+009  0.10000000E+009  0.10000000E+009  0.10000000E+009  0.10000000E+009  0.10000000E+009  0.10000000E+009  0.10000000E+009  0.10000000E+009  0.10000000E+009  0.10000000E+009  0.10000000E+009  0.10000000E+009  0.10000000E+009  0.10000000E+009  0.10000000E+009  0.10000000E+009  0.10000000E+009  0.10000000E+009  0.10000000E+009  0.10000000E+009  0.10000000E+009  0.10000000E+009  0.10000000E+009  0.10000000E+009  0.10000000E+009  0.10000000E+009
  0.13329278E+001  0.10000000E+009  0.10000000E+009  0.10000000E+009  0.10000000E+009  0.10000000E+009  0.10000000E+009  0.10000000E+009  0.10000000E+009  0.10000000E+009  0.10000000E+009  0.10000000E+009  0.10000000E+009  0.10000000E+009  0.10000000E+009  0.10000000E+009  0.10000000E+009  0.10000000E+009  0.10000000E+009  0.10000000E+009  0.10000000E+009  0.10000000E+009  0.10000000E+009  0.10000000E+009  0.10000000E+009  0.10000000E+009  0.10000000E+009  0.10000000E+009  0.10000000E+009  0.10000000E+009  0.10000000E+009  0.10000000E+009  0.10000000E+009  0.10000000E+009  0.10000000E+009
  0.13329278E+001  0.10000000E+009  0.10000000E+009  0.10000000E+009  0.10000000E+009  0.10000000E+009  0.10000000E+009  0.10000000E+009  0.10000000E+009  0.10000000E+009  0.10000000E+009  0.10000000E+009  0.10000000E+009  0.10000000E+009  0.10000000E+009  0.10000000E+009  0.10000000E+009  0.10000000E+009  0.10000000E+009  0.10000000E+009  0.10000000E+009  0.10000000E+009  0.10000000E+009  0.10000000E+009  0.10000000E+009  0.10000000E+009  0.10000000E+009  0.10000000E+009  0.10000000E+009  0.10000000E+009  0.10000000E+009  0.10000000E+009  0.10000000E+009  0.10000000E+009  0.10000000E+009
  0.13329278E+001  0.10000000E+009  0.10000000E+009  0.10000000E+009  0.10000000E+009  0.10000000E+009  0.10000000E+009  0.10000000E+009  0.10000000E+009  0.10000000E+009  0.10000000E+009  0.10000000E+009  0.10000000E+009  0.10000000E+009  0.10000000E+009  0.10000000E+009  0.10000000E+009  0.10000000E+009  0.10000000E+009  0.10000000E+009  0.10000000E+009  0.10000000E+009  0.10000000E+009  0.10000000E+009  0.10000000E+009  0.10000000E+009  0.10000000E+009  0.10000000E+009  0.10000000E+009  0.10000000E+009  0.10000000E+009  0.10000000E+009  0.10000000E+009  0.10000000E+009  0.10000000E+009
  0.13329278E+001  0.10000000E+009  0.10000000E+009  0.10000000E+009  0.10000000E+009  0.10000000E+009  0.10000000E+009  0.10000000E+009  0.10000000E+009  0.10000000E+009  0.10000000E+009  0.10000000E+009  0.10000000E+009  0.10000000E+009  0.10000000E+009  0.10000000E+009  0.10000000E+009  0.10000000E+009  0.10000000E+009  0.10000000E+009  0.10000000E+009  0.10000000E+009  0.10000000E+009  0.10000000E+009  0.10000000E+009  0.10000000E+009  0.10000000E+009  0.10000000E+009  0.10000000E+009  0.10000000E+009  0.10000000E+009  0.10000000E+009  0.10000000E+009  0.10000000E+009  0.10000000E+009
  0.13329278E+001  0.10000000E+009  0.10000000E+009  0.10000000E+009  0.10000000E+009  0.10000000E+009  0.10000000E+009  0.10000000E+009  0.10000000E+009  0.10000000E+009  0.10000000E+009  0.10000000E+009  0.10000000E+009  0.10000000E+009  0.10000000E+009  0.10000000E+009  0.10000000E+009  0.10000000E+009  0.10000000E+009  0.10000000E+009  0.10000000E+009  0.10000000E+009  0.10000000E+009  0.10000000E+009  0.10000000E+009  0.10000000E+009  0.10000000E+009  0.10000000E+009  0.10000000E+009  0.10000000E+009  0.10000000E+009  0.10000000E+009  0.10000000E+009  0.10000000E+009  0.10000000E+009
  0.13329278E+001  0.10000000E+009  0.10000000E+009  0.10000000E+009  0.10000000E+009  0.10000000E+009  0.10000000E+009  0.10000000E+009  0.10000000E+009  0.10000000E+009  0.10000000E+009  0.10000000E+009  0.10000000E+009  0.10000000E+009  0.10000000E+009  0.10000000E+009  0.10000000E+009  0.10000000E+009  0.10000000E+009  0.10000000E+009  0.10000000E+009  0.10000000E+009  0.10000000E+009  0.10000000E+009  0.10000000E+009  0.10000000E+009  0.10000000E+009  0.10000000E+009  0.10000000E+009  0.10000000E+009  0.10000000E+009  0.10000000E+009  0.10000000E+009  0.10000000E+009  0.10000000E+009
  0.13329278E+001  0.10000000E+009  0.10000000E+009  0.10000000E+009  0.10000000E+009  0.10000000E+009  0.10000000E+009  0.10000000E+009  0.10000000E+009  0.10000000E+009  0.10000000E+009  0.10000000E+009  0.10000000E+009  0.10000000E+009  0.10000000E+009  0.10000000E+009  0.10000000E+009  0.10000000E+009  0.10000000E+009  0.10000000E+009  0.10000000E+009  0.10000000E+009  0.10000000E+009  0.10000000E+009  0.10000000E+009  0.10000000E+009  0.10000000E+009  0.10000000E+009  0.10000000E+009  0.10000000E+009  0.10000000E+009  0.10000000E+009  0.10000000E+009  0.10000000E+009  0.10000000E+009
  0.13329278E+001  0.10000000E+009  0.10000000E+009  0.10000000E+009  0.10000000E+009  0.10000000E+009  0.10000000E+009  0.10000000E+009  0.10000000E+009  0.10000000E+009  0.10000000E+009  0.10000000E+009  0.10000000E+009  0.10000000E+009  0.10000000E+009  0.10000000E+009  0.10000000E+009  0.10000000E+009  0.10000000E+009  0.10000000E+009  0.10000000E+009  0.10000000E+009  0.10000000E+009  0.10000000E+009  0.10000000E+009  0.10000000E+009  0.10000000E+009  0.10000000E+009  0.10000000E+009  0.10000000E+009  0.10000000E+009  0.10000000E+009  0.10000000E+009  0.10000000E+009  0.10000000E+009
  0.13329278E+001  0.10000000E+009  0.10000000E+009  0.10000000E+009  0.10000000E+009  0.10000000E+009  0.10000000E+009  0.10000000E+009  0.10000000E+009  0.10000000E+009  0.10000000E+009  0.10000000E+009  0.10000000E+009  0.10000000E+009  0.10000000E+009  0.10000000E+009  0.10000000E+009  0.10000000E+009  0.10000000E+009  0.10000000E+009  0.10000000E+009  0.10000000E+009  0.10000000E+009  0.10000000E+009  0.10000000E+009  0.10000000E+009  0.10000000E+009  0.10000000E+009  0.10000000E+009  0.10000000E+009  0.10000000E+009  0.10000000E+009  0.10000000E+009  0.10000000E+009  0.10000000E+009
  0.13329278E+001  0.10000000E+009  0.10000000E+009  0.10000000E+009  0.10000000E+009  0.10000000E+009  0.10000000E+009  0.10000000E+009  0.10000000E+009  0.10000000E+009  0.10000000E+009  0.10000000E+009  0.10000000E+009  0.10000000E+009  0.10000000E+009  0.10000000E+009  0.10000000E+009  0.10000000E+009  0.10000000E+009  0.10000000E+009  0.10000000E+009  0.10000000E+009  0.10000000E+009  0.10000000E+009  0.10000000E+009  0.10000000E+009  0.10000000E+009  0.10000000E+009  0.10000000E+009  0.10000000E+009  0.10000000E+009  0.10000000E+009  0.10000000E+009  0.10000000E+009  0.10000000E+009
  0.13329278E+001  0.10000000E+009  0.10000000E+009  0.10000000E+009  0.10000000E+009  0.10000000E+009  0.10000000E+009  0.10000000E+009  0.10000000E+009  0.10000000E+009  0.10000000E+009  0.10000000E+009  0.10000000E+009  0.10000000E+009  0.10000000E+009  0.10000000E+009  0.10000000E+009  0.10000000E+009  0.10000000E+009  0.10000000E+009  0.10000000E+009  0.10000000E+009  0.10000000E+009  0.10000000E+009  0.10000000E+009  0.10000000E+009  0.10000000E+009  0.10000000E+009  0.10000000E+009  0.10000000E+009  0.10000000E+009  0.10000000E+009  0.10000000E+009  0.10000000E+009  0.10000000E+009
  0.13329278E+001  0.10000000E+009  0.10000000E+009  0.10000000E+009  0.10000000E+009  0.10000000E+009  0.10000000E+009  0.10000000E+009  0.10000000E+009  0.10000000E+009  0.10000000E+009  0.10000000E+009  0.10000000E+009  0.10000000E+009  0.12667915E-268  0.37275890E-269  0.13511075E+001  0.10000000E+009  0.10000000E+009  0.10000000E+009  0.10000000E+009  0.10000000E+009  0.10000000E+009  0.10000000E+009  0.10000000E+009  0.10000000E+009  0.10000000E+009  0.73729097E-265  0.13309403E-264  0.14693670E+001  0.10000000E+009  0.16363008E-265  0.15367896E+001  0.10000000E+009  0.10000000E+009
  0.13329278E+001  0.10000000E+009  0.10000000E+009  0.10000000E+009  0.37323929E-253  0.63260897E-254  0.65376541E-254  0.13447895E+001  0.10000000E+009  0.10000000E+009  0.10000000E+009  0.10000000E+009  0.10000000E+009  0.11093892E-258  0.13480964E+001  0.95117334E-272  0.13511075E+001  0.10000000E+009  0.10000000E+009  0.10000000E+009  0.10000000E+009  0.10000000E+009  0.10000000E+009  0.10000000E+009  0.10000000E+009  0.10000000E+009  0.10000000E+009  0.10000000E+009  0.10000000E+009  0.10000000E+009  0.10000000E+009  0.10000000E+009  0.10000000E+009  0.10000000E+009  0.10000000E+009
  0.13329278E+001  0.10000000E+009  0.10000000E+009  0.10000000E+009  0.12524809E-253  0.31808360E-255  0.31788147E-255  0.31780315E-255  0.31783027E-255  0.13465965E+001  0.10000000E+009  0.10000000E+009  0.10000000E+009  0.10000000E+009  0.10000000E+009  0.10000000E+009  0.10000000E+009  0.10000000E+009  0.10000000E+009  0.10000000E+009  0.10000000E+009  0.10000000E+009  0.10000000E+009  0.10000000E+009  0.10000000E+009  0.10000000E+009  0.10000000E+009  0.10000000E+009  0.10000000E+009  0.10000000E+009  0.10000000E+009  0.10000000E+009  0.10000000E+009  0.10000000E+009  0.10000000E+009
  0.13329278E+001  0.10000000E+009  0.10000000E+009  0.10000000E+009  0.15938686E-263  0.14929572E-253  0.18570727E-253  0.13447895E+001  0.10000000E+009  0.10000000E+009  0.10000000E+009  0.10000000E+009  0.10000000E+009  0.10000000E+009  0.10000000E+009  0.10000000E+009  0.10000000E+009  0.10000000E+009  0.10000000E+009  0.10000000E+009  0.10000000E+009  0.10000000E+009  0.10000000E+009  0.10000000E+009  0.10000000E+009  0.10000000E+009  0.10000000E+009  0.10000000E+009  0.10000000E+009  0.10000000E+009  0.10000000E+009  0.10000000E+009  0.10000000E+009  0.10000000E+009  0.10000000E+009
