  0.52615438E+000  0.10000000E+009  0.10000000E+009  0.10000000E+009  0.10000000E+009  0.10000000E+009  0.10000000E+009  0.10000000E+009  0.10000000E+009  0.10000000E+009  0.10000000E+009  0.10000000E+009  0.10000000E+009  0.10000000E+009  0.10000000E+009  0.10000000E+009  0.10000000E+009  0.10000000E+009  0.10000000E+009  0.10000000E+009  0.10000000E+009  0.10000000E+009  0.10000000E+009  0.10000000E+009  0.10000000E+009  0.10000000E+009  0.10000000E+009  0.10000000E+009  0.10000000E+009  0.10000000E+009  0.10000000E+009  0.10000000E+009  0.10000000E+009  0.10000000E+009  0.10000000E+009
  0.52615438E+000  0.10000000E+009  0.10000000E+009  0.10000000E+009  0.10000000E+009  0.10000000E+009  0.10000000E+009  0.10000000E+009  0.10000000E+009  0.10000000E+009  0.10000000E+009  0.10000000E+009  0.10000000E+009  0.10000000E+009  0.10000000E+009  0.10000000E+009  0.10000000E+009  0.10000000E+009  0.10000000E+009  0.10000000E+009  0.10000000E+009  0.10000000E+009  0.10000000E+009  0.10000000E+009  0.10000000E+009  0.10000000E+009  0.10000000E+009  0.10000000E+009  0.10000000E+009  0.10000000E+009  0.10000000E+009  0.10000000E+009  0.10000000E+009  0.10000000E+009  0.10000000E+009
  0.52615438E+000  0.10000000E+009  0.10000000E+009  0.10000000E+009  0.10000000E+009  0.10000000E+009  0.10000000E+009  0.10000000E+009  0.10000000E+009  0.10000000E+009  0.10000000E+009  0.10000000E+009  0.10000000E+009  0.10000000E+009  0.10000000E+009  0.10000000E+009  0.10000000E+009  0.10000000E+009  0.10000000E+009  0.10000000E+009  0.10000000E+009  0.10000000E+009  0.10000000E+009  0.10000000E+009  0.10000000E+009  0.10000000E+009  0.10000000E+009  0.10000000E+009  0.10000000E+009  0.10000000E+009  0.10000000E+009  0.10000000E+009  0.10000000E+009  0.10000000E+009  0.10000000E+009
  0.52615438E+000  0.10000000E+009  0.10000000E+009  0.10000000E+009  0.10000000E+009  0.10000000E+009  0.10000000E+009  0.10000000E+009  0.10000000E+009  0.10000000E+009  0.10000000E+009  0.10000000E+009  0.10000000E+009  0.10000000E+009  0.10000000E+009  0.10000000E+009  0.10000000E+009  0.10000000E+009  0.10000000E+009  0.10000000E+009  0.10000000E+009  0.10000000E+009  0.10000000E+009  0.10000000E+009  0.10000000E+009  0.10000000E+009  0.10000000E+009  0.10000000E+009  0.10000000E+009  0.10000000E+009  0.10000000E+009  0.10000000E+009  0.10000000E+009  0.10000000E+009  0.10000000E+009
  0.52615438E+000  0.10000000E+009  0.10000000E+009  0.10000000E+009  0.10000000E+009  0.10000000E+009  0.10000000E+009  0.10000000E+009  0.10000000E+009  0.10000000E+009  0.10000000E+009  0.10000000E+009  0.10000000E+009  0.10000000E+009  0.10000000E+009  0.10000000E+009  0.10000000E+009  0.10000000E+009  0.10000000E+009  0.10000000E+009  0.10000000E+009  0.10000000E+009  0.10000000E+009  0.10000000E+009  0.10000000E+009  0.10000000E+009  0.10000000E+009  0.10000000E+009  0.10000000E+009  0.10000000E+009  0.10000000E+009  0.10000000E+009  0.10000000E+009  0.10000000E+009  0.10000000E+009
  0.52615438E+000  0.10000000E+009  0.10000000E+009  0.10000000E+009  0.10000000E+009  0.10000000E+009  0.10000000E+009  0.10000000E+009  0.10000000E+009  0.10000000E+009  0.10000000E+009  0.10000000E+009  0.10000000E+009  0.10000000E+009  0.10000000E+009  0.10000000E+009  0.10000000E+009  0.10000000E+009  0.10000000E+009  0.10000000E+009  0.10000000E+009  0.10000000E+009  0.10000000E+009  0.10000000E+009  0.10000000E+009  0.10000000E+009  0.10000000E+009  0.10000000E+009  0.10000000E+009  0.10000000E+009  0.10000000E+009  0.10000000E+009  0.10000000E+009  0.10000000E+009  0.10000000E+009
  0.52615438E+000  0.10000000E+009  0.10000000E+009  0.10000000E+009  0.10000000E+009  0.10000000E+009  0.10000000E+009  0.10000000E+009  0.10000000E+009  0.10000000E+009  0.10000000E+009  0.10000000E+009  0.10000000E+009  0.10000000E+009  0.10000000E+009  0.10000000E+009  0.10000000E+009  0.10000000E+009  0.10000000E+009  0.10000000E+009  0.10000000E+009  0.10000000E+009  0.10000000E+009  0.10000000E+009  0.10000000E+009  0.10000000E+009  0.10000000E+009  0.10000000E+009  0.10000000E+009  0.10000000E+009  0.10000000E+009  0.10000000E+009  0.10000000E+009  0.10000000E+009  0.10000000E+009
  0.52615438E+000  0.10000000E+009  0.10000000E+009  0.10000000E+009  0.10000000E+009  0.10000000E+009  0.10000000E+009  0.10000000E+009  0.10000000E+009  0.10000000E+009  0.10000000E+009  0.10000000E+009  0.10000000E+009  0.10000000E+009  0.10000000E+009  0.10000000E+009  0.10000000E+009  0.10000000E+009  0.10000000E+009  0.10000000E+009  0.10000000E+009  0.10000000E+009  0.10000000E+009  0.10000000E+009  0.10000000E+009  0.10000000E+009  0.10000000E+009  0.10000000E+009  0.10000000E+009  0.10000000E+009  0.10000000E+009  0.10000000E+009  0.10000000E+009  0.10000000E+009  0.10000000E+009
  0.52615438E+000  0.10000000E+009  0.10000000E+009  0.10000000E+009  0.10000000E+009  0.10000000E+009  0.10000000E+009  0.10000000E+009  0.10000000E+009  0.10000000E+009  0.10000000E+009  0.10000000E+009  0.10000000E+009  0.10000000E+009  0.10000000E+009  0.10000000E+009  0.10000000E+009  0.10000000E+009  0.10000000E+009  0.10000000E+009  0.10000000E+009  0.10000000E+009  0.10000000E+009  0.10000000E+009  0.10000000E+009  0.10000000E+009  0.10000000E+009  0.10000000E+009  0.10000000E+009  0.10000000E+009  0.10000000E+009  0.10000000E+009  0.10000000E+009  0.10000000E+009  0.10000000E+009
  0.52615438E+000  0.10000000E+009  0.10000000E+009  0.10000000E+009  0.10000000E+009  0.10000000E+009  0.10000000E+009  0.10000000E+009  0.10000000E+009  0.10000000E+009  0.10000000E+009  0.10000000E+009  0.10000000E+009  0.10000000E+009  0.10000000E+009  0.10000000E+009  0.10000000E+009  0.10000000E+009  0.10000000E+009  0.10000000E+009  0.10000000E+009  0.10000000E+009  0.10000000E+009  0.10000000E+009  0.10000000E+009  0.10000000E+009  0.10000000E+009  0.10000000E+009  0.10000000E+009  0.10000000E+009  0.10000000E+009  0.10000000E+009  0.10000000E+009  0.10000000E+009  0.10000000E+009
  0.52615438E+000  0.10000000E+009  0.10000000E+009  0.10000000E+009  0.10000000E+009  0.10000000E+009  0.10000000E+009  0.10000000E+009  0.10000000E+009  0.10000000E+009  0.10000000E+009  0.10000000E+009  0.10000000E+009  0.10000000E+009  0.10000000E+009  0.10000000E+009  0.10000000E+009  0.10000000E+009  0.10000000E+009  0.10000000E+009  0.10000000E+009  0.10000000E+009  0.10000000E+009  0.10000000E+009  0.10000000E+009  0.10000000E+009  0.10000000E+009  0.10000000E+009  0.10000000E+009  0.10000000E+009  0.10000000E+009  0.10000000E+009  0.10000000E+009  0.10000000E+009  0.10000000E+009
  0.52615438E+000  0.10000000E+009  0.10000000E+009  0.10000000E+009  0.10000000E+009  0.10000000E+009  0.10000000E+009  0.10000000E+009  0.10000000E+009  0.10000000E+009  0.10000000E+009  0.10000000E+009  0.10000000E+009  0.10000000E+009  0.10000000E+009  0.10000000E+009  0.10000000E+009  0.10000000E+009  0.10000000E+009  0.10000000E+009  0.10000000E+009  0.10000000E+009  0.10000000E+009  0.10000000E+009  0.10000000E+009  0.10000000E+009  0.10000000E+009  0.10000000E+009  0.10000000E+009  0.10000000E+009  0.10000000E+009  0.10000000E+009  0.10000000E+009  0.10000000E+009  0.10000000E+009
  0.52615438E+000  0.10000000E+009  0.10000000E+009  0.10000000E+009  0.10000000E+009  0.10000000E+009  0.10000000E+009  0.10000000E+009  0.10000000E+009  0.10000000E+009  0.10000000E+009  0.10000000E+009  0.10000000E+009  0.10000000E+009  0.10000000E+009  0.10000000E+009  0.10000000E+009  0.10000000E+009  0.10000000E+009  0.10000000E+009  0.10000000E+009  0.10000000E+009  0.10000000E+009  0.10000000E+009  0.10000000E+009  0.10000000E+009  0.10000000E+009  0.10000000E+009  0.10000000E+009  0.10000000E+009  0.10000000E+009  0.10000000E+009  0.10000000E+009  0.10000000E+009  0.10000000E+009
  0.52615438E+000  0.10000000E+009  0.10000000E+009  0.10000000E+009  0.10000000E+009  0.10000000E+009  0.10000000E+009  0.10000000E+009  0.10000000E+009  0.10000000E+009  0.10000000E+009  0.10000000E+009  0.10000000E+009  0.10000000E+009  0.10000000E+009  0.10000000E+009  0.10000000E+009  0.10000000E+009  0.10000000E+009  0.10000000E+009  0.10000000E+009  0.10000000E+009  0.10000000E+009  0.10000000E+009  0.10000000E+009  0.10000000E+009  0.10000000E+009  0.10000000E+009  0.10000000E+009  0.10000000E+009  0.10000000E+009  0.10000000E+009  0.10000000E+009  0.10000000E+009  0.10000000E+009
  0.52615438E+000  0.10000000E+009  0.10000000E+009  0.10000000E+009  0.10000000E+009  0.10000000E+009  0.10000000E+009  0.10000000E+009  0.10000000E+009  0.10000000E+009  0.10000000E+009  0.10000000E+009  0.10000000E+009  0.10000000E+009  0.10000000E+009  0.10000000E+009  0.10000000E+009  0.10000000E+009  0.10000000E+009  0.10000000E+009  0.10000000E+009  0.10000000E+009  0.10000000E+009  0.10000000E+009  0.10000000E+009  0.10000000E+009  0.10000000E+009  0.10000000E+009  0.10000000E+009  0.10000000E+009  0.10000000E+009  0.10000000E+009  0.10000000E+009  0.10000000E+009  0.10000000E+009
  0.52615438E+000  0.10000000E+009  0.10000000E+009  0.10000000E+009  0.10000000E+009  0.10000000E+009  0.10000000E+009  0.10000000E+009  0.10000000E+009  0.10000000E+009  0.10000000E+009  0.10000000E+009  0.10000000E+009  0.10000000E+009  0.10000000E+009  0.10000000E+009  0.10000000E+009  0.10000000E+009  0.10000000E+009  0.10000000E+009  0.10000000E+009  0.10000000E+009  0.10000000E+009  0.10000000E+009  0.10000000E+009  0.10000000E+009  0.10000000E+009  0.10000000E+009  0.10000000E+009  0.10000000E+009  0.10000000E+009  0.10000000E+009  0.10000000E+009  0.10000000E+009  0.10000000E+009
  0.52615438E+000  0.10000000E+009  0.10000000E+009  0.10000000E+009  0.10000000E+009  0.10000000E+009  0.10000000E+009  0.10000000E+009  0.10000000E+009  0.10000000E+009  0.10000000E+009  0.10000000E+009  0.10000000E+009  0.10000000E+009  0.10000000E+009  0.10000000E+009  0.10000000E+009  0.10000000E+009  0.10000000E+009  0.10000000E+009  0.10000000E+009  0.10000000E+009  0.10000000E+009  0.10000000E+009  0.10000000E+009  0.10000000E+009  0.10000000E+009  0.10000000E+009  0.10000000E+009  0.10000000E+009  0.10000000E+009  0.10000000E+009  0.10000000E+009  0.10000000E+009  0.10000000E+009
  0.52615438E+000  0.10000000E+009  0.10000000E+009  0.10000000E+009  0.10000000E+009  0.10000000E+009  0.10000000E+009  0.10000000E+009  0.10000000E+009  0.10000000E+009  0.10000000E+009  0.10000000E+009  0.10000000E+009  0.10000000E+009  0.10000000E+009  0.10000000E+009  0.10000000E+009  0.10000000E+009  0.10000000E+009  0.10000000E+009  0.10000000E+009  0.10000000E+009  0.10000000E+009  0.10000000E+009  0.10000000E+009  0.10000000E+009  0.10000000E+009  0.10000000E+009  0.10000000E+009  0.10000000E+009  0.10000000E+009  0.10000000E+009  0.10000000E+009  0.10000000E+009  0.10000000E+009
  0.52615438E+000  0.10000000E+009  0.10000000E+009  0.10000000E+009  0.10000000E+009  0.10000000E+009  0.10000000E+009  0.10000000E+009  0.10000000E+009  0.10000000E+009  0.10000000E+009  0.10000000E+009  0.10000000E+009  0.10000000E+009  0.10000000E+009  0.10000000E+009  0.10000000E+009  0.10000000E+009  0.10000000E+009  0.10000000E+009  0.10000000E+009  0.10000000E+009  0.10000000E+009  0.10000000E+009  0.10000000E+009  0.10000000E+009  0.10000000E+009  0.10000000E+009  0.10000000E+009  0.10000000E+009  0.10000000E+009  0.10000000E+009  0.10000000E+009  0.10000000E+009  0.10000000E+009
  0.52615438E+000  0.10000000E+009  0.10000000E+009  0.10000000E+009  0.10000000E+009  0.10000000E+009  0.10000000E+009  0.10000000E+009  0.10000000E+009  0.10000000E+009  0.10000000E+009  0.10000000E+009  0.10000000E+009  0.10000000E+009  0.10000000E+009  0.10000000E+009  0.10000000E+009  0.10000000E+009  0.10000000E+009  0.10000000E+009  0.10000000E+009  0.10000000E+009  0.10000000E+009  0.10000000E+009  0.10000000E+009  0.10000000E+009  0.10000000E+009  0.10000000E+009  0.10000000E+009  0.10000000E+009  0.10000000E+009  0.10000000E+009  0.10000000E+009  0.10000000E+009  0.10000000E+009
  0.52615438E+000  0.10000000E+009  0.10000000E+009  0.10000000E+009  0.10000000E+009  0.10000000E+009  0.10000000E+009  0.10000000E+009  0.10000000E+009  0.10000000E+009  0.10000000E+009  0.10000000E+009  0.10000000E+009  0.10000000E+009  0.10000000E+009  0.10000000E+009  0.10000000E+009  0.10000000E+009  0.10000000E+009  0.10000000E+009  0.10000000E+009  0.10000000E+009  0.10000000E+009  0.10000000E+009  0.10000000E+009  0.10000000E+009  0.10000000E+009  0.10000000E+009  0.10000000E+009  0.10000000E+009  0.10000000E+009  0.10000000E+009  0.10000000E+009  0.10000000E+009  0.10000000E+009
  0.52615438E+000  0.10000000E+009  0.10000000E+009  0.10000000E+009  0.10000000E+009  0.10000000E+009  0.10000000E+009  0.10000000E+009  0.10000000E+009  0.10000000E+009  0.10000000E+009  0.10000000E+009  0.10000000E+009  0.10000000E+009  0.10000000E+009  0.10000000E+009  0.10000000E+009  0.10000000E+009  0.10000000E+009  0.10000000E+009  0.10000000E+009  0.10000000E+009  0.10000000E+009  0.10000000E+009  0.10000000E+009  0.10000000E+009  0.10000000E+009  0.10000000E+009  0.10000000E+009  0.10000000E+009  0.10000000E+009  0.10000000E+009  0.10000000E+009  0.10000000E+009  0.10000000E+009
  0.52615438E+000  0.10000000E+009  0.10000000E+009  0.10000000E+009  0.10000000E+009  0.10000000E+009  0.10000000E+009  0.10000000E+009  0.10000000E+009  0.10000000E+009  0.10000000E+009  0.10000000E+009  0.10000000E+009  0.10000000E+009  0.10000000E+009  0.10000000E+009  0.10000000E+009  0.10000000E+009  0.10000000E+009  0.10000000E+009  0.10000000E+009  0.10000000E+009  0.10000000E+009  0.10000000E+009  0.10000000E+009  0.10000000E+009  0.10000000E+009  0.10000000E+009  0.10000000E+009  0.10000000E+009  0.10000000E+009  0.10000000E+009  0.10000000E+009  0.10000000E+009  0.10000000E+009
  0.52615438E+000  0.10000000E+009  0.10000000E+009  0.10000000E+009  0.10000000E+009  0.10000000E+009  0.10000000E+009  0.10000000E+009  0.10000000E+009  0.10000000E+009  0.10000000E+009  0.10000000E+009  0.10000000E+009  0.10000000E+009  0.10000000E+009  0.10000000E+009  0.10000000E+009  0.10000000E+009  0.10000000E+009  0.12549243E-259  0.10931231E-259  0.44446312E-256  0.44443221E-256  0.44439689E-256  0.44435550E-256  0.44431087E-256  0.44412201E-256  0.44396907E-256  0.49051808E-256  0.48312909E-256  0.47530944E-256  0.37855033E-256  0.37019911E-256  0.36156730E-256  0.82700912E+000
  0.52615438E+000  0.10000000E+009  0.10000000E+009  0.10000000E+009  0.10000000E+009  0.10000000E+009  0.10000000E+009  0.10000000E+009  0.10000000E+009  0.10000000E+009  0.10000000E+009  0.10000000E+009  0.10000000E+009  0.10000000E+009  0.10000000E+009  0.10000000E+009  0.10000000E+009  0.10000000E+009  0.10000000E+009  0.24384689E-265  0.33382392E-264  0.40539959E-255  0.20420884E-255  0.13031023E-255  0.85078068E-256  0.38982440E-255  0.11941605E-255  0.54535637E-256  0.65688078E+000  0.63348369E-263  0.63674408E-263  0.42780443E-264  0.42671527E-263  0.42745701E-263  0.82700912E+000
