  0.00000000E+000  0.00000000E+000  0.00000000E+000  0.00000000E+000  0.00000000E+000  0.00000000E+000  0.00000000E+000  0.00000000E+000  0.00000000E+000  0.00000000E+000  0.00000000E+000  0.00000000E+000  0.00000000E+000  0.00000000E+000  0.00000000E+000  0.00000000E+000  0.00000000E+000  0.00000000E+000  0.00000000E+000  0.00000000E+000  0.00000000E+000  0.00000000E+000  0.00000000E+000  0.00000000E+000  0.00000000E+000  0.00000000E+000  0.00000000E+000  0.00000000E+000  0.00000000E+000  0.00000000E+000  0.00000000E+000  0.00000000E+000  0.00000000E+000  0.00000000E+000  0.00000000E+000
 -0.16040949E-036 -0.16040949E-036 -0.16040949E-036 -0.16040949E-036 -0.16040949E-036 -0.16040949E-036 -0.16040949E-036 -0.16040949E-036 -0.16040949E-036 -0.16040949E-036 -0.16040949E-036 -0.16040949E-036 -0.16040949E-036 -0.16040949E-036 -0.16040949E-036 -0.16040949E-036 -0.16040949E-036 -0.16040949E-036 -0.16040949E-036 -0.16040949E-036 -0.16040949E-036 -0.16040949E-036 -0.16040949E-036 -0.16040949E-036 -0.16040949E-036 -0.16040949E-036 -0.16040949E-036 -0.16040949E-036 -0.16040949E-036 -0.16040949E-036 -0.16040949E-036 -0.16040949E-036 -0.16040949E-036 -0.16040949E-036 -0.16040949E-036
 -0.72975776E-034 -0.72975776E-034 -0.72975776E-034 -0.72975776E-034 -0.72975776E-034 -0.72975776E-034 -0.72975776E-034 -0.72975776E-034 -0.72975776E-034 -0.72975776E-034 -0.72975776E-034 -0.72975776E-034 -0.72975776E-034 -0.72975776E-034 -0.72975776E-034 -0.72975776E-034 -0.72975776E-034 -0.72975776E-034 -0.72975776E-034 -0.72975776E-034 -0.72975776E-034 -0.72975776E-034 -0.72975776E-034 -0.72975776E-034 -0.72975776E-034 -0.72975776E-034 -0.72975776E-034 -0.72975776E-034 -0.72975776E-034 -0.72975776E-034 -0.72975776E-034 -0.72975776E-034 -0.72975776E-034 -0.72975776E-034 -0.72975776E-034
 -0.15856874E-031 -0.15856874E-031 -0.15856874E-031 -0.15856874E-031 -0.15856874E-031 -0.15856874E-031 -0.15856874E-031 -0.15856874E-031 -0.15856874E-031 -0.15856874E-031 -0.15856874E-031 -0.15856874E-031 -0.15856874E-031 -0.15856874E-031 -0.15856874E-031 -0.15856874E-031 -0.15856874E-031 -0.15856874E-031 -0.15856874E-031 -0.15856874E-031 -0.15856874E-031 -0.15856874E-031 -0.15856874E-031 -0.15856874E-031 -0.15856874E-031 -0.15856874E-031 -0.15856874E-031 -0.15856874E-031 -0.15856874E-031 -0.15856874E-031 -0.15856874E-031 -0.15856874E-031 -0.15856874E-031 -0.15856874E-031 -0.15856874E-031
 -0.21885116E-029 -0.21885116E-029 -0.21885116E-029 -0.21885116E-029 -0.21885116E-029 -0.21885116E-029 -0.21885116E-029 -0.21885116E-029 -0.21885116E-029 -0.21885116E-029 -0.21885116E-029 -0.21885116E-029 -0.21885116E-029 -0.21885116E-029 -0.21885116E-029 -0.21885116E-029 -0.21885116E-029 -0.21885116E-029 -0.21885116E-029 -0.21885116E-029 -0.21885116E-029 -0.21885116E-029 -0.21885116E-029 -0.21885116E-029 -0.21885116E-029 -0.21885116E-029 -0.21885116E-029 -0.21885116E-029 -0.21885116E-029 -0.21885116E-029 -0.21885116E-029 -0.21885116E-029 -0.21885116E-029 -0.21885116E-029 -0.21885116E-029
 -0.21521178E-027 -0.21521178E-027 -0.21521178E-027 -0.21521178E-027 -0.21521178E-027 -0.21521178E-027 -0.21521178E-027 -0.21521178E-027 -0.21521178E-027 -0.21521178E-027 -0.21521178E-027 -0.21521178E-027 -0.21521178E-027 -0.21521178E-027 -0.21521178E-027 -0.21521178E-027 -0.21521178E-027 -0.21521178E-027 -0.21521178E-027 -0.21521178E-027 -0.21521178E-027 -0.21521178E-027 -0.21521178E-027 -0.21521178E-027 -0.21521178E-027 -0.21521178E-027 -0.21521178E-027 -0.21521178E-027 -0.21521178E-027 -0.21521178E-027 -0.21521178E-027 -0.21521178E-027 -0.21521178E-027 -0.21521178E-027 -0.21521178E-027
 -0.16032316E-025 -0.16032316E-025 -0.16032316E-025 -0.16032316E-025 -0.16032316E-025 -0.16032316E-025 -0.16032316E-025 -0.16032316E-025 -0.16032316E-025 -0.16032316E-025 -0.16032316E-025 -0.16032316E-025 -0.16032316E-025 -0.16032316E-025 -0.16032316E-025 -0.16032316E-025 -0.16032316E-025 -0.16032316E-025 -0.16032316E-025 -0.16032316E-025 -0.16032316E-025 -0.16032316E-025 -0.16032316E-025 -0.16032316E-025 -0.16032316E-025 -0.16032316E-025 -0.16032316E-025 -0.16032316E-025 -0.16032316E-025 -0.16032316E-025 -0.16032316E-025 -0.16032316E-025 -0.16032316E-025 -0.16032316E-025 -0.16032316E-025
 -0.93907353E-024 -0.93907353E-024 -0.93907353E-024 -0.93907353E-024 -0.93907353E-024 -0.93907353E-024 -0.93907353E-024 -0.93907353E-024 -0.93907353E-024 -0.93907353E-024 -0.93907353E-024 -0.93907353E-024 -0.93907353E-024 -0.93907353E-024 -0.93907353E-024 -0.93907353E-024 -0.93907353E-024 -0.93907353E-024 -0.93907353E-024 -0.93907353E-024 -0.93907353E-024 -0.93907353E-024 -0.93907353E-024 -0.93907353E-024 -0.93907353E-024 -0.93907353E-024 -0.93907353E-024 -0.93907353E-024 -0.93907353E-024 -0.93907353E-024 -0.93907353E-024 -0.93907353E-024 -0.93907353E-024 -0.93907353E-024 -0.93907353E-024
 -0.44304197E-022 -0.44304197E-022 -0.44304197E-022 -0.44304197E-022 -0.44304197E-022 -0.44304197E-022 -0.44304197E-022 -0.44304197E-022 -0.44304197E-022 -0.44304197E-022 -0.44304197E-022 -0.44304197E-022 -0.44304197E-022 -0.44304197E-022 -0.44304197E-022 -0.44304197E-022 -0.44304197E-022 -0.44304197E-022 -0.44304197E-022 -0.44304197E-022 -0.44304197E-022 -0.44304197E-022 -0.44304197E-022 -0.44304197E-022 -0.44304197E-022 -0.44304197E-022 -0.44304197E-022 -0.44304197E-022 -0.44304197E-022 -0.44304197E-022 -0.44304197E-022 -0.44304197E-022 -0.44304197E-022 -0.44304197E-022 -0.44304197E-022
 -0.17107527E-020 -0.17107527E-020 -0.17107527E-020 -0.17107527E-020 -0.17107527E-020 -0.17107527E-020 -0.17107527E-020 -0.17107527E-020 -0.17107527E-020 -0.17107527E-020 -0.17107527E-020 -0.17107527E-020 -0.17107527E-020 -0.17107527E-020 -0.17107527E-020 -0.17107527E-020 -0.17107527E-020 -0.17107527E-020 -0.17107527E-020 -0.17107527E-020 -0.17107527E-020 -0.17107527E-020 -0.17107527E-020 -0.17107527E-020 -0.17107527E-020 -0.17107527E-020 -0.17107527E-020 -0.17107527E-020 -0.17107527E-020 -0.17107527E-020 -0.17107527E-020 -0.17107527E-020 -0.17107527E-020 -0.17107527E-020 -0.17107527E-020
 -0.48690542E-018 -0.48690542E-018 -0.48690542E-018 -0.48690542E-018 -0.48690542E-018 -0.48690542E-018 -0.48690542E-018 -0.48690542E-018 -0.48690542E-018 -0.48690542E-018 -0.48690542E-018 -0.48690542E-018 -0.48690542E-018 -0.48690542E-018 -0.48690542E-018 -0.48690542E-018 -0.48690542E-018 -0.48690542E-018 -0.48690542E-018 -0.48690542E-018 -0.48690542E-018 -0.48690542E-018 -0.48690542E-018 -0.48690542E-018 -0.48690542E-018 -0.48690542E-018 -0.48690542E-018 -0.48690542E-018 -0.48690542E-018 -0.48690542E-018 -0.48690542E-018 -0.48690542E-018 -0.48690542E-018 -0.48690542E-018 -0.48690542E-018
 -0.11080088E-015 -0.11080088E-015 -0.11080088E-015 -0.11080088E-015 -0.11080088E-015 -0.11080088E-015 -0.11080088E-015 -0.11080088E-015 -0.11080088E-015 -0.11080088E-015 -0.11080088E-015 -0.11080088E-015 -0.11080088E-015 -0.11080088E-015 -0.11080088E-015 -0.11080088E-015 -0.11080088E-015 -0.11080088E-015 -0.11080088E-015 -0.11080088E-015 -0.11080088E-015 -0.11080088E-015 -0.11080088E-015 -0.11080088E-015 -0.11080088E-015 -0.11080088E-015 -0.11080088E-015 -0.11080088E-015 -0.11080088E-015 -0.11080088E-015 -0.11080088E-015 -0.11080088E-015 -0.11080088E-015 -0.11080088E-015 -0.11080088E-015
 -0.20291850E-013 -0.20291850E-013 -0.20291850E-013 -0.20291850E-013 -0.20291850E-013 -0.20291850E-013 -0.20291850E-013 -0.20291850E-013 -0.20291850E-013 -0.20291850E-013 -0.20291850E-013 -0.20291850E-013 -0.20291850E-013 -0.20291850E-013 -0.20291850E-013 -0.20291850E-013 -0.20291850E-013 -0.20291850E-013 -0.20291850E-013 -0.20291850E-013 -0.20291850E-013 -0.20291850E-013 -0.20291850E-013 -0.20291850E-013 -0.20291850E-013 -0.20291850E-013 -0.20291850E-013 -0.20291850E-013 -0.20291850E-013 -0.20291850E-013 -0.20291850E-013 -0.20291850E-013 -0.20291850E-013 -0.20291850E-013 -0.20291850E-013
 -0.29940678E-011 -0.29940678E-011 -0.29940678E-011 -0.29940678E-011 -0.29940678E-011 -0.29940678E-011 -0.29940678E-011 -0.29940678E-011 -0.29940678E-011 -0.29940678E-011 -0.29940678E-011 -0.29940678E-011 -0.29940678E-011 -0.29940678E-011 -0.29940678E-011 -0.29940678E-011 -0.29940678E-011 -0.29940678E-011 -0.29940678E-011 -0.29940678E-011 -0.29940678E-011 -0.29940678E-011 -0.29940678E-011 -0.29940678E-011 -0.29940678E-011 -0.29940678E-011 -0.29940678E-011 -0.29940678E-011 -0.29940678E-011 -0.29940678E-011 -0.29940678E-011 -0.29940678E-011 -0.29940678E-011 -0.29940678E-011 -0.29940678E-011
 -0.35438706E-009 -0.35438706E-009 -0.35438706E-009 -0.35438706E-009 -0.35438706E-009 -0.35438706E-009 -0.35438706E-009 -0.35438706E-009 -0.35438706E-009 -0.35438706E-009 -0.35438706E-009 -0.35438706E-009 -0.35438706E-009 -0.35438706E-009 -0.35438706E-009 -0.35438706E-009 -0.35438706E-009 -0.35438706E-009 -0.35438706E-009 -0.35438706E-009 -0.35438706E-009 -0.35438706E-009 -0.35438706E-009 -0.35438706E-009 -0.35438706E-009 -0.35438706E-009 -0.35438706E-009 -0.35438706E-009 -0.35438706E-009 -0.35438706E-009 -0.35438706E-009 -0.35438706E-009 -0.35438706E-009 -0.35438706E-009 -0.35438706E-009
 -0.33291815E-007 -0.33291815E-007 -0.33291815E-007 -0.33291815E-007 -0.33291815E-007 -0.33291815E-007 -0.33291815E-007 -0.33291815E-007 -0.33291815E-007 -0.33291815E-007 -0.33291815E-007 -0.33291815E-007 -0.33291815E-007 -0.33291815E-007 -0.33291815E-007 -0.33291815E-007 -0.33291815E-007 -0.33291815E-007 -0.33291815E-007 -0.33291815E-007 -0.33291815E-007 -0.33291815E-007 -0.33291815E-007 -0.33291815E-007 -0.33291815E-007 -0.33291815E-007 -0.33291815E-007 -0.33291815E-007 -0.33291815E-007 -0.33291815E-007 -0.33291815E-007 -0.33291815E-007 -0.33291815E-007 -0.33291815E-007 -0.33291815E-007
 -0.24351661E-005 -0.24351661E-005 -0.24351661E-005 -0.24351661E-005 -0.24351661E-005 -0.24351661E-005 -0.24351661E-005 -0.24351661E-005 -0.24351661E-005 -0.24351661E-005 -0.24351661E-005 -0.24351661E-005 -0.24351661E-005 -0.24351661E-005 -0.24351661E-005 -0.24351661E-005 -0.24351661E-005 -0.24351661E-005 -0.24351661E-005 -0.24351661E-005 -0.24351661E-005 -0.24351661E-005 -0.24351661E-005 -0.24351661E-005 -0.24351661E-005 -0.24351661E-005 -0.24351661E-005 -0.24351661E-005 -0.24351661E-005 -0.24351661E-005 -0.24351661E-005 -0.24351661E-005 -0.24351661E-005 -0.24351661E-005 -0.24351661E-005
 -0.13428325E-003 -0.13428325E-003 -0.13428325E-003 -0.13428325E-003 -0.13428325E-003 -0.13428325E-003 -0.13428325E-003 -0.13428325E-003 -0.13428325E-003 -0.13428325E-003 -0.13428325E-003 -0.13428325E-003 -0.13428325E-003 -0.13428325E-003 -0.13428325E-003 -0.13428325E-003 -0.13428325E-003 -0.13428325E-003 -0.13428325E-003 -0.13428325E-003 -0.13428325E-003 -0.13428325E-003 -0.13428325E-003 -0.13428325E-003 -0.13428325E-003 -0.13428325E-003 -0.13428325E-003 -0.13428325E-003 -0.13428325E-003 -0.13428325E-003 -0.13428325E-003 -0.13428325E-003 -0.13428325E-003 -0.13428325E-003 -0.13428325E-003
 -0.52760451E-002 -0.52760451E-002 -0.52760451E-002 -0.52760451E-002 -0.52760451E-002 -0.52760451E-002 -0.52760451E-002 -0.52760451E-002 -0.52760451E-002 -0.52760451E-002 -0.52760451E-002 -0.52760451E-002 -0.52760451E-002 -0.52760451E-002 -0.52760451E-002 -0.52760451E-002 -0.52760451E-002 -0.52760451E-002 -0.52760451E-002 -0.52760451E-002 -0.52760451E-002 -0.52760451E-002 -0.52760451E-002 -0.52760451E-002 -0.52760451E-002 -0.52760451E-002 -0.52760451E-002 -0.52760451E-002 -0.52760451E-002 -0.52760451E-002 -0.52760451E-002 -0.52760451E-002 -0.52760451E-002 -0.52760451E-002 -0.52760451E-002
 -0.13199431E+000 -0.13199431E+000 -0.13199431E+000 -0.13199431E+000 -0.13199431E+000 -0.13199431E+000 -0.13199431E+000 -0.13199431E+000 -0.13199431E+000 -0.13199431E+000 -0.13199431E+000 -0.13199431E+000 -0.13199431E+000 -0.13199431E+000 -0.13199431E+000 -0.13199431E+000 -0.13199431E+000 -0.13199431E+000 -0.13199431E+000 -0.13199431E+000 -0.13199431E+000 -0.13199431E+000 -0.13199431E+000 -0.13199431E+000 -0.13199431E+000 -0.13199431E+000 -0.13199431E+000 -0.13199431E+000 -0.13199431E+000 -0.13199431E+000 -0.13199431E+000 -0.13199431E+000 -0.13199431E+000 -0.13199431E+000 -0.13199431E+000
 -0.15272064E+001 -0.15272064E+001 -0.15272064E+001 -0.15270866E+001 -0.15268887E+001 -0.15266005E+001 -0.15261966E+001 -0.15259987E+001 -0.15258309E+001 -0.15257523E+001 -0.15257354E+001 -0.15257354E+001 -0.15257354E+001 -0.15257354E+001 -0.15257354E+001 -0.15257354E+001 -0.15257354E+001 -0.15257354E+001 -0.15257354E+001 -0.15257354E+001 -0.15257354E+001 -0.15257354E+001 -0.15257354E+001 -0.15257354E+001 -0.15257354E+001 -0.15257354E+001 -0.15257354E+001 -0.15257354E+001 -0.15257354E+001 -0.15257354E+001 -0.15257354E+001 -0.15257354E+001 -0.15257354E+001 -0.15257354E+001 -0.15257354E+001
  0.61353905E+001  0.61354047E+001  0.61354729E+001  0.61356138E+001  0.61377072E+001  0.61381824E+001  0.61386577E+001  0.61372730E+001  0.61374705E+001  0.61375631E+001  0.61375830E+001  0.61375931E+001  0.61376563E+001  0.61378167E+001  0.61381147E+001  0.61385889E+001  0.61392766E+001  0.61402138E+001  0.61414358E+001  0.61429773E+001  0.61448721E+001  0.61471536E+001  0.61498548E+001  0.61530081E+001  0.61566458E+001  0.61607997E+001  0.61655010E+001  0.61707812E+001  0.61766710E+001  0.61832011E+001  0.61904019E+001  0.61983036E+001  0.62069363E+001  0.62163297E+001  0.62265137E+001
  0.26336846E+002  0.26336875E+002  0.26337065E+002  0.26337469E+002  0.26338138E+002  0.26339112E+002  0.26340085E+002  0.26340754E+002  0.26341159E+002  0.26341348E+002  0.26341389E+002  0.26341410E+002  0.26341540E+002  0.26341868E+002  0.26342479E+002  0.26343450E+002  0.26344859E+002  0.26346780E+002  0.26349284E+002  0.26352442E+002  0.26356325E+002  0.26360999E+002  0.26366534E+002  0.26372995E+002  0.26380448E+002  0.26388958E+002  0.26398590E+002  0.26409408E+002  0.26421473E+002  0.26434850E+002  0.26449601E+002  0.26465786E+002  0.26483468E+002  0.26502706E+002  0.26523562E+002
  0.38631015E+003  0.38631015E+003  0.38631015E+003  0.38631015E+003  0.38631015E+003  0.38631015E+003  0.38631015E+003  0.38631015E+003  0.38631015E+003  0.38631015E+003  0.38631015E+003  0.38631015E+003  0.38631015E+003  0.38631015E+003  0.38631015E+003  0.38631015E+003  0.38631015E+003  0.38631015E+003  0.38631014E+003  0.38631014E+003  0.38631014E+003  0.38631014E+003  0.38631014E+003  0.38631013E+003  0.38631013E+003  0.38631013E+003  0.38631012E+003  0.38631012E+003  0.38631011E+003  0.38631011E+003  0.38631010E+003  0.38631010E+003  0.38631009E+003  0.38631008E+003  0.38631007E+003
  0.24829993E+001  0.24902641E+001  0.13411287E+001  0.14126186E+001  0.15306998E+001  0.15306998E+001  0.15306998E+001  0.15306998E+001  0.15306998E+001  0.15306998E+001  0.22806328E+001  0.22843270E+001  0.22843270E+001  0.22843270E+001  0.22843270E+001  0.22843270E+001  0.22843270E+001 -0.54728917E+000 -0.99077415E-001  0.46538713E+000  0.11578458E+001  0.19895244E+001  0.19895244E+001  0.19895244E+001  0.19895244E+001  0.19895244E+001  0.19895244E+001 -0.84738667E-001  0.20744315E+001  0.20744322E+001  0.20744325E+001  0.20744325E+001  0.22470391E+003  0.23912272E+003  0.25523295E+003
