  0.00000000E+000  0.00000000E+000  0.00000000E+000  0.00000000E+000  0.00000000E+000  0.00000000E+000  0.00000000E+000  0.00000000E+000  0.00000000E+000  0.00000000E+000  0.00000000E+000  0.00000000E+000  0.00000000E+000  0.00000000E+000  0.00000000E+000  0.00000000E+000  0.00000000E+000  0.00000000E+000  0.00000000E+000  0.00000000E+000  0.00000000E+000  0.00000000E+000  0.00000000E+000  0.00000000E+000  0.00000000E+000  0.00000000E+000  0.00000000E+000  0.00000000E+000  0.00000000E+000  0.00000000E+000  0.00000000E+000  0.00000000E+000  0.00000000E+000  0.00000000E+000  0.00000000E+000
  0.55145341E-031  0.55145341E-031  0.55145341E-031  0.55145341E-031  0.55145341E-031  0.55145341E-031  0.55145341E-031  0.55145341E-031  0.55145341E-031  0.55145341E-031  0.55145341E-031  0.55145341E-031  0.55145341E-031  0.55145341E-031  0.55145341E-031  0.55145341E-031  0.55145341E-031  0.55145341E-031  0.55145341E-031  0.55145341E-031  0.55145341E-031  0.55145341E-031  0.55145341E-031  0.55145341E-031  0.55145341E-031  0.55145341E-031  0.55145341E-031  0.55145341E-031  0.55145341E-031  0.55145341E-031  0.55145341E-031  0.55145341E-031  0.55145341E-031  0.55145341E-031  0.55145341E-031
  0.12875251E-028  0.12875251E-028  0.12875251E-028  0.12875251E-028  0.12875251E-028  0.12875251E-028  0.12875251E-028  0.12875251E-028  0.12875251E-028  0.12875251E-028  0.12875251E-028  0.12875251E-028  0.12875251E-028  0.12875251E-028  0.12875251E-028  0.12875251E-028  0.12875251E-028  0.12875251E-028  0.12875251E-028  0.12875251E-028  0.12875251E-028  0.12875251E-028  0.12875251E-028  0.12875251E-028  0.12875251E-028  0.12875251E-028  0.12875251E-028  0.12875251E-028  0.12875251E-028  0.12875251E-028  0.12875251E-028  0.12875251E-028  0.12875251E-028  0.12875251E-028  0.12875251E-028
  0.14332493E-026  0.14332493E-026  0.14332493E-026  0.14332493E-026  0.14332493E-026  0.14332493E-026  0.14332493E-026  0.14332493E-026  0.14332493E-026  0.14332493E-026  0.14332493E-026  0.14332493E-026  0.14332493E-026  0.14332493E-026  0.14332493E-026  0.14332493E-026  0.14332493E-026  0.14332493E-026  0.14332493E-026  0.14332493E-026  0.14332493E-026  0.14332493E-026  0.14332493E-026  0.14332493E-026  0.14332493E-026  0.14332493E-026  0.14332493E-026  0.14332493E-026  0.14332493E-026  0.14332493E-026  0.14332493E-026  0.14332493E-026  0.14332493E-026  0.14332493E-026  0.14332493E-026
  0.10116475E-024  0.10116475E-024  0.10116475E-024  0.10116475E-024  0.10116475E-024  0.10116475E-024  0.10116475E-024  0.10116475E-024  0.10116475E-024  0.10116475E-024  0.10116475E-024  0.10116475E-024  0.10116475E-024  0.10116475E-024  0.10116475E-024  0.10116475E-024  0.10116475E-024  0.10116475E-024  0.10116475E-024  0.10116475E-024  0.10116475E-024  0.10116475E-024  0.10116475E-024  0.10116475E-024  0.10116475E-024  0.10116475E-024  0.10116475E-024  0.10116475E-024  0.10116475E-024  0.10116475E-024  0.10116475E-024  0.10116475E-024  0.10116475E-024  0.10116475E-024  0.10116475E-024
  0.50792054E-023  0.50792054E-023  0.50792054E-023  0.50792054E-023  0.50792054E-023  0.50792054E-023  0.50792054E-023  0.50792054E-023  0.50792054E-023  0.50792054E-023  0.50792054E-023  0.50792054E-023  0.50792054E-023  0.50792054E-023  0.50792054E-023  0.50792054E-023  0.50792054E-023  0.50792054E-023  0.50792054E-023  0.50792054E-023  0.50792054E-023  0.50792054E-023  0.50792054E-023  0.50792054E-023  0.50792054E-023  0.50792054E-023  0.50792054E-023  0.50792054E-023  0.50792054E-023  0.50792054E-023  0.50792054E-023  0.50792054E-023  0.50792054E-023  0.50792054E-023  0.50792054E-023
  0.19287573E-021  0.19287573E-021  0.19287573E-021  0.19287573E-021  0.19287573E-021  0.19287573E-021  0.19287573E-021  0.19287573E-021  0.19287573E-021  0.19287573E-021  0.19287573E-021  0.19287573E-021  0.19287573E-021  0.19287573E-021  0.19287573E-021  0.19287573E-021  0.19287573E-021  0.19287573E-021  0.19287573E-021  0.19287573E-021  0.19287573E-021  0.19287573E-021  0.19287573E-021  0.19287573E-021  0.19287573E-021  0.19287573E-021  0.19287573E-021  0.19287573E-021  0.19287573E-021  0.19287573E-021  0.19287573E-021  0.19287573E-021  0.19287573E-021  0.19287573E-021  0.19287573E-021
  0.57500095E-020  0.57500095E-020  0.57500095E-020  0.57500095E-020  0.57500095E-020  0.57500095E-020  0.57500095E-020  0.57500095E-020  0.57500095E-020  0.57500095E-020  0.57500095E-020  0.57500095E-020  0.57500095E-020  0.57500095E-020  0.57500095E-020  0.57500095E-020  0.57500095E-020  0.57500095E-020  0.57500095E-020  0.57500095E-020  0.57500095E-020  0.57500095E-020  0.57500095E-020  0.57500095E-020  0.57500095E-020  0.57500095E-020  0.57500095E-020  0.57500095E-020  0.57500095E-020  0.57500095E-020  0.57500095E-020  0.57500095E-020  0.57500095E-020  0.57500095E-020  0.57500095E-020
  0.13787179E-018  0.13787179E-018  0.13787179E-018  0.13787179E-018  0.13787179E-018  0.13787179E-018  0.13787179E-018  0.13787179E-018  0.13787179E-018  0.13787179E-018  0.13787179E-018  0.13787179E-018  0.13787179E-018  0.13787179E-018  0.13787179E-018  0.13787179E-018  0.13787179E-018  0.13787179E-018  0.13787179E-018  0.13787179E-018  0.13787179E-018  0.13787179E-018  0.13787179E-018  0.13787179E-018  0.13787179E-018  0.13787179E-018  0.13787179E-018  0.13787179E-018  0.13787179E-018  0.13787179E-018  0.13787179E-018  0.13787179E-018  0.13787179E-018  0.13787179E-018  0.13787179E-018
  0.27020460E-017  0.27020460E-017  0.27020460E-017  0.27020460E-017  0.27020460E-017  0.27020460E-017  0.27020460E-017  0.27020460E-017  0.27020460E-017  0.27020460E-017  0.27020460E-017  0.27020460E-017  0.27020460E-017  0.27020460E-017  0.27020460E-017  0.27020460E-017  0.27020460E-017  0.27020460E-017  0.27020460E-017  0.27020460E-017  0.27020460E-017  0.27020460E-017  0.27020460E-017  0.27020460E-017  0.27020460E-017  0.27020460E-017  0.27020460E-017  0.27020460E-017  0.27020460E-017  0.27020460E-017  0.27020460E-017  0.27020460E-017  0.27020460E-017  0.27020460E-017  0.27020460E-017
  0.37894568E-015  0.37894568E-015  0.37894568E-015  0.37894568E-015  0.37894568E-015  0.37894568E-015  0.37894568E-015  0.37894568E-015  0.37894568E-015  0.37894568E-015  0.37894568E-015  0.37894568E-015  0.37894568E-015  0.37894568E-015  0.37894568E-015  0.37894568E-015  0.37894568E-015  0.37894568E-015  0.37894568E-015  0.37894568E-015  0.37894568E-015  0.37894568E-015  0.37894568E-015  0.37894568E-015  0.37894568E-015  0.37894568E-015  0.37894568E-015  0.37894568E-015  0.37894568E-015  0.37894568E-015  0.37894568E-015  0.37894568E-015  0.37894568E-015  0.37894568E-015  0.37894568E-015
  0.42056866E-013  0.42056866E-013  0.42056866E-013  0.42056866E-013  0.42056866E-013  0.42056866E-013  0.42056866E-013  0.42056866E-013  0.42056866E-013  0.42056866E-013  0.42056866E-013  0.42056866E-013  0.42056866E-013  0.42056866E-013  0.42056866E-013  0.42056866E-013  0.42056866E-013  0.42056866E-013  0.42056866E-013  0.42056866E-013  0.42056866E-013  0.42056866E-013  0.42056866E-013  0.42056866E-013  0.42056866E-013  0.42056866E-013  0.42056866E-013  0.42056866E-013  0.42056866E-013  0.42056866E-013  0.42056866E-013  0.42056866E-013  0.42056866E-013  0.42056866E-013  0.42056866E-013
  0.37058057E-011  0.37058057E-011  0.37058057E-011  0.37058057E-011  0.37058057E-011  0.37058057E-011  0.37058057E-011  0.37058057E-011  0.37058057E-011  0.37058057E-011  0.37058057E-011  0.37058057E-011  0.37058057E-011  0.37058057E-011  0.37058057E-011  0.37058057E-011  0.37058057E-011  0.37058057E-011  0.37058057E-011  0.37058057E-011  0.37058057E-011  0.37058057E-011  0.37058057E-011  0.37058057E-011  0.37058057E-011  0.37058057E-011  0.37058057E-011  0.37058057E-011  0.37058057E-011  0.37058057E-011  0.37058057E-011  0.37058057E-011  0.37058057E-011  0.37058057E-011  0.37058057E-011
  0.25810922E-009  0.25810922E-009  0.25810922E-009  0.25810922E-009  0.25810922E-009  0.25810922E-009  0.25810922E-009  0.25810922E-009  0.25810922E-009  0.25810922E-009  0.25810922E-009  0.25810922E-009  0.25810922E-009  0.25810922E-009  0.25810922E-009  0.25810922E-009  0.25810922E-009  0.25810922E-009  0.25810922E-009  0.25810922E-009  0.25810922E-009  0.25810922E-009  0.25810922E-009  0.25810922E-009  0.25810922E-009  0.25810922E-009  0.25810922E-009  0.25810922E-009  0.25810922E-009  0.25810922E-009  0.25810922E-009  0.25810922E-009  0.25810922E-009  0.25810922E-009  0.25810922E-009
  0.14006683E-007  0.14006683E-007  0.14006683E-007  0.14006683E-007  0.14006683E-007  0.14006683E-007  0.14006683E-007  0.14006683E-007  0.14006683E-007  0.14006683E-007  0.14006683E-007  0.14006683E-007  0.14006683E-007  0.14006683E-007  0.14006683E-007  0.14006683E-007  0.14006683E-007  0.14006683E-007  0.14006683E-007  0.14006683E-007  0.14006683E-007  0.14006683E-007  0.14006683E-007  0.14006683E-007  0.14006683E-007  0.14006683E-007  0.14006683E-007  0.14006683E-007  0.14006683E-007  0.14006683E-007  0.14006683E-007  0.14006683E-007  0.14006683E-007  0.14006683E-007  0.14006683E-007
  0.57377811E-006  0.57377811E-006  0.57377811E-006  0.57377811E-006  0.57377811E-006  0.57377811E-006  0.57377811E-006  0.57377811E-006  0.57377811E-006  0.57377811E-006  0.57377811E-006  0.57377811E-006  0.57377811E-006  0.57377811E-006  0.57377811E-006  0.57377811E-006  0.57377811E-006  0.57377811E-006  0.57377811E-006  0.57377811E-006  0.57377811E-006  0.57377811E-006  0.57377811E-006  0.57377811E-006  0.57377811E-006  0.57377811E-006  0.57377811E-006  0.57377811E-006  0.57377811E-006  0.57377811E-006  0.57377811E-006  0.57377811E-006  0.57377811E-006  0.57377811E-006  0.57377811E-006
  0.16502460E-004  0.16502460E-004  0.16502460E-004  0.16502460E-004  0.16502460E-004  0.16502460E-004  0.16502460E-004  0.16502460E-004  0.16502460E-004  0.16502460E-004  0.16502460E-004  0.16502460E-004  0.16502460E-004  0.16502460E-004  0.16502460E-004  0.16502460E-004  0.16502460E-004  0.16502460E-004  0.16502460E-004  0.16502460E-004  0.16502460E-004  0.16502460E-004  0.16502460E-004  0.16502460E-004  0.16502460E-004  0.16502460E-004  0.16502460E-004  0.16502460E-004  0.16502460E-004  0.16502460E-004  0.16502460E-004  0.16502460E-004  0.16502460E-004  0.16502460E-004  0.16502460E-004
  0.26304115E-003  0.26304115E-003  0.26304115E-003  0.26304115E-003  0.26304115E-003  0.26304115E-003  0.26304115E-003  0.26304115E-003  0.26304115E-003  0.26304115E-003  0.26304115E-003  0.26304115E-003  0.26304115E-003  0.26304115E-003  0.26304115E-003  0.26304115E-003  0.26304115E-003  0.26304115E-003  0.26304115E-003  0.26304115E-003  0.26304115E-003  0.26304115E-003  0.26304115E-003  0.26304115E-003  0.26304115E-003  0.26304115E-003  0.26304115E-003  0.26304115E-003  0.26304115E-003  0.26304115E-003  0.26304115E-003  0.26304115E-003  0.26304115E-003  0.26304115E-003  0.26304115E-003
 -0.14215226E-002 -0.14215226E-002 -0.14215226E-002 -0.14215226E-002 -0.14215226E-002 -0.14215226E-002 -0.14215226E-002 -0.14215226E-002 -0.14215226E-002 -0.14215226E-002 -0.14215226E-002 -0.14215226E-002 -0.14215226E-002 -0.14215226E-002 -0.14215226E-002 -0.14215226E-002 -0.14215226E-002 -0.14215226E-002 -0.14215226E-002 -0.14215226E-002 -0.14215226E-002 -0.14215226E-002 -0.14215226E-002 -0.14215226E-002 -0.14215226E-002 -0.14215226E-002 -0.14215226E-002 -0.14215226E-002 -0.14215226E-002 -0.14215226E-002 -0.14215226E-002 -0.14215226E-002 -0.14215226E-002 -0.14215226E-002 -0.14215226E-002
 -0.19822689E+000 -0.19822689E+000 -0.19822689E+000 -0.19822689E+000 -0.19822689E+000 -0.19822689E+000 -0.19822689E+000 -0.19822689E+000 -0.19822689E+000 -0.19822689E+000 -0.19822689E+000 -0.19822689E+000 -0.19822689E+000 -0.19822689E+000 -0.19822689E+000 -0.19822689E+000 -0.19822689E+000 -0.19822689E+000 -0.19822689E+000 -0.19822689E+000 -0.19822689E+000 -0.19822689E+000 -0.19822689E+000 -0.19822689E+000 -0.19822689E+000 -0.19822689E+000 -0.19822689E+000 -0.19822689E+000 -0.19822689E+000 -0.19822689E+000 -0.19822689E+000 -0.19822689E+000 -0.19822689E+000 -0.19822689E+000 -0.19822689E+000
 -0.50889059E+001 -0.50889059E+001 -0.50889059E+001 -0.50889059E+001 -0.50889059E+001 -0.50889059E+001 -0.50889059E+001 -0.50889059E+001 -0.50889059E+001 -0.50889059E+001 -0.50889059E+001 -0.50889059E+001 -0.50889059E+001 -0.50889059E+001 -0.50889059E+001 -0.50889059E+001 -0.50889059E+001 -0.50889059E+001 -0.50889059E+001 -0.50889059E+001 -0.50889059E+001 -0.50889059E+001 -0.50889059E+001 -0.50889059E+001 -0.50889059E+001 -0.50889059E+001 -0.50889059E+001 -0.50889059E+001 -0.50889059E+001 -0.50889059E+001 -0.50889059E+001 -0.50889059E+001 -0.50889059E+001 -0.50889059E+001 -0.50889059E+001
 -0.63582714E+002 -0.63582714E+002 -0.63582714E+002 -0.63582714E+002 -0.63582714E+002 -0.63582714E+002 -0.63582714E+002 -0.63582714E+002 -0.63582714E+002 -0.63582714E+002 -0.63582714E+002 -0.63582714E+002 -0.63582714E+002 -0.63582714E+002 -0.63582714E+002 -0.63582714E+002 -0.63582714E+002 -0.63582714E+002 -0.63582714E+002 -0.63582714E+002 -0.63582714E+002 -0.63582714E+002 -0.63582714E+002 -0.63582714E+002 -0.63582714E+002 -0.63582714E+002 -0.63582714E+002 -0.63582714E+002 -0.63582714E+002 -0.63582714E+002 -0.63582714E+002 -0.63582714E+002 -0.63582714E+002 -0.63582714E+002 -0.63582714E+002
 -0.36691439E+003 -0.36691434E+003 -0.36691407E+003 -0.36691349E+003 -0.36691255E+003 -0.36691117E+003 -0.36690979E+003 -0.36690884E+003 -0.36690827E+003 -0.36690800E+003 -0.36690794E+003 -0.36690791E+003 -0.36690773E+003 -0.36690773E+003 -0.36690773E+003 -0.36690773E+003 -0.36690773E+003 -0.36690773E+003 -0.36690773E+003 -0.36690773E+003 -0.36690773E+003 -0.36690773E+003 -0.36690773E+003 -0.36690772E+003 -0.36690772E+003 -0.36690772E+003 -0.36690772E+003 -0.36690772E+003 -0.36690772E+003 -0.36690772E+003 -0.36690772E+003 -0.36690772E+003 -0.36690772E+003 -0.36690771E+003 -0.36690771E+003
  0.18878784E+001  0.18878784E+001  0.18878784E+001  0.18878784E+001  0.18878784E+001  0.18878784E+001  0.18878784E+001  0.18679447E+001  0.18681797E+001  0.18682899E+001  0.18683135E+001  0.18683256E+001  0.18684009E+001  0.18684009E+001  0.18684009E+001  0.18684009E+001  0.18684009E+001  0.18684009E+001  0.18684009E+001  0.18684008E+001  0.18684006E+001  0.18684003E+001  0.18684001E+001  0.18683998E+001  0.18683994E+001  0.18683990E+001  0.18683985E+001  0.18683980E+001  0.18683974E+001  0.18683968E+001  0.18683961E+001  0.18683953E+001  0.18683945E+001  0.18683935E+001  0.18683925E+001
  0.23650106E+000  0.23650106E+000  0.23650106E+000 -0.18564117E+001 -0.13302566E+001 -0.56318416E+000  0.20506695E+000 -0.20561885E+000  0.11383427E+000  0.20045107E+000  0.21457195E+000  0.21457195E+000  0.21457195E+000  0.21457195E+000  0.21457195E+000  0.21457195E+000  0.21457195E+000  0.21457195E+000  0.21457195E+000  0.21457194E+000  0.21457194E+000  0.21457193E+000  0.21457193E+000  0.21457192E+000  0.21457191E+000  0.21457188E+000  0.21457183E+000  0.21457177E+000  0.21457166E+000  0.21457036E+000  0.21456895E+000  0.21456740E+000  0.21456571E+000  0.21456395E+000  0.21456205E+000
