  0.00000000E+000  0.00000000E+000  0.00000000E+000  0.00000000E+000  0.00000000E+000  0.00000000E+000  0.00000000E+000  0.00000000E+000  0.00000000E+000  0.00000000E+000  0.00000000E+000  0.00000000E+000  0.00000000E+000  0.00000000E+000  0.00000000E+000  0.00000000E+000  0.00000000E+000  0.00000000E+000  0.00000000E+000  0.00000000E+000  0.00000000E+000  0.00000000E+000  0.00000000E+000  0.00000000E+000  0.00000000E+000  0.00000000E+000  0.00000000E+000  0.00000000E+000  0.00000000E+000  0.00000000E+000  0.00000000E+000  0.00000000E+000  0.00000000E+000  0.00000000E+000  0.00000000E+000
 -0.12002115E-042 -0.12002115E-042 -0.12002115E-042 -0.12002115E-042 -0.12002115E-042 -0.12002115E-042 -0.12002115E-042 -0.12002115E-042 -0.12002115E-042 -0.12002115E-042 -0.12002115E-042 -0.12002115E-042 -0.12002115E-042 -0.12002115E-042 -0.12002115E-042 -0.12002115E-042 -0.12002115E-042 -0.12002115E-042 -0.12002115E-042 -0.12002115E-042 -0.12002115E-042 -0.12002115E-042 -0.12002115E-042 -0.12002115E-042 -0.12002115E-042 -0.12002115E-042 -0.12002115E-042 -0.12002115E-042 -0.12002115E-042 -0.12002115E-042 -0.12002115E-042 -0.12002115E-042 -0.12002115E-042 -0.12002115E-042 -0.12002115E-042
 -0.10478382E-039 -0.10478382E-039 -0.10478382E-039 -0.10478382E-039 -0.10478382E-039 -0.10478382E-039 -0.10478382E-039 -0.10478382E-039 -0.10478382E-039 -0.10478382E-039 -0.10478382E-039 -0.10478382E-039 -0.10478382E-039 -0.10478382E-039 -0.10478382E-039 -0.10478382E-039 -0.10478382E-039 -0.10478382E-039 -0.10478382E-039 -0.10478382E-039 -0.10478382E-039 -0.10478382E-039 -0.10478382E-039 -0.10478382E-039 -0.10478382E-039 -0.10478382E-039 -0.10478382E-039 -0.10478382E-039 -0.10478382E-039 -0.10478382E-039 -0.10478382E-039 -0.10478382E-039 -0.10478382E-039 -0.10478382E-039 -0.10478382E-039
 -0.43951376E-037 -0.43951376E-037 -0.43951376E-037 -0.43951376E-037 -0.43951376E-037 -0.43951376E-037 -0.43951376E-037 -0.43951376E-037 -0.43951376E-037 -0.43951376E-037 -0.43951376E-037 -0.43951376E-037 -0.43951376E-037 -0.43951376E-037 -0.43951376E-037 -0.43951376E-037 -0.43951376E-037 -0.43951376E-037 -0.43951376E-037 -0.43951376E-037 -0.43951376E-037 -0.43951376E-037 -0.43951376E-037 -0.43951376E-037 -0.43951376E-037 -0.43951376E-037 -0.43951376E-037 -0.43951376E-037 -0.43951376E-037 -0.43951376E-037 -0.43951376E-037 -0.43951376E-037 -0.43951376E-037 -0.43951376E-037 -0.43951376E-037
 -0.11781727E-034 -0.11781727E-034 -0.11781727E-034 -0.11781727E-034 -0.11781727E-034 -0.11781727E-034 -0.11781727E-034 -0.11781727E-034 -0.11781727E-034 -0.11781727E-034 -0.11781727E-034 -0.11781727E-034 -0.11781727E-034 -0.11781727E-034 -0.11781727E-034 -0.11781727E-034 -0.11781727E-034 -0.11781727E-034 -0.11781727E-034 -0.11781727E-034 -0.11781727E-034 -0.11781727E-034 -0.11781727E-034 -0.11781727E-034 -0.11781727E-034 -0.11781727E-034 -0.11781727E-034 -0.11781727E-034 -0.11781727E-034 -0.11781727E-034 -0.11781727E-034 -0.11781727E-034 -0.11781727E-034 -0.11781727E-034 -0.11781727E-034
 -0.22647746E-032 -0.22647746E-032 -0.22647746E-032 -0.22647746E-032 -0.22647746E-032 -0.22647746E-032 -0.22647746E-032 -0.22647746E-032 -0.22647746E-032 -0.22647746E-032 -0.22647746E-032 -0.22647746E-032 -0.22647746E-032 -0.22647746E-032 -0.22647746E-032 -0.22647746E-032 -0.22647746E-032 -0.22647746E-032 -0.22647746E-032 -0.22647746E-032 -0.22647746E-032 -0.22647746E-032 -0.22647746E-032 -0.22647746E-032 -0.22647746E-032 -0.22647746E-032 -0.22647746E-032 -0.22647746E-032 -0.22647746E-032 -0.22647746E-032 -0.22647746E-032 -0.22647746E-032 -0.22647746E-032 -0.22647746E-032 -0.22647746E-032
 -0.33204103E-030 -0.33204103E-030 -0.33204103E-030 -0.33204103E-030 -0.33204103E-030 -0.33204103E-030 -0.33204103E-030 -0.33204103E-030 -0.33204103E-030 -0.33204103E-030 -0.33204103E-030 -0.33204103E-030 -0.33204103E-030 -0.33204103E-030 -0.33204103E-030 -0.33204103E-030 -0.33204103E-030 -0.33204103E-030 -0.33204103E-030 -0.33204103E-030 -0.33204103E-030 -0.33204103E-030 -0.33204103E-030 -0.33204103E-030 -0.33204103E-030 -0.33204103E-030 -0.33204103E-030 -0.33204103E-030 -0.33204103E-030 -0.33204103E-030 -0.33204103E-030 -0.33204103E-030 -0.33204103E-030 -0.33204103E-030 -0.33204103E-030
 -0.38550707E-028 -0.38550707E-028 -0.38550707E-028 -0.38550707E-028 -0.38550707E-028 -0.38550707E-028 -0.38550707E-028 -0.38550707E-028 -0.38550707E-028 -0.38550707E-028 -0.38550707E-028 -0.38550707E-028 -0.38550707E-028 -0.38550707E-028 -0.38550707E-028 -0.38550707E-028 -0.38550707E-028 -0.38550707E-028 -0.38550707E-028 -0.38550707E-028 -0.38550707E-028 -0.38550707E-028 -0.38550707E-028 -0.38550707E-028 -0.38550707E-028 -0.38550707E-028 -0.38550707E-028 -0.38550707E-028 -0.38550707E-028 -0.38550707E-028 -0.38550707E-028 -0.38550707E-028 -0.38550707E-028 -0.38550707E-028 -0.38550707E-028
 -0.36324594E-026 -0.36324594E-026 -0.36324594E-026 -0.36324594E-026 -0.36324594E-026 -0.36324594E-026 -0.36324594E-026 -0.36324594E-026 -0.36324594E-026 -0.36324594E-026 -0.36324594E-026 -0.36324594E-026 -0.36324594E-026 -0.36324594E-026 -0.36324594E-026 -0.36324594E-026 -0.36324594E-026 -0.36324594E-026 -0.36324594E-026 -0.36324594E-026 -0.36324594E-026 -0.36324594E-026 -0.36324594E-026 -0.36324594E-026 -0.36324594E-026 -0.36324594E-026 -0.36324594E-026 -0.36324594E-026 -0.36324594E-026 -0.36324594E-026 -0.36324594E-026 -0.36324594E-026 -0.36324594E-026 -0.36324594E-026 -0.36324594E-026
 -0.28239904E-024 -0.28239904E-024 -0.28239904E-024 -0.28239904E-024 -0.28239904E-024 -0.28239904E-024 -0.28239904E-024 -0.28239904E-024 -0.28239904E-024 -0.28239904E-024 -0.28239904E-024 -0.28239904E-024 -0.28239904E-024 -0.28239904E-024 -0.28239904E-024 -0.28239904E-024 -0.28239904E-024 -0.28239904E-024 -0.28239904E-024 -0.28239904E-024 -0.28239904E-024 -0.28239904E-024 -0.28239904E-024 -0.28239904E-024 -0.28239904E-024 -0.28239904E-024 -0.28239904E-024 -0.28239904E-024 -0.28239904E-024 -0.28239904E-024 -0.28239904E-024 -0.28239904E-024 -0.28239904E-024 -0.28239904E-024 -0.28239904E-024
 -0.16559924E-021 -0.16559924E-021 -0.16559924E-021 -0.16559924E-021 -0.16559924E-021 -0.16559924E-021 -0.16559924E-021 -0.16559924E-021 -0.16559924E-021 -0.16559924E-021 -0.16559924E-021 -0.16559924E-021 -0.16559924E-021 -0.16559924E-021 -0.16559924E-021 -0.16559924E-021 -0.16559924E-021 -0.16559924E-021 -0.16559924E-021 -0.16559924E-021 -0.16559924E-021 -0.16559924E-021 -0.16559924E-021 -0.16559924E-021 -0.16559924E-021 -0.16559924E-021 -0.16559924E-021 -0.16559924E-021 -0.16559924E-021 -0.16559924E-021 -0.16559924E-021 -0.16559924E-021 -0.16559924E-021 -0.16559924E-021 -0.16559924E-021
 -0.78720147E-019 -0.78720147E-019 -0.78720147E-019 -0.78720147E-019 -0.78720147E-019 -0.78720147E-019 -0.78720147E-019 -0.78720147E-019 -0.78720147E-019 -0.78720147E-019 -0.78720147E-019 -0.78720147E-019 -0.78720147E-019 -0.78720147E-019 -0.78720147E-019 -0.78720147E-019 -0.78720147E-019 -0.78720147E-019 -0.78720147E-019 -0.78720147E-019 -0.78720147E-019 -0.78720147E-019 -0.78720147E-019 -0.78720147E-019 -0.78720147E-019 -0.78720147E-019 -0.78720147E-019 -0.78720147E-019 -0.78720147E-019 -0.78720147E-019 -0.78720147E-019 -0.78720147E-019 -0.78720147E-019 -0.78720147E-019 -0.78720147E-019
 -0.30600824E-016 -0.30600824E-016 -0.30600824E-016 -0.30600824E-016 -0.30600824E-016 -0.30600824E-016 -0.30600824E-016 -0.30600824E-016 -0.30600824E-016 -0.30600824E-016 -0.30600824E-016 -0.30600824E-016 -0.30600824E-016 -0.30600824E-016 -0.30600824E-016 -0.30600824E-016 -0.30600824E-016 -0.30600824E-016 -0.30600824E-016 -0.30600824E-016 -0.30600824E-016 -0.30600824E-016 -0.30600824E-016 -0.30600824E-016 -0.30600824E-016 -0.30600824E-016 -0.30600824E-016 -0.30600824E-016 -0.30600824E-016 -0.30600824E-016 -0.30600824E-016 -0.30600824E-016 -0.30600824E-016 -0.30600824E-016 -0.30600824E-016
 -0.97670390E-014 -0.97670390E-014 -0.97670390E-014 -0.97670390E-014 -0.97670390E-014 -0.97670390E-014 -0.97670390E-014 -0.97670390E-014 -0.97670390E-014 -0.97670390E-014 -0.97670390E-014 -0.97670390E-014 -0.97670390E-014 -0.97670390E-014 -0.97670390E-014 -0.97670390E-014 -0.97670390E-014 -0.97670390E-014 -0.97670390E-014 -0.97670390E-014 -0.97670390E-014 -0.97670390E-014 -0.97670390E-014 -0.97670390E-014 -0.97670390E-014 -0.97670390E-014 -0.97670390E-014 -0.97670390E-014 -0.97670390E-014 -0.97670390E-014 -0.97670390E-014 -0.97670390E-014 -0.97670390E-014 -0.97670390E-014 -0.97670390E-014
 -0.25590717E-011 -0.25590717E-011 -0.25590717E-011 -0.25590717E-011 -0.25590717E-011 -0.25590717E-011 -0.25590717E-011 -0.25590717E-011 -0.25590717E-011 -0.25590717E-011 -0.25590717E-011 -0.25590717E-011 -0.25590717E-011 -0.25590717E-011 -0.25590717E-011 -0.25590717E-011 -0.25590717E-011 -0.25590717E-011 -0.25590717E-011 -0.25590717E-011 -0.25590717E-011 -0.25590717E-011 -0.25590717E-011 -0.25590717E-011 -0.25590717E-011 -0.25590717E-011 -0.25590717E-011 -0.25590717E-011 -0.25590717E-011 -0.25590717E-011 -0.25590717E-011 -0.25590717E-011 -0.25590717E-011 -0.25590717E-011 -0.25590717E-011
 -0.54787415E-009 -0.54787415E-009 -0.54787415E-009 -0.54787415E-009 -0.54787415E-009 -0.54787415E-009 -0.54787415E-009 -0.54787415E-009 -0.54787415E-009 -0.54787415E-009 -0.54787415E-009 -0.54787415E-009 -0.54787415E-009 -0.54787415E-009 -0.54787415E-009 -0.54787415E-009 -0.54787415E-009 -0.54787415E-009 -0.54787415E-009 -0.54787415E-009 -0.54787415E-009 -0.54787415E-009 -0.54787415E-009 -0.54787415E-009 -0.54787415E-009 -0.54787415E-009 -0.54787415E-009 -0.54787415E-009 -0.54787415E-009 -0.54787415E-009 -0.54787415E-009 -0.54787415E-009 -0.54787415E-009 -0.54787415E-009 -0.54787415E-009
 -0.94909750E-007 -0.94909750E-007 -0.94909750E-007 -0.94909750E-007 -0.94909750E-007 -0.94909750E-007 -0.94909750E-007 -0.94909750E-007 -0.94909750E-007 -0.94909750E-007 -0.94909750E-007 -0.94909750E-007 -0.94909750E-007 -0.94909750E-007 -0.94909750E-007 -0.94909750E-007 -0.94909750E-007 -0.94909750E-007 -0.94909750E-007 -0.94909750E-007 -0.94909750E-007 -0.94909750E-007 -0.94909750E-007 -0.94909750E-007 -0.94909750E-007 -0.94909750E-007 -0.94909750E-007 -0.94909750E-007 -0.94909750E-007 -0.94909750E-007 -0.94909750E-007 -0.94909750E-007 -0.94909750E-007 -0.94909750E-007 -0.94909750E-007
 -0.13084870E-004 -0.13084870E-004 -0.13084870E-004 -0.13084870E-004 -0.13084870E-004 -0.13084870E-004 -0.13084870E-004 -0.13084870E-004 -0.13084870E-004 -0.13084870E-004 -0.13084870E-004 -0.13084870E-004 -0.13084870E-004 -0.13084870E-004 -0.13084870E-004 -0.13084870E-004 -0.13084870E-004 -0.13084870E-004 -0.13084870E-004 -0.13084870E-004 -0.13084870E-004 -0.13084870E-004 -0.13084870E-004 -0.13084870E-004 -0.13084870E-004 -0.13084870E-004 -0.13084870E-004 -0.13084870E-004 -0.13084870E-004 -0.13084870E-004 -0.13084870E-004 -0.13084870E-004 -0.13084870E-004 -0.13084870E-004 -0.13084870E-004
 -0.13978265E-002 -0.13978265E-002 -0.13978265E-002 -0.13978265E-002 -0.13978265E-002 -0.13978265E-002 -0.13978265E-002 -0.13978265E-002 -0.13978265E-002 -0.13978265E-002 -0.13978265E-002 -0.13978265E-002 -0.13978265E-002 -0.13978265E-002 -0.13978265E-002 -0.13978265E-002 -0.13978265E-002 -0.13978265E-002 -0.13978265E-002 -0.13978265E-002 -0.13978265E-002 -0.13978265E-002 -0.13978265E-002 -0.13978265E-002 -0.13978265E-002 -0.13978265E-002 -0.13978265E-002 -0.13978265E-002 -0.13978265E-002 -0.13978265E-002 -0.13978265E-002 -0.13978265E-002 -0.13978265E-002 -0.13978265E-002 -0.13978265E-002
 -0.11073057E+000 -0.11073057E+000 -0.11073057E+000 -0.11073057E+000 -0.11073057E+000 -0.11073057E+000 -0.11073057E+000 -0.11073057E+000 -0.11073057E+000 -0.11073057E+000 -0.11073057E+000 -0.11073057E+000 -0.11073057E+000 -0.11073057E+000 -0.11073057E+000 -0.11073057E+000 -0.11073057E+000 -0.11073057E+000 -0.11073057E+000 -0.11073057E+000 -0.11073057E+000 -0.11073057E+000 -0.11073057E+000 -0.11073057E+000 -0.11073057E+000 -0.11073057E+000 -0.11073057E+000 -0.11073057E+000 -0.11073057E+000 -0.11073057E+000 -0.11073057E+000 -0.11073057E+000 -0.11073057E+000 -0.11073057E+000 -0.11073057E+000
 -0.60107772E+001 -0.60107772E+001 -0.60107772E+001 -0.60107772E+001 -0.60107772E+001 -0.60107772E+001 -0.60107772E+001 -0.60107772E+001 -0.60107772E+001 -0.60107772E+001 -0.60107772E+001 -0.60107772E+001 -0.60107772E+001 -0.60107772E+001 -0.60107772E+001 -0.60107772E+001 -0.60107772E+001 -0.60107772E+001 -0.60107772E+001 -0.60107772E+001 -0.60107772E+001 -0.60107772E+001 -0.60107772E+001 -0.60107772E+001 -0.60107772E+001 -0.60107772E+001 -0.60107772E+001 -0.60107772E+001 -0.60107772E+001 -0.60107772E+001 -0.60107772E+001 -0.60107772E+001 -0.60107772E+001 -0.60107772E+001 -0.60107772E+001
 -0.18807076E+003 -0.18807074E+003 -0.18807064E+003 -0.18807043E+003 -0.18807007E+003 -0.18806955E+003 -0.18806903E+003 -0.18806868E+003 -0.18806846E+003 -0.18806836E+003 -0.18806834E+003 -0.18806833E+003 -0.18806826E+003 -0.18806808E+003 -0.18806776E+003 -0.18806724E+003 -0.18806649E+003 -0.18806547E+003 -0.18806414E+003 -0.18806245E+003 -0.18806039E+003 -0.18805790E+003 -0.18805495E+003 -0.18805151E+003 -0.18804754E+003 -0.18804301E+003 -0.18803788E+003 -0.18803212E+003 -0.18802570E+003 -0.18801858E+003 -0.18801072E+003 -0.18800210E+003 -0.18799268E+003 -0.18798244E+003 -0.18797133E+003
  0.49331377E+000  0.49334436E+000  0.49348684E+000  0.49379068E+000  0.49429278E+000  0.49629479E+000  0.49772689E+000  0.49871020E+000  0.49930526E+000  0.49958429E+000  0.49964420E+000  0.49967472E+000  0.49986535E+000  0.50034856E+000  0.50124656E+000  0.50267562E+000  0.50467284E+000  0.50739485E+000  0.51094408E+000  0.51542087E+000  0.52092373E+000  0.52754965E+000  0.53539417E+000  0.54455160E+000  0.55511512E+000  0.56717682E+000  0.58082788E+000  0.59615853E+000  0.61325815E+000  0.63221541E+000  0.65311812E+000  0.67605350E+000  0.70110800E+000  0.72836742E+000  0.75791708E+000
  0.14412529E+002  0.14412529E+002  0.14412529E+002  0.14412529E+002  0.14412529E+002  0.14412922E+002  0.14413316E+002  0.14413586E+002  0.14413749E+002  0.14413826E+002  0.14413842E+002  0.14413851E+002  0.14413903E+002  0.14414036E+002  0.14414283E+002  0.14414675E+002 -0.59825378E-001 -0.59869608E-001 -0.59869468E-001 -0.59869293E-001 -0.59869078E-001 -0.59868819E-001 -0.59868513E-001 -0.59868155E-001 -0.59867749E-001 -0.59867282E-001 -0.59866753E-001 -0.59866311E-001 -0.59865806E-001 -0.59865228E-001 -0.59864570E-001 -0.59863821E-001 -0.59862971E-001 -0.59862046E-001 -0.59861043E-001
  0.13567043E+000  0.13567043E+000  0.13567043E+000  0.13567043E+000  0.13567043E+000  0.13567043E+000  0.13567043E+000  0.13567043E+000  0.13567043E+000  0.13567043E+000  0.13567043E+000  0.13567043E+000  0.13567043E+000  0.13567043E+000  0.13567043E+000  0.13567043E+000  0.13567043E+000  0.13567043E+000  0.13567043E+000  0.13567043E+000  0.13567042E+000  0.13567042E+000  0.13567041E+000  0.13567041E+000 -0.69344851E+001 -0.23131901E+000 -0.23131901E+000 -0.55254795E+002 -0.46685970E+002 -0.36999403E+002 -0.26093930E+002 -0.13847739E+002 -0.12631042E+000 -0.12631042E+000 -0.12631042E+000
