  0.00000000E+000  0.00000000E+000  0.00000000E+000  0.00000000E+000  0.00000000E+000  0.00000000E+000  0.00000000E+000  0.00000000E+000  0.00000000E+000  0.00000000E+000  0.00000000E+000  0.00000000E+000  0.00000000E+000  0.00000000E+000  0.00000000E+000  0.00000000E+000  0.00000000E+000  0.00000000E+000  0.00000000E+000  0.00000000E+000  0.00000000E+000  0.00000000E+000  0.00000000E+000  0.00000000E+000  0.00000000E+000  0.00000000E+000  0.00000000E+000  0.00000000E+000  0.00000000E+000  0.00000000E+000  0.00000000E+000  0.00000000E+000  0.00000000E+000  0.00000000E+000  0.00000000E+000
  0.97379338E-029  0.97379338E-029  0.97379338E-029  0.97379338E-029  0.97379338E-029  0.97379338E-029  0.97379338E-029  0.97379338E-029  0.97379338E-029  0.97379338E-029  0.97379338E-029  0.97379338E-029  0.97379338E-029  0.97379338E-029  0.97379338E-029  0.97379338E-029  0.97379338E-029  0.97379338E-029  0.97379338E-029  0.97379338E-029  0.97379338E-029  0.97379338E-029  0.97379338E-029  0.97379338E-029  0.97379338E-029  0.97379338E-029  0.97379338E-029  0.97379338E-029  0.97379338E-029  0.97379338E-029  0.97379338E-029  0.97379338E-029  0.97379338E-029  0.97379338E-029  0.97379338E-029
  0.23067268E-026  0.23067268E-026  0.23067268E-026  0.23067268E-026  0.23067268E-026  0.23067268E-026  0.23067268E-026  0.23067268E-026  0.23067268E-026  0.23067268E-026  0.23067268E-026  0.23067268E-026  0.23067268E-026  0.23067268E-026  0.23067268E-026  0.23067268E-026  0.23067268E-026  0.23067268E-026  0.23067268E-026  0.23067268E-026  0.23067268E-026  0.23067268E-026  0.23067268E-026  0.23067268E-026  0.23067268E-026  0.23067268E-026  0.23067268E-026  0.23067268E-026  0.23067268E-026  0.23067268E-026  0.23067268E-026  0.23067268E-026  0.23067268E-026  0.23067268E-026  0.23067268E-026
  0.26080866E-024  0.26080866E-024  0.26080866E-024  0.26080866E-024  0.26080866E-024  0.26080866E-024  0.26080866E-024  0.26080866E-024  0.26080866E-024  0.26080866E-024  0.26080866E-024  0.26080866E-024  0.26080866E-024  0.26080866E-024  0.26080866E-024  0.26080866E-024  0.26080866E-024  0.26080866E-024  0.26080866E-024  0.26080866E-024  0.26080866E-024  0.26080866E-024  0.26080866E-024  0.26080866E-024  0.26080866E-024  0.26080866E-024  0.26080866E-024  0.26080866E-024  0.26080866E-024  0.26080866E-024  0.26080866E-024  0.26080866E-024  0.26080866E-024  0.26080866E-024  0.26080866E-024
  0.18721993E-022  0.18721993E-022  0.18721993E-022  0.18721993E-022  0.18721993E-022  0.18721993E-022  0.18721993E-022  0.18721993E-022  0.18721993E-022  0.18721993E-022  0.18721993E-022  0.18721993E-022  0.18721993E-022  0.18721993E-022  0.18721993E-022  0.18721993E-022  0.18721993E-022  0.18721993E-022  0.18721993E-022  0.18721993E-022  0.18721993E-022  0.18721993E-022  0.18721993E-022  0.18721993E-022  0.18721993E-022  0.18721993E-022  0.18721993E-022  0.18721993E-022  0.18721993E-022  0.18721993E-022  0.18721993E-022  0.18721993E-022  0.18721993E-022  0.18721993E-022  0.18721993E-022
  0.95743969E-021  0.95743969E-021  0.95743969E-021  0.95743969E-021  0.95743969E-021  0.95743969E-021  0.95743969E-021  0.95743969E-021  0.95743969E-021  0.95743969E-021  0.95743969E-021  0.95743969E-021  0.95743969E-021  0.95743969E-021  0.95743969E-021  0.95743969E-021  0.95743969E-021  0.95743969E-021  0.95743969E-021  0.95743969E-021  0.95743969E-021  0.95743969E-021  0.95743969E-021  0.95743969E-021  0.95743969E-021  0.95743969E-021  0.95743969E-021  0.95743969E-021  0.95743969E-021  0.95743969E-021  0.95743969E-021  0.95743969E-021  0.95743969E-021  0.95743969E-021  0.95743969E-021
  0.37101591E-019  0.37101591E-019  0.37101591E-019  0.37101591E-019  0.37101591E-019  0.37101591E-019  0.37101591E-019  0.37101591E-019  0.37101591E-019  0.37101591E-019  0.37101591E-019  0.37101591E-019  0.37101591E-019  0.37101591E-019  0.37101591E-019  0.37101591E-019  0.37101591E-019  0.37101591E-019  0.37101591E-019  0.37101591E-019  0.37101591E-019  0.37101591E-019  0.37101591E-019  0.37101591E-019  0.37101591E-019  0.37101591E-019  0.37101591E-019  0.37101591E-019  0.37101591E-019  0.37101591E-019  0.37101591E-019  0.37101591E-019  0.37101591E-019  0.37101591E-019  0.37101591E-019
  0.11312677E-017  0.11312677E-017  0.11312677E-017  0.11312677E-017  0.11312677E-017  0.11312677E-017  0.11312677E-017  0.11312677E-017  0.11312677E-017  0.11312677E-017  0.11312677E-017  0.11312677E-017  0.11312677E-017  0.11312677E-017  0.11312677E-017  0.11312677E-017  0.11312677E-017  0.11312677E-017  0.11312677E-017  0.11312677E-017  0.11312677E-017  0.11312677E-017  0.11312677E-017  0.11312677E-017  0.11312677E-017  0.11312677E-017  0.11312677E-017  0.11312677E-017  0.11312677E-017  0.11312677E-017  0.11312677E-017  0.11312677E-017  0.11312677E-017  0.11312677E-017  0.11312677E-017
  0.27820692E-016  0.27820692E-016  0.27820692E-016  0.27820692E-016  0.27820692E-016  0.27820692E-016  0.27820692E-016  0.27820692E-016  0.27820692E-016  0.27820692E-016  0.27820692E-016  0.27820692E-016  0.27820692E-016  0.27820692E-016  0.27820692E-016  0.27820692E-016  0.27820692E-016  0.27820692E-016  0.27820692E-016  0.27820692E-016  0.27820692E-016  0.27820692E-016  0.27820692E-016  0.27820692E-016  0.27820692E-016  0.27820692E-016  0.27820692E-016  0.27820692E-016  0.27820692E-016  0.27820692E-016  0.27820692E-016  0.27820692E-016  0.27820692E-016  0.27820692E-016  0.27820692E-016
  0.56118264E-015  0.56118264E-015  0.56118264E-015  0.56118264E-015  0.56118264E-015  0.56118264E-015  0.56118264E-015  0.56118264E-015  0.56118264E-015  0.56118264E-015  0.56118264E-015  0.56118264E-015  0.56118264E-015  0.56118264E-015  0.56118264E-015  0.56118264E-015  0.56118264E-015  0.56118264E-015  0.56118264E-015  0.56118264E-015  0.56118264E-015  0.56118264E-015  0.56118264E-015  0.56118264E-015  0.56118264E-015  0.56118264E-015  0.56118264E-015  0.56118264E-015  0.56118264E-015  0.56118264E-015  0.56118264E-015  0.56118264E-015  0.56118264E-015  0.56118264E-015  0.56118264E-015
  0.81523430E-013  0.81523430E-013  0.81523430E-013  0.81523430E-013  0.81523430E-013  0.81523430E-013  0.81523430E-013  0.81523430E-013  0.81523430E-013  0.81523430E-013  0.81523430E-013  0.81523430E-013  0.81523430E-013  0.81523430E-013  0.81523430E-013  0.81523430E-013  0.81523430E-013  0.81523430E-013  0.81523430E-013  0.81523430E-013  0.81523430E-013  0.81523430E-013  0.81523430E-013  0.81523430E-013  0.81523430E-013  0.81523430E-013  0.81523430E-013  0.81523430E-013  0.81523430E-013  0.81523430E-013  0.81523430E-013  0.81523430E-013  0.81523430E-013  0.81523430E-013  0.81523430E-013
  0.94404179E-011  0.94404179E-011  0.94404179E-011  0.94404179E-011  0.94404179E-011  0.94404179E-011  0.94404179E-011  0.94404179E-011  0.94404179E-011  0.94404179E-011  0.94404179E-011  0.94404179E-011  0.94404179E-011  0.94404179E-011  0.94404179E-011  0.94404179E-011  0.94404179E-011  0.94404179E-011  0.94404179E-011  0.94404179E-011  0.94404179E-011  0.94404179E-011  0.94404179E-011  0.94404179E-011  0.94404179E-011  0.94404179E-011  0.94404179E-011  0.94404179E-011  0.94404179E-011  0.94404179E-011  0.94404179E-011  0.94404179E-011  0.94404179E-011  0.94404179E-011  0.94404179E-011
  0.87698908E-009  0.87698908E-009  0.87698908E-009  0.87698908E-009  0.87698908E-009  0.87698908E-009  0.87698908E-009  0.87698908E-009  0.87698908E-009  0.87698908E-009  0.87698908E-009  0.87698908E-009  0.87698908E-009  0.87698908E-009  0.87698908E-009  0.87698908E-009  0.87698908E-009  0.87698908E-009  0.87698908E-009  0.87698908E-009  0.87698908E-009  0.87698908E-009  0.87698908E-009  0.87698908E-009  0.87698908E-009  0.87698908E-009  0.87698908E-009  0.87698908E-009  0.87698908E-009  0.87698908E-009  0.87698908E-009  0.87698908E-009  0.87698908E-009  0.87698908E-009  0.87698908E-009
  0.65414363E-007  0.65414363E-007  0.65414363E-007  0.65414363E-007  0.65414363E-007  0.65414363E-007  0.65414363E-007  0.65414363E-007  0.65414363E-007  0.65414363E-007  0.65414363E-007  0.65414363E-007  0.65414363E-007  0.65414363E-007  0.65414363E-007  0.65414363E-007  0.65414363E-007  0.65414363E-007  0.65414363E-007  0.65414363E-007  0.65414363E-007  0.65414363E-007  0.65414363E-007  0.65414363E-007  0.65414363E-007  0.65414363E-007  0.65414363E-007  0.65414363E-007  0.65414363E-007  0.65414363E-007  0.65414363E-007  0.65414363E-007  0.65414363E-007  0.65414363E-007  0.65414363E-007
  0.38994591E-005  0.38994591E-005  0.38994591E-005  0.38994591E-005  0.38994591E-005  0.38994591E-005  0.38994591E-005  0.38994591E-005  0.38994591E-005  0.38994591E-005  0.38994591E-005  0.38994591E-005  0.38994591E-005  0.38994591E-005  0.38994591E-005  0.38994591E-005  0.38994591E-005  0.38994591E-005  0.38994591E-005  0.38994591E-005  0.38994591E-005  0.38994591E-005  0.38994591E-005  0.38994591E-005  0.38994591E-005  0.38994591E-005  0.38994591E-005  0.38994591E-005  0.38994591E-005  0.38994591E-005  0.38994591E-005  0.38994591E-005  0.38994591E-005  0.38994591E-005  0.38994591E-005
  0.18371909E-003  0.18371909E-003  0.18371909E-003  0.18371909E-003  0.18371909E-003  0.18371909E-003  0.18371909E-003  0.18371909E-003  0.18371909E-003  0.18371909E-003  0.18371909E-003  0.18371909E-003  0.18371909E-003  0.18371909E-003  0.18371909E-003  0.18371909E-003  0.18371909E-003  0.18371909E-003  0.18371909E-003  0.18371909E-003  0.18371909E-003  0.18371909E-003  0.18371909E-003  0.18371909E-003  0.18371909E-003  0.18371909E-003  0.18371909E-003  0.18371909E-003  0.18371909E-003  0.18371909E-003  0.18371909E-003  0.18371909E-003  0.18371909E-003  0.18371909E-003  0.18371909E-003
  0.67065667E-002  0.67065667E-002  0.67065667E-002  0.67065667E-002  0.67065667E-002  0.67065667E-002  0.67065667E-002  0.67065667E-002  0.67065667E-002  0.67065667E-002  0.67065667E-002  0.67065667E-002  0.67065667E-002  0.67065667E-002  0.67065667E-002  0.67065667E-002  0.67065667E-002  0.67065667E-002  0.67065667E-002  0.67065667E-002  0.67065667E-002  0.67065667E-002  0.67065667E-002  0.67065667E-002  0.67065667E-002  0.67065667E-002  0.67065667E-002  0.67065667E-002  0.67065667E-002  0.67065667E-002  0.67065667E-002  0.67065667E-002  0.67065667E-002  0.67065667E-002  0.67065667E-002
  0.18343793E+000  0.18343793E+000  0.18343793E+000  0.18343793E+000  0.18343793E+000  0.18343793E+000  0.18343793E+000  0.18343793E+000  0.18343793E+000  0.18343793E+000  0.18343793E+000  0.18343793E+000  0.18343793E+000  0.18343793E+000  0.18343793E+000  0.18343793E+000  0.18343793E+000  0.18343793E+000  0.18343793E+000  0.18343793E+000  0.18343793E+000  0.18343793E+000  0.18343793E+000  0.18343793E+000  0.18343793E+000  0.18343793E+000  0.18343793E+000  0.18343793E+000  0.18343793E+000  0.18343793E+000  0.18343793E+000  0.18343793E+000  0.18343793E+000  0.18343793E+000  0.18343793E+000
  0.35449819E+001  0.35449819E+001  0.35449819E+001  0.35449819E+001  0.35449819E+001  0.35449819E+001  0.35449819E+001  0.35449819E+001  0.35449819E+001  0.35449819E+001  0.35449819E+001  0.35449819E+001  0.35449819E+001  0.35449819E+001  0.35449819E+001  0.35449819E+001  0.35449819E+001  0.35449819E+001  0.35449819E+001  0.35449819E+001  0.35449819E+001  0.35449819E+001  0.35449819E+001  0.35449819E+001  0.35449819E+001  0.35449819E+001  0.35449819E+001  0.35449819E+001  0.35449819E+001  0.35449819E+001  0.35449819E+001  0.35449819E+001  0.35449819E+001  0.35449819E+001  0.35449819E+001
  0.43028089E+002  0.43028089E+002  0.43028089E+002  0.43028089E+002  0.43028089E+002  0.43028089E+002  0.43028089E+002  0.43028089E+002  0.43028089E+002  0.43028089E+002  0.43028089E+002  0.43028089E+002  0.43028089E+002  0.43028089E+002  0.43028089E+002  0.43028089E+002  0.43028089E+002  0.43028089E+002  0.43028089E+002  0.43028089E+002  0.43028089E+002  0.43028089E+002  0.43028089E+002  0.43028089E+002  0.43028089E+002  0.43028089E+002  0.43028089E+002  0.43028089E+002  0.43028089E+002  0.43028089E+002  0.43028089E+002  0.43028089E+002  0.43028089E+002  0.43028089E+002  0.43028089E+002
  0.23434553E+003  0.23434553E+003  0.23434553E+003  0.23434553E+003  0.23434553E+003  0.23434553E+003  0.23434553E+003  0.23434553E+003  0.23434553E+003  0.23434553E+003  0.23434553E+003  0.23434553E+003  0.23434553E+003  0.23434553E+003  0.23434553E+003  0.23434553E+003  0.23434553E+003  0.23434553E+003  0.23434553E+003  0.23434553E+003  0.23434553E+003  0.23434553E+003  0.23434553E+003  0.23434553E+003  0.23434553E+003  0.23434553E+003  0.23434553E+003  0.23434553E+003  0.23434553E+003  0.23434553E+003  0.23434553E+003  0.23434553E+003  0.23434553E+003  0.23434553E+003  0.23434553E+003
 -0.40840705E+003 -0.40840705E+003 -0.40840705E+003 -0.40840705E+003 -0.40840705E+003 -0.40840705E+003 -0.40840705E+003 -0.40840705E+003 -0.40840705E+003 -0.40840705E+003 -0.40840705E+003 -0.40840705E+003 -0.40840705E+003 -0.40840705E+003 -0.40840705E+003 -0.40840705E+003 -0.40840705E+003 -0.40840705E+003 -0.40840705E+003 -0.40840705E+003 -0.40840705E+003 -0.40840705E+003 -0.40840705E+003 -0.40840705E+003 -0.40840705E+003 -0.40840705E+003 -0.40840705E+003 -0.40840705E+003 -0.40840705E+003 -0.40840705E+003 -0.40840705E+003 -0.40840705E+003 -0.40840705E+003 -0.40840705E+003 -0.40840705E+003
 -0.10625487E+003 -0.10625487E+003 -0.10625487E+003 -0.10625487E+003 -0.10625487E+003 -0.10625487E+003 -0.10625487E+003 -0.10625487E+003 -0.10625487E+003 -0.10625487E+003 -0.10625487E+003 -0.10625487E+003 -0.10625487E+003 -0.10625487E+003 -0.10625487E+003 -0.10625487E+003 -0.10625487E+003 -0.10625487E+003 -0.10625487E+003 -0.10625487E+003 -0.10625487E+003 -0.10625487E+003 -0.10625487E+003 -0.10625487E+003 -0.10625487E+003 -0.10625486E+003 -0.10625486E+003 -0.10625486E+003 -0.10625486E+003 -0.10625486E+003 -0.10625486E+003 -0.10625486E+003 -0.10625486E+003 -0.10625486E+003 -0.10625486E+003
 -0.73672266E+003 -0.73672266E+003 -0.73672266E+003 -0.73672266E+003 -0.73672266E+003 -0.73672266E+003 -0.73672266E+003 -0.73672266E+003 -0.73672266E+003 -0.73672266E+003 -0.73672266E+003 -0.73672266E+003 -0.73672266E+003 -0.73672266E+003 -0.73672266E+003 -0.73672266E+003 -0.73672266E+003 -0.73672266E+003 -0.73672266E+003 -0.73672266E+003 -0.73672266E+003 -0.73672266E+003 -0.73672266E+003 -0.73672265E+003 -0.73672265E+003 -0.73672265E+003 -0.73672265E+003 -0.73672265E+003 -0.73672265E+003 -0.73672265E+003 -0.73672265E+003 -0.73672265E+003 -0.73672265E+003 -0.73672264E+003 -0.73672264E+003
 -0.52807219E+001 -0.52807219E+001 -0.52807219E+001 -0.52807219E+001 -0.52807219E+001 -0.52807219E+001 -0.52807219E+001 -0.52807219E+001 -0.52807219E+001 -0.52807219E+001 -0.52807219E+001 -0.52807219E+001 -0.52807219E+001 -0.52807219E+001 -0.52807220E+001 -0.52807222E+001 -0.52807224E+001 -0.52807227E+001 -0.52807231E+001 -0.52807235E+001 -0.52807241E+001 -0.52807247E+001 -0.52807253E+001 -0.52807261E+001 -0.52807268E+001 -0.52807276E+001 -0.52807285E+001 -0.52807296E+001 -0.75707476E+003 -0.74850119E+003 -0.73825697E+003 -0.72675026E+003 -0.71385350E+003 -0.69942142E+003 -0.68329440E+003
