  0.00000000E+000  0.00000000E+000  0.00000000E+000  0.00000000E+000  0.00000000E+000  0.00000000E+000  0.00000000E+000  0.00000000E+000  0.00000000E+000  0.00000000E+000  0.00000000E+000  0.00000000E+000  0.00000000E+000  0.00000000E+000  0.00000000E+000  0.00000000E+000  0.00000000E+000  0.00000000E+000  0.00000000E+000  0.00000000E+000  0.00000000E+000  0.00000000E+000  0.00000000E+000  0.00000000E+000  0.00000000E+000  0.00000000E+000  0.00000000E+000  0.00000000E+000  0.00000000E+000  0.00000000E+000  0.00000000E+000  0.00000000E+000  0.00000000E+000  0.00000000E+000  0.00000000E+000
 -0.22199363E-037 -0.22199363E-037 -0.22199363E-037 -0.22199363E-037 -0.22199363E-037 -0.22199363E-037 -0.22199363E-037 -0.22199363E-037 -0.22199363E-037 -0.22199363E-037 -0.22199363E-037 -0.22199363E-037 -0.22199363E-037 -0.22199363E-037 -0.22199363E-037 -0.22199363E-037 -0.22199363E-037 -0.22199363E-037 -0.22199363E-037 -0.22199363E-037 -0.22199363E-037 -0.22199363E-037 -0.22199363E-037 -0.22199363E-037 -0.22199363E-037 -0.22199363E-037 -0.22199363E-037 -0.22199363E-037 -0.22199363E-037 -0.22199363E-037 -0.22199363E-037 -0.22199363E-037 -0.22199363E-037 -0.22199363E-037 -0.22199363E-037
 -0.10147693E-034 -0.10147693E-034 -0.10147693E-034 -0.10147693E-034 -0.10147693E-034 -0.10147693E-034 -0.10147693E-034 -0.10147693E-034 -0.10147693E-034 -0.10147693E-034 -0.10147693E-034 -0.10147693E-034 -0.10147693E-034 -0.10147693E-034 -0.10147693E-034 -0.10147693E-034 -0.10147693E-034 -0.10147693E-034 -0.10147693E-034 -0.10147693E-034 -0.10147693E-034 -0.10147693E-034 -0.10147693E-034 -0.10147693E-034 -0.10147693E-034 -0.10147693E-034 -0.10147693E-034 -0.10147693E-034 -0.10147693E-034 -0.10147693E-034 -0.10147693E-034 -0.10147693E-034 -0.10147693E-034 -0.10147693E-034 -0.10147693E-034
 -0.22160845E-032 -0.22160845E-032 -0.22160845E-032 -0.22160845E-032 -0.22160845E-032 -0.22160845E-032 -0.22160845E-032 -0.22160845E-032 -0.22160845E-032 -0.22160845E-032 -0.22160845E-032 -0.22160845E-032 -0.22160845E-032 -0.22160845E-032 -0.22160845E-032 -0.22160845E-032 -0.22160845E-032 -0.22160845E-032 -0.22160845E-032 -0.22160845E-032 -0.22160845E-032 -0.22160845E-032 -0.22160845E-032 -0.22160845E-032 -0.22160845E-032 -0.22160845E-032 -0.22160845E-032 -0.22160845E-032 -0.22160845E-032 -0.22160845E-032 -0.22160845E-032 -0.22160845E-032 -0.22160845E-032 -0.22160845E-032 -0.22160845E-032
 -0.30747828E-030 -0.30747828E-030 -0.30747828E-030 -0.30747828E-030 -0.30747828E-030 -0.30747828E-030 -0.30747828E-030 -0.30747828E-030 -0.30747828E-030 -0.30747828E-030 -0.30747828E-030 -0.30747828E-030 -0.30747828E-030 -0.30747828E-030 -0.30747828E-030 -0.30747828E-030 -0.30747828E-030 -0.30747828E-030 -0.30747828E-030 -0.30747828E-030 -0.30747828E-030 -0.30747828E-030 -0.30747828E-030 -0.30747828E-030 -0.30747828E-030 -0.30747828E-030 -0.30747828E-030 -0.30747828E-030 -0.30747828E-030 -0.30747828E-030 -0.30747828E-030 -0.30747828E-030 -0.30747828E-030 -0.30747828E-030 -0.30747828E-030
 -0.30406235E-028 -0.30406235E-028 -0.30406235E-028 -0.30406235E-028 -0.30406235E-028 -0.30406235E-028 -0.30406235E-028 -0.30406235E-028 -0.30406235E-028 -0.30406235E-028 -0.30406235E-028 -0.30406235E-028 -0.30406235E-028 -0.30406235E-028 -0.30406235E-028 -0.30406235E-028 -0.30406235E-028 -0.30406235E-028 -0.30406235E-028 -0.30406235E-028 -0.30406235E-028 -0.30406235E-028 -0.30406235E-028 -0.30406235E-028 -0.30406235E-028 -0.30406235E-028 -0.30406235E-028 -0.30406235E-028 -0.30406235E-028 -0.30406235E-028 -0.30406235E-028 -0.30406235E-028 -0.30406235E-028 -0.30406235E-028 -0.30406235E-028
 -0.22786573E-026 -0.22786573E-026 -0.22786573E-026 -0.22786573E-026 -0.22786573E-026 -0.22786573E-026 -0.22786573E-026 -0.22786573E-026 -0.22786573E-026 -0.22786573E-026 -0.22786573E-026 -0.22786573E-026 -0.22786573E-026 -0.22786573E-026 -0.22786573E-026 -0.22786573E-026 -0.22786573E-026 -0.22786573E-026 -0.22786573E-026 -0.22786573E-026 -0.22786573E-026 -0.22786573E-026 -0.22786573E-026 -0.22786573E-026 -0.22786573E-026 -0.22786573E-026 -0.22786573E-026 -0.22786573E-026 -0.22786573E-026 -0.22786573E-026 -0.22786573E-026 -0.22786573E-026 -0.22786573E-026 -0.22786573E-026 -0.22786573E-026
 -0.13432258E-024 -0.13432258E-024 -0.13432258E-024 -0.13432258E-024 -0.13432258E-024 -0.13432258E-024 -0.13432258E-024 -0.13432258E-024 -0.13432258E-024 -0.13432258E-024 -0.13432258E-024 -0.13432258E-024 -0.13432258E-024 -0.13432258E-024 -0.13432258E-024 -0.13432258E-024 -0.13432258E-024 -0.13432258E-024 -0.13432258E-024 -0.13432258E-024 -0.13432258E-024 -0.13432258E-024 -0.13432258E-024 -0.13432258E-024 -0.13432258E-024 -0.13432258E-024 -0.13432258E-024 -0.13432258E-024 -0.13432258E-024 -0.13432258E-024 -0.13432258E-024 -0.13432258E-024 -0.13432258E-024 -0.13432258E-024 -0.13432258E-024
 -0.63807610E-023 -0.63807610E-023 -0.63807610E-023 -0.63807610E-023 -0.63807610E-023 -0.63807610E-023 -0.63807610E-023 -0.63807610E-023 -0.63807610E-023 -0.63807610E-023 -0.63807610E-023 -0.63807610E-023 -0.63807610E-023 -0.63807610E-023 -0.63807610E-023 -0.63807610E-023 -0.63807610E-023 -0.63807610E-023 -0.63807610E-023 -0.63807610E-023 -0.63807610E-023 -0.63807610E-023 -0.63807610E-023 -0.63807610E-023 -0.63807610E-023 -0.63807610E-023 -0.63807610E-023 -0.63807610E-023 -0.63807610E-023 -0.63807610E-023 -0.63807610E-023 -0.63807610E-023 -0.63807610E-023 -0.63807610E-023 -0.63807610E-023
 -0.24822339E-021 -0.24822339E-021 -0.24822339E-021 -0.24822339E-021 -0.24822339E-021 -0.24822339E-021 -0.24822339E-021 -0.24822339E-021 -0.24822339E-021 -0.24822339E-021 -0.24822339E-021 -0.24822339E-021 -0.24822339E-021 -0.24822339E-021 -0.24822339E-021 -0.24822339E-021 -0.24822339E-021 -0.24822339E-021 -0.24822339E-021 -0.24822339E-021 -0.24822339E-021 -0.24822339E-021 -0.24822339E-021 -0.24822339E-021 -0.24822339E-021 -0.24822339E-021 -0.24822339E-021 -0.24822339E-021 -0.24822339E-021 -0.24822339E-021 -0.24822339E-021 -0.24822339E-021 -0.24822339E-021 -0.24822339E-021 -0.24822339E-021
 -0.71240315E-019 -0.71240315E-019 -0.71240315E-019 -0.71240315E-019 -0.71240315E-019 -0.71240315E-019 -0.71240315E-019 -0.71240315E-019 -0.71240315E-019 -0.71240315E-019 -0.71240315E-019 -0.71240315E-019 -0.71240315E-019 -0.71240315E-019 -0.71240315E-019 -0.71240315E-019 -0.71240315E-019 -0.71240315E-019 -0.71240315E-019 -0.71240315E-019 -0.71240315E-019 -0.71240315E-019 -0.71240315E-019 -0.71240315E-019 -0.71240315E-019 -0.71240315E-019 -0.71240315E-019 -0.71240315E-019 -0.71240315E-019 -0.71240315E-019 -0.71240315E-019 -0.71240315E-019 -0.71240315E-019 -0.71240315E-019 -0.71240315E-019
 -0.16362931E-016 -0.16362931E-016 -0.16362931E-016 -0.16362931E-016 -0.16362931E-016 -0.16362931E-016 -0.16362931E-016 -0.16362931E-016 -0.16362931E-016 -0.16362931E-016 -0.16362931E-016 -0.16362931E-016 -0.16362931E-016 -0.16362931E-016 -0.16362931E-016 -0.16362931E-016 -0.16362931E-016 -0.16362931E-016 -0.16362931E-016 -0.16362931E-016 -0.16362931E-016 -0.16362931E-016 -0.16362931E-016 -0.16362931E-016 -0.16362931E-016 -0.16362931E-016 -0.16362931E-016 -0.16362931E-016 -0.16362931E-016 -0.16362931E-016 -0.16362931E-016 -0.16362931E-016 -0.16362931E-016 -0.16362931E-016 -0.16362931E-016
 -0.30282602E-014 -0.30282602E-014 -0.30282602E-014 -0.30282602E-014 -0.30282602E-014 -0.30282602E-014 -0.30282602E-014 -0.30282602E-014 -0.30282602E-014 -0.30282602E-014 -0.30282602E-014 -0.30282602E-014 -0.30282602E-014 -0.30282602E-014 -0.30282602E-014 -0.30282602E-014 -0.30282602E-014 -0.30282602E-014 -0.30282602E-014 -0.30282602E-014 -0.30282602E-014 -0.30282602E-014 -0.30282602E-014 -0.30282602E-014 -0.30282602E-014 -0.30282602E-014 -0.30282602E-014 -0.30282602E-014 -0.30282602E-014 -0.30282602E-014 -0.30282602E-014 -0.30282602E-014 -0.30282602E-014 -0.30282602E-014 -0.30282602E-014
 -0.45222280E-012 -0.45222280E-012 -0.45222280E-012 -0.45222280E-012 -0.45222280E-012 -0.45222280E-012 -0.45222280E-012 -0.45222280E-012 -0.45222280E-012 -0.45222280E-012 -0.45222280E-012 -0.45222280E-012 -0.45222280E-012 -0.45222280E-012 -0.45222280E-012 -0.45222280E-012 -0.45222280E-012 -0.45222280E-012 -0.45222280E-012 -0.45222280E-012 -0.45222280E-012 -0.45222280E-012 -0.45222280E-012 -0.45222280E-012 -0.45222280E-012 -0.45222280E-012 -0.45222280E-012 -0.45222280E-012 -0.45222280E-012 -0.45222280E-012 -0.45222280E-012 -0.45222280E-012 -0.45222280E-012 -0.45222280E-012 -0.45222280E-012
 -0.54283871E-010 -0.54283871E-010 -0.54283871E-010 -0.54283871E-010 -0.54283871E-010 -0.54283871E-010 -0.54283871E-010 -0.54283871E-010 -0.54283871E-010 -0.54283871E-010 -0.54283871E-010 -0.54283871E-010 -0.54283871E-010 -0.54283871E-010 -0.54283871E-010 -0.54283871E-010 -0.54283871E-010 -0.54283871E-010 -0.54283871E-010 -0.54283871E-010 -0.54283871E-010 -0.54283871E-010 -0.54283871E-010 -0.54283871E-010 -0.54283871E-010 -0.54283871E-010 -0.54283871E-010 -0.54283871E-010 -0.54283871E-010 -0.54283871E-010 -0.54283871E-010 -0.54283871E-010 -0.54283871E-010 -0.54283871E-010 -0.54283871E-010
 -0.51862186E-008 -0.51862186E-008 -0.51862186E-008 -0.51862186E-008 -0.51862186E-008 -0.51862186E-008 -0.51862186E-008 -0.51862186E-008 -0.51862186E-008 -0.51862186E-008 -0.51862186E-008 -0.51862186E-008 -0.51862186E-008 -0.51862186E-008 -0.51862186E-008 -0.51862186E-008 -0.51862186E-008 -0.51862186E-008 -0.51862186E-008 -0.51862186E-008 -0.51862186E-008 -0.51862186E-008 -0.51862186E-008 -0.51862186E-008 -0.51862186E-008 -0.51862186E-008 -0.51862186E-008 -0.51862186E-008 -0.51862186E-008 -0.51862186E-008 -0.51862186E-008 -0.51862186E-008 -0.51862186E-008 -0.51862186E-008 -0.51862186E-008
 -0.38738174E-006 -0.38738174E-006 -0.38738174E-006 -0.38738174E-006 -0.38738174E-006 -0.38738174E-006 -0.38738174E-006 -0.38738174E-006 -0.38738174E-006 -0.38738174E-006 -0.38738174E-006 -0.38738174E-006 -0.38738174E-006 -0.38738174E-006 -0.38738174E-006 -0.38738174E-006 -0.38738174E-006 -0.38738174E-006 -0.38738174E-006 -0.38738174E-006 -0.38738174E-006 -0.38738174E-006 -0.38738174E-006 -0.38738174E-006 -0.38738174E-006 -0.38738174E-006 -0.38738174E-006 -0.38738174E-006 -0.38738174E-006 -0.38738174E-006 -0.38738174E-006 -0.38738174E-006 -0.38738174E-006 -0.38738174E-006 -0.38738174E-006
 -0.21955579E-004 -0.21955579E-004 -0.21955579E-004 -0.21955579E-004 -0.21955579E-004 -0.21955579E-004 -0.21955579E-004 -0.21955579E-004 -0.21955579E-004 -0.21955579E-004 -0.21955579E-004 -0.21955579E-004 -0.21955579E-004 -0.21955579E-004 -0.21955579E-004 -0.21955579E-004 -0.21955579E-004 -0.21955579E-004 -0.21955579E-004 -0.21955579E-004 -0.21955579E-004 -0.21955579E-004 -0.21955579E-004 -0.21955579E-004 -0.21955579E-004 -0.21955579E-004 -0.21955579E-004 -0.21955579E-004 -0.21955579E-004 -0.21955579E-004 -0.21955579E-004 -0.21955579E-004 -0.21955579E-004 -0.21955579E-004 -0.21955579E-004
 -0.89711641E-003 -0.89711641E-003 -0.89711641E-003 -0.89711641E-003 -0.89711641E-003 -0.89711641E-003 -0.89711641E-003 -0.89711641E-003 -0.89711641E-003 -0.89711641E-003 -0.89711641E-003 -0.89711641E-003 -0.89711641E-003 -0.89711641E-003 -0.89711641E-003 -0.89711641E-003 -0.89711641E-003 -0.89711641E-003 -0.89711641E-003 -0.89711641E-003 -0.89711641E-003 -0.89711641E-003 -0.89711641E-003 -0.89711641E-003 -0.89711641E-003 -0.89711641E-003 -0.89711641E-003 -0.89711641E-003 -0.89711641E-003 -0.89711641E-003 -0.89711641E-003 -0.89711641E-003 -0.89711641E-003 -0.89711641E-003 -0.89711641E-003
 -0.23986677E-001 -0.23986677E-001 -0.23986677E-001 -0.23986677E-001 -0.23986677E-001 -0.23986677E-001 -0.23986677E-001 -0.23986677E-001 -0.23986677E-001 -0.23986677E-001 -0.23986677E-001 -0.23986677E-001 -0.23986677E-001 -0.23986677E-001 -0.23986677E-001 -0.23986677E-001 -0.23986677E-001 -0.23986677E-001 -0.23986677E-001 -0.23986677E-001 -0.23986677E-001 -0.23986677E-001 -0.23986677E-001 -0.23986677E-001 -0.23986677E-001 -0.23986677E-001 -0.23986677E-001 -0.23986677E-001 -0.23986677E-001 -0.23986677E-001 -0.23986677E-001 -0.23986677E-001 -0.23986677E-001 -0.23986677E-001 -0.23986677E-001
 -0.33153539E+000 -0.33153539E+000 -0.33153539E+000 -0.33153539E+000 -0.33153539E+000 -0.33153539E+000 -0.33153539E+000 -0.33153539E+000 -0.33153539E+000 -0.33153539E+000 -0.33153539E+000 -0.33153539E+000 -0.33153539E+000 -0.33153539E+000 -0.33153539E+000 -0.33153539E+000 -0.33153539E+000 -0.33153539E+000 -0.33153539E+000 -0.33153539E+000 -0.33153539E+000 -0.33153539E+000 -0.33153539E+000 -0.33153539E+000 -0.33153539E+000 -0.33153539E+000 -0.33153539E+000 -0.33153539E+000 -0.33153539E+000 -0.33153539E+000 -0.33153539E+000 -0.33153539E+000 -0.33153539E+000 -0.33153539E+000 -0.33153539E+000
 -0.45223604E+000 -0.45223604E+000 -0.45223604E+000 -0.45223604E+000 -0.45223604E+000 -0.45223604E+000 -0.45223604E+000 -0.45223604E+000 -0.45223604E+000 -0.45223604E+000 -0.45223604E+000 -0.45223604E+000 -0.45223604E+000 -0.45223604E+000 -0.45223604E+000 -0.45223604E+000 -0.45223604E+000 -0.45223604E+000 -0.45223604E+000 -0.45223604E+000 -0.45223604E+000 -0.45223604E+000 -0.45223604E+000 -0.45223604E+000 -0.45223604E+000 -0.45223604E+000 -0.45223604E+000 -0.45223604E+000 -0.45223604E+000 -0.45223604E+000 -0.45223604E+000 -0.45223604E+000 -0.45223604E+000 -0.45223604E+000 -0.45223603E+000
 -0.11938558E+001 -0.11938558E+001 -0.11938558E+001 -0.11938558E+001 -0.11938558E+001 -0.11938558E+001 -0.11938558E+001 -0.11938558E+001 -0.11938558E+001 -0.11938558E+001 -0.11938558E+001 -0.11938558E+001 -0.11938558E+001 -0.11938558E+001 -0.11938558E+001 -0.11938558E+001 -0.11938558E+001 -0.11938558E+001 -0.11938558E+001 -0.11938558E+001 -0.11938558E+001 -0.11938558E+001 -0.11938558E+001 -0.11938558E+001 -0.11938558E+001 -0.11938558E+001 -0.11938558E+001 -0.11938558E+001 -0.11938558E+001 -0.11938558E+001 -0.11938558E+001 -0.11938558E+001 -0.11938558E+001 -0.11938558E+001 -0.11938558E+001
 -0.14310099E+002 -0.14310099E+002 -0.14310099E+002 -0.14310099E+002 -0.14310099E+002 -0.14310099E+002 -0.14310099E+002 -0.14310099E+002 -0.14310099E+002 -0.14310099E+002 -0.14310099E+002 -0.14310099E+002 -0.14310099E+002 -0.14310099E+002 -0.14310099E+002 -0.14310099E+002 -0.14310099E+002 -0.14310099E+002 -0.14310099E+002 -0.14310099E+002 -0.14310099E+002 -0.14310099E+002 -0.14310099E+002 -0.14310099E+002 -0.14310099E+002 -0.14310099E+002 -0.14310099E+002 -0.14310099E+002 -0.14310099E+002 -0.14310099E+002 -0.14310099E+002 -0.14310099E+002 -0.14310099E+002 -0.14310099E+002 -0.14310099E+002
 -0.21288507E+000 -0.21288507E+000 -0.21288507E+000 -0.21288507E+000 -0.21288507E+000 -0.21288507E+000 -0.21288506E+000 -0.21288506E+000 -0.21288506E+000 -0.21288506E+000 -0.21288506E+000 -0.21288506E+000 -0.21288506E+000 -0.21288506E+000 -0.21288506E+000 -0.21288506E+000 -0.21288506E+000 -0.21288506E+000 -0.21288506E+000 -0.21288506E+000 -0.21288506E+000 -0.21288506E+000 -0.21288506E+000 -0.21288506E+000 -0.21288506E+000 -0.21288505E+000 -0.21288506E+000 -0.21288506E+000 -0.21288505E+000 -0.21288506E+000 -0.21288508E+000 -0.21288509E+000 -0.21288510E+000 -0.21288542E+000 -0.21288574E+000
