  0.00000000E+000  0.00000000E+000  0.00000000E+000  0.00000000E+000  0.00000000E+000  0.00000000E+000  0.00000000E+000  0.00000000E+000  0.00000000E+000  0.00000000E+000  0.00000000E+000  0.00000000E+000  0.00000000E+000  0.00000000E+000  0.00000000E+000  0.00000000E+000  0.00000000E+000  0.00000000E+000  0.00000000E+000  0.00000000E+000  0.00000000E+000  0.00000000E+000  0.00000000E+000  0.00000000E+000  0.00000000E+000  0.00000000E+000  0.00000000E+000  0.00000000E+000  0.00000000E+000  0.00000000E+000  0.00000000E+000  0.00000000E+000  0.00000000E+000  0.00000000E+000  0.00000000E+000
 -0.17040087E-037 -0.17040087E-037 -0.17040087E-037 -0.17040087E-037 -0.17040087E-037 -0.17040087E-037 -0.17040087E-037 -0.17040087E-037 -0.17040087E-037 -0.17040087E-037 -0.17040087E-037 -0.17040087E-037 -0.17040087E-037 -0.17040087E-037 -0.17040087E-037 -0.17040087E-037 -0.17040087E-037 -0.17040087E-037 -0.17040087E-037 -0.17040087E-037 -0.17040087E-037 -0.17040087E-037 -0.17040087E-037 -0.17040087E-037 -0.17040087E-037 -0.17040087E-037 -0.17040087E-037 -0.17040087E-037 -0.17040087E-037 -0.17040087E-037 -0.17040087E-037 -0.17040087E-037 -0.17040087E-037 -0.17040087E-037 -0.17040087E-037
 -0.78494035E-035 -0.78494035E-035 -0.78494035E-035 -0.78494035E-035 -0.78494035E-035 -0.78494035E-035 -0.78494035E-035 -0.78494035E-035 -0.78494035E-035 -0.78494035E-035 -0.78494035E-035 -0.78494035E-035 -0.78494035E-035 -0.78494035E-035 -0.78494035E-035 -0.78494035E-035 -0.78494035E-035 -0.78494035E-035 -0.78494035E-035 -0.78494035E-035 -0.78494035E-035 -0.78494035E-035 -0.78494035E-035 -0.78494035E-035 -0.78494035E-035 -0.78494035E-035 -0.78494035E-035 -0.78494035E-035 -0.78494035E-035 -0.78494035E-035 -0.78494035E-035 -0.78494035E-035 -0.78494035E-035 -0.78494035E-035 -0.78494035E-035
 -0.17285488E-032 -0.17285488E-032 -0.17285488E-032 -0.17285488E-032 -0.17285488E-032 -0.17285488E-032 -0.17285488E-032 -0.17285488E-032 -0.17285488E-032 -0.17285488E-032 -0.17285488E-032 -0.17285488E-032 -0.17285488E-032 -0.17285488E-032 -0.17285488E-032 -0.17285488E-032 -0.17285488E-032 -0.17285488E-032 -0.17285488E-032 -0.17285488E-032 -0.17285488E-032 -0.17285488E-032 -0.17285488E-032 -0.17285488E-032 -0.17285488E-032 -0.17285488E-032 -0.17285488E-032 -0.17285488E-032 -0.17285488E-032 -0.17285488E-032 -0.17285488E-032 -0.17285488E-032 -0.17285488E-032 -0.17285488E-032 -0.17285488E-032
 -0.24203250E-030 -0.24203250E-030 -0.24203250E-030 -0.24203250E-030 -0.24203250E-030 -0.24203250E-030 -0.24203250E-030 -0.24203250E-030 -0.24203250E-030 -0.24203250E-030 -0.24203250E-030 -0.24203250E-030 -0.24203250E-030 -0.24203250E-030 -0.24203250E-030 -0.24203250E-030 -0.24203250E-030 -0.24203250E-030 -0.24203250E-030 -0.24203250E-030 -0.24203250E-030 -0.24203250E-030 -0.24203250E-030 -0.24203250E-030 -0.24203250E-030 -0.24203250E-030 -0.24203250E-030 -0.24203250E-030 -0.24203250E-030 -0.24203250E-030 -0.24203250E-030 -0.24203250E-030 -0.24203250E-030 -0.24203250E-030 -0.24203250E-030
 -0.24176067E-028 -0.24176067E-028 -0.24176067E-028 -0.24176067E-028 -0.24176067E-028 -0.24176067E-028 -0.24176067E-028 -0.24176067E-028 -0.24176067E-028 -0.24176067E-028 -0.24176067E-028 -0.24176067E-028 -0.24176067E-028 -0.24176067E-028 -0.24176067E-028 -0.24176067E-028 -0.24176067E-028 -0.24176067E-028 -0.24176067E-028 -0.24176067E-028 -0.24176067E-028 -0.24176067E-028 -0.24176067E-028 -0.24176067E-028 -0.24176067E-028 -0.24176067E-028 -0.24176067E-028 -0.24176067E-028 -0.24176067E-028 -0.24176067E-028 -0.24176067E-028 -0.24176067E-028 -0.24176067E-028 -0.24176067E-028 -0.24176067E-028
 -0.18320746E-026 -0.18320746E-026 -0.18320746E-026 -0.18320746E-026 -0.18320746E-026 -0.18320746E-026 -0.18320746E-026 -0.18320746E-026 -0.18320746E-026 -0.18320746E-026 -0.18320746E-026 -0.18320746E-026 -0.18320746E-026 -0.18320746E-026 -0.18320746E-026 -0.18320746E-026 -0.18320746E-026 -0.18320746E-026 -0.18320746E-026 -0.18320746E-026 -0.18320746E-026 -0.18320746E-026 -0.18320746E-026 -0.18320746E-026 -0.18320746E-026 -0.18320746E-026 -0.18320746E-026 -0.18320746E-026 -0.18320746E-026 -0.18320746E-026 -0.18320746E-026 -0.18320746E-026 -0.18320746E-026 -0.18320746E-026 -0.18320746E-026
 -0.10935280E-024 -0.10935280E-024 -0.10935280E-024 -0.10935280E-024 -0.10935280E-024 -0.10935280E-024 -0.10935280E-024 -0.10935280E-024 -0.10935280E-024 -0.10935280E-024 -0.10935280E-024 -0.10935280E-024 -0.10935280E-024 -0.10935280E-024 -0.10935280E-024 -0.10935280E-024 -0.10935280E-024 -0.10935280E-024 -0.10935280E-024 -0.10935280E-024 -0.10935280E-024 -0.10935280E-024 -0.10935280E-024 -0.10935280E-024 -0.10935280E-024 -0.10935280E-024 -0.10935280E-024 -0.10935280E-024 -0.10935280E-024 -0.10935280E-024 -0.10935280E-024 -0.10935280E-024 -0.10935280E-024 -0.10935280E-024 -0.10935280E-024
 -0.52683184E-023 -0.52683184E-023 -0.52683184E-023 -0.52683184E-023 -0.52683184E-023 -0.52683184E-023 -0.52683184E-023 -0.52683184E-023 -0.52683184E-023 -0.52683184E-023 -0.52683184E-023 -0.52683184E-023 -0.52683184E-023 -0.52683184E-023 -0.52683184E-023 -0.52683184E-023 -0.52683184E-023 -0.52683184E-023 -0.52683184E-023 -0.52683184E-023 -0.52683184E-023 -0.52683184E-023 -0.52683184E-023 -0.52683184E-023 -0.52683184E-023 -0.52683184E-023 -0.52683184E-023 -0.52683184E-023 -0.52683184E-023 -0.52683184E-023 -0.52683184E-023 -0.52683184E-023 -0.52683184E-023 -0.52683184E-023 -0.52683184E-023
 -0.20827030E-021 -0.20827030E-021 -0.20827030E-021 -0.20827030E-021 -0.20827030E-021 -0.20827030E-021 -0.20827030E-021 -0.20827030E-021 -0.20827030E-021 -0.20827030E-021 -0.20827030E-021 -0.20827030E-021 -0.20827030E-021 -0.20827030E-021 -0.20827030E-021 -0.20827030E-021 -0.20827030E-021 -0.20827030E-021 -0.20827030E-021 -0.20827030E-021 -0.20827030E-021 -0.20827030E-021 -0.20827030E-021 -0.20827030E-021 -0.20827030E-021 -0.20827030E-021 -0.20827030E-021 -0.20827030E-021 -0.20827030E-021 -0.20827030E-021 -0.20827030E-021 -0.20827030E-021 -0.20827030E-021 -0.20827030E-021 -0.20827030E-021
 -0.60926675E-019 -0.60926675E-019 -0.60926675E-019 -0.60926675E-019 -0.60926675E-019 -0.60926675E-019 -0.60926675E-019 -0.60926675E-019 -0.60926675E-019 -0.60926675E-019 -0.60926675E-019 -0.60926675E-019 -0.60926675E-019 -0.60926675E-019 -0.60926675E-019 -0.60926675E-019 -0.60926675E-019 -0.60926675E-019 -0.60926675E-019 -0.60926675E-019 -0.60926675E-019 -0.60926675E-019 -0.60926675E-019 -0.60926675E-019 -0.60926675E-019 -0.60926675E-019 -0.60926675E-019 -0.60926675E-019 -0.60926675E-019 -0.60926675E-019 -0.60926675E-019 -0.60926675E-019 -0.60926675E-019 -0.60926675E-019 -0.60926675E-019
 -0.14314467E-016 -0.14314467E-016 -0.14314467E-016 -0.14314467E-016 -0.14314467E-016 -0.14314467E-016 -0.14314467E-016 -0.14314467E-016 -0.14314467E-016 -0.14314467E-016 -0.14314467E-016 -0.14314467E-016 -0.14314467E-016 -0.14314467E-016 -0.14314467E-016 -0.14314467E-016 -0.14314467E-016 -0.14314467E-016 -0.14314467E-016 -0.14314467E-016 -0.14314467E-016 -0.14314467E-016 -0.14314467E-016 -0.14314467E-016 -0.14314467E-016 -0.14314467E-016 -0.14314467E-016 -0.14314467E-016 -0.14314467E-016 -0.14314467E-016 -0.14314467E-016 -0.14314467E-016 -0.14314467E-016 -0.14314467E-016 -0.14314467E-016
 -0.27226233E-014 -0.27226233E-014 -0.27226233E-014 -0.27226233E-014 -0.27226233E-014 -0.27226233E-014 -0.27226233E-014 -0.27226233E-014 -0.27226233E-014 -0.27226233E-014 -0.27226233E-014 -0.27226233E-014 -0.27226233E-014 -0.27226233E-014 -0.27226233E-014 -0.27226233E-014 -0.27226233E-014 -0.27226233E-014 -0.27226233E-014 -0.27226233E-014 -0.27226233E-014 -0.27226233E-014 -0.27226233E-014 -0.27226233E-014 -0.27226233E-014 -0.27226233E-014 -0.27226233E-014 -0.27226233E-014 -0.27226233E-014 -0.27226233E-014 -0.27226233E-014 -0.27226233E-014 -0.27226233E-014 -0.27226233E-014 -0.27226233E-014
 -0.42057010E-012 -0.42057010E-012 -0.42057010E-012 -0.42057010E-012 -0.42057010E-012 -0.42057010E-012 -0.42057010E-012 -0.42057010E-012 -0.42057010E-012 -0.42057010E-012 -0.42057010E-012 -0.42057010E-012 -0.42057010E-012 -0.42057010E-012 -0.42057010E-012 -0.42057010E-012 -0.42057010E-012 -0.42057010E-012 -0.42057010E-012 -0.42057010E-012 -0.42057010E-012 -0.42057010E-012 -0.42057010E-012 -0.42057010E-012 -0.42057010E-012 -0.42057010E-012 -0.42057010E-012 -0.42057010E-012 -0.42057010E-012 -0.42057010E-012 -0.42057010E-012 -0.42057010E-012 -0.42057010E-012 -0.42057010E-012 -0.42057010E-012
 -0.52704020E-010 -0.52704020E-010 -0.52704020E-010 -0.52704020E-010 -0.52704020E-010 -0.52704020E-010 -0.52704020E-010 -0.52704020E-010 -0.52704020E-010 -0.52704020E-010 -0.52704020E-010 -0.52704020E-010 -0.52704020E-010 -0.52704020E-010 -0.52704020E-010 -0.52704020E-010 -0.52704020E-010 -0.52704020E-010 -0.52704020E-010 -0.52704020E-010 -0.52704020E-010 -0.52704020E-010 -0.52704020E-010 -0.52704020E-010 -0.52704020E-010 -0.52704020E-010 -0.52704020E-010 -0.52704020E-010 -0.52704020E-010 -0.52704020E-010 -0.52704020E-010 -0.52704020E-010 -0.52704020E-010 -0.52704020E-010 -0.52704020E-010
 -0.53288595E-008 -0.53288595E-008 -0.53288595E-008 -0.53288595E-008 -0.53288595E-008 -0.53288595E-008 -0.53288595E-008 -0.53288595E-008 -0.53288595E-008 -0.53288595E-008 -0.53288595E-008 -0.53288595E-008 -0.53288595E-008 -0.53288595E-008 -0.53288595E-008 -0.53288595E-008 -0.53288595E-008 -0.53288595E-008 -0.53288595E-008 -0.53288595E-008 -0.53288595E-008 -0.53288595E-008 -0.53288595E-008 -0.53288595E-008 -0.53288595E-008 -0.53288595E-008 -0.53288595E-008 -0.53288595E-008 -0.53288595E-008 -0.53288595E-008 -0.53288595E-008 -0.53288595E-008 -0.53288595E-008 -0.53288595E-008 -0.53288595E-008
 -0.43031637E-006 -0.43031637E-006 -0.43031637E-006 -0.43031637E-006 -0.43031637E-006 -0.43031637E-006 -0.43031637E-006 -0.43031637E-006 -0.43031637E-006 -0.43031637E-006 -0.43031637E-006 -0.43031637E-006 -0.43031637E-006 -0.43031637E-006 -0.43031637E-006 -0.43031637E-006 -0.43031637E-006 -0.43031637E-006 -0.43031637E-006 -0.43031637E-006 -0.43031637E-006 -0.43031637E-006 -0.43031637E-006 -0.43031637E-006 -0.43031637E-006 -0.43031637E-006 -0.43031637E-006 -0.43031637E-006 -0.43031637E-006 -0.43031637E-006 -0.43031637E-006 -0.43031637E-006 -0.43031637E-006 -0.43031637E-006 -0.43031637E-006
 -0.27322029E-004 -0.27322029E-004 -0.27322029E-004 -0.27322029E-004 -0.27322029E-004 -0.27322029E-004 -0.27322029E-004 -0.27322029E-004 -0.27322029E-004 -0.27322029E-004 -0.27322029E-004 -0.27322029E-004 -0.27322029E-004 -0.27322029E-004 -0.27322029E-004 -0.27322029E-004 -0.27322029E-004 -0.27322029E-004 -0.27322029E-004 -0.27322029E-004 -0.27322029E-004 -0.27322029E-004 -0.27322029E-004 -0.27322029E-004 -0.27322029E-004 -0.27322029E-004 -0.27322029E-004 -0.27322029E-004 -0.27322029E-004 -0.27322029E-004 -0.27322029E-004 -0.27322029E-004 -0.27322029E-004 -0.27322029E-004 -0.27322029E-004
 -0.13344371E-002 -0.13344371E-002 -0.13344371E-002 -0.13344371E-002 -0.13344371E-002 -0.13344371E-002 -0.13344371E-002 -0.13344371E-002 -0.13344371E-002 -0.13344371E-002 -0.13344371E-002 -0.13344371E-002 -0.13344371E-002 -0.13344371E-002 -0.13344371E-002 -0.13344371E-002 -0.13344371E-002 -0.13344371E-002 -0.13344371E-002 -0.13344371E-002 -0.13344371E-002 -0.13344371E-002 -0.13344371E-002 -0.13344371E-002 -0.13344371E-002 -0.13344371E-002 -0.13344371E-002 -0.13344371E-002 -0.13344371E-002 -0.13344371E-002 -0.13344371E-002 -0.13344371E-002 -0.13344371E-002 -0.13344371E-002 -0.13344371E-002
 -0.48742700E-001 -0.48742700E-001 -0.48742700E-001 -0.48742700E-001 -0.48742700E-001 -0.48742700E-001 -0.48742700E-001 -0.48742700E-001 -0.48742700E-001 -0.48742700E-001 -0.48742700E-001 -0.48742700E-001 -0.48742700E-001 -0.48742700E-001 -0.48742700E-001 -0.48742700E-001 -0.48742700E-001 -0.48742700E-001 -0.48742700E-001 -0.48742700E-001 -0.48742700E-001 -0.48742700E-001 -0.48742700E-001 -0.48742700E-001 -0.48742700E-001 -0.48742700E-001 -0.48742700E-001 -0.48742700E-001 -0.48742700E-001 -0.48742700E-001 -0.48742700E-001 -0.48742700E-001 -0.48742700E-001 -0.48742700E-001 -0.48742700E-001
 -0.12907483E+001 -0.12907483E+001 -0.12907483E+001 -0.12907483E+001 -0.12907483E+001 -0.12907483E+001 -0.12907483E+001 -0.12907483E+001 -0.12907483E+001 -0.12907483E+001 -0.12907483E+001 -0.12907483E+001 -0.12907483E+001 -0.12907483E+001 -0.12907483E+001 -0.12907483E+001 -0.12907483E+001 -0.12907483E+001 -0.12907483E+001 -0.12907483E+001 -0.12907483E+001 -0.12907483E+001 -0.12907483E+001 -0.12907483E+001 -0.12907483E+001 -0.12907483E+001 -0.12907483E+001 -0.12907483E+001 -0.12907483E+001 -0.12907483E+001 -0.12907483E+001 -0.12907483E+001 -0.12907483E+001 -0.12907483E+001 -0.12907483E+001
 -0.24140623E+002 -0.24140623E+002 -0.24140623E+002 -0.24140623E+002 -0.24140623E+002 -0.24140623E+002 -0.24140623E+002 -0.24140623E+002 -0.24140623E+002 -0.24140623E+002 -0.24140623E+002 -0.24140623E+002 -0.24140623E+002 -0.24140623E+002 -0.24140623E+002 -0.24140623E+002 -0.24140623E+002 -0.24140623E+002 -0.24140623E+002 -0.24140623E+002 -0.24140623E+002 -0.24140623E+002 -0.24140623E+002 -0.24140623E+002 -0.24140623E+002 -0.24140623E+002 -0.24140623E+002 -0.24140623E+002 -0.24140623E+002 -0.24140623E+002 -0.24140623E+002 -0.24140623E+002 -0.24140623E+002 -0.24140623E+002 -0.24140623E+002
 -0.31665412E+003 -0.31665406E+003 -0.31665381E+003 -0.31665328E+003 -0.31665240E+003 -0.31665111E+003 -0.31664983E+003 -0.31664894E+003 -0.31664841E+003 -0.31664816E+003 -0.31664811E+003 -0.31664808E+003 -0.31664791E+003 -0.31664791E+003 -0.31664791E+003 -0.31664791E+003 -0.31664791E+003 -0.31664791E+003 -0.31664791E+003 -0.31664791E+003 -0.31664791E+003 -0.31664791E+003 -0.31664790E+003 -0.31664790E+003 -0.31664790E+003 -0.31664790E+003 -0.31664790E+003 -0.31664790E+003 -0.31664790E+003 -0.31664790E+003 -0.31664790E+003 -0.31664789E+003 -0.31664789E+003 -0.31664789E+003 -0.31664789E+003
  0.19912402E+000  0.19912402E+000  0.19912402E+000  0.19912402E+000  0.19912402E+000  0.19912402E+000  0.19912402E+000  0.10532244E+000  0.10555819E+000  0.10566875E+000  0.10569249E+000  0.10570458E+000  0.10578012E+000  0.10578012E+000  0.10578012E+000  0.10578012E+000  0.10578012E+000  0.10578012E+000  0.10578012E+000  0.10578002E+000  0.10577989E+000  0.10577973E+000  0.10577955E+000  0.10577933E+000  0.10577908E+000  0.10577880E+000  0.10577847E+000  0.10577811E+000  0.10577771E+000  0.10577726E+000  0.10577677E+000  0.10577623E+000  0.10577564E+000  0.10577500E+000  0.10577431E+000
  0.23198207E-001  0.23198207E-001  0.23198207E-001 -0.20514638E+001 -0.15237102E+001 -0.75430962E+000  0.16280025E-001 -0.40136714E+000 -0.80897479E-001  0.59950430E-002  0.20160888E-001  0.20160888E-001  0.20160888E-001  0.20160888E-001  0.20160888E-001  0.20160888E-001  0.20160888E-001  0.20160888E-001  0.20160888E-001  0.20160885E-001  0.20160883E-001  0.20160882E-001  0.20160881E-001  0.20160880E-001  0.20160879E-001  0.20160879E-001  0.20160878E-001  0.20160877E-001  0.20160867E-001  0.20160396E-001  0.20159883E-001  0.20159326E-001  0.20158730E-001  0.20158093E-001  0.20157414E-001
