  0.00000000E+000  0.00000000E+000  0.00000000E+000  0.00000000E+000  0.00000000E+000  0.00000000E+000  0.00000000E+000  0.00000000E+000  0.00000000E+000  0.00000000E+000  0.00000000E+000  0.00000000E+000  0.00000000E+000  0.00000000E+000  0.00000000E+000  0.00000000E+000  0.00000000E+000  0.00000000E+000  0.00000000E+000  0.00000000E+000  0.00000000E+000  0.00000000E+000  0.00000000E+000  0.00000000E+000  0.00000000E+000  0.00000000E+000  0.00000000E+000  0.00000000E+000  0.00000000E+000  0.00000000E+000  0.00000000E+000  0.00000000E+000  0.00000000E+000  0.00000000E+000  0.00000000E+000
 -0.83632823E-035 -0.83632823E-035 -0.83632823E-035 -0.83632823E-035 -0.83632823E-035 -0.83632823E-035 -0.83632823E-035 -0.83632823E-035 -0.83632823E-035 -0.83632823E-035 -0.83632823E-035 -0.83632823E-035 -0.83632823E-035 -0.83632823E-035 -0.83632823E-035 -0.83632823E-035 -0.83632823E-035 -0.83632823E-035 -0.83632823E-035 -0.83632823E-035 -0.83632823E-035 -0.83632823E-035 -0.83632823E-035 -0.83632823E-035 -0.83632823E-035 -0.83632823E-035 -0.83632823E-035 -0.83632823E-035 -0.83632823E-035 -0.83632823E-035 -0.83632823E-035 -0.83632823E-035 -0.83632823E-035 -0.83632823E-035 -0.83632823E-035
 -0.38278395E-032 -0.38278395E-032 -0.38278395E-032 -0.38278395E-032 -0.38278395E-032 -0.38278395E-032 -0.38278395E-032 -0.38278395E-032 -0.38278395E-032 -0.38278395E-032 -0.38278395E-032 -0.38278395E-032 -0.38278395E-032 -0.38278395E-032 -0.38278395E-032 -0.38278395E-032 -0.38278395E-032 -0.38278395E-032 -0.38278395E-032 -0.38278395E-032 -0.38278395E-032 -0.38278395E-032 -0.38278395E-032 -0.38278395E-032 -0.38278395E-032 -0.38278395E-032 -0.38278395E-032 -0.38278395E-032 -0.38278395E-032 -0.38278395E-032 -0.38278395E-032 -0.38278395E-032 -0.38278395E-032 -0.38278395E-032 -0.38278395E-032
 -0.83716100E-030 -0.83716100E-030 -0.83716100E-030 -0.83716100E-030 -0.83716100E-030 -0.83716100E-030 -0.83716100E-030 -0.83716100E-030 -0.83716100E-030 -0.83716100E-030 -0.83716100E-030 -0.83716100E-030 -0.83716100E-030 -0.83716100E-030 -0.83716100E-030 -0.83716100E-030 -0.83716100E-030 -0.83716100E-030 -0.83716100E-030 -0.83716100E-030 -0.83716100E-030 -0.83716100E-030 -0.83716100E-030 -0.83716100E-030 -0.83716100E-030 -0.83716100E-030 -0.83716100E-030 -0.83716100E-030 -0.83716100E-030 -0.83716100E-030 -0.83716100E-030 -0.83716100E-030 -0.83716100E-030 -0.83716100E-030 -0.83716100E-030
 -0.11635167E-027 -0.11635167E-027 -0.11635167E-027 -0.11635167E-027 -0.11635167E-027 -0.11635167E-027 -0.11635167E-027 -0.11635167E-027 -0.11635167E-027 -0.11635167E-027 -0.11635167E-027 -0.11635167E-027 -0.11635167E-027 -0.11635167E-027 -0.11635167E-027 -0.11635167E-027 -0.11635167E-027 -0.11635167E-027 -0.11635167E-027 -0.11635167E-027 -0.11635167E-027 -0.11635167E-027 -0.11635167E-027 -0.11635167E-027 -0.11635167E-027 -0.11635167E-027 -0.11635167E-027 -0.11635167E-027 -0.11635167E-027 -0.11635167E-027 -0.11635167E-027 -0.11635167E-027 -0.11635167E-027 -0.11635167E-027 -0.11635167E-027
 -0.11528465E-025 -0.11528465E-025 -0.11528465E-025 -0.11528465E-025 -0.11528465E-025 -0.11528465E-025 -0.11528465E-025 -0.11528465E-025 -0.11528465E-025 -0.11528465E-025 -0.11528465E-025 -0.11528465E-025 -0.11528465E-025 -0.11528465E-025 -0.11528465E-025 -0.11528465E-025 -0.11528465E-025 -0.11528465E-025 -0.11528465E-025 -0.11528465E-025 -0.11528465E-025 -0.11528465E-025 -0.11528465E-025 -0.11528465E-025 -0.11528465E-025 -0.11528465E-025 -0.11528465E-025 -0.11528465E-025 -0.11528465E-025 -0.11528465E-025 -0.11528465E-025 -0.11528465E-025 -0.11528465E-025 -0.11528465E-025 -0.11528465E-025
 -0.86591049E-024 -0.86591049E-024 -0.86591049E-024 -0.86591049E-024 -0.86591049E-024 -0.86591049E-024 -0.86591049E-024 -0.86591049E-024 -0.86591049E-024 -0.86591049E-024 -0.86591049E-024 -0.86591049E-024 -0.86591049E-024 -0.86591049E-024 -0.86591049E-024 -0.86591049E-024 -0.86591049E-024 -0.86591049E-024 -0.86591049E-024 -0.86591049E-024 -0.86591049E-024 -0.86591049E-024 -0.86591049E-024 -0.86591049E-024 -0.86591049E-024 -0.86591049E-024 -0.86591049E-024 -0.86591049E-024 -0.86591049E-024 -0.86591049E-024 -0.86591049E-024 -0.86591049E-024 -0.86591049E-024 -0.86591049E-024 -0.86591049E-024
 -0.51178374E-022 -0.51178374E-022 -0.51178374E-022 -0.51178374E-022 -0.51178374E-022 -0.51178374E-022 -0.51178374E-022 -0.51178374E-022 -0.51178374E-022 -0.51178374E-022 -0.51178374E-022 -0.51178374E-022 -0.51178374E-022 -0.51178374E-022 -0.51178374E-022 -0.51178374E-022 -0.51178374E-022 -0.51178374E-022 -0.51178374E-022 -0.51178374E-022 -0.51178374E-022 -0.51178374E-022 -0.51178374E-022 -0.51178374E-022 -0.51178374E-022 -0.51178374E-022 -0.51178374E-022 -0.51178374E-022 -0.51178374E-022 -0.51178374E-022 -0.51178374E-022 -0.51178374E-022 -0.51178374E-022 -0.51178374E-022 -0.51178374E-022
 -0.24386045E-020 -0.24386045E-020 -0.24386045E-020 -0.24386045E-020 -0.24386045E-020 -0.24386045E-020 -0.24386045E-020 -0.24386045E-020 -0.24386045E-020 -0.24386045E-020 -0.24386045E-020 -0.24386045E-020 -0.24386045E-020 -0.24386045E-020 -0.24386045E-020 -0.24386045E-020 -0.24386045E-020 -0.24386045E-020 -0.24386045E-020 -0.24386045E-020 -0.24386045E-020 -0.24386045E-020 -0.24386045E-020 -0.24386045E-020 -0.24386045E-020 -0.24386045E-020 -0.24386045E-020 -0.24386045E-020 -0.24386045E-020 -0.24386045E-020 -0.24386045E-020 -0.24386045E-020 -0.24386045E-020 -0.24386045E-020 -0.24386045E-020
 -0.95206855E-019 -0.95206855E-019 -0.95206855E-019 -0.95206855E-019 -0.95206855E-019 -0.95206855E-019 -0.95206855E-019 -0.95206855E-019 -0.95206855E-019 -0.95206855E-019 -0.95206855E-019 -0.95206855E-019 -0.95206855E-019 -0.95206855E-019 -0.95206855E-019 -0.95206855E-019 -0.95206855E-019 -0.95206855E-019 -0.95206855E-019 -0.95206855E-019 -0.95206855E-019 -0.95206855E-019 -0.95206855E-019 -0.95206855E-019 -0.95206855E-019 -0.95206855E-019 -0.95206855E-019 -0.95206855E-019 -0.95206855E-019 -0.95206855E-019 -0.95206855E-019 -0.95206855E-019 -0.95206855E-019 -0.95206855E-019 -0.95206855E-019
 -0.27443059E-016 -0.27443059E-016 -0.27443059E-016 -0.27443059E-016 -0.27443059E-016 -0.27443059E-016 -0.27443059E-016 -0.27443059E-016 -0.27443059E-016 -0.27443059E-016 -0.27443059E-016 -0.27443059E-016 -0.27443059E-016 -0.27443059E-016 -0.27443059E-016 -0.27443059E-016 -0.27443059E-016 -0.27443059E-016 -0.27443059E-016 -0.27443059E-016 -0.27443059E-016 -0.27443059E-016 -0.27443059E-016 -0.27443059E-016 -0.27443059E-016 -0.27443059E-016 -0.27443059E-016 -0.27443059E-016 -0.27443059E-016 -0.27443059E-016 -0.27443059E-016 -0.27443059E-016 -0.27443059E-016 -0.27443059E-016 -0.27443059E-016
 -0.63360720E-014 -0.63360720E-014 -0.63360720E-014 -0.63360720E-014 -0.63360720E-014 -0.63360720E-014 -0.63360720E-014 -0.63360720E-014 -0.63360720E-014 -0.63360720E-014 -0.63360720E-014 -0.63360720E-014 -0.63360720E-014 -0.63360720E-014 -0.63360720E-014 -0.63360720E-014 -0.63360720E-014 -0.63360720E-014 -0.63360720E-014 -0.63360720E-014 -0.63360720E-014 -0.63360720E-014 -0.63360720E-014 -0.63360720E-014 -0.63360720E-014 -0.63360720E-014 -0.63360720E-014 -0.63360720E-014 -0.63360720E-014 -0.63360720E-014 -0.63360720E-014 -0.63360720E-014 -0.63360720E-014 -0.63360720E-014 -0.63360720E-014
 -0.11799943E-011 -0.11799943E-011 -0.11799943E-011 -0.11799943E-011 -0.11799943E-011 -0.11799943E-011 -0.11799943E-011 -0.11799943E-011 -0.11799943E-011 -0.11799943E-011 -0.11799943E-011 -0.11799943E-011 -0.11799943E-011 -0.11799943E-011 -0.11799943E-011 -0.11799943E-011 -0.11799943E-011 -0.11799943E-011 -0.11799943E-011 -0.11799943E-011 -0.11799943E-011 -0.11799943E-011 -0.11799943E-011 -0.11799943E-011 -0.11799943E-011 -0.11799943E-011 -0.11799943E-011 -0.11799943E-011 -0.11799943E-011 -0.11799943E-011 -0.11799943E-011 -0.11799943E-011 -0.11799943E-011 -0.11799943E-011 -0.11799943E-011
 -0.17757868E-009 -0.17757868E-009 -0.17757868E-009 -0.17757868E-009 -0.17757868E-009 -0.17757868E-009 -0.17757868E-009 -0.17757868E-009 -0.17757868E-009 -0.17757868E-009 -0.17757868E-009 -0.17757868E-009 -0.17757868E-009 -0.17757868E-009 -0.17757868E-009 -0.17757868E-009 -0.17757868E-009 -0.17757868E-009 -0.17757868E-009 -0.17757868E-009 -0.17757868E-009 -0.17757868E-009 -0.17757868E-009 -0.17757868E-009 -0.17757868E-009 -0.17757868E-009 -0.17757868E-009 -0.17757868E-009 -0.17757868E-009 -0.17757868E-009 -0.17757868E-009 -0.17757868E-009 -0.17757868E-009 -0.17757868E-009 -0.17757868E-009
 -0.21523090E-007 -0.21523090E-007 -0.21523090E-007 -0.21523090E-007 -0.21523090E-007 -0.21523090E-007 -0.21523090E-007 -0.21523090E-007 -0.21523090E-007 -0.21523090E-007 -0.21523090E-007 -0.21523090E-007 -0.21523090E-007 -0.21523090E-007 -0.21523090E-007 -0.21523090E-007 -0.21523090E-007 -0.21523090E-007 -0.21523090E-007 -0.21523090E-007 -0.21523090E-007 -0.21523090E-007 -0.21523090E-007 -0.21523090E-007 -0.21523090E-007 -0.21523090E-007 -0.21523090E-007 -0.21523090E-007 -0.21523090E-007 -0.21523090E-007 -0.21523090E-007 -0.21523090E-007 -0.21523090E-007 -0.21523090E-007 -0.21523090E-007
 -0.20819271E-005 -0.20819271E-005 -0.20819271E-005 -0.20819271E-005 -0.20819271E-005 -0.20819271E-005 -0.20819271E-005 -0.20819271E-005 -0.20819271E-005 -0.20819271E-005 -0.20819271E-005 -0.20819271E-005 -0.20819271E-005 -0.20819271E-005 -0.20819271E-005 -0.20819271E-005 -0.20819271E-005 -0.20819271E-005 -0.20819271E-005 -0.20819271E-005 -0.20819271E-005 -0.20819271E-005 -0.20819271E-005 -0.20819271E-005 -0.20819271E-005 -0.20819271E-005 -0.20819271E-005 -0.20819271E-005 -0.20819271E-005 -0.20819271E-005 -0.20819271E-005 -0.20819271E-005 -0.20819271E-005 -0.20819271E-005 -0.20819271E-005
 -0.15808335E-003 -0.15808335E-003 -0.15808335E-003 -0.15808335E-003 -0.15808335E-003 -0.15808335E-003 -0.15808335E-003 -0.15808335E-003 -0.15808335E-003 -0.15808335E-003 -0.15808335E-003 -0.15808335E-003 -0.15808335E-003 -0.15808335E-003 -0.15808335E-003 -0.15808335E-003 -0.15808335E-003 -0.15808335E-003 -0.15808335E-003 -0.15808335E-003 -0.15808335E-003 -0.15808335E-003 -0.15808335E-003 -0.15808335E-003 -0.15808335E-003 -0.15808335E-003 -0.15808335E-003 -0.15808335E-003 -0.15808335E-003 -0.15808335E-003 -0.15808335E-003 -0.15808335E-003 -0.15808335E-003 -0.15808335E-003 -0.15808335E-003
 -0.91663936E-002 -0.91663936E-002 -0.91663936E-002 -0.91663936E-002 -0.91663936E-002 -0.91663936E-002 -0.91663936E-002 -0.91663936E-002 -0.91663936E-002 -0.91663936E-002 -0.91663936E-002 -0.91663936E-002 -0.91663936E-002 -0.91663936E-002 -0.91663936E-002 -0.91663936E-002 -0.91663936E-002 -0.91663936E-002 -0.91663936E-002 -0.91663936E-002 -0.91663936E-002 -0.91663936E-002 -0.91663936E-002 -0.91663936E-002 -0.91663936E-002 -0.91663936E-002 -0.91663936E-002 -0.91663936E-002 -0.91663936E-002 -0.91663936E-002 -0.91663936E-002 -0.91663936E-002 -0.91663936E-002 -0.91663936E-002 -0.91663936E-002
 -0.38751196E+000 -0.38751196E+000 -0.38751196E+000 -0.38751196E+000 -0.38751196E+000 -0.38751196E+000 -0.38751196E+000 -0.38751196E+000 -0.38751196E+000 -0.38751196E+000 -0.38751196E+000 -0.38751196E+000 -0.38751196E+000 -0.38751196E+000 -0.38751196E+000 -0.38751196E+000 -0.38751196E+000 -0.38751196E+000 -0.38751196E+000 -0.38751196E+000 -0.38751196E+000 -0.38751196E+000 -0.38751196E+000 -0.38751196E+000 -0.38751196E+000 -0.38751196E+000 -0.38751196E+000 -0.38751196E+000 -0.38751196E+000 -0.38751196E+000 -0.38751196E+000 -0.38751196E+000 -0.38751196E+000 -0.38751196E+000 -0.38751196E+000
 -0.10974353E+002 -0.10974353E+002 -0.10974353E+002 -0.10974353E+002 -0.10974353E+002 -0.10974353E+002 -0.10974353E+002 -0.10974353E+002 -0.10974353E+002 -0.10974353E+002 -0.10974353E+002 -0.10974353E+002 -0.10974353E+002 -0.10974353E+002 -0.10974353E+002 -0.10974353E+002 -0.10974353E+002 -0.10974353E+002 -0.10974353E+002 -0.10974353E+002 -0.10974353E+002 -0.10974353E+002 -0.10974353E+002 -0.10974353E+002 -0.10974353E+002 -0.10974353E+002 -0.10974353E+002 -0.10974353E+002 -0.10974353E+002 -0.10974353E+002 -0.10974353E+002 -0.10974353E+002 -0.10974353E+002 -0.10974353E+002 -0.10974353E+002
 -0.17230401E+003 -0.17230398E+003 -0.17230385E+003 -0.17230357E+003 -0.17230310E+003 -0.17230242E+003 -0.17230174E+003 -0.17230127E+003 -0.17230099E+003 -0.17230086E+003 -0.17230083E+003 -0.17230083E+003 -0.17230083E+003 -0.17230083E+003 -0.17230083E+003 -0.17230083E+003 -0.17230083E+003 -0.17230083E+003 -0.17230083E+003 -0.17230083E+003 -0.17230083E+003 -0.17230083E+003 -0.17230083E+003 -0.17230083E+003 -0.17230083E+003 -0.17230083E+003 -0.17230083E+003 -0.17230082E+003 -0.17230082E+003 -0.17230082E+003 -0.17230082E+003 -0.17230082E+003 -0.17230082E+003 -0.17230082E+003 -0.17230082E+003
 -0.33949298E+001 -0.33949298E+001 -0.33949298E+001 -0.33949298E+001 -0.33949298E+001 -0.33949298E+001 -0.33949298E+001 -0.33949298E+001 -0.33949298E+001 -0.33949298E+001 -0.33949298E+001 -0.33949298E+001 -0.33949298E+001 -0.33949298E+001 -0.33949298E+001 -0.33949298E+001 -0.33949298E+001 -0.33949298E+001 -0.33949298E+001 -0.33949298E+001 -0.33949298E+001 -0.33949298E+001 -0.33949298E+001 -0.33949298E+001 -0.33949298E+001 -0.33949298E+001 -0.33949298E+001 -0.33949298E+001 -0.33949298E+001 -0.33949298E+001 -0.33949298E+001 -0.33949298E+001 -0.33949298E+001 -0.33949298E+001 -0.33949298E+001
 -0.97637659E+000 -0.97636187E+000 -0.94874973E+000 -0.94405289E+000 -0.93806800E+000 -0.91714415E+000 -0.91645370E+000 -0.91597962E+000 -0.91569273E+000 -0.91555821E+000 -0.91552932E+000 -0.91551460E+000 -0.91542270E+000 -0.91518973E+000 -0.91475677E+000 -0.91406777E+000 -0.91306870E+000 -0.91170707E+000 -0.90993162E+000 -0.90769217E+000 -0.90493942E+000 -0.90162484E+000 -0.89770063E+000 -0.89311958E+000 -0.88783505E+000 -0.88180095E+000 -0.87497163E+000 -0.86730190E+000 -0.85874698E+000 -0.84926246E+000 -0.83880433E+000 -0.82732888E+000 -0.81479275E+000 -0.80115291E+000 -0.78636654E+000
 -0.96169596E+001 -0.96169257E+001 -0.96167682E+001 -0.96164320E+001 -0.96158761E+001 -0.93286455E+001 -0.93286455E+001 -0.93286455E+001 -0.93286455E+001 -0.93286455E+001 -0.93286455E+001 -0.93286455E+001 -0.93286455E+001 -0.93286455E+001 -0.93286454E+001 -0.93286454E+001 -0.93286454E+001 -0.93286454E+001 -0.93286454E+001 -0.93286453E+001 -0.93286453E+001 -0.93286453E+001 -0.93286452E+001 -0.93286451E+001 -0.93286451E+001 -0.93286450E+001 -0.93286449E+001 -0.93286448E+001 -0.93286448E+001 -0.93286448E+001 -0.93286447E+001 -0.93286446E+001 -0.93286445E+001 -0.93286444E+001 -0.93286443E+001
 -0.95182080E+000 -0.93485554E+000 -0.85575019E+000 -0.68587382E+000 -0.41581979E+000 -0.21492286E-001 -0.21492286E-001 -0.21492286E-001 -0.21492286E-001 -0.88311199E-001 -0.55289074E-001 -0.38466180E-001 -0.38466180E-001 -0.38466180E-001 -0.38466182E-001 -0.44246525E+001 -0.32924439E+001 -0.17458342E+001 -0.17458342E+001 -0.17458342E+001 -0.17458342E+001 -0.17458342E+001 -0.17458342E+001 -0.17458342E+001 -0.17458342E+001 -0.17458342E+001 -0.93771574E+001 -0.77845624E+000 -0.11412785E+002 -0.82544013E+000 -0.82544013E+000 -0.82544012E+000 -0.15737048E+002 -0.65341076E+000 -0.65341076E+000
