  0.00000000E+000  0.00000000E+000  0.00000000E+000  0.00000000E+000  0.00000000E+000  0.00000000E+000  0.00000000E+000  0.00000000E+000  0.00000000E+000  0.00000000E+000  0.00000000E+000  0.00000000E+000  0.00000000E+000  0.00000000E+000  0.00000000E+000  0.00000000E+000  0.00000000E+000  0.00000000E+000  0.00000000E+000  0.00000000E+000  0.00000000E+000  0.00000000E+000  0.00000000E+000  0.00000000E+000  0.00000000E+000  0.00000000E+000  0.00000000E+000  0.00000000E+000  0.00000000E+000  0.00000000E+000  0.00000000E+000  0.00000000E+000  0.00000000E+000  0.00000000E+000  0.00000000E+000
 -0.27030811E-028 -0.27030811E-028 -0.27030811E-028 -0.27030811E-028 -0.27030811E-028 -0.27030811E-028 -0.27030811E-028 -0.27030811E-028 -0.27030811E-028 -0.27030811E-028 -0.27030811E-028 -0.27030811E-028 -0.27030811E-028 -0.27030811E-028 -0.27030811E-028 -0.27030811E-028 -0.27030811E-028 -0.27030811E-028 -0.27030811E-028 -0.27030811E-028 -0.27030811E-028 -0.27030811E-028 -0.27030811E-028 -0.27030811E-028 -0.27030811E-028 -0.27030811E-028 -0.27030811E-028 -0.27030811E-028 -0.27030811E-028 -0.27030811E-028 -0.27030811E-028 -0.27030811E-028 -0.27030811E-028 -0.27030811E-028 -0.27030811E-028
 -0.63742708E-026 -0.63742708E-026 -0.63742708E-026 -0.63742708E-026 -0.63742708E-026 -0.63742708E-026 -0.63742708E-026 -0.63742708E-026 -0.63742708E-026 -0.63742708E-026 -0.63742708E-026 -0.63742708E-026 -0.63742708E-026 -0.63742708E-026 -0.63742708E-026 -0.63742708E-026 -0.63742708E-026 -0.63742708E-026 -0.63742708E-026 -0.63742708E-026 -0.63742708E-026 -0.63742708E-026 -0.63742708E-026 -0.63742708E-026 -0.63742708E-026 -0.63742708E-026 -0.63742708E-026 -0.63742708E-026 -0.63742708E-026 -0.63742708E-026 -0.63742708E-026 -0.63742708E-026 -0.63742708E-026 -0.63742708E-026 -0.63742708E-026
 -0.71742919E-024 -0.71742919E-024 -0.71742919E-024 -0.71742919E-024 -0.71742919E-024 -0.71742919E-024 -0.71742919E-024 -0.71742919E-024 -0.71742919E-024 -0.71742919E-024 -0.71742919E-024 -0.71742919E-024 -0.71742919E-024 -0.71742919E-024 -0.71742919E-024 -0.71742919E-024 -0.71742919E-024 -0.71742919E-024 -0.71742919E-024 -0.71742919E-024 -0.71742919E-024 -0.71742919E-024 -0.71742919E-024 -0.71742919E-024 -0.71742919E-024 -0.71742919E-024 -0.71742919E-024 -0.71742919E-024 -0.71742919E-024 -0.71742919E-024 -0.71742919E-024 -0.71742919E-024 -0.71742919E-024 -0.71742919E-024 -0.71742919E-024
 -0.51264181E-022 -0.51264181E-022 -0.51264181E-022 -0.51264181E-022 -0.51264181E-022 -0.51264181E-022 -0.51264181E-022 -0.51264181E-022 -0.51264181E-022 -0.51264181E-022 -0.51264181E-022 -0.51264181E-022 -0.51264181E-022 -0.51264181E-022 -0.51264181E-022 -0.51264181E-022 -0.51264181E-022 -0.51264181E-022 -0.51264181E-022 -0.51264181E-022 -0.51264181E-022 -0.51264181E-022 -0.51264181E-022 -0.51264181E-022 -0.51264181E-022 -0.51264181E-022 -0.51264181E-022 -0.51264181E-022 -0.51264181E-022 -0.51264181E-022 -0.51264181E-022 -0.51264181E-022 -0.51264181E-022 -0.51264181E-022 -0.51264181E-022
 -0.26095356E-020 -0.26095356E-020 -0.26095356E-020 -0.26095356E-020 -0.26095356E-020 -0.26095356E-020 -0.26095356E-020 -0.26095356E-020 -0.26095356E-020 -0.26095356E-020 -0.26095356E-020 -0.26095356E-020 -0.26095356E-020 -0.26095356E-020 -0.26095356E-020 -0.26095356E-020 -0.26095356E-020 -0.26095356E-020 -0.26095356E-020 -0.26095356E-020 -0.26095356E-020 -0.26095356E-020 -0.26095356E-020 -0.26095356E-020 -0.26095356E-020 -0.26095356E-020 -0.26095356E-020 -0.26095356E-020 -0.26095356E-020 -0.26095356E-020 -0.26095356E-020 -0.26095356E-020 -0.26095356E-020 -0.26095356E-020 -0.26095356E-020
 -0.10065224E-018 -0.10065224E-018 -0.10065224E-018 -0.10065224E-018 -0.10065224E-018 -0.10065224E-018 -0.10065224E-018 -0.10065224E-018 -0.10065224E-018 -0.10065224E-018 -0.10065224E-018 -0.10065224E-018 -0.10065224E-018 -0.10065224E-018 -0.10065224E-018 -0.10065224E-018 -0.10065224E-018 -0.10065224E-018 -0.10065224E-018 -0.10065224E-018 -0.10065224E-018 -0.10065224E-018 -0.10065224E-018 -0.10065224E-018 -0.10065224E-018 -0.10065224E-018 -0.10065224E-018 -0.10065224E-018 -0.10065224E-018 -0.10065224E-018 -0.10065224E-018 -0.10065224E-018 -0.10065224E-018 -0.10065224E-018 -0.10065224E-018
 -0.30547196E-017 -0.30547196E-017 -0.30547196E-017 -0.30547196E-017 -0.30547196E-017 -0.30547196E-017 -0.30547196E-017 -0.30547196E-017 -0.30547196E-017 -0.30547196E-017 -0.30547196E-017 -0.30547196E-017 -0.30547196E-017 -0.30547196E-017 -0.30547196E-017 -0.30547196E-017 -0.30547196E-017 -0.30547196E-017 -0.30547196E-017 -0.30547196E-017 -0.30547196E-017 -0.30547196E-017 -0.30547196E-017 -0.30547196E-017 -0.30547196E-017 -0.30547196E-017 -0.30547196E-017 -0.30547196E-017 -0.30547196E-017 -0.30547196E-017 -0.30547196E-017 -0.30547196E-017 -0.30547196E-017 -0.30547196E-017 -0.30547196E-017
 -0.74774698E-016 -0.74774698E-016 -0.74774698E-016 -0.74774698E-016 -0.74774698E-016 -0.74774698E-016 -0.74774698E-016 -0.74774698E-016 -0.74774698E-016 -0.74774698E-016 -0.74774698E-016 -0.74774698E-016 -0.74774698E-016 -0.74774698E-016 -0.74774698E-016 -0.74774698E-016 -0.74774698E-016 -0.74774698E-016 -0.74774698E-016 -0.74774698E-016 -0.74774698E-016 -0.74774698E-016 -0.74774698E-016 -0.74774698E-016 -0.74774698E-016 -0.74774698E-016 -0.74774698E-016 -0.74774698E-016 -0.74774698E-016 -0.74774698E-016 -0.74774698E-016 -0.74774698E-016 -0.74774698E-016 -0.74774698E-016 -0.74774698E-016
 -0.15013847E-014 -0.15013847E-014 -0.15013847E-014 -0.15013847E-014 -0.15013847E-014 -0.15013847E-014 -0.15013847E-014 -0.15013847E-014 -0.15013847E-014 -0.15013847E-014 -0.15013847E-014 -0.15013847E-014 -0.15013847E-014 -0.15013847E-014 -0.15013847E-014 -0.15013847E-014 -0.15013847E-014 -0.15013847E-014 -0.15013847E-014 -0.15013847E-014 -0.15013847E-014 -0.15013847E-014 -0.15013847E-014 -0.15013847E-014 -0.15013847E-014 -0.15013847E-014 -0.15013847E-014 -0.15013847E-014 -0.15013847E-014 -0.15013847E-014 -0.15013847E-014 -0.15013847E-014 -0.15013847E-014 -0.15013847E-014 -0.15013847E-014
 -0.21707121E-012 -0.21707121E-012 -0.21707121E-012 -0.21707121E-012 -0.21707121E-012 -0.21707121E-012 -0.21707121E-012 -0.21707121E-012 -0.21707121E-012 -0.21707121E-012 -0.21707121E-012 -0.21707121E-012 -0.21707121E-012 -0.21707121E-012 -0.21707121E-012 -0.21707121E-012 -0.21707121E-012 -0.21707121E-012 -0.21707121E-012 -0.21707121E-012 -0.21707121E-012 -0.21707121E-012 -0.21707121E-012 -0.21707121E-012 -0.21707121E-012 -0.21707121E-012 -0.21707121E-012 -0.21707121E-012 -0.21707121E-012 -0.21707121E-012 -0.21707121E-012 -0.21707121E-012 -0.21707121E-012 -0.21707121E-012 -0.21707121E-012
 -0.25020163E-010 -0.25020163E-010 -0.25020163E-010 -0.25020163E-010 -0.25020163E-010 -0.25020163E-010 -0.25020163E-010 -0.25020163E-010 -0.25020163E-010 -0.25020163E-010 -0.25020163E-010 -0.25020163E-010 -0.25020163E-010 -0.25020163E-010 -0.25020163E-010 -0.25020163E-010 -0.25020163E-010 -0.25020163E-010 -0.25020163E-010 -0.25020163E-010 -0.25020163E-010 -0.25020163E-010 -0.25020163E-010 -0.25020163E-010 -0.25020163E-010 -0.25020163E-010 -0.25020163E-010 -0.25020163E-010 -0.25020163E-010 -0.25020163E-010 -0.25020163E-010 -0.25020163E-010 -0.25020163E-010 -0.25020163E-010 -0.25020163E-010
 -0.23140239E-008 -0.23140239E-008 -0.23140239E-008 -0.23140239E-008 -0.23140239E-008 -0.23140239E-008 -0.23140239E-008 -0.23140239E-008 -0.23140239E-008 -0.23140239E-008 -0.23140239E-008 -0.23140239E-008 -0.23140239E-008 -0.23140239E-008 -0.23140239E-008 -0.23140239E-008 -0.23140239E-008 -0.23140239E-008 -0.23140239E-008 -0.23140239E-008 -0.23140239E-008 -0.23140239E-008 -0.23140239E-008 -0.23140239E-008 -0.23140239E-008 -0.23140239E-008 -0.23140239E-008 -0.23140239E-008 -0.23140239E-008 -0.23140239E-008 -0.23140239E-008 -0.23140239E-008 -0.23140239E-008 -0.23140239E-008 -0.23140239E-008
 -0.17190869E-006 -0.17190869E-006 -0.17190869E-006 -0.17190869E-006 -0.17190869E-006 -0.17190869E-006 -0.17190869E-006 -0.17190869E-006 -0.17190869E-006 -0.17190869E-006 -0.17190869E-006 -0.17190869E-006 -0.17190869E-006 -0.17190869E-006 -0.17190869E-006 -0.17190869E-006 -0.17190869E-006 -0.17190869E-006 -0.17190869E-006 -0.17190869E-006 -0.17190869E-006 -0.17190869E-006 -0.17190869E-006 -0.17190869E-006 -0.17190869E-006 -0.17190869E-006 -0.17190869E-006 -0.17190869E-006 -0.17190869E-006 -0.17190869E-006 -0.17190869E-006 -0.17190869E-006 -0.17190869E-006 -0.17190869E-006 -0.17190869E-006
 -0.10213991E-004 -0.10213991E-004 -0.10213991E-004 -0.10213991E-004 -0.10213991E-004 -0.10213991E-004 -0.10213991E-004 -0.10213991E-004 -0.10213991E-004 -0.10213991E-004 -0.10213991E-004 -0.10213991E-004 -0.10213991E-004 -0.10213991E-004 -0.10213991E-004 -0.10213991E-004 -0.10213991E-004 -0.10213991E-004 -0.10213991E-004 -0.10213991E-004 -0.10213991E-004 -0.10213991E-004 -0.10213991E-004 -0.10213991E-004 -0.10213991E-004 -0.10213991E-004 -0.10213991E-004 -0.10213991E-004 -0.10213991E-004 -0.10213991E-004 -0.10213991E-004 -0.10213991E-004 -0.10213991E-004 -0.10213991E-004 -0.10213991E-004
 -0.48026185E-003 -0.48026185E-003 -0.48026185E-003 -0.48026185E-003 -0.48026185E-003 -0.48026185E-003 -0.48026185E-003 -0.48026185E-003 -0.48026185E-003 -0.48026185E-003 -0.48026185E-003 -0.48026185E-003 -0.48026185E-003 -0.48026185E-003 -0.48026185E-003 -0.48026185E-003 -0.48026185E-003 -0.48026185E-003 -0.48026185E-003 -0.48026185E-003 -0.48026185E-003 -0.48026185E-003 -0.48026185E-003 -0.48026185E-003 -0.48026185E-003 -0.48026185E-003 -0.48026185E-003 -0.48026185E-003 -0.48026185E-003 -0.48026185E-003 -0.48026185E-003 -0.48026185E-003 -0.48026185E-003 -0.48026185E-003 -0.48026185E-003
 -0.17539159E-001 -0.17539159E-001 -0.17539159E-001 -0.17539159E-001 -0.17539159E-001 -0.17539159E-001 -0.17539159E-001 -0.17539159E-001 -0.17539159E-001 -0.17539159E-001 -0.17539159E-001 -0.17539159E-001 -0.17539159E-001 -0.17539159E-001 -0.17539159E-001 -0.17539159E-001 -0.17539159E-001 -0.17539159E-001 -0.17539159E-001 -0.17539159E-001 -0.17539159E-001 -0.17539159E-001 -0.17539159E-001 -0.17539159E-001 -0.17539159E-001 -0.17539159E-001 -0.17539159E-001 -0.17539159E-001 -0.17539159E-001 -0.17539159E-001 -0.17539159E-001 -0.17539159E-001 -0.17539159E-001 -0.17539159E-001 -0.17539159E-001
 -0.48225226E+000 -0.48225226E+000 -0.48225226E+000 -0.48225226E+000 -0.48225226E+000 -0.48225226E+000 -0.48225226E+000 -0.48225226E+000 -0.48225226E+000 -0.48225226E+000 -0.48225226E+000 -0.48225226E+000 -0.48225226E+000 -0.48225226E+000 -0.48225226E+000 -0.48225226E+000 -0.48225226E+000 -0.48225226E+000 -0.48225226E+000 -0.48225226E+000 -0.48225226E+000 -0.48225226E+000 -0.48225226E+000 -0.48225226E+000 -0.48225226E+000 -0.48225226E+000 -0.48225226E+000 -0.48225226E+000 -0.48225226E+000 -0.48225226E+000 -0.48225226E+000 -0.48225226E+000 -0.48225226E+000 -0.48225226E+000 -0.48225226E+000
 -0.94704005E+001 -0.94704005E+001 -0.94704005E+001 -0.94704005E+001 -0.94704005E+001 -0.94704005E+001 -0.94704005E+001 -0.94704005E+001 -0.94704005E+001 -0.94704005E+001 -0.94704005E+001 -0.94704005E+001 -0.94704005E+001 -0.94704005E+001 -0.94704005E+001 -0.94704005E+001 -0.94704005E+001 -0.94704005E+001 -0.94704005E+001 -0.94704005E+001 -0.94704005E+001 -0.94704005E+001 -0.94704005E+001 -0.94704005E+001 -0.94704005E+001 -0.94704005E+001 -0.94704005E+001 -0.94704005E+001 -0.94704005E+001 -0.94704005E+001 -0.94704005E+001 -0.94704005E+001 -0.94704005E+001 -0.94704005E+001 -0.94704005E+001
 -0.12039660E+003 -0.12039660E+003 -0.12039660E+003 -0.12039660E+003 -0.12039660E+003 -0.12039660E+003 -0.12039660E+003 -0.12039660E+003 -0.12039660E+003 -0.12039660E+003 -0.12039660E+003 -0.12039660E+003 -0.12039660E+003 -0.12039660E+003 -0.12039660E+003 -0.12039660E+003 -0.12039660E+003 -0.12039660E+003 -0.12039660E+003 -0.12039660E+003 -0.12039660E+003 -0.12039660E+003 -0.12039660E+003 -0.12039660E+003 -0.12039660E+003 -0.12039660E+003 -0.12039660E+003 -0.12039660E+003 -0.12039660E+003 -0.12039660E+003 -0.12039660E+003 -0.12039660E+003 -0.12039660E+003 -0.12039660E+003 -0.12039660E+003
 -0.78906184E+003 -0.78906184E+003 -0.78906184E+003 -0.78906184E+003 -0.78906184E+003 -0.78906184E+003 -0.78906184E+003 -0.78906184E+003 -0.78906184E+003 -0.78906184E+003 -0.78906184E+003 -0.78906184E+003 -0.78906184E+003 -0.78906184E+003 -0.78906184E+003 -0.78906184E+003 -0.78906184E+003 -0.78906184E+003 -0.78906184E+003 -0.78906184E+003 -0.78906184E+003 -0.78906184E+003 -0.78906184E+003 -0.78906184E+003 -0.78906184E+003 -0.78906184E+003 -0.78906184E+003 -0.78906184E+003 -0.78906184E+003 -0.78906184E+003 -0.78906184E+003 -0.78906184E+003 -0.78906184E+003 -0.78906184E+003 -0.78906184E+003
 -0.94414208E+003 -0.94414187E+003 -0.94414117E+003 -0.94413911E+003 -0.94413569E+003 -0.94413569E+003 -0.94413569E+003 -0.94413569E+003 -0.94413569E+003 -0.94413569E+003 -0.94413569E+003 -0.94413569E+003 -0.94413569E+003 -0.94413569E+003 -0.94413568E+003 -0.94413568E+003 -0.94413568E+003 -0.94413568E+003 -0.94413568E+003 -0.94413568E+003 -0.94413568E+003 -0.94413568E+003 -0.94413567E+003 -0.94413567E+003 -0.94413567E+003 -0.94413566E+003 -0.94413566E+003 -0.94413566E+003 -0.94413565E+003 -0.94413564E+003 -0.94413564E+003 -0.94413563E+003 -0.94413562E+003 -0.94413562E+003 -0.94413561E+003
  0.45940967E+003  0.45948370E+003  0.45982609E+003  0.46055559E+003  0.46055559E+003  0.46055559E+003  0.46055559E+003  0.46055559E+003  0.46055559E+003  0.46055559E+003  0.46055559E+003  0.46055559E+003  0.46055559E+003  0.46055559E+003  0.46055559E+003  0.46055559E+003  0.46055559E+003  0.46055559E+003  0.46055559E+003  0.46055559E+003  0.46055559E+003  0.46055559E+003  0.46055559E+003  0.46055559E+003  0.46055559E+003  0.46055559E+003  0.46055559E+003  0.46055559E+003  0.46055559E+003  0.46055559E+003  0.46055559E+003  0.46055559E+003  0.46055560E+003  0.46055560E+003  0.46055560E+003
  0.26819928E+004  0.26819456E+004  0.26819456E+004  0.26819456E+004  0.26819456E+004  0.26819456E+004  0.28434743E+004  0.28470176E+004  0.28470176E+004  0.28470176E+004  0.28469006E+004  0.28470108E+004  0.28470108E+004  0.28429674E+004  0.28462028E+004  0.28462028E+004  0.28462028E+004  0.28462028E+004  0.28462028E+004  0.28462028E+004  0.28462028E+004  0.28462028E+004  0.28462028E+004  0.28462028E+004  0.28462028E+004  0.28462028E+004  0.28462028E+004  0.28462028E+004  0.28462028E+004  0.28462028E+004  0.28462028E+004  0.28462028E+004  0.28462028E+004  0.28462028E+004  0.28462028E+004
  0.41895647E+002  0.41895647E+002  0.41895647E+002  0.41895647E+002  0.41895647E+002  0.46832038E+002  0.43461464E+002  0.43461464E+002  0.43461464E+002  0.43461464E+002  0.43461464E+002  0.43461464E+002  0.43461464E+002  0.43461464E+002  0.46725585E+002  0.43103797E+002  0.43103797E+002  0.79431956E+002  0.70225738E+002  0.70225738E+002  0.70225738E+002  0.70225738E+002  0.70225738E+002  0.70225738E+002  0.70225721E+002 -0.20204830E+004 -0.20886545E+004 -0.20886545E+004 -0.31364319E+004 -0.32553314E+004 -0.32553314E+004 -0.31007984E+004 -0.32554498E+004  0.15611662E+004  0.15775113E+004
