  0.00000000E+000  0.00000000E+000  0.00000000E+000  0.00000000E+000  0.00000000E+000  0.00000000E+000  0.00000000E+000  0.00000000E+000  0.00000000E+000  0.00000000E+000  0.00000000E+000  0.00000000E+000  0.00000000E+000  0.00000000E+000  0.00000000E+000  0.00000000E+000  0.00000000E+000  0.00000000E+000  0.00000000E+000  0.00000000E+000  0.00000000E+000  0.00000000E+000  0.00000000E+000  0.00000000E+000  0.00000000E+000  0.00000000E+000  0.00000000E+000  0.00000000E+000  0.00000000E+000  0.00000000E+000  0.00000000E+000  0.00000000E+000  0.00000000E+000  0.00000000E+000  0.00000000E+000
 -0.75573286E-031 -0.75573286E-031 -0.75573286E-031 -0.75573286E-031 -0.75573286E-031 -0.75573286E-031 -0.75573286E-031 -0.75573286E-031 -0.75573286E-031 -0.75573286E-031 -0.75573286E-031 -0.75573286E-031 -0.75573286E-031 -0.75573286E-031 -0.75573286E-031 -0.75573286E-031 -0.75573286E-031 -0.75573286E-031 -0.75573286E-031 -0.75573286E-031 -0.75573286E-031 -0.75573286E-031 -0.75573286E-031 -0.75573286E-031 -0.75573286E-031 -0.75573286E-031 -0.75573286E-031 -0.75573286E-031 -0.75573286E-031 -0.75573286E-031 -0.75573286E-031 -0.75573286E-031 -0.75573286E-031 -0.75573286E-031 -0.75573286E-031
 -0.18766284E-028 -0.18766284E-028 -0.18766284E-028 -0.18766284E-028 -0.18766284E-028 -0.18766284E-028 -0.18766284E-028 -0.18766284E-028 -0.18766284E-028 -0.18766284E-028 -0.18766284E-028 -0.18766284E-028 -0.18766284E-028 -0.18766284E-028 -0.18766284E-028 -0.18766284E-028 -0.18766284E-028 -0.18766284E-028 -0.18766284E-028 -0.18766284E-028 -0.18766284E-028 -0.18766284E-028 -0.18766284E-028 -0.18766284E-028 -0.18766284E-028 -0.18766284E-028 -0.18766284E-028 -0.18766284E-028 -0.18766284E-028 -0.18766284E-028 -0.18766284E-028 -0.18766284E-028 -0.18766284E-028 -0.18766284E-028 -0.18766284E-028
 -0.22302059E-026 -0.22302059E-026 -0.22302059E-026 -0.22302059E-026 -0.22302059E-026 -0.22302059E-026 -0.22302059E-026 -0.22302059E-026 -0.22302059E-026 -0.22302059E-026 -0.22302059E-026 -0.22302059E-026 -0.22302059E-026 -0.22302059E-026 -0.22302059E-026 -0.22302059E-026 -0.22302059E-026 -0.22302059E-026 -0.22302059E-026 -0.22302059E-026 -0.22302059E-026 -0.22302059E-026 -0.22302059E-026 -0.22302059E-026 -0.22302059E-026 -0.22302059E-026 -0.22302059E-026 -0.22302059E-026 -0.22302059E-026 -0.22302059E-026 -0.22302059E-026 -0.22302059E-026 -0.22302059E-026 -0.22302059E-026 -0.22302059E-026
 -0.16876922E-024 -0.16876922E-024 -0.16876922E-024 -0.16876922E-024 -0.16876922E-024 -0.16876922E-024 -0.16876922E-024 -0.16876922E-024 -0.16876922E-024 -0.16876922E-024 -0.16876922E-024 -0.16876922E-024 -0.16876922E-024 -0.16876922E-024 -0.16876922E-024 -0.16876922E-024 -0.16876922E-024 -0.16876922E-024 -0.16876922E-024 -0.16876922E-024 -0.16876922E-024 -0.16876922E-024 -0.16876922E-024 -0.16876922E-024 -0.16876922E-024 -0.16876922E-024 -0.16876922E-024 -0.16876922E-024 -0.16876922E-024 -0.16876922E-024 -0.16876922E-024 -0.16876922E-024 -0.16876922E-024 -0.16876922E-024 -0.16876922E-024
 -0.91281435E-023 -0.91281435E-023 -0.91281435E-023 -0.91281435E-023 -0.91281435E-023 -0.91281435E-023 -0.91281435E-023 -0.91281435E-023 -0.91281435E-023 -0.91281435E-023 -0.91281435E-023 -0.91281435E-023 -0.91281435E-023 -0.91281435E-023 -0.91281435E-023 -0.91281435E-023 -0.91281435E-023 -0.91281435E-023 -0.91281435E-023 -0.91281435E-023 -0.91281435E-023 -0.91281435E-023 -0.91281435E-023 -0.91281435E-023 -0.91281435E-023 -0.91281435E-023 -0.91281435E-023 -0.91281435E-023 -0.91281435E-023 -0.91281435E-023 -0.91281435E-023 -0.91281435E-023 -0.91281435E-023 -0.91281435E-023 -0.91281435E-023
 -0.37545631E-021 -0.37545631E-021 -0.37545631E-021 -0.37545631E-021 -0.37545631E-021 -0.37545631E-021 -0.37545631E-021 -0.37545631E-021 -0.37545631E-021 -0.37545631E-021 -0.37545631E-021 -0.37545631E-021 -0.37545631E-021 -0.37545631E-021 -0.37545631E-021 -0.37545631E-021 -0.37545631E-021 -0.37545631E-021 -0.37545631E-021 -0.37545631E-021 -0.37545631E-021 -0.37545631E-021 -0.37545631E-021 -0.37545631E-021 -0.37545631E-021 -0.37545631E-021 -0.37545631E-021 -0.37545631E-021 -0.37545631E-021 -0.37545631E-021 -0.37545631E-021 -0.37545631E-021 -0.37545631E-021 -0.37545631E-021 -0.37545631E-021
 -0.12200346E-019 -0.12200346E-019 -0.12200346E-019 -0.12200346E-019 -0.12200346E-019 -0.12200346E-019 -0.12200346E-019 -0.12200346E-019 -0.12200346E-019 -0.12200346E-019 -0.12200346E-019 -0.12200346E-019 -0.12200346E-019 -0.12200346E-019 -0.12200346E-019 -0.12200346E-019 -0.12200346E-019 -0.12200346E-019 -0.12200346E-019 -0.12200346E-019 -0.12200346E-019 -0.12200346E-019 -0.12200346E-019 -0.12200346E-019 -0.12200346E-019 -0.12200346E-019 -0.12200346E-019 -0.12200346E-019 -0.12200346E-019 -0.12200346E-019 -0.12200346E-019 -0.12200346E-019 -0.12200346E-019 -0.12200346E-019 -0.12200346E-019
 -0.32119187E-018 -0.32119187E-018 -0.32119187E-018 -0.32119187E-018 -0.32119187E-018 -0.32119187E-018 -0.32119187E-018 -0.32119187E-018 -0.32119187E-018 -0.32119187E-018 -0.32119187E-018 -0.32119187E-018 -0.32119187E-018 -0.32119187E-018 -0.32119187E-018 -0.32119187E-018 -0.32119187E-018 -0.32119187E-018 -0.32119187E-018 -0.32119187E-018 -0.32119187E-018 -0.32119187E-018 -0.32119187E-018 -0.32119187E-018 -0.32119187E-018 -0.32119187E-018 -0.32119187E-018 -0.32119187E-018 -0.32119187E-018 -0.32119187E-018 -0.32119187E-018 -0.32119187E-018 -0.32119187E-018 -0.32119187E-018 -0.32119187E-018
 -0.69707470E-017 -0.69707470E-017 -0.69707470E-017 -0.69707470E-017 -0.69707470E-017 -0.69707470E-017 -0.69707470E-017 -0.69707470E-017 -0.69707470E-017 -0.69707470E-017 -0.69707470E-017 -0.69707470E-017 -0.69707470E-017 -0.69707470E-017 -0.69707470E-017 -0.69707470E-017 -0.69707470E-017 -0.69707470E-017 -0.69707470E-017 -0.69707470E-017 -0.69707470E-017 -0.69707470E-017 -0.69707470E-017 -0.69707470E-017 -0.69707470E-017 -0.69707470E-017 -0.69707470E-017 -0.69707470E-017 -0.69707470E-017 -0.69707470E-017 -0.69707470E-017 -0.69707470E-017 -0.69707470E-017 -0.69707470E-017 -0.69707470E-017
 -0.11003941E-014 -0.11003941E-014 -0.11003941E-014 -0.11003941E-014 -0.11003941E-014 -0.11003941E-014 -0.11003941E-014 -0.11003941E-014 -0.11003941E-014 -0.11003941E-014 -0.11003941E-014 -0.11003941E-014 -0.11003941E-014 -0.11003941E-014 -0.11003941E-014 -0.11003941E-014 -0.11003941E-014 -0.11003941E-014 -0.11003941E-014 -0.11003941E-014 -0.11003941E-014 -0.11003941E-014 -0.11003941E-014 -0.11003941E-014 -0.11003941E-014 -0.11003941E-014 -0.11003941E-014 -0.11003941E-014 -0.11003941E-014 -0.11003941E-014 -0.11003941E-014 -0.11003941E-014 -0.11003941E-014 -0.11003941E-014 -0.11003941E-014
 -0.13965099E-012 -0.13965099E-012 -0.13965099E-012 -0.13965099E-012 -0.13965099E-012 -0.13965099E-012 -0.13965099E-012 -0.13965099E-012 -0.13965099E-012 -0.13965099E-012 -0.13965099E-012 -0.13965099E-012 -0.13965099E-012 -0.13965099E-012 -0.13965099E-012 -0.13965099E-012 -0.13965099E-012 -0.13965099E-012 -0.13965099E-012 -0.13965099E-012 -0.13965099E-012 -0.13965099E-012 -0.13965099E-012 -0.13965099E-012 -0.13965099E-012 -0.13965099E-012 -0.13965099E-012 -0.13965099E-012 -0.13965099E-012 -0.13965099E-012 -0.13965099E-012 -0.13965099E-012 -0.13965099E-012 -0.13965099E-012 -0.13965099E-012
 -0.14365699E-010 -0.14365699E-010 -0.14365699E-010 -0.14365699E-010 -0.14365699E-010 -0.14365699E-010 -0.14365699E-010 -0.14365699E-010 -0.14365699E-010 -0.14365699E-010 -0.14365699E-010 -0.14365699E-010 -0.14365699E-010 -0.14365699E-010 -0.14365699E-010 -0.14365699E-010 -0.14365699E-010 -0.14365699E-010 -0.14365699E-010 -0.14365699E-010 -0.14365699E-010 -0.14365699E-010 -0.14365699E-010 -0.14365699E-010 -0.14365699E-010 -0.14365699E-010 -0.14365699E-010 -0.14365699E-010 -0.14365699E-010 -0.14365699E-010 -0.14365699E-010 -0.14365699E-010 -0.14365699E-010 -0.14365699E-010 -0.14365699E-010
 -0.12018905E-008 -0.12018905E-008 -0.12018905E-008 -0.12018905E-008 -0.12018905E-008 -0.12018905E-008 -0.12018905E-008 -0.12018905E-008 -0.12018905E-008 -0.12018905E-008 -0.12018905E-008 -0.12018905E-008 -0.12018905E-008 -0.12018905E-008 -0.12018905E-008 -0.12018905E-008 -0.12018905E-008 -0.12018905E-008 -0.12018905E-008 -0.12018905E-008 -0.12018905E-008 -0.12018905E-008 -0.12018905E-008 -0.12018905E-008 -0.12018905E-008 -0.12018905E-008 -0.12018905E-008 -0.12018905E-008 -0.12018905E-008 -0.12018905E-008 -0.12018905E-008 -0.12018905E-008 -0.12018905E-008 -0.12018905E-008 -0.12018905E-008
 -0.81690725E-007 -0.81690725E-007 -0.81690725E-007 -0.81690725E-007 -0.81690725E-007 -0.81690725E-007 -0.81690725E-007 -0.81690725E-007 -0.81690725E-007 -0.81690725E-007 -0.81690725E-007 -0.81690725E-007 -0.81690725E-007 -0.81690725E-007 -0.81690725E-007 -0.81690725E-007 -0.81690725E-007 -0.81690725E-007 -0.81690725E-007 -0.81690725E-007 -0.81690725E-007 -0.81690725E-007 -0.81690725E-007 -0.81690725E-007 -0.81690725E-007 -0.81690725E-007 -0.81690725E-007 -0.81690725E-007 -0.81690725E-007 -0.81690725E-007 -0.81690725E-007 -0.81690725E-007 -0.81690725E-007 -0.81690725E-007 -0.81690725E-007
 -0.44843348E-005 -0.44843348E-005 -0.44843348E-005 -0.44843348E-005 -0.44843348E-005 -0.44843348E-005 -0.44843348E-005 -0.44843348E-005 -0.44843348E-005 -0.44843348E-005 -0.44843348E-005 -0.44843348E-005 -0.44843348E-005 -0.44843348E-005 -0.44843348E-005 -0.44843348E-005 -0.44843348E-005 -0.44843348E-005 -0.44843348E-005 -0.44843348E-005 -0.44843348E-005 -0.44843348E-005 -0.44843348E-005 -0.44843348E-005 -0.44843348E-005 -0.44843348E-005 -0.44843348E-005 -0.44843348E-005 -0.44843348E-005 -0.44843348E-005 -0.44843348E-005 -0.44843348E-005 -0.44843348E-005 -0.44843348E-005 -0.44843348E-005
 -0.19652487E-003 -0.19652487E-003 -0.19652487E-003 -0.19652487E-003 -0.19652487E-003 -0.19652487E-003 -0.19652487E-003 -0.19652487E-003 -0.19652487E-003 -0.19652487E-003 -0.19652487E-003 -0.19652487E-003 -0.19652487E-003 -0.19652487E-003 -0.19652487E-003 -0.19652487E-003 -0.19652487E-003 -0.19652487E-003 -0.19652487E-003 -0.19652487E-003 -0.19652487E-003 -0.19652487E-003 -0.19652487E-003 -0.19652487E-003 -0.19652487E-003 -0.19652487E-003 -0.19652487E-003 -0.19652487E-003 -0.19652487E-003 -0.19652487E-003 -0.19652487E-003 -0.19652487E-003 -0.19652487E-003 -0.19652487E-003 -0.19652487E-003
 -0.67446908E-002 -0.67446908E-002 -0.67446908E-002 -0.67446908E-002 -0.67446908E-002 -0.67446908E-002 -0.67446908E-002 -0.67446908E-002 -0.67446908E-002 -0.67446908E-002 -0.67446908E-002 -0.67446908E-002 -0.67446908E-002 -0.67446908E-002 -0.67446908E-002 -0.67446908E-002 -0.67446908E-002 -0.67446908E-002 -0.67446908E-002 -0.67446908E-002 -0.67446908E-002 -0.67446908E-002 -0.67446908E-002 -0.67446908E-002 -0.67446908E-002 -0.67446908E-002 -0.67446908E-002 -0.67446908E-002 -0.67446908E-002 -0.67446908E-002 -0.67446908E-002 -0.67446908E-002 -0.67446908E-002 -0.67446908E-002 -0.67446908E-002
 -0.17573986E+000 -0.17573986E+000 -0.17573986E+000 -0.17573986E+000 -0.17573986E+000 -0.17573986E+000 -0.17573986E+000 -0.17573986E+000 -0.17573986E+000 -0.17573986E+000 -0.17573986E+000 -0.17573986E+000 -0.17573986E+000 -0.17573986E+000 -0.17573986E+000 -0.17573986E+000 -0.17573986E+000 -0.17573986E+000 -0.17573986E+000 -0.17573986E+000 -0.17573986E+000 -0.17573986E+000 -0.17573986E+000 -0.17573986E+000 -0.17573986E+000 -0.17573986E+000 -0.17573986E+000 -0.17573986E+000 -0.17573986E+000 -0.17573986E+000 -0.17573986E+000 -0.17573986E+000 -0.17573986E+000 -0.17573986E+000 -0.17573986E+000
 -0.33026048E+001 -0.33026048E+001 -0.33026048E+001 -0.33026048E+001 -0.33026048E+001 -0.33026048E+001 -0.33026048E+001 -0.33026048E+001 -0.33026048E+001 -0.33026048E+001 -0.33026048E+001 -0.33026048E+001 -0.33026048E+001 -0.33026048E+001 -0.33026048E+001 -0.33026048E+001 -0.33026048E+001 -0.33026048E+001 -0.33026048E+001 -0.33026048E+001 -0.33026048E+001 -0.33026048E+001 -0.33026048E+001 -0.33026048E+001 -0.33026048E+001 -0.33026048E+001 -0.33026048E+001 -0.33026048E+001 -0.33026048E+001 -0.33026048E+001 -0.33026048E+001 -0.33026048E+001 -0.33026048E+001 -0.33026048E+001 -0.33026048E+001
 -0.40795528E+002 -0.40795528E+002 -0.40795528E+002 -0.40795528E+002 -0.40795528E+002 -0.40795528E+002 -0.40795528E+002 -0.40795528E+002 -0.40795528E+002 -0.40795528E+002 -0.40795528E+002 -0.40795528E+002 -0.40795528E+002 -0.40795528E+002 -0.40795528E+002 -0.40795528E+002 -0.40795528E+002 -0.40795528E+002 -0.40795528E+002 -0.40795528E+002 -0.40795528E+002 -0.40795528E+002 -0.40795528E+002 -0.40795528E+002 -0.40795528E+002 -0.40795528E+002 -0.40795528E+002 -0.40795528E+002 -0.40795528E+002 -0.40795528E+002 -0.40795528E+002 -0.40795528E+002 -0.40795528E+002 -0.40795528E+002 -0.40795528E+002
 -0.27076816E+003 -0.27076813E+003 -0.27076801E+003 -0.27076775E+003 -0.27076733E+003 -0.27076670E+003 -0.27076608E+003 -0.27076566E+003 -0.27076540E+003 -0.27076528E+003 -0.27076525E+003 -0.27076524E+003 -0.27076515E+003 -0.27076494E+003 -0.27076455E+003 -0.27076393E+003 -0.27076303E+003 -0.27076180E+003 -0.27076020E+003 -0.27075818E+003 -0.27075570E+003 -0.27075271E+003 -0.27074918E+003 -0.27074505E+003 -0.27074028E+003 -0.27073484E+003 -0.27072868E+003 -0.27072177E+003 -0.27071405E+003 -0.27070550E+003 -0.27069607E+003 -0.27068572E+003 -0.27067441E+003 -0.27066211E+003 -0.27064877E+003
  0.15566100E+002  0.15566135E+002  0.15566298E+002  0.15566646E+002  0.15567220E+002  0.15569510E+002  0.15571149E+002  0.15572274E+002  0.15572954E+002  0.15573273E+002  0.15573342E+002  0.15573377E+002  0.15573595E+002  0.15574148E+002  0.15575175E+002  0.15576810E+002  0.15578720E+002  0.15581323E+002  0.15584718E+002  0.15589000E+002  0.15594263E+002  0.15600600E+002  0.15608103E+002  0.15616861E+002  0.15626964E+002  0.15638500E+002  0.15651556E+002  0.15666219E+002  0.15682573E+002  0.15700704E+002  0.15720696E+002  0.15742632E+002  0.15766595E+002  0.15792666E+002  0.15820928E+002
  0.87099511E+002  0.87099511E+002  0.87099511E+002  0.87099511E+002  0.87099511E+002  0.87099845E+002  0.87100179E+002  0.87100409E+002  0.87100548E+002  0.87100613E+002  0.87100627E+002  0.87100634E+002  0.87100678E+002  0.87100791E+002  0.87101001E+002  0.87101334E+002 -0.17923900E+001 -0.17924392E+001 -0.17924390E+001 -0.17924387E+001 -0.17924384E+001 -0.17924380E+001 -0.17924375E+001 -0.17924369E+001 -0.17924363E+001 -0.17924356E+001 -0.17924347E+001 -0.17924341E+001 -0.17924334E+001 -0.17924326E+001 -0.17924317E+001 -0.17924307E+001 -0.17924296E+001 -0.17924284E+001 -0.17924271E+001
  0.58473215E+000  0.58473215E+000  0.58473215E+000  0.58473215E+000  0.58473215E+000  0.58473215E+000  0.58473214E+000  0.58473214E+000  0.58473214E+000  0.58473214E+000  0.58473214E+000  0.58473214E+000  0.58473214E+000  0.58473214E+000  0.58473214E+000  0.58473214E+000  0.58473214E+000  0.58473214E+000  0.58473214E+000  0.58473214E+000  0.58473215E+000  0.58473215E+000  0.58473215E+000  0.58473215E+000 -0.72478280E+001 -0.52506052E+000 -0.52506051E+000 -0.57550186E+002 -0.49007822E+002 -0.39346431E+002 -0.28455430E+002 -0.16225709E+002 -0.25229034E+001 -0.25229034E+001 -0.25229034E+001
