  0.00000000E+000  0.00000000E+000  0.00000000E+000  0.00000000E+000  0.00000000E+000  0.00000000E+000  0.00000000E+000  0.00000000E+000  0.00000000E+000  0.00000000E+000  0.00000000E+000  0.00000000E+000  0.00000000E+000  0.00000000E+000  0.00000000E+000  0.00000000E+000  0.00000000E+000  0.00000000E+000  0.00000000E+000  0.00000000E+000  0.00000000E+000  0.00000000E+000  0.00000000E+000  0.00000000E+000  0.00000000E+000  0.00000000E+000  0.00000000E+000  0.00000000E+000  0.00000000E+000  0.00000000E+000  0.00000000E+000  0.00000000E+000  0.00000000E+000  0.00000000E+000  0.00000000E+000
 -0.30433527E-042 -0.30433527E-042 -0.30433527E-042 -0.30433527E-042 -0.30433527E-042 -0.30433527E-042 -0.30433527E-042 -0.30433527E-042 -0.30433527E-042 -0.30433527E-042 -0.30433527E-042 -0.30433527E-042 -0.30433527E-042 -0.30433527E-042 -0.30433527E-042 -0.30433527E-042 -0.30433527E-042 -0.30433527E-042 -0.30433527E-042 -0.30433527E-042 -0.30433527E-042 -0.30433527E-042 -0.30433527E-042 -0.30433527E-042 -0.30433527E-042 -0.30433527E-042 -0.30433527E-042 -0.30433527E-042 -0.30433527E-042 -0.30433527E-042 -0.30433527E-042 -0.30433527E-042 -0.30433527E-042 -0.30433527E-042 -0.30433527E-042
 -0.25355251E-039 -0.25355251E-039 -0.25355251E-039 -0.25355251E-039 -0.25355251E-039 -0.25355251E-039 -0.25355251E-039 -0.25355251E-039 -0.25355251E-039 -0.25355251E-039 -0.25355251E-039 -0.25355251E-039 -0.25355251E-039 -0.25355251E-039 -0.25355251E-039 -0.25355251E-039 -0.25355251E-039 -0.25355251E-039 -0.25355251E-039 -0.25355251E-039 -0.25355251E-039 -0.25355251E-039 -0.25355251E-039 -0.25355251E-039 -0.25355251E-039 -0.25355251E-039 -0.25355251E-039 -0.25355251E-039 -0.25355251E-039 -0.25355251E-039 -0.25355251E-039 -0.25355251E-039 -0.25355251E-039 -0.25355251E-039 -0.25355251E-039
 -0.10119356E-036 -0.10119356E-036 -0.10119356E-036 -0.10119356E-036 -0.10119356E-036 -0.10119356E-036 -0.10119356E-036 -0.10119356E-036 -0.10119356E-036 -0.10119356E-036 -0.10119356E-036 -0.10119356E-036 -0.10119356E-036 -0.10119356E-036 -0.10119356E-036 -0.10119356E-036 -0.10119356E-036 -0.10119356E-036 -0.10119356E-036 -0.10119356E-036 -0.10119356E-036 -0.10119356E-036 -0.10119356E-036 -0.10119356E-036 -0.10119356E-036 -0.10119356E-036 -0.10119356E-036 -0.10119356E-036 -0.10119356E-036 -0.10119356E-036 -0.10119356E-036 -0.10119356E-036 -0.10119356E-036 -0.10119356E-036 -0.10119356E-036
 -0.25726358E-034 -0.25726358E-034 -0.25726358E-034 -0.25726358E-034 -0.25726358E-034 -0.25726358E-034 -0.25726358E-034 -0.25726358E-034 -0.25726358E-034 -0.25726358E-034 -0.25726358E-034 -0.25726358E-034 -0.25726358E-034 -0.25726358E-034 -0.25726358E-034 -0.25726358E-034 -0.25726358E-034 -0.25726358E-034 -0.25726358E-034 -0.25726358E-034 -0.25726358E-034 -0.25726358E-034 -0.25726358E-034 -0.25726358E-034 -0.25726358E-034 -0.25726358E-034 -0.25726358E-034 -0.25726358E-034 -0.25726358E-034 -0.25726358E-034 -0.25726358E-034 -0.25726358E-034 -0.25726358E-034 -0.25726358E-034 -0.25726358E-034
 -0.46729908E-032 -0.46729908E-032 -0.46729908E-032 -0.46729908E-032 -0.46729908E-032 -0.46729908E-032 -0.46729908E-032 -0.46729908E-032 -0.46729908E-032 -0.46729908E-032 -0.46729908E-032 -0.46729908E-032 -0.46729908E-032 -0.46729908E-032 -0.46729908E-032 -0.46729908E-032 -0.46729908E-032 -0.46729908E-032 -0.46729908E-032 -0.46729908E-032 -0.46729908E-032 -0.46729908E-032 -0.46729908E-032 -0.46729908E-032 -0.46729908E-032 -0.46729908E-032 -0.46729908E-032 -0.46729908E-032 -0.46729908E-032 -0.46729908E-032 -0.46729908E-032 -0.46729908E-032 -0.46729908E-032 -0.46729908E-032 -0.46729908E-032
 -0.64472047E-030 -0.64472047E-030 -0.64472047E-030 -0.64472047E-030 -0.64472047E-030 -0.64472047E-030 -0.64472047E-030 -0.64472047E-030 -0.64472047E-030 -0.64472047E-030 -0.64472047E-030 -0.64472047E-030 -0.64472047E-030 -0.64472047E-030 -0.64472047E-030 -0.64472047E-030 -0.64472047E-030 -0.64472047E-030 -0.64472047E-030 -0.64472047E-030 -0.64472047E-030 -0.64472047E-030 -0.64472047E-030 -0.64472047E-030 -0.64472047E-030 -0.64472047E-030 -0.64472047E-030 -0.64472047E-030 -0.64472047E-030 -0.64472047E-030 -0.64472047E-030 -0.64472047E-030 -0.64472047E-030 -0.64472047E-030 -0.64472047E-030
 -0.70111424E-028 -0.70111424E-028 -0.70111424E-028 -0.70111424E-028 -0.70111424E-028 -0.70111424E-028 -0.70111424E-028 -0.70111424E-028 -0.70111424E-028 -0.70111424E-028 -0.70111424E-028 -0.70111424E-028 -0.70111424E-028 -0.70111424E-028 -0.70111424E-028 -0.70111424E-028 -0.70111424E-028 -0.70111424E-028 -0.70111424E-028 -0.70111424E-028 -0.70111424E-028 -0.70111424E-028 -0.70111424E-028 -0.70111424E-028 -0.70111424E-028 -0.70111424E-028 -0.70111424E-028 -0.70111424E-028 -0.70111424E-028 -0.70111424E-028 -0.70111424E-028 -0.70111424E-028 -0.70111424E-028 -0.70111424E-028 -0.70111424E-028
 -0.61547138E-026 -0.61547138E-026 -0.61547138E-026 -0.61547138E-026 -0.61547138E-026 -0.61547138E-026 -0.61547138E-026 -0.61547138E-026 -0.61547138E-026 -0.61547138E-026 -0.61547138E-026 -0.61547138E-026 -0.61547138E-026 -0.61547138E-026 -0.61547138E-026 -0.61547138E-026 -0.61547138E-026 -0.61547138E-026 -0.61547138E-026 -0.61547138E-026 -0.61547138E-026 -0.61547138E-026 -0.61547138E-026 -0.61547138E-026 -0.61547138E-026 -0.61547138E-026 -0.61547138E-026 -0.61547138E-026 -0.61547138E-026 -0.61547138E-026 -0.61547138E-026 -0.61547138E-026 -0.61547138E-026 -0.61547138E-026 -0.61547138E-026
 -0.44303309E-024 -0.44303309E-024 -0.44303309E-024 -0.44303309E-024 -0.44303309E-024 -0.44303309E-024 -0.44303309E-024 -0.44303309E-024 -0.44303309E-024 -0.44303309E-024 -0.44303309E-024 -0.44303309E-024 -0.44303309E-024 -0.44303309E-024 -0.44303309E-024 -0.44303309E-024 -0.44303309E-024 -0.44303309E-024 -0.44303309E-024 -0.44303309E-024 -0.44303309E-024 -0.44303309E-024 -0.44303309E-024 -0.44303309E-024 -0.44303309E-024 -0.44303309E-024 -0.44303309E-024 -0.44303309E-024 -0.44303309E-024 -0.44303309E-024 -0.44303309E-024 -0.44303309E-024 -0.44303309E-024 -0.44303309E-024 -0.44303309E-024
 -0.23852602E-021 -0.23852602E-021 -0.23852602E-021 -0.23852602E-021 -0.23852602E-021 -0.23852602E-021 -0.23852602E-021 -0.23852602E-021 -0.23852602E-021 -0.23852602E-021 -0.23852602E-021 -0.23852602E-021 -0.23852602E-021 -0.23852602E-021 -0.23852602E-021 -0.23852602E-021 -0.23852602E-021 -0.23852602E-021 -0.23852602E-021 -0.23852602E-021 -0.23852602E-021 -0.23852602E-021 -0.23852602E-021 -0.23852602E-021 -0.23852602E-021 -0.23852602E-021 -0.23852602E-021 -0.23852602E-021 -0.23852602E-021 -0.23852602E-021 -0.23852602E-021 -0.23852602E-021 -0.23852602E-021 -0.23852602E-021 -0.23852602E-021
 -0.10315903E-018 -0.10315903E-018 -0.10315903E-018 -0.10315903E-018 -0.10315903E-018 -0.10315903E-018 -0.10315903E-018 -0.10315903E-018 -0.10315903E-018 -0.10315903E-018 -0.10315903E-018 -0.10315903E-018 -0.10315903E-018 -0.10315903E-018 -0.10315903E-018 -0.10315903E-018 -0.10315903E-018 -0.10315903E-018 -0.10315903E-018 -0.10315903E-018 -0.10315903E-018 -0.10315903E-018 -0.10315903E-018 -0.10315903E-018 -0.10315903E-018 -0.10315903E-018 -0.10315903E-018 -0.10315903E-018 -0.10315903E-018 -0.10315903E-018 -0.10315903E-018 -0.10315903E-018 -0.10315903E-018 -0.10315903E-018 -0.10315903E-018
 -0.36081338E-016 -0.36081338E-016 -0.36081338E-016 -0.36081338E-016 -0.36081338E-016 -0.36081338E-016 -0.36081338E-016 -0.36081338E-016 -0.36081338E-016 -0.36081338E-016 -0.36081338E-016 -0.36081338E-016 -0.36081338E-016 -0.36081338E-016 -0.36081338E-016 -0.36081338E-016 -0.36081338E-016 -0.36081338E-016 -0.36081338E-016 -0.36081338E-016 -0.36081338E-016 -0.36081338E-016 -0.36081338E-016 -0.36081338E-016 -0.36081338E-016 -0.36081338E-016 -0.36081338E-016 -0.36081338E-016 -0.36081338E-016 -0.36081338E-016 -0.36081338E-016 -0.36081338E-016 -0.36081338E-016 -0.36081338E-016 -0.36081338E-016
 -0.10220279E-013 -0.10220279E-013 -0.10220279E-013 -0.10220279E-013 -0.10220279E-013 -0.10220279E-013 -0.10220279E-013 -0.10220279E-013 -0.10220279E-013 -0.10220279E-013 -0.10220279E-013 -0.10220279E-013 -0.10220279E-013 -0.10220279E-013 -0.10220279E-013 -0.10220279E-013 -0.10220279E-013 -0.10220279E-013 -0.10220279E-013 -0.10220279E-013 -0.10220279E-013 -0.10220279E-013 -0.10220279E-013 -0.10220279E-013 -0.10220279E-013 -0.10220279E-013 -0.10220279E-013 -0.10220279E-013 -0.10220279E-013 -0.10220279E-013 -0.10220279E-013 -0.10220279E-013 -0.10220279E-013 -0.10220279E-013 -0.10220279E-013
 -0.23351766E-011 -0.23351766E-011 -0.23351766E-011 -0.23351766E-011 -0.23351766E-011 -0.23351766E-011 -0.23351766E-011 -0.23351766E-011 -0.23351766E-011 -0.23351766E-011 -0.23351766E-011 -0.23351766E-011 -0.23351766E-011 -0.23351766E-011 -0.23351766E-011 -0.23351766E-011 -0.23351766E-011 -0.23351766E-011 -0.23351766E-011 -0.23351766E-011 -0.23351766E-011 -0.23351766E-011 -0.23351766E-011 -0.23351766E-011 -0.23351766E-011 -0.23351766E-011 -0.23351766E-011 -0.23351766E-011 -0.23351766E-011 -0.23351766E-011 -0.23351766E-011 -0.23351766E-011 -0.23351766E-011 -0.23351766E-011 -0.23351766E-011
 -0.42602947E-009 -0.42602947E-009 -0.42602947E-009 -0.42602947E-009 -0.42602947E-009 -0.42602947E-009 -0.42602947E-009 -0.42602947E-009 -0.42602947E-009 -0.42602947E-009 -0.42602947E-009 -0.42602947E-009 -0.42602947E-009 -0.42602947E-009 -0.42602947E-009 -0.42602947E-009 -0.42602947E-009 -0.42602947E-009 -0.42602947E-009 -0.42602947E-009 -0.42602947E-009 -0.42602947E-009 -0.42602947E-009 -0.42602947E-009 -0.42602947E-009 -0.42602947E-009 -0.42602947E-009 -0.42602947E-009 -0.42602947E-009 -0.42602947E-009 -0.42602947E-009 -0.42602947E-009 -0.42602947E-009 -0.42602947E-009 -0.42602947E-009
 -0.60930900E-007 -0.60930900E-007 -0.60930900E-007 -0.60930900E-007 -0.60930900E-007 -0.60930900E-007 -0.60930900E-007 -0.60930900E-007 -0.60930900E-007 -0.60930900E-007 -0.60930900E-007 -0.60930900E-007 -0.60930900E-007 -0.60930900E-007 -0.60930900E-007 -0.60930900E-007 -0.60930900E-007 -0.60930900E-007 -0.60930900E-007 -0.60930900E-007 -0.60930900E-007 -0.60930900E-007 -0.60930900E-007 -0.60930900E-007 -0.60930900E-007 -0.60930900E-007 -0.60930900E-007 -0.60930900E-007 -0.60930900E-007 -0.60930900E-007 -0.60930900E-007 -0.60930900E-007 -0.60930900E-007 -0.60930900E-007 -0.60930900E-007
 -0.66226578E-005 -0.66226578E-005 -0.66226578E-005 -0.66226578E-005 -0.66226578E-005 -0.66226578E-005 -0.66226578E-005 -0.66226578E-005 -0.66226578E-005 -0.66226578E-005 -0.66226578E-005 -0.66226578E-005 -0.66226578E-005 -0.66226578E-005 -0.66226578E-005 -0.66226578E-005 -0.66226578E-005 -0.66226578E-005 -0.66226578E-005 -0.66226578E-005 -0.66226578E-005 -0.66226578E-005 -0.66226578E-005 -0.66226578E-005 -0.66226578E-005 -0.66226578E-005 -0.66226578E-005 -0.66226578E-005 -0.66226578E-005 -0.66226578E-005 -0.66226578E-005 -0.66226578E-005 -0.66226578E-005 -0.66226578E-005 -0.66226578E-005
 -0.51836980E-003 -0.51836980E-003 -0.51836980E-003 -0.51836980E-003 -0.51836980E-003 -0.51836980E-003 -0.51836980E-003 -0.51836980E-003 -0.51836980E-003 -0.51836980E-003 -0.51836980E-003 -0.51836980E-003 -0.51836980E-003 -0.51836980E-003 -0.51836980E-003 -0.51836980E-003 -0.51836980E-003 -0.51836980E-003 -0.51836980E-003 -0.51836980E-003 -0.51836980E-003 -0.51836980E-003 -0.51836980E-003 -0.51836980E-003 -0.51836980E-003 -0.51836980E-003 -0.51836980E-003 -0.51836980E-003 -0.51836980E-003 -0.51836980E-003 -0.51836980E-003 -0.51836980E-003 -0.51836980E-003 -0.51836980E-003 -0.51836980E-003
 -0.26314273E-001 -0.26314273E-001 -0.26314273E-001 -0.26314273E-001 -0.26314273E-001 -0.26314273E-001 -0.26314273E-001 -0.26314273E-001 -0.26314273E-001 -0.26314273E-001 -0.26314273E-001 -0.26314273E-001 -0.26314273E-001 -0.26314273E-001 -0.26314273E-001 -0.26314273E-001 -0.26314273E-001 -0.26314273E-001 -0.26314273E-001 -0.26314273E-001 -0.26314273E-001 -0.26314273E-001 -0.26314273E-001 -0.26314273E-001 -0.26314273E-001 -0.26314273E-001 -0.26314273E-001 -0.26314273E-001 -0.26314273E-001 -0.26314273E-001 -0.26314273E-001 -0.26314273E-001 -0.26314273E-001 -0.26314273E-001 -0.26314273E-001
 -0.66107999E+000 -0.62891118E+000 -0.62891118E+000 -0.62891118E+000 -0.62891118E+000 -0.62891118E+000 -0.62891118E+000 -0.62891118E+000 -0.62891118E+000 -0.62891118E+000 -0.62891118E+000 -0.62891118E+000 -0.62891118E+000 -0.62891118E+000 -0.62891118E+000 -0.62891118E+000 -0.62891118E+000 -0.62891118E+000 -0.62891118E+000 -0.62891118E+000 -0.62891118E+000 -0.62891118E+000 -0.62891118E+000 -0.62891118E+000 -0.62891118E+000 -0.62891118E+000 -0.62891118E+000 -0.62891118E+000 -0.62891118E+000 -0.62891118E+000 -0.62891118E+000 -0.62891118E+000 -0.62891118E+000 -0.62891118E+000 -0.62891118E+000
 -0.22256453E+000 -0.22256453E+000 -0.22256453E+000 -0.22256453E+000 -0.22256453E+000 -0.22256453E+000 -0.22256453E+000 -0.69672412E+000 -0.37533235E+000 -0.22443615E+000 -0.22443615E+000 -0.22443615E+000 -0.22443615E+000 -0.22443615E+000 -0.22443615E+000 -0.22443615E+000 -0.22443615E+000 -0.22443615E+000 -0.22443615E+000 -0.22443615E+000 -0.22443615E+000 -0.22443615E+000 -0.22443615E+000 -0.22443615E+000 -0.22443615E+000 -0.22443615E+000 -0.22443615E+000 -0.22443615E+000 -0.22443615E+000 -0.22443615E+000 -0.22443615E+000 -0.22443615E+000 -0.22443615E+000 -0.22443615E+000 -0.22443615E+000
 -0.12744389E+000 -0.12744389E+000 -0.12744389E+000 -0.12744389E+000 -0.27044377E+001 -0.19351809E+001 -0.11640814E+001 -0.63335573E+000 -0.31116524E+000 -0.16009719E+000 -0.16009719E+000 -0.16009719E+000 -0.16009719E+000 -0.16009719E+000 -0.16009719E+000 -0.16009719E+000 -0.16009719E+000 -0.16009719E+000 -0.16009719E+000 -0.16009719E+000 -0.16009719E+000 -0.16009719E+000 -0.16009719E+000 -0.16009719E+000 -0.16009719E+000 -0.16009719E+000 -0.16009719E+000 -0.16009719E+000 -0.16009719E+000 -0.16009720E+000 -0.16009720E+000 -0.16009720E+000 -0.16009720E+000 -0.16009721E+000 -0.16009721E+000
 -0.18735814E+001 -0.18412227E+001 -0.18412227E+001 -0.18412227E+001 -0.18412227E+001 -0.18412227E+001 -0.18412227E+001 -0.18412227E+001 -0.18412227E+001 -0.18412227E+001 -0.18412227E+001 -0.18412227E+001 -0.18412227E+001 -0.18412227E+001 -0.18412227E+001 -0.18412227E+001 -0.18412227E+001 -0.18412227E+001 -0.18412227E+001 -0.18399039E+001 -0.18399039E+001 -0.18399039E+001 -0.18399039E+001 -0.18399039E+001 -0.18399039E+001 -0.18399039E+001 -0.18399039E+001 -0.18399040E+001 -0.18399040E+001 -0.18399040E+001 -0.18399040E+001 -0.18399040E+001 -0.18399040E+001 -0.18399040E+001 -0.18399040E+001
 -0.36250221E+000 -0.32986971E+000 -0.17790777E+000 -0.17790777E+000 -0.17790777E+000 -0.17790777E+000 -0.17790777E+000 -0.17790777E+000 -0.17790777E+000 -0.17790777E+000 -0.17790777E+000 -0.17790777E+000 -0.17790777E+000 -0.17790777E+000 -0.17790777E+000 -0.17790777E+000 -0.17790777E+000 -0.17790777E+000 -0.17790776E+000 -0.17790776E+000 -0.17790776E+000 -0.17790776E+000 -0.17790776E+000 -0.17790776E+000 -0.17790776E+000 -0.17790775E+000 -0.17790775E+000 -0.17790775E+000 -0.17790775E+000 -0.17790775E+000 -0.17790775E+000 -0.17790776E+000 -0.17790776E+000 -0.17790776E+000 -0.17790776E+000
