  0.00000000E+000  0.00000000E+000  0.00000000E+000  0.00000000E+000  0.00000000E+000  0.00000000E+000  0.00000000E+000  0.00000000E+000  0.00000000E+000  0.00000000E+000  0.00000000E+000  0.00000000E+000  0.00000000E+000  0.00000000E+000  0.00000000E+000  0.00000000E+000  0.00000000E+000  0.00000000E+000  0.00000000E+000  0.00000000E+000  0.00000000E+000  0.00000000E+000  0.00000000E+000  0.00000000E+000  0.00000000E+000  0.00000000E+000  0.00000000E+000  0.00000000E+000  0.00000000E+000  0.00000000E+000  0.00000000E+000  0.00000000E+000  0.00000000E+000  0.00000000E+000  0.00000000E+000
 -0.23215818E-036 -0.23215818E-036 -0.23215818E-036 -0.23215818E-036 -0.23215818E-036 -0.23215818E-036 -0.23215818E-036 -0.23215818E-036 -0.23215818E-036 -0.23215818E-036 -0.23215818E-036 -0.23215818E-036 -0.23215818E-036 -0.23215818E-036 -0.23215818E-036 -0.23215818E-036 -0.23215818E-036 -0.23215818E-036 -0.23215818E-036 -0.23215818E-036 -0.23215818E-036 -0.23215818E-036 -0.23215818E-036 -0.23215818E-036 -0.23215818E-036 -0.23215818E-036 -0.23215818E-036 -0.23215818E-036 -0.23215818E-036 -0.23215818E-036 -0.23215818E-036 -0.23215818E-036 -0.23215818E-036 -0.23215818E-036 -0.23215818E-036
 -0.10651491E-033 -0.10651491E-033 -0.10651491E-033 -0.10651491E-033 -0.10651491E-033 -0.10651491E-033 -0.10651491E-033 -0.10651491E-033 -0.10651491E-033 -0.10651491E-033 -0.10651491E-033 -0.10651491E-033 -0.10651491E-033 -0.10651491E-033 -0.10651491E-033 -0.10651491E-033 -0.10651491E-033 -0.10651491E-033 -0.10651491E-033 -0.10651491E-033 -0.10651491E-033 -0.10651491E-033 -0.10651491E-033 -0.10651491E-033 -0.10651491E-033 -0.10651491E-033 -0.10651491E-033 -0.10651491E-033 -0.10651491E-033 -0.10651491E-033 -0.10651491E-033 -0.10651491E-033 -0.10651491E-033 -0.10651491E-033 -0.10651491E-033
 -0.23350405E-031 -0.23350405E-031 -0.23350405E-031 -0.23350405E-031 -0.23350405E-031 -0.23350405E-031 -0.23350405E-031 -0.23350405E-031 -0.23350405E-031 -0.23350405E-031 -0.23350405E-031 -0.23350405E-031 -0.23350405E-031 -0.23350405E-031 -0.23350405E-031 -0.23350405E-031 -0.23350405E-031 -0.23350405E-031 -0.23350405E-031 -0.23350405E-031 -0.23350405E-031 -0.23350405E-031 -0.23350405E-031 -0.23350405E-031 -0.23350405E-031 -0.23350405E-031 -0.23350405E-031 -0.23350405E-031 -0.23350405E-031 -0.23350405E-031 -0.23350405E-031 -0.23350405E-031 -0.23350405E-031 -0.23350405E-031 -0.23350405E-031
 -0.32528395E-029 -0.32528395E-029 -0.32528395E-029 -0.32528395E-029 -0.32528395E-029 -0.32528395E-029 -0.32528395E-029 -0.32528395E-029 -0.32528395E-029 -0.32528395E-029 -0.32528395E-029 -0.32528395E-029 -0.32528395E-029 -0.32528395E-029 -0.32528395E-029 -0.32528395E-029 -0.32528395E-029 -0.32528395E-029 -0.32528395E-029 -0.32528395E-029 -0.32528395E-029 -0.32528395E-029 -0.32528395E-029 -0.32528395E-029 -0.32528395E-029 -0.32528395E-029 -0.32528395E-029 -0.32528395E-029 -0.32528395E-029 -0.32528395E-029 -0.32528395E-029 -0.32528395E-029 -0.32528395E-029 -0.32528395E-029 -0.32528395E-029
 -0.32302617E-027 -0.32302617E-027 -0.32302617E-027 -0.32302617E-027 -0.32302617E-027 -0.32302617E-027 -0.32302617E-027 -0.32302617E-027 -0.32302617E-027 -0.32302617E-027 -0.32302617E-027 -0.32302617E-027 -0.32302617E-027 -0.32302617E-027 -0.32302617E-027 -0.32302617E-027 -0.32302617E-027 -0.32302617E-027 -0.32302617E-027 -0.32302617E-027 -0.32302617E-027 -0.32302617E-027 -0.32302617E-027 -0.32302617E-027 -0.32302617E-027 -0.32302617E-027 -0.32302617E-027 -0.32302617E-027 -0.32302617E-027 -0.32302617E-027 -0.32302617E-027 -0.32302617E-027 -0.32302617E-027 -0.32302617E-027 -0.32302617E-027
 -0.24315425E-025 -0.24315425E-025 -0.24315425E-025 -0.24315425E-025 -0.24315425E-025 -0.24315425E-025 -0.24315425E-025 -0.24315425E-025 -0.24315425E-025 -0.24315425E-025 -0.24315425E-025 -0.24315425E-025 -0.24315425E-025 -0.24315425E-025 -0.24315425E-025 -0.24315425E-025 -0.24315425E-025 -0.24315425E-025 -0.24315425E-025 -0.24315425E-025 -0.24315425E-025 -0.24315425E-025 -0.24315425E-025 -0.24315425E-025 -0.24315425E-025 -0.24315425E-025 -0.24315425E-025 -0.24315425E-025 -0.24315425E-025 -0.24315425E-025 -0.24315425E-025 -0.24315425E-025 -0.24315425E-025 -0.24315425E-025 -0.24315425E-025
 -0.14401172E-023 -0.14401172E-023 -0.14401172E-023 -0.14401172E-023 -0.14401172E-023 -0.14401172E-023 -0.14401172E-023 -0.14401172E-023 -0.14401172E-023 -0.14401172E-023 -0.14401172E-023 -0.14401172E-023 -0.14401172E-023 -0.14401172E-023 -0.14401172E-023 -0.14401172E-023 -0.14401172E-023 -0.14401172E-023 -0.14401172E-023 -0.14401172E-023 -0.14401172E-023 -0.14401172E-023 -0.14401172E-023 -0.14401172E-023 -0.14401172E-023 -0.14401172E-023 -0.14401172E-023 -0.14401172E-023 -0.14401172E-023 -0.14401172E-023 -0.14401172E-023 -0.14401172E-023 -0.14401172E-023 -0.14401172E-023 -0.14401172E-023
 -0.68755379E-022 -0.68755379E-022 -0.68755379E-022 -0.68755379E-022 -0.68755379E-022 -0.68755379E-022 -0.68755379E-022 -0.68755379E-022 -0.68755379E-022 -0.68755379E-022 -0.68755379E-022 -0.68755379E-022 -0.68755379E-022 -0.68755379E-022 -0.68755379E-022 -0.68755379E-022 -0.68755379E-022 -0.68755379E-022 -0.68755379E-022 -0.68755379E-022 -0.68755379E-022 -0.68755379E-022 -0.68755379E-022 -0.68755379E-022 -0.68755379E-022 -0.68755379E-022 -0.68755379E-022 -0.68755379E-022 -0.68755379E-022 -0.68755379E-022 -0.68755379E-022 -0.68755379E-022 -0.68755379E-022 -0.68755379E-022 -0.68755379E-022
 -0.26892311E-020 -0.26892311E-020 -0.26892311E-020 -0.26892311E-020 -0.26892311E-020 -0.26892311E-020 -0.26892311E-020 -0.26892311E-020 -0.26892311E-020 -0.26892311E-020 -0.26892311E-020 -0.26892311E-020 -0.26892311E-020 -0.26892311E-020 -0.26892311E-020 -0.26892311E-020 -0.26892311E-020 -0.26892311E-020 -0.26892311E-020 -0.26892311E-020 -0.26892311E-020 -0.26892311E-020 -0.26892311E-020 -0.26892311E-020 -0.26892311E-020 -0.26892311E-020 -0.26892311E-020 -0.26892311E-020 -0.26892311E-020 -0.26892311E-020 -0.26892311E-020 -0.26892311E-020 -0.26892311E-020 -0.26892311E-020 -0.26892311E-020
 -0.77648626E-018 -0.77648626E-018 -0.77648626E-018 -0.77648626E-018 -0.77648626E-018 -0.77648626E-018 -0.77648626E-018 -0.77648626E-018 -0.77648626E-018 -0.77648626E-018 -0.77648626E-018 -0.77648626E-018 -0.77648626E-018 -0.77648626E-018 -0.77648626E-018 -0.77648626E-018 -0.77648626E-018 -0.77648626E-018 -0.77648626E-018 -0.77648626E-018 -0.77648626E-018 -0.77648626E-018 -0.77648626E-018 -0.77648626E-018 -0.77648626E-018 -0.77648626E-018 -0.77648626E-018 -0.77648626E-018 -0.77648626E-018 -0.77648626E-018 -0.77648626E-018 -0.77648626E-018 -0.77648626E-018 -0.77648626E-018 -0.77648626E-018
 -0.17954356E-015 -0.17954356E-015 -0.17954356E-015 -0.17954356E-015 -0.17954356E-015 -0.17954356E-015 -0.17954356E-015 -0.17954356E-015 -0.17954356E-015 -0.17954356E-015 -0.17954356E-015 -0.17954356E-015 -0.17954356E-015 -0.17954356E-015 -0.17954356E-015 -0.17954356E-015 -0.17954356E-015 -0.17954356E-015 -0.17954356E-015 -0.17954356E-015 -0.17954356E-015 -0.17954356E-015 -0.17954356E-015 -0.17954356E-015 -0.17954356E-015 -0.17954356E-015 -0.17954356E-015 -0.17954356E-015 -0.17954356E-015 -0.17954356E-015 -0.17954356E-015 -0.17954356E-015 -0.17954356E-015 -0.17954356E-015 -0.17954356E-015
 -0.33477652E-013 -0.33477652E-013 -0.33477652E-013 -0.33477652E-013 -0.33477652E-013 -0.33477652E-013 -0.33477652E-013 -0.33477652E-013 -0.33477652E-013 -0.33477652E-013 -0.33477652E-013 -0.33477652E-013 -0.33477652E-013 -0.33477652E-013 -0.33477652E-013 -0.33477652E-013 -0.33477652E-013 -0.33477652E-013 -0.33477652E-013 -0.33477652E-013 -0.33477652E-013 -0.33477652E-013 -0.33477652E-013 -0.33477652E-013 -0.33477652E-013 -0.33477652E-013 -0.33477652E-013 -0.33477652E-013 -0.33477652E-013 -0.33477652E-013 -0.33477652E-013 -0.33477652E-013 -0.33477652E-013 -0.33477652E-013 -0.33477652E-013
 -0.50422336E-011 -0.50422336E-011 -0.50422336E-011 -0.50422336E-011 -0.50422336E-011 -0.50422336E-011 -0.50422336E-011 -0.50422336E-011 -0.50422336E-011 -0.50422336E-011 -0.50422336E-011 -0.50422336E-011 -0.50422336E-011 -0.50422336E-011 -0.50422336E-011 -0.50422336E-011 -0.50422336E-011 -0.50422336E-011 -0.50422336E-011 -0.50422336E-011 -0.50422336E-011 -0.50422336E-011 -0.50422336E-011 -0.50422336E-011 -0.50422336E-011 -0.50422336E-011 -0.50422336E-011 -0.50422336E-011 -0.50422336E-011 -0.50422336E-011 -0.50422336E-011 -0.50422336E-011 -0.50422336E-011 -0.50422336E-011 -0.50422336E-011
 -0.61130039E-009 -0.61130039E-009 -0.61130039E-009 -0.61130039E-009 -0.61130039E-009 -0.61130039E-009 -0.61130039E-009 -0.61130039E-009 -0.61130039E-009 -0.61130039E-009 -0.61130039E-009 -0.61130039E-009 -0.61130039E-009 -0.61130039E-009 -0.61130039E-009 -0.61130039E-009 -0.61130039E-009 -0.61130039E-009 -0.61130039E-009 -0.61130039E-009 -0.61130039E-009 -0.61130039E-009 -0.61130039E-009 -0.61130039E-009 -0.61130039E-009 -0.61130039E-009 -0.61130039E-009 -0.61130039E-009 -0.61130039E-009 -0.61130039E-009 -0.61130039E-009 -0.61130039E-009 -0.61130039E-009 -0.61130039E-009 -0.61130039E-009
 -0.59098522E-007 -0.59098522E-007 -0.59098522E-007 -0.59098522E-007 -0.59098522E-007 -0.59098522E-007 -0.59098522E-007 -0.59098522E-007 -0.59098522E-007 -0.59098522E-007 -0.59098522E-007 -0.59098522E-007 -0.59098522E-007 -0.59098522E-007 -0.59098522E-007 -0.59098522E-007 -0.59098522E-007 -0.59098522E-007 -0.59098522E-007 -0.59098522E-007 -0.59098522E-007 -0.59098522E-007 -0.59098522E-007 -0.59098522E-007 -0.59098522E-007 -0.59098522E-007 -0.59098522E-007 -0.59098522E-007 -0.59098522E-007 -0.59098522E-007 -0.59098522E-007 -0.59098522E-007 -0.59098522E-007 -0.59098522E-007 -0.59098522E-007
 -0.44790899E-005 -0.44790899E-005 -0.44790899E-005 -0.44790899E-005 -0.44790899E-005 -0.44790899E-005 -0.44790899E-005 -0.44790899E-005 -0.44790899E-005 -0.44790899E-005 -0.44790899E-005 -0.44790899E-005 -0.44790899E-005 -0.44790899E-005 -0.44790899E-005 -0.44790899E-005 -0.44790899E-005 -0.44790899E-005 -0.44790899E-005 -0.44790899E-005 -0.44790899E-005 -0.44790899E-005 -0.44790899E-005 -0.44790899E-005 -0.44790899E-005 -0.44790899E-005 -0.44790899E-005 -0.44790899E-005 -0.44790899E-005 -0.44790899E-005 -0.44790899E-005 -0.44790899E-005 -0.44790899E-005 -0.44790899E-005 -0.44790899E-005
 -0.25864463E-003 -0.25864463E-003 -0.25864463E-003 -0.25864463E-003 -0.25864463E-003 -0.25864463E-003 -0.25864463E-003 -0.25864463E-003 -0.25864463E-003 -0.25864463E-003 -0.25864463E-003 -0.25864463E-003 -0.25864463E-003 -0.25864463E-003 -0.25864463E-003 -0.25864463E-003 -0.25864463E-003 -0.25864463E-003 -0.25864463E-003 -0.25864463E-003 -0.25864463E-003 -0.25864463E-003 -0.25864463E-003 -0.25864463E-003 -0.25864463E-003 -0.25864463E-003 -0.25864463E-003 -0.25864463E-003 -0.25864463E-003 -0.25864463E-003 -0.25864463E-003 -0.25864463E-003 -0.25864463E-003 -0.25864463E-003 -0.25864463E-003
 -0.10839681E-001 -0.10839681E-001 -0.10839681E-001 -0.10839681E-001 -0.10839681E-001 -0.10839681E-001 -0.10839681E-001 -0.10839681E-001 -0.10839681E-001 -0.10839681E-001 -0.10839681E-001 -0.10839681E-001 -0.10839681E-001 -0.10839681E-001 -0.10839681E-001 -0.10839681E-001 -0.10839681E-001 -0.10839681E-001 -0.10839681E-001 -0.10839681E-001 -0.10839681E-001 -0.10839681E-001 -0.10839681E-001 -0.10839681E-001 -0.10839681E-001 -0.10839681E-001 -0.10839681E-001 -0.10839681E-001 -0.10839681E-001 -0.10839681E-001 -0.10839681E-001 -0.10839681E-001 -0.10839681E-001 -0.10839681E-001 -0.10839681E-001
 -0.30092132E+000 -0.30092132E+000 -0.30092132E+000 -0.30092132E+000 -0.30092132E+000 -0.30092132E+000 -0.30092132E+000 -0.30092132E+000 -0.30092132E+000 -0.30092132E+000 -0.30092132E+000 -0.30092132E+000 -0.30092132E+000 -0.30092132E+000 -0.30092132E+000 -0.30092132E+000 -0.30092132E+000 -0.30092132E+000 -0.30092132E+000 -0.30092132E+000 -0.30092132E+000 -0.30092132E+000 -0.30092132E+000 -0.30092132E+000 -0.30092132E+000 -0.30092132E+000 -0.30092132E+000 -0.30092132E+000 -0.30092132E+000 -0.30092132E+000 -0.30092132E+000 -0.30092132E+000 -0.30092132E+000 -0.30092132E+000 -0.30092132E+000
 -0.44398975E+001 -0.44084459E+001 -0.44084459E+001 -0.44084459E+001 -0.44084459E+001 -0.44084459E+001 -0.44084459E+001 -0.44084459E+001 -0.44084459E+001 -0.44084459E+001 -0.44084459E+001 -0.44084459E+001 -0.44084459E+001 -0.44084459E+001 -0.44084459E+001 -0.44084459E+001 -0.44084459E+001 -0.44084459E+001 -0.44084459E+001 -0.44084459E+001 -0.44084459E+001 -0.44084459E+001 -0.44084459E+001 -0.44084459E+001 -0.44084459E+001 -0.44084459E+001 -0.44084459E+001 -0.44084459E+001 -0.44084459E+001 -0.44084459E+001 -0.44084459E+001 -0.44084459E+001 -0.44084459E+001 -0.44084459E+001 -0.44084459E+001
 -0.73527871E+001 -0.73527871E+001 -0.73527871E+001 -0.73527871E+001 -0.73527871E+001 -0.73527871E+001 -0.73527871E+001 -0.73527871E+001 -0.73527871E+001 -0.73527871E+001 -0.73527871E+001 -0.73527871E+001 -0.73527871E+001 -0.73527871E+001 -0.73527871E+001 -0.73527871E+001 -0.73527871E+001 -0.73527871E+001 -0.73527871E+001 -0.73527871E+001 -0.73527871E+001 -0.73527870E+001 -0.73527870E+001 -0.73527870E+001 -0.73527870E+001 -0.73527872E+001 -0.73527874E+001 -0.73527876E+001 -0.73527877E+001 -0.73527879E+001 -0.73527882E+001 -0.24144617E+002 -0.11729573E+002 -0.11729573E+002 -0.11729573E+002
 -0.22523151E+002 -0.22523151E+002 -0.22523151E+002 -0.22523151E+002 -0.22523151E+002 -0.22523151E+002 -0.22523151E+002 -0.22523151E+002 -0.22523151E+002 -0.22523151E+002 -0.22523151E+002 -0.22523151E+002 -0.22523151E+002 -0.22523151E+002 -0.22523151E+002 -0.22523151E+002 -0.22523151E+002 -0.22523151E+002 -0.22523151E+002 -0.22523150E+002 -0.22523150E+002 -0.22523150E+002 -0.22523150E+002 -0.22523150E+002 -0.22523150E+002 -0.22523149E+002 -0.22523152E+002 -0.22523156E+002 -0.22523160E+002 -0.22523164E+002 -0.22523168E+002 -0.22523173E+002 -0.22523179E+002 -0.22523185E+002 -0.22523191E+002
 -0.33915350E+003 -0.33915345E+003 -0.33915319E+003 -0.33915263E+003 -0.33915171E+003 -0.33915171E+003 -0.33915171E+003 -0.33915171E+003 -0.33915171E+003 -0.33915171E+003 -0.33915171E+003 -0.11752658E+003 -0.11744648E+003 -0.11744648E+003 -0.11744648E+003 -0.11744648E+003 -0.11744648E+003 -0.11744648E+003 -0.11744648E+003 -0.11744648E+003 -0.11744648E+003 -0.11744648E+003 -0.11744647E+003 -0.11744647E+003 -0.11744647E+003 -0.11744646E+003 -0.11744646E+003 -0.11744646E+003 -0.11744646E+003 -0.11744646E+003 -0.11744646E+003 -0.11744646E+003 -0.11744646E+003 -0.11744646E+003 -0.11744646E+003
 -0.26260806E+001 -0.25714525E+001 -0.23171881E+001 -0.23539665E+001 -0.23976575E+001 -0.23976575E+001 -0.23976575E+001 -0.23976575E+001 -0.23976575E+001 -0.23976575E+001 -0.23976575E+001 -0.23976575E+001 -0.23976575E+001 -0.23976575E+001 -0.23976575E+001 -0.23976575E+001 -0.23976574E+001 -0.23976574E+001 -0.23976574E+001 -0.23976574E+001 -0.23976574E+001 -0.23976574E+001 -0.23976575E+001 -0.23976576E+001 -0.23976577E+001 -0.23976577E+001 -0.23976578E+001 -0.23976577E+001 -0.23976580E+001 -0.29134349E+002 -0.15664815E+002 -0.33291388E+000 -0.33291388E+000 -0.33291387E+000 -0.33291387E+000
