  0.00000000E+000  0.00000000E+000  0.00000000E+000  0.00000000E+000  0.00000000E+000  0.00000000E+000  0.00000000E+000  0.00000000E+000  0.00000000E+000  0.00000000E+000  0.00000000E+000  0.00000000E+000  0.00000000E+000  0.00000000E+000  0.00000000E+000  0.00000000E+000  0.00000000E+000  0.00000000E+000  0.00000000E+000  0.00000000E+000  0.00000000E+000  0.00000000E+000  0.00000000E+000  0.00000000E+000  0.00000000E+000  0.00000000E+000  0.00000000E+000  0.00000000E+000  0.00000000E+000  0.00000000E+000  0.00000000E+000  0.00000000E+000  0.00000000E+000  0.00000000E+000  0.00000000E+000
 -0.14129999E-037 -0.14129999E-037 -0.14129999E-037 -0.14129999E-037 -0.14129999E-037 -0.14129999E-037 -0.14129999E-037 -0.14129999E-037 -0.14129999E-037 -0.14129999E-037 -0.14129999E-037 -0.14129999E-037 -0.14129999E-037 -0.14129999E-037 -0.14129999E-037 -0.14129999E-037 -0.14129999E-037 -0.14129999E-037 -0.14129999E-037 -0.14129999E-037 -0.14129999E-037 -0.14129999E-037 -0.14129999E-037 -0.14129999E-037 -0.14129999E-037 -0.14129999E-037 -0.14129999E-037 -0.14129999E-037 -0.14129999E-037 -0.14129999E-037 -0.14129999E-037 -0.14129999E-037 -0.14129999E-037 -0.14129999E-037 -0.14129999E-037
 -0.66920930E-035 -0.66920930E-035 -0.66920930E-035 -0.66920930E-035 -0.66920930E-035 -0.66920930E-035 -0.66920930E-035 -0.66920930E-035 -0.66920930E-035 -0.66920930E-035 -0.66920930E-035 -0.66920930E-035 -0.66920930E-035 -0.66920930E-035 -0.66920930E-035 -0.66920930E-035 -0.66920930E-035 -0.66920930E-035 -0.66920930E-035 -0.66920930E-035 -0.66920930E-035 -0.66920930E-035 -0.66920930E-035 -0.66920930E-035 -0.66920930E-035 -0.66920930E-035 -0.66920930E-035 -0.66920930E-035 -0.66920930E-035 -0.66920930E-035 -0.66920930E-035 -0.66920930E-035 -0.66920930E-035 -0.66920930E-035 -0.66920930E-035
 -0.15149201E-032 -0.15149201E-032 -0.15149201E-032 -0.15149201E-032 -0.15149201E-032 -0.15149201E-032 -0.15149201E-032 -0.15149201E-032 -0.15149201E-032 -0.15149201E-032 -0.15149201E-032 -0.15149201E-032 -0.15149201E-032 -0.15149201E-032 -0.15149201E-032 -0.15149201E-032 -0.15149201E-032 -0.15149201E-032 -0.15149201E-032 -0.15149201E-032 -0.15149201E-032 -0.15149201E-032 -0.15149201E-032 -0.15149201E-032 -0.15149201E-032 -0.15149201E-032 -0.15149201E-032 -0.15149201E-032 -0.15149201E-032 -0.15149201E-032 -0.15149201E-032 -0.15149201E-032 -0.15149201E-032 -0.15149201E-032 -0.15149201E-032
 -0.21801795E-030 -0.21801795E-030 -0.21801795E-030 -0.21801795E-030 -0.21801795E-030 -0.21801795E-030 -0.21801795E-030 -0.21801795E-030 -0.21801795E-030 -0.21801795E-030 -0.21801795E-030 -0.21801795E-030 -0.21801795E-030 -0.21801795E-030 -0.21801795E-030 -0.21801795E-030 -0.21801795E-030 -0.21801795E-030 -0.21801795E-030 -0.21801795E-030 -0.21801795E-030 -0.21801795E-030 -0.21801795E-030 -0.21801795E-030 -0.21801795E-030 -0.21801795E-030 -0.21801795E-030 -0.21801795E-030 -0.21801795E-030 -0.21801795E-030 -0.21801795E-030 -0.21801795E-030 -0.21801795E-030 -0.21801795E-030 -0.21801795E-030
 -0.22378797E-028 -0.22378797E-028 -0.22378797E-028 -0.22378797E-028 -0.22378797E-028 -0.22378797E-028 -0.22378797E-028 -0.22378797E-028 -0.22378797E-028 -0.22378797E-028 -0.22378797E-028 -0.22378797E-028 -0.22378797E-028 -0.22378797E-028 -0.22378797E-028 -0.22378797E-028 -0.22378797E-028 -0.22378797E-028 -0.22378797E-028 -0.22378797E-028 -0.22378797E-028 -0.22378797E-028 -0.22378797E-028 -0.22378797E-028 -0.22378797E-028 -0.22378797E-028 -0.22378797E-028 -0.22378797E-028 -0.22378797E-028 -0.22378797E-028 -0.22378797E-028 -0.22378797E-028 -0.22378797E-028 -0.22378797E-028 -0.22378797E-028
 -0.17423489E-026 -0.17423489E-026 -0.17423489E-026 -0.17423489E-026 -0.17423489E-026 -0.17423489E-026 -0.17423489E-026 -0.17423489E-026 -0.17423489E-026 -0.17423489E-026 -0.17423489E-026 -0.17423489E-026 -0.17423489E-026 -0.17423489E-026 -0.17423489E-026 -0.17423489E-026 -0.17423489E-026 -0.17423489E-026 -0.17423489E-026 -0.17423489E-026 -0.17423489E-026 -0.17423489E-026 -0.17423489E-026 -0.17423489E-026 -0.17423489E-026 -0.17423489E-026 -0.17423489E-026 -0.17423489E-026 -0.17423489E-026 -0.17423489E-026 -0.17423489E-026 -0.17423489E-026 -0.17423489E-026 -0.17423489E-026 -0.17423489E-026
 -0.10681836E-024 -0.10681836E-024 -0.10681836E-024 -0.10681836E-024 -0.10681836E-024 -0.10681836E-024 -0.10681836E-024 -0.10681836E-024 -0.10681836E-024 -0.10681836E-024 -0.10681836E-024 -0.10681836E-024 -0.10681836E-024 -0.10681836E-024 -0.10681836E-024 -0.10681836E-024 -0.10681836E-024 -0.10681836E-024 -0.10681836E-024 -0.10681836E-024 -0.10681836E-024 -0.10681836E-024 -0.10681836E-024 -0.10681836E-024 -0.10681836E-024 -0.10681836E-024 -0.10681836E-024 -0.10681836E-024 -0.10681836E-024 -0.10681836E-024 -0.10681836E-024 -0.10681836E-024 -0.10681836E-024 -0.10681836E-024 -0.10681836E-024
 -0.52838787E-023 -0.52838787E-023 -0.52838787E-023 -0.52838787E-023 -0.52838787E-023 -0.52838787E-023 -0.52838787E-023 -0.52838787E-023 -0.52838787E-023 -0.52838787E-023 -0.52838787E-023 -0.52838787E-023 -0.52838787E-023 -0.52838787E-023 -0.52838787E-023 -0.52838787E-023 -0.52838787E-023 -0.52838787E-023 -0.52838787E-023 -0.52838787E-023 -0.52838787E-023 -0.52838787E-023 -0.52838787E-023 -0.52838787E-023 -0.52838787E-023 -0.52838787E-023 -0.52838787E-023 -0.52838787E-023 -0.52838787E-023 -0.52838787E-023 -0.52838787E-023 -0.52838787E-023 -0.52838787E-023 -0.52838787E-023 -0.52838787E-023
 -0.21436129E-021 -0.21436129E-021 -0.21436129E-021 -0.21436129E-021 -0.21436129E-021 -0.21436129E-021 -0.21436129E-021 -0.21436129E-021 -0.21436129E-021 -0.21436129E-021 -0.21436129E-021 -0.21436129E-021 -0.21436129E-021 -0.21436129E-021 -0.21436129E-021 -0.21436129E-021 -0.21436129E-021 -0.21436129E-021 -0.21436129E-021 -0.21436129E-021 -0.21436129E-021 -0.21436129E-021 -0.21436129E-021 -0.21436129E-021 -0.21436129E-021 -0.21436129E-021 -0.21436129E-021 -0.21436129E-021 -0.21436129E-021 -0.21436129E-021 -0.21436129E-021 -0.21436129E-021 -0.21436129E-021 -0.21436129E-021 -0.21436129E-021
 -0.64347742E-019 -0.64347742E-019 -0.64347742E-019 -0.64347742E-019 -0.64347742E-019 -0.64347742E-019 -0.64347742E-019 -0.64347742E-019 -0.64347742E-019 -0.64347742E-019 -0.64347742E-019 -0.64347742E-019 -0.64347742E-019 -0.64347742E-019 -0.64347742E-019 -0.64347742E-019 -0.64347742E-019 -0.64347742E-019 -0.64347742E-019 -0.64347742E-019 -0.64347742E-019 -0.64347742E-019 -0.64347742E-019 -0.64347742E-019 -0.64347742E-019 -0.64347742E-019 -0.64347742E-019 -0.64347742E-019 -0.64347742E-019 -0.64347742E-019 -0.64347742E-019 -0.64347742E-019 -0.64347742E-019 -0.64347742E-019 -0.64347742E-019
 -0.15497756E-016 -0.15497756E-016 -0.15497756E-016 -0.15497756E-016 -0.15497756E-016 -0.15497756E-016 -0.15497756E-016 -0.15497756E-016 -0.15497756E-016 -0.15497756E-016 -0.15497756E-016 -0.15497756E-016 -0.15497756E-016 -0.15497756E-016 -0.15497756E-016 -0.15497756E-016 -0.15497756E-016 -0.15497756E-016 -0.15497756E-016 -0.15497756E-016 -0.15497756E-016 -0.15497756E-016 -0.15497756E-016 -0.15497756E-016 -0.15497756E-016 -0.15497756E-016 -0.15497756E-016 -0.15497756E-016 -0.15497756E-016 -0.15497756E-016 -0.15497756E-016 -0.15497756E-016 -0.15497756E-016 -0.15497756E-016 -0.15497756E-016
 -0.30167624E-014 -0.30167624E-014 -0.30167624E-014 -0.30167624E-014 -0.30167624E-014 -0.30167624E-014 -0.30167624E-014 -0.30167624E-014 -0.30167624E-014 -0.30167624E-014 -0.30167624E-014 -0.30167624E-014 -0.30167624E-014 -0.30167624E-014 -0.30167624E-014 -0.30167624E-014 -0.30167624E-014 -0.30167624E-014 -0.30167624E-014 -0.30167624E-014 -0.30167624E-014 -0.30167624E-014 -0.30167624E-014 -0.30167624E-014 -0.30167624E-014 -0.30167624E-014 -0.30167624E-014 -0.30167624E-014 -0.30167624E-014 -0.30167624E-014 -0.30167624E-014 -0.30167624E-014 -0.30167624E-014 -0.30167624E-014 -0.30167624E-014
 -0.47566015E-012 -0.47566015E-012 -0.47566015E-012 -0.47566015E-012 -0.47566015E-012 -0.47566015E-012 -0.47566015E-012 -0.47566015E-012 -0.47566015E-012 -0.47566015E-012 -0.47566015E-012 -0.47566015E-012 -0.47566015E-012 -0.47566015E-012 -0.47566015E-012 -0.47566015E-012 -0.47566015E-012 -0.47566015E-012 -0.47566015E-012 -0.47566015E-012 -0.47566015E-012 -0.47566015E-012 -0.47566015E-012 -0.47566015E-012 -0.47566015E-012 -0.47566015E-012 -0.47566015E-012 -0.47566015E-012 -0.47566015E-012 -0.47566015E-012 -0.47566015E-012 -0.47566015E-012 -0.47566015E-012 -0.47566015E-012 -0.47566015E-012
 -0.60574462E-010 -0.60574462E-010 -0.60574462E-010 -0.60574462E-010 -0.60574462E-010 -0.60574462E-010 -0.60574462E-010 -0.60574462E-010 -0.60574462E-010 -0.60574462E-010 -0.60574462E-010 -0.60574462E-010 -0.60574462E-010 -0.60574462E-010 -0.60574462E-010 -0.60574462E-010 -0.60574462E-010 -0.60574462E-010 -0.60574462E-010 -0.60574462E-010 -0.60574462E-010 -0.60574462E-010 -0.60574462E-010 -0.60574462E-010 -0.60574462E-010 -0.60574462E-010 -0.60574462E-010 -0.60574462E-010 -0.60574462E-010 -0.60574462E-010 -0.60574462E-010 -0.60574462E-010 -0.60574462E-010 -0.60574462E-010 -0.60574462E-010
 -0.61773747E-008 -0.61773747E-008 -0.61773747E-008 -0.61773747E-008 -0.61773747E-008 -0.61773747E-008 -0.61773747E-008 -0.61773747E-008 -0.61773747E-008 -0.61773747E-008 -0.61773747E-008 -0.61773747E-008 -0.61773747E-008 -0.61773747E-008 -0.61773747E-008 -0.61773747E-008 -0.61773747E-008 -0.61773747E-008 -0.61773747E-008 -0.61773747E-008 -0.61773747E-008 -0.61773747E-008 -0.61773747E-008 -0.61773747E-008 -0.61773747E-008 -0.61773747E-008 -0.61773747E-008 -0.61773747E-008 -0.61773747E-008 -0.61773747E-008 -0.61773747E-008 -0.61773747E-008 -0.61773747E-008 -0.61773747E-008 -0.61773747E-008
 -0.49650716E-006 -0.49650716E-006 -0.49650716E-006 -0.49650716E-006 -0.49650716E-006 -0.49650716E-006 -0.49650716E-006 -0.49650716E-006 -0.49650716E-006 -0.49650716E-006 -0.49650716E-006 -0.49650716E-006 -0.49650716E-006 -0.49650716E-006 -0.49650716E-006 -0.49650716E-006 -0.49650716E-006 -0.49650716E-006 -0.49650716E-006 -0.49650716E-006 -0.49650716E-006 -0.49650716E-006 -0.49650716E-006 -0.49650716E-006 -0.49650716E-006 -0.49650716E-006 -0.49650716E-006 -0.49650716E-006 -0.49650716E-006 -0.49650716E-006 -0.49650716E-006 -0.49650716E-006 -0.49650716E-006 -0.49650716E-006 -0.49650716E-006
 -0.30616154E-004 -0.30616154E-004 -0.30616154E-004 -0.30616154E-004 -0.30616154E-004 -0.30616154E-004 -0.30616154E-004 -0.30616154E-004 -0.30616154E-004 -0.30616154E-004 -0.30616154E-004 -0.30616154E-004 -0.30616154E-004 -0.30616154E-004 -0.30616154E-004 -0.30616154E-004 -0.30616154E-004 -0.30616154E-004 -0.30616154E-004 -0.30616154E-004 -0.30616154E-004 -0.30616154E-004 -0.30616154E-004 -0.30616154E-004 -0.30616154E-004 -0.30616154E-004 -0.30616154E-004 -0.30616154E-004 -0.30616154E-004 -0.30616154E-004 -0.30616154E-004 -0.30616154E-004 -0.30616154E-004 -0.30616154E-004 -0.30616154E-004
 -0.13830488E-002 -0.13830488E-002 -0.13830488E-002 -0.13830488E-002 -0.13830488E-002 -0.13830488E-002 -0.13830488E-002 -0.13830488E-002 -0.13830488E-002 -0.13830488E-002 -0.13830488E-002 -0.13830488E-002 -0.13830488E-002 -0.13830488E-002 -0.13830488E-002 -0.13830488E-002 -0.13830488E-002 -0.13830488E-002 -0.13830488E-002 -0.13830488E-002 -0.13830488E-002 -0.13830488E-002 -0.13830488E-002 -0.13830488E-002 -0.13830488E-002 -0.13830488E-002 -0.13830488E-002 -0.13830488E-002 -0.13830488E-002 -0.13830488E-002 -0.13830488E-002 -0.13830488E-002 -0.13830488E-002 -0.13830488E-002 -0.13830488E-002
 -0.41968018E-001 -0.41968018E-001 -0.41968018E-001 -0.41968018E-001 -0.41968018E-001 -0.41968018E-001 -0.41968018E-001 -0.41968018E-001 -0.41968018E-001 -0.41968018E-001 -0.41968018E-001 -0.41968018E-001 -0.41968018E-001 -0.41968018E-001 -0.41968018E-001 -0.41968018E-001 -0.41968018E-001 -0.41968018E-001 -0.41968018E-001 -0.41968018E-001 -0.41968018E-001 -0.41968018E-001 -0.41968018E-001 -0.41968018E-001 -0.41968018E-001 -0.41968018E-001 -0.41968018E-001 -0.41968018E-001 -0.41968018E-001 -0.41968018E-001 -0.41968018E-001 -0.41968018E-001 -0.41968018E-001 -0.41968018E-001 -0.41968018E-001
 -0.69769341E+000 -0.69769341E+000 -0.69769341E+000 -0.69769341E+000 -0.69769341E+000 -0.69769341E+000 -0.69769341E+000 -0.69769341E+000 -0.69769341E+000 -0.69769341E+000 -0.69769341E+000 -0.69769341E+000 -0.69769341E+000 -0.69769341E+000 -0.69769341E+000 -0.69769341E+000 -0.69769341E+000 -0.69769341E+000 -0.69769341E+000 -0.69769341E+000 -0.69769341E+000 -0.69769341E+000 -0.69769341E+000 -0.69769341E+000 -0.69769341E+000 -0.69769341E+000 -0.69769341E+000 -0.69769341E+000 -0.69769341E+000 -0.69769341E+000 -0.69769341E+000 -0.69769341E+000 -0.69769341E+000 -0.69769341E+000 -0.69769341E+000
 -0.24224530E+001 -0.24224530E+001 -0.24224530E+001 -0.24224530E+001 -0.24224530E+001 -0.24224530E+001 -0.24224530E+001 -0.24224530E+001 -0.24224530E+001 -0.24224530E+001 -0.24224530E+001 -0.24224530E+001 -0.24224530E+001 -0.24224530E+001 -0.24224530E+001 -0.24224530E+001 -0.24224530E+001 -0.24224530E+001 -0.24224530E+001 -0.24224530E+001 -0.24224530E+001 -0.24224530E+001 -0.24224530E+001 -0.24224530E+001 -0.24224530E+001 -0.24224530E+001 -0.24224530E+001 -0.24224531E+001 -0.24224531E+001 -0.24224531E+001 -0.24224531E+001 -0.24224531E+001 -0.24224531E+001 -0.24224531E+001 -0.24224531E+001
 -0.16259677E+002 -0.16259677E+002 -0.16259677E+002 -0.16259677E+002 -0.16259677E+002 -0.16259677E+002 -0.16259677E+002 -0.16259677E+002 -0.16259677E+002 -0.16259677E+002 -0.16259677E+002 -0.16259677E+002 -0.16259677E+002 -0.16259677E+002 -0.16259677E+002 -0.16259677E+002 -0.16259677E+002 -0.16259677E+002 -0.16259677E+002 -0.16259677E+002 -0.16259677E+002 -0.16259677E+002 -0.16259677E+002 -0.16259677E+002 -0.16259677E+002 -0.16259677E+002 -0.16259677E+002 -0.16259677E+002 -0.16259677E+002 -0.16259677E+002 -0.16259677E+002 -0.16259677E+002 -0.16259677E+002 -0.16259677E+002 -0.16259677E+002
 -0.20837401E+003 -0.20837401E+003 -0.20837401E+003 -0.20837401E+003 -0.20837401E+003 -0.20837401E+003 -0.20837401E+003 -0.20837401E+003 -0.20837401E+003 -0.20837401E+003 -0.20837401E+003 -0.20837401E+003 -0.20837401E+003 -0.20837401E+003 -0.20837401E+003 -0.20837401E+003 -0.20837401E+003 -0.20837401E+003 -0.20837401E+003 -0.20837401E+003 -0.20837401E+003 -0.20837401E+003 -0.20837401E+003 -0.20837401E+003 -0.20837401E+003 -0.20837401E+003 -0.20837401E+003 -0.20837401E+003 -0.20837401E+003 -0.20837401E+003 -0.20837401E+003 -0.20837401E+003 -0.20837401E+003 -0.20837401E+003 -0.20837401E+003
 -0.27668904E+001 -0.27668904E+001 -0.27668904E+001 -0.27668904E+001 -0.27668904E+001 -0.27668904E+001 -0.27668904E+001 -0.11550667E+001 -0.69552422E+000 -0.47986541E+000 -0.43353776E+000 -0.40993685E+000 -0.25774585E+001 -0.22055803E+001 -0.15139083E+001 -0.41150707E+000 -0.41150707E+000 -0.41150707E+000 -0.41150707E+000 -0.41150709E+000 -0.41150709E+000 -0.41150709E+000 -0.41150709E+000 -0.41150709E+000 -0.41150709E+000 -0.41150710E+000 -0.41150733E+000 -0.41150733E+000 -0.41150761E+000 -0.41150794E+000 -0.41150828E+000 -0.41150864E+000 -0.41150900E+000 -0.41151684E+000 -0.41152473E+000
