  0.00000000E+000  0.00000000E+000  0.00000000E+000  0.00000000E+000  0.00000000E+000  0.00000000E+000  0.00000000E+000  0.00000000E+000  0.00000000E+000  0.00000000E+000  0.00000000E+000  0.00000000E+000  0.00000000E+000  0.00000000E+000  0.00000000E+000  0.00000000E+000  0.00000000E+000  0.00000000E+000  0.00000000E+000  0.00000000E+000  0.00000000E+000  0.00000000E+000  0.00000000E+000  0.00000000E+000  0.00000000E+000  0.00000000E+000  0.00000000E+000  0.00000000E+000  0.00000000E+000  0.00000000E+000  0.00000000E+000  0.00000000E+000  0.00000000E+000  0.00000000E+000  0.00000000E+000
  0.63997155E-036  0.63997155E-036  0.63997155E-036  0.63997155E-036  0.63997155E-036  0.63997155E-036  0.63997155E-036  0.63997155E-036  0.63997155E-036  0.63997155E-036  0.63997155E-036  0.63997155E-036  0.63997155E-036  0.63997155E-036  0.63997155E-036  0.63997155E-036  0.63997155E-036  0.63997155E-036  0.63997155E-036  0.63997155E-036  0.63997155E-036  0.63997155E-036  0.63997155E-036  0.63997155E-036  0.63997155E-036  0.63997155E-036  0.63997155E-036  0.63997155E-036  0.63997155E-036  0.63997155E-036  0.63997155E-036  0.63997155E-036  0.63997155E-036  0.63997155E-036  0.63997155E-036
  0.28931415E-033  0.28931415E-033  0.28931415E-033  0.28931415E-033  0.28931415E-033  0.28931415E-033  0.28931415E-033  0.28931415E-033  0.28931415E-033  0.28931415E-033  0.28931415E-033  0.28931415E-033  0.28931415E-033  0.28931415E-033  0.28931415E-033  0.28931415E-033  0.28931415E-033  0.28931415E-033  0.28931415E-033  0.28931415E-033  0.28931415E-033  0.28931415E-033  0.28931415E-033  0.28931415E-033  0.28931415E-033  0.28931415E-033  0.28931415E-033  0.28931415E-033  0.28931415E-033  0.28931415E-033  0.28931415E-033  0.28931415E-033  0.28931415E-033  0.28931415E-033  0.28931415E-033
  0.62460527E-031  0.62460527E-031  0.62460527E-031  0.62460527E-031  0.62460527E-031  0.62460527E-031  0.62460527E-031  0.62460527E-031  0.62460527E-031  0.62460527E-031  0.62460527E-031  0.62460527E-031  0.62460527E-031  0.62460527E-031  0.62460527E-031  0.62460527E-031  0.62460527E-031  0.62460527E-031  0.62460527E-031  0.62460527E-031  0.62460527E-031  0.62460527E-031  0.62460527E-031  0.62460527E-031  0.62460527E-031  0.62460527E-031  0.62460527E-031  0.62460527E-031  0.62460527E-031  0.62460527E-031  0.62460527E-031  0.62460527E-031  0.62460527E-031  0.62460527E-031  0.62460527E-031
  0.85637140E-029  0.85637140E-029  0.85637140E-029  0.85637140E-029  0.85637140E-029  0.85637140E-029  0.85637140E-029  0.85637140E-029  0.85637140E-029  0.85637140E-029  0.85637140E-029  0.85637140E-029  0.85637140E-029  0.85637140E-029  0.85637140E-029  0.85637140E-029  0.85637140E-029  0.85637140E-029  0.85637140E-029  0.85637140E-029  0.85637140E-029  0.85637140E-029  0.85637140E-029  0.85637140E-029  0.85637140E-029  0.85637140E-029  0.85637140E-029  0.85637140E-029  0.85637140E-029  0.85637140E-029  0.85637140E-029  0.85637140E-029  0.85637140E-029  0.85637140E-029  0.85637140E-029
  0.83641547E-027  0.83641547E-027  0.83641547E-027  0.83641547E-027  0.83641547E-027  0.83641547E-027  0.83641547E-027  0.83641547E-027  0.83641547E-027  0.83641547E-027  0.83641547E-027  0.83641547E-027  0.83641547E-027  0.83641547E-027  0.83641547E-027  0.83641547E-027  0.83641547E-027  0.83641547E-027  0.83641547E-027  0.83641547E-027  0.83641547E-027  0.83641547E-027  0.83641547E-027  0.83641547E-027  0.83641547E-027  0.83641547E-027  0.83641547E-027  0.83641547E-027  0.83641547E-027  0.83641547E-027  0.83641547E-027  0.83641547E-027  0.83641547E-027  0.83641547E-027  0.83641547E-027
  0.61872724E-025  0.61872724E-025  0.61872724E-025  0.61872724E-025  0.61872724E-025  0.61872724E-025  0.61872724E-025  0.61872724E-025  0.61872724E-025  0.61872724E-025  0.61872724E-025  0.61872724E-025  0.61872724E-025  0.61872724E-025  0.61872724E-025  0.61872724E-025  0.61872724E-025  0.61872724E-025  0.61872724E-025  0.61872724E-025  0.61872724E-025  0.61872724E-025  0.61872724E-025  0.61872724E-025  0.61872724E-025  0.61872724E-025  0.61872724E-025  0.61872724E-025  0.61872724E-025  0.61872724E-025  0.61872724E-025  0.61872724E-025  0.61872724E-025  0.61872724E-025  0.61872724E-025
  0.35978016E-023  0.35978016E-023  0.35978016E-023  0.35978016E-023  0.35978016E-023  0.35978016E-023  0.35978016E-023  0.35978016E-023  0.35978016E-023  0.35978016E-023  0.35978016E-023  0.35978016E-023  0.35978016E-023  0.35978016E-023  0.35978016E-023  0.35978016E-023  0.35978016E-023  0.35978016E-023  0.35978016E-023  0.35978016E-023  0.35978016E-023  0.35978016E-023  0.35978016E-023  0.35978016E-023  0.35978016E-023  0.35978016E-023  0.35978016E-023  0.35978016E-023  0.35978016E-023  0.35978016E-023  0.35978016E-023  0.35978016E-023  0.35978016E-023  0.35978016E-023  0.35978016E-023
  0.16845493E-021  0.16845493E-021  0.16845493E-021  0.16845493E-021  0.16845493E-021  0.16845493E-021  0.16845493E-021  0.16845493E-021  0.16845493E-021  0.16845493E-021  0.16845493E-021  0.16845493E-021  0.16845493E-021  0.16845493E-021  0.16845493E-021  0.16845493E-021  0.16845493E-021  0.16845493E-021  0.16845493E-021  0.16845493E-021  0.16845493E-021  0.16845493E-021  0.16845493E-021  0.16845493E-021  0.16845493E-021  0.16845493E-021  0.16845493E-021  0.16845493E-021  0.16845493E-021  0.16845493E-021  0.16845493E-021  0.16845493E-021  0.16845493E-021  0.16845493E-021  0.16845493E-021
  0.64530754E-020  0.64530754E-020  0.64530754E-020  0.64530754E-020  0.64530754E-020  0.64530754E-020  0.64530754E-020  0.64530754E-020  0.64530754E-020  0.64530754E-020  0.64530754E-020  0.64530754E-020  0.64530754E-020  0.64530754E-020  0.64530754E-020  0.64530754E-020  0.64530754E-020  0.64530754E-020  0.64530754E-020  0.64530754E-020  0.64530754E-020  0.64530754E-020  0.64530754E-020  0.64530754E-020  0.64530754E-020  0.64530754E-020  0.64530754E-020  0.64530754E-020  0.64530754E-020  0.64530754E-020  0.64530754E-020  0.64530754E-020  0.64530754E-020  0.64530754E-020  0.64530754E-020
  0.18208043E-017  0.18208043E-017  0.18208043E-017  0.18208043E-017  0.18208043E-017  0.18208043E-017  0.18208043E-017  0.18208043E-017  0.18208043E-017  0.18208043E-017  0.18208043E-017  0.18208043E-017  0.18208043E-017  0.18208043E-017  0.18208043E-017  0.18208043E-017  0.18208043E-017  0.18208043E-017  0.18208043E-017  0.18208043E-017  0.18208043E-017  0.18208043E-017  0.18208043E-017  0.18208043E-017  0.18208043E-017  0.18208043E-017  0.18208043E-017  0.18208043E-017  0.18208043E-017  0.18208043E-017  0.18208043E-017  0.18208043E-017  0.18208043E-017  0.18208043E-017  0.18208043E-017
  0.41049662E-015  0.41049662E-015  0.41049662E-015  0.41049662E-015  0.41049662E-015  0.41049662E-015  0.41049662E-015  0.41049662E-015  0.41049662E-015  0.41049662E-015  0.41049662E-015  0.41049662E-015  0.41049662E-015  0.41049662E-015  0.41049662E-015  0.41049662E-015  0.41049662E-015  0.41049662E-015  0.41049662E-015  0.41049662E-015  0.41049662E-015  0.41049662E-015  0.41049662E-015  0.41049662E-015  0.41049662E-015  0.41049662E-015  0.41049662E-015  0.41049662E-015  0.41049662E-015  0.41049662E-015  0.41049662E-015  0.41049662E-015  0.41049662E-015  0.41049662E-015  0.41049662E-015
  0.74414056E-013  0.74414056E-013  0.74414056E-013  0.74414056E-013  0.74414056E-013  0.74414056E-013  0.74414056E-013  0.74414056E-013  0.74414056E-013  0.74414056E-013  0.74414056E-013  0.74414056E-013  0.74414056E-013  0.74414056E-013  0.74414056E-013  0.74414056E-013  0.74414056E-013  0.74414056E-013  0.74414056E-013  0.74414056E-013  0.74414056E-013  0.74414056E-013  0.74414056E-013  0.74414056E-013  0.74414056E-013  0.74414056E-013  0.74414056E-013  0.74414056E-013  0.74414056E-013  0.74414056E-013  0.74414056E-013  0.74414056E-013  0.74414056E-013  0.74414056E-013  0.74414056E-013
  0.10855492E-010  0.10855492E-010  0.10855492E-010  0.10855492E-010  0.10855492E-010  0.10855492E-010  0.10855492E-010  0.10855492E-010  0.10855492E-010  0.10855492E-010  0.10855492E-010  0.10855492E-010  0.10855492E-010  0.10855492E-010  0.10855492E-010  0.10855492E-010  0.10855492E-010  0.10855492E-010  0.10855492E-010  0.10855492E-010  0.10855492E-010  0.10855492E-010  0.10855492E-010  0.10855492E-010  0.10855492E-010  0.10855492E-010  0.10855492E-010  0.10855492E-010  0.10855492E-010  0.10855492E-010  0.10855492E-010  0.10855492E-010  0.10855492E-010  0.10855492E-010  0.10855492E-010
  0.12682523E-008  0.12682523E-008  0.12682523E-008  0.12682523E-008  0.12682523E-008  0.12682523E-008  0.12682523E-008  0.12682523E-008  0.12682523E-008  0.12682523E-008  0.12682523E-008  0.12682523E-008  0.12682523E-008  0.12682523E-008  0.12682523E-008  0.12682523E-008  0.12682523E-008  0.12682523E-008  0.12682523E-008  0.12682523E-008  0.12682523E-008  0.12682523E-008  0.12682523E-008  0.12682523E-008  0.12682523E-008  0.12682523E-008  0.12682523E-008  0.12682523E-008  0.12682523E-008  0.12682523E-008  0.12682523E-008  0.12682523E-008  0.12682523E-008  0.12682523E-008  0.12682523E-008
  0.11731766E-006  0.11731766E-006  0.11731766E-006  0.11731766E-006  0.11731766E-006  0.11731766E-006  0.11731766E-006  0.11731766E-006  0.11731766E-006  0.11731766E-006  0.11731766E-006  0.11731766E-006  0.11731766E-006  0.11731766E-006  0.11731766E-006  0.11731766E-006  0.11731766E-006  0.11731766E-006  0.11731766E-006  0.11731766E-006  0.11731766E-006  0.11731766E-006  0.11731766E-006  0.11731766E-006  0.11731766E-006  0.11731766E-006  0.11731766E-006  0.11731766E-006  0.11731766E-006  0.11731766E-006  0.11731766E-006  0.11731766E-006  0.11731766E-006  0.11731766E-006  0.11731766E-006
  0.84186942E-005  0.84186942E-005  0.84186942E-005  0.84186942E-005  0.84186942E-005  0.84186942E-005  0.84186942E-005  0.84186942E-005  0.84186942E-005  0.84186942E-005  0.84186942E-005  0.84186942E-005  0.84186942E-005  0.84186942E-005  0.84186942E-005  0.84186942E-005  0.84186942E-005  0.84186942E-005  0.84186942E-005  0.84186942E-005  0.84186942E-005  0.84186942E-005  0.84186942E-005  0.84186942E-005  0.84186942E-005  0.84186942E-005  0.84186942E-005  0.84186942E-005  0.84186942E-005  0.84186942E-005  0.84186942E-005  0.84186942E-005  0.84186942E-005  0.84186942E-005  0.84186942E-005
  0.45263416E-003  0.45263416E-003  0.45263416E-003  0.45263416E-003  0.45263416E-003  0.45263416E-003  0.45263416E-003  0.45263416E-003  0.45263416E-003  0.45263416E-003  0.45263416E-003  0.45263416E-003  0.45263416E-003  0.45263416E-003  0.45263416E-003  0.45263416E-003  0.45263416E-003  0.45263416E-003  0.45263416E-003  0.45263416E-003  0.45263416E-003  0.45263416E-003  0.45263416E-003  0.45263416E-003  0.45263416E-003  0.45263416E-003  0.45263416E-003  0.45263416E-003  0.45263416E-003  0.45263416E-003  0.45263416E-003  0.45263416E-003  0.45263416E-003  0.45263416E-003  0.45263416E-003
  0.17141009E-001  0.17141009E-001  0.17141009E-001  0.17141009E-001  0.17141009E-001  0.17141009E-001  0.17141009E-001  0.17141009E-001  0.17141009E-001  0.17141009E-001  0.17141009E-001  0.17141009E-001  0.17141009E-001  0.17141009E-001  0.17141009E-001  0.17141009E-001  0.17141009E-001  0.17141009E-001  0.17141009E-001  0.17141009E-001  0.17141009E-001  0.17141009E-001  0.17141009E-001  0.17141009E-001  0.17141009E-001  0.17141009E-001  0.17141009E-001  0.17141009E-001  0.17141009E-001  0.17141009E-001  0.17141009E-001  0.17141009E-001  0.17141009E-001  0.17141009E-001  0.17141009E-001
  0.40267400E+000  0.40267400E+000  0.40267400E+000  0.40267400E+000  0.40267400E+000  0.40267400E+000  0.40267400E+000  0.40267400E+000  0.40267400E+000  0.40267400E+000  0.40267400E+000  0.40267400E+000  0.40267400E+000  0.40267400E+000  0.40267400E+000  0.40267400E+000  0.40267400E+000  0.40267400E+000  0.40267400E+000  0.40267400E+000  0.40267400E+000  0.40267400E+000  0.40267400E+000  0.40267400E+000  0.40267400E+000  0.40267400E+000  0.40267400E+000  0.40267400E+000  0.40267400E+000  0.40267400E+000  0.40267400E+000  0.40267400E+000  0.40267400E+000  0.40267400E+000  0.40267400E+000
  0.39829947E+001  0.39829947E+001  0.39829947E+001  0.39829947E+001  0.39829947E+001  0.39829947E+001  0.39829947E+001  0.39829947E+001  0.39829947E+001  0.39829947E+001  0.39829947E+001  0.39829947E+001  0.39829947E+001  0.39829947E+001  0.39829947E+001  0.39829947E+001  0.39829947E+001  0.39829947E+001  0.39829947E+001  0.39829947E+001  0.39829947E+001  0.39829947E+001  0.39829947E+001  0.39829947E+001  0.39829947E+001  0.39829947E+001  0.39829947E+001  0.39829947E+001  0.39829947E+001  0.39829947E+001  0.39829947E+001  0.39829947E+001  0.39829947E+001  0.39829947E+001  0.39829947E+001
 -0.21856566E+002 -0.21856566E+002 -0.21856566E+002 -0.21856566E+002 -0.21856566E+002 -0.21856566E+002 -0.21856566E+002 -0.21856566E+002 -0.21856566E+002 -0.21856566E+002 -0.21856566E+002 -0.21856566E+002 -0.21856566E+002 -0.21856566E+002 -0.21856566E+002 -0.21856566E+002 -0.21856566E+002 -0.21856566E+002 -0.21856566E+002 -0.21856566E+002 -0.21856566E+002 -0.21856566E+002 -0.21856566E+002 -0.21856566E+002 -0.21856566E+002 -0.21856566E+002 -0.21856566E+002 -0.21856566E+002 -0.21856566E+002 -0.21856566E+002 -0.21856566E+002 -0.21856566E+002 -0.21856566E+002 -0.21856566E+002 -0.21856566E+002
 -0.67138782E+001 -0.67138782E+001 -0.67138782E+001 -0.67138782E+001 -0.67138782E+001 -0.67138782E+001 -0.67138782E+001 -0.67138782E+001 -0.67138782E+001 -0.67138782E+001 -0.67138782E+001 -0.67138782E+001 -0.67138782E+001 -0.67138782E+001 -0.67138782E+001 -0.67138782E+001 -0.67138782E+001 -0.67138782E+001 -0.67138782E+001 -0.67138785E+001 -0.67138788E+001 -0.67138792E+001 -0.67138796E+001 -0.67138802E+001 -0.67138808E+001 -0.67138815E+001 -0.67138823E+001 -0.67138832E+001 -0.67138842E+001 -0.67138853E+001 -0.67138865E+001 -0.67138878E+001 -0.67138892E+001 -0.67138908E+001 -0.67138925E+001
  0.13127431E+002  0.13127431E+002  0.13127431E+002  0.13127431E+002  0.13127431E+002  0.13127431E+002  0.13127431E+002  0.13127431E+002  0.13127431E+002  0.13127431E+002  0.13127431E+002  0.13127431E+002  0.13127431E+002  0.13127431E+002  0.13127431E+002  0.13127431E+002  0.13127431E+002  0.13127431E+002  0.13127431E+002 -0.64043203E+003 -0.64042688E+003 -0.64042063E+003 -0.64041535E+003 -0.64040919E+003 -0.64040207E+003 -0.64039394E+003 -0.64038474E+003 -0.64037441E+003 -0.64036292E+003 -0.64035780E+003 -0.64035206E+003 -0.64034566E+003 -0.64033847E+003 -0.64033050E+003 -0.64032169E+003
  0.13876664E+001  0.13876664E+001  0.13876664E+001  0.13876664E+001  0.13876664E+001  0.13876664E+001  0.13876664E+001  0.13876664E+001  0.13876664E+001  0.13876664E+001  0.13876664E+001  0.13876664E+001  0.13876664E+001  0.13876664E+001  0.13876664E+001  0.13876664E+001  0.13876664E+001  0.13876664E+001  0.13876664E+001 -0.16916003E+002 -0.98686614E+001 -0.16502352E+001 -0.16338541E+001 -0.15715407E+001 -0.12747328E+001 -0.30800140E+000  0.18625574E-001 -0.91487498E+000 -0.44045506E+001 -0.67991968E+003 -0.67273939E+003 -0.66493929E+003 -0.65167831E+003 -0.64248071E+003 -0.63273580E+003
