  0.00000000E+000  0.00000000E+000  0.00000000E+000  0.00000000E+000  0.00000000E+000  0.00000000E+000  0.00000000E+000  0.00000000E+000  0.00000000E+000  0.00000000E+000  0.00000000E+000  0.00000000E+000  0.00000000E+000  0.00000000E+000  0.00000000E+000  0.00000000E+000  0.00000000E+000  0.00000000E+000  0.00000000E+000  0.00000000E+000  0.00000000E+000  0.00000000E+000  0.00000000E+000  0.00000000E+000  0.00000000E+000  0.00000000E+000  0.00000000E+000  0.00000000E+000  0.00000000E+000  0.00000000E+000  0.00000000E+000  0.00000000E+000  0.00000000E+000  0.00000000E+000  0.00000000E+000
 -0.42787681E-036 -0.42787681E-036 -0.42787681E-036 -0.42787681E-036 -0.42787681E-036 -0.42787681E-036 -0.42787681E-036 -0.42787681E-036 -0.42787681E-036 -0.42787681E-036 -0.42787681E-036 -0.42787681E-036 -0.42787681E-036 -0.42787681E-036 -0.42787681E-036 -0.42787681E-036 -0.42787681E-036 -0.42787681E-036 -0.42787681E-036 -0.42787681E-036 -0.42787681E-036 -0.42787681E-036 -0.42787681E-036 -0.42787681E-036 -0.42787681E-036 -0.42787681E-036 -0.42787681E-036 -0.42787681E-036 -0.42787681E-036 -0.42787681E-036 -0.42787681E-036 -0.42787681E-036 -0.42787681E-036 -0.42787681E-036 -0.42787681E-036
 -0.19529996E-033 -0.19529996E-033 -0.19529996E-033 -0.19529996E-033 -0.19529996E-033 -0.19529996E-033 -0.19529996E-033 -0.19529996E-033 -0.19529996E-033 -0.19529996E-033 -0.19529996E-033 -0.19529996E-033 -0.19529996E-033 -0.19529996E-033 -0.19529996E-033 -0.19529996E-033 -0.19529996E-033 -0.19529996E-033 -0.19529996E-033 -0.19529996E-033 -0.19529996E-033 -0.19529996E-033 -0.19529996E-033 -0.19529996E-033 -0.19529996E-033 -0.19529996E-033 -0.19529996E-033 -0.19529996E-033 -0.19529996E-033 -0.19529996E-033 -0.19529996E-033 -0.19529996E-033 -0.19529996E-033 -0.19529996E-033 -0.19529996E-033
 -0.42587207E-031 -0.42587207E-031 -0.42587207E-031 -0.42587207E-031 -0.42587207E-031 -0.42587207E-031 -0.42587207E-031 -0.42587207E-031 -0.42587207E-031 -0.42587207E-031 -0.42587207E-031 -0.42587207E-031 -0.42587207E-031 -0.42587207E-031 -0.42587207E-031 -0.42587207E-031 -0.42587207E-031 -0.42587207E-031 -0.42587207E-031 -0.42587207E-031 -0.42587207E-031 -0.42587207E-031 -0.42587207E-031 -0.42587207E-031 -0.42587207E-031 -0.42587207E-031 -0.42587207E-031 -0.42587207E-031 -0.42587207E-031 -0.42587207E-031 -0.42587207E-031 -0.42587207E-031 -0.42587207E-031 -0.42587207E-031 -0.42587207E-031
 -0.59002107E-029 -0.59002107E-029 -0.59002107E-029 -0.59002107E-029 -0.59002107E-029 -0.59002107E-029 -0.59002107E-029 -0.59002107E-029 -0.59002107E-029 -0.59002107E-029 -0.59002107E-029 -0.59002107E-029 -0.59002107E-029 -0.59002107E-029 -0.59002107E-029 -0.59002107E-029 -0.59002107E-029 -0.59002107E-029 -0.59002107E-029 -0.59002107E-029 -0.59002107E-029 -0.59002107E-029 -0.59002107E-029 -0.59002107E-029 -0.59002107E-029 -0.59002107E-029 -0.59002107E-029 -0.59002107E-029 -0.59002107E-029 -0.59002107E-029 -0.59002107E-029 -0.59002107E-029 -0.59002107E-029 -0.59002107E-029 -0.59002107E-029
 -0.58261179E-027 -0.58261179E-027 -0.58261179E-027 -0.58261179E-027 -0.58261179E-027 -0.58261179E-027 -0.58261179E-027 -0.58261179E-027 -0.58261179E-027 -0.58261179E-027 -0.58261179E-027 -0.58261179E-027 -0.58261179E-027 -0.58261179E-027 -0.58261179E-027 -0.58261179E-027 -0.58261179E-027 -0.58261179E-027 -0.58261179E-027 -0.58261179E-027 -0.58261179E-027 -0.58261179E-027 -0.58261179E-027 -0.58261179E-027 -0.58261179E-027 -0.58261179E-027 -0.58261179E-027 -0.58261179E-027 -0.58261179E-027 -0.58261179E-027 -0.58261179E-027 -0.58261179E-027 -0.58261179E-027 -0.58261179E-027 -0.58261179E-027
 -0.43597713E-025 -0.43597713E-025 -0.43597713E-025 -0.43597713E-025 -0.43597713E-025 -0.43597713E-025 -0.43597713E-025 -0.43597713E-025 -0.43597713E-025 -0.43597713E-025 -0.43597713E-025 -0.43597713E-025 -0.43597713E-025 -0.43597713E-025 -0.43597713E-025 -0.43597713E-025 -0.43597713E-025 -0.43597713E-025 -0.43597713E-025 -0.43597713E-025 -0.43597713E-025 -0.43597713E-025 -0.43597713E-025 -0.43597713E-025 -0.43597713E-025 -0.43597713E-025 -0.43597713E-025 -0.43597713E-025 -0.43597713E-025 -0.43597713E-025 -0.43597713E-025 -0.43597713E-025 -0.43597713E-025 -0.43597713E-025 -0.43597713E-025
 -0.25663024E-023 -0.25663024E-023 -0.25663024E-023 -0.25663024E-023 -0.25663024E-023 -0.25663024E-023 -0.25663024E-023 -0.25663024E-023 -0.25663024E-023 -0.25663024E-023 -0.25663024E-023 -0.25663024E-023 -0.25663024E-023 -0.25663024E-023 -0.25663024E-023 -0.25663024E-023 -0.25663024E-023 -0.25663024E-023 -0.25663024E-023 -0.25663024E-023 -0.25663024E-023 -0.25663024E-023 -0.25663024E-023 -0.25663024E-023 -0.25663024E-023 -0.25663024E-023 -0.25663024E-023 -0.25663024E-023 -0.25663024E-023 -0.25663024E-023 -0.25663024E-023 -0.25663024E-023 -0.25663024E-023 -0.25663024E-023 -0.25663024E-023
 -0.12173437E-021 -0.12173437E-021 -0.12173437E-021 -0.12173437E-021 -0.12173437E-021 -0.12173437E-021 -0.12173437E-021 -0.12173437E-021 -0.12173437E-021 -0.12173437E-021 -0.12173437E-021 -0.12173437E-021 -0.12173437E-021 -0.12173437E-021 -0.12173437E-021 -0.12173437E-021 -0.12173437E-021 -0.12173437E-021 -0.12173437E-021 -0.12173437E-021 -0.12173437E-021 -0.12173437E-021 -0.12173437E-021 -0.12173437E-021 -0.12173437E-021 -0.12173437E-021 -0.12173437E-021 -0.12173437E-021 -0.12173437E-021 -0.12173437E-021 -0.12173437E-021 -0.12173437E-021 -0.12173437E-021 -0.12173437E-021 -0.12173437E-021
 -0.47290656E-020 -0.47290656E-020 -0.47290656E-020 -0.47290656E-020 -0.47290656E-020 -0.47290656E-020 -0.47290656E-020 -0.47290656E-020 -0.47290656E-020 -0.47290656E-020 -0.47290656E-020 -0.47290656E-020 -0.47290656E-020 -0.47290656E-020 -0.47290656E-020 -0.47290656E-020 -0.47290656E-020 -0.47290656E-020 -0.47290656E-020 -0.47290656E-020 -0.47290656E-020 -0.47290656E-020 -0.47290656E-020 -0.47290656E-020 -0.47290656E-020 -0.47290656E-020 -0.47290656E-020 -0.47290656E-020 -0.47290656E-020 -0.47290656E-020 -0.47290656E-020 -0.47290656E-020 -0.47290656E-020 -0.47290656E-020 -0.47290656E-020
 -0.13553325E-017 -0.13553325E-017 -0.13553325E-017 -0.13553325E-017 -0.13553325E-017 -0.13553325E-017 -0.13553325E-017 -0.13553325E-017 -0.13553325E-017 -0.13553325E-017 -0.13553325E-017 -0.13553325E-017 -0.13553325E-017 -0.13553325E-017 -0.13553325E-017 -0.13553325E-017 -0.13553325E-017 -0.13553325E-017 -0.13553325E-017 -0.13553325E-017 -0.13553325E-017 -0.13553325E-017 -0.13553325E-017 -0.13553325E-017 -0.13553325E-017 -0.13553325E-017 -0.13553325E-017 -0.13553325E-017 -0.13553325E-017 -0.13553325E-017 -0.13553325E-017 -0.13553325E-017 -0.13553325E-017 -0.13553325E-017 -0.13553325E-017
 -0.31087067E-015 -0.31087067E-015 -0.31087067E-015 -0.31087067E-015 -0.31087067E-015 -0.31087067E-015 -0.31087067E-015 -0.31087067E-015 -0.31087067E-015 -0.31087067E-015 -0.31087067E-015 -0.31087067E-015 -0.31087067E-015 -0.31087067E-015 -0.31087067E-015 -0.31087067E-015 -0.31087067E-015 -0.31087067E-015 -0.31087067E-015 -0.31087067E-015 -0.31087067E-015 -0.31087067E-015 -0.31087067E-015 -0.31087067E-015 -0.31087067E-015 -0.31087067E-015 -0.31087067E-015 -0.31087067E-015 -0.31087067E-015 -0.31087067E-015 -0.31087067E-015 -0.31087067E-015 -0.31087067E-015 -0.31087067E-015 -0.31087067E-015
 -0.57454503E-013 -0.57454503E-013 -0.57454503E-013 -0.57454503E-013 -0.57454503E-013 -0.57454503E-013 -0.57454503E-013 -0.57454503E-013 -0.57454503E-013 -0.57454503E-013 -0.57454503E-013 -0.57454503E-013 -0.57454503E-013 -0.57454503E-013 -0.57454503E-013 -0.57454503E-013 -0.57454503E-013 -0.57454503E-013 -0.57454503E-013 -0.57454503E-013 -0.57454503E-013 -0.57454503E-013 -0.57454503E-013 -0.57454503E-013 -0.57454503E-013 -0.57454503E-013 -0.57454503E-013 -0.57454503E-013 -0.57454503E-013 -0.57454503E-013 -0.57454503E-013 -0.57454503E-013 -0.57454503E-013 -0.57454503E-013 -0.57454503E-013
 -0.85686250E-011 -0.85686250E-011 -0.85686250E-011 -0.85686250E-011 -0.85686250E-011 -0.85686250E-011 -0.85686250E-011 -0.85686250E-011 -0.85686250E-011 -0.85686250E-011 -0.85686250E-011 -0.85686250E-011 -0.85686250E-011 -0.85686250E-011 -0.85686250E-011 -0.85686250E-011 -0.85686250E-011 -0.85686250E-011 -0.85686250E-011 -0.85686250E-011 -0.85686250E-011 -0.85686250E-011 -0.85686250E-011 -0.85686250E-011 -0.85686250E-011 -0.85686250E-011 -0.85686250E-011 -0.85686250E-011 -0.85686250E-011 -0.85686250E-011 -0.85686250E-011 -0.85686250E-011 -0.85686250E-011 -0.85686250E-011 -0.85686250E-011
 -0.10272424E-008 -0.10272424E-008 -0.10272424E-008 -0.10272424E-008 -0.10272424E-008 -0.10272424E-008 -0.10272424E-008 -0.10272424E-008 -0.10272424E-008 -0.10272424E-008 -0.10272424E-008 -0.10272424E-008 -0.10272424E-008 -0.10272424E-008 -0.10272424E-008 -0.10272424E-008 -0.10272424E-008 -0.10272424E-008 -0.10272424E-008 -0.10272424E-008 -0.10272424E-008 -0.10272424E-008 -0.10272424E-008 -0.10272424E-008 -0.10272424E-008 -0.10272424E-008 -0.10272424E-008 -0.10272424E-008 -0.10272424E-008 -0.10272424E-008 -0.10272424E-008 -0.10272424E-008 -0.10272424E-008 -0.10272424E-008 -0.10272424E-008
 -0.98018127E-007 -0.98018127E-007 -0.98018127E-007 -0.98018127E-007 -0.98018127E-007 -0.98018127E-007 -0.98018127E-007 -0.98018127E-007 -0.98018127E-007 -0.98018127E-007 -0.98018127E-007 -0.98018127E-007 -0.98018127E-007 -0.98018127E-007 -0.98018127E-007 -0.98018127E-007 -0.98018127E-007 -0.98018127E-007 -0.98018127E-007 -0.98018127E-007 -0.98018127E-007 -0.98018127E-007 -0.98018127E-007 -0.98018127E-007 -0.98018127E-007 -0.98018127E-007 -0.98018127E-007 -0.98018127E-007 -0.98018127E-007 -0.98018127E-007 -0.98018127E-007 -0.98018127E-007 -0.98018127E-007 -0.98018127E-007 -0.98018127E-007
 -0.73119871E-005 -0.73119871E-005 -0.73119871E-005 -0.73119871E-005 -0.73119871E-005 -0.73119871E-005 -0.73119871E-005 -0.73119871E-005 -0.73119871E-005 -0.73119871E-005 -0.73119871E-005 -0.73119871E-005 -0.73119871E-005 -0.73119871E-005 -0.73119871E-005 -0.73119871E-005 -0.73119871E-005 -0.73119871E-005 -0.73119871E-005 -0.73119871E-005 -0.73119871E-005 -0.73119871E-005 -0.73119871E-005 -0.73119871E-005 -0.73119871E-005 -0.73119871E-005 -0.73119871E-005 -0.73119871E-005 -0.73119871E-005 -0.73119871E-005 -0.73119871E-005 -0.73119871E-005 -0.73119871E-005 -0.73119871E-005 -0.73119871E-005
 -0.41380278E-003 -0.41380278E-003 -0.41380278E-003 -0.41380278E-003 -0.41380278E-003 -0.41380278E-003 -0.41380278E-003 -0.41380278E-003 -0.41380278E-003 -0.41380278E-003 -0.41380278E-003 -0.41380278E-003 -0.41380278E-003 -0.41380278E-003 -0.41380278E-003 -0.41380278E-003 -0.41380278E-003 -0.41380278E-003 -0.41380278E-003 -0.41380278E-003 -0.41380278E-003 -0.41380278E-003 -0.41380278E-003 -0.41380278E-003 -0.41380278E-003 -0.41380278E-003 -0.41380278E-003 -0.41380278E-003 -0.41380278E-003 -0.41380278E-003 -0.41380278E-003 -0.41380278E-003 -0.41380278E-003 -0.41380278E-003 -0.41380278E-003
 -0.16869387E-001 -0.16869387E-001 -0.16869387E-001 -0.16869387E-001 -0.16869387E-001 -0.16869387E-001 -0.16869387E-001 -0.16869387E-001 -0.16869387E-001 -0.16869387E-001 -0.16869387E-001 -0.16869387E-001 -0.16869387E-001 -0.16869387E-001 -0.16869387E-001 -0.16869387E-001 -0.16869387E-001 -0.16869387E-001 -0.16869387E-001 -0.16869387E-001 -0.16869387E-001 -0.16869387E-001 -0.16869387E-001 -0.16869387E-001 -0.16869387E-001 -0.16869387E-001 -0.16869387E-001 -0.16869387E-001 -0.16869387E-001 -0.16869387E-001 -0.16869387E-001 -0.16869387E-001 -0.16869387E-001 -0.16869387E-001 -0.16869387E-001
 -0.44851513E+000 -0.44851513E+000 -0.44851513E+000 -0.44851513E+000 -0.44851513E+000 -0.44851513E+000 -0.44851513E+000 -0.44851513E+000 -0.44851513E+000 -0.44851513E+000 -0.44851513E+000 -0.44851513E+000 -0.44851513E+000 -0.44851513E+000 -0.44851513E+000 -0.44851513E+000 -0.44851513E+000 -0.44851513E+000 -0.44851513E+000 -0.44851513E+000 -0.44851513E+000 -0.44851513E+000 -0.44851513E+000 -0.44851513E+000 -0.44851513E+000 -0.44851513E+000 -0.44851513E+000 -0.44851513E+000 -0.44851513E+000 -0.44851513E+000 -0.44851513E+000 -0.44851513E+000 -0.44851513E+000 -0.44851513E+000 -0.44851513E+000
 -0.60423641E+001 -0.60119165E+001 -0.60119165E+001 -0.60119165E+001 -0.60119165E+001 -0.60119165E+001 -0.60119165E+001 -0.60119165E+001 -0.60119165E+001 -0.60119165E+001 -0.60119165E+001 -0.60119165E+001 -0.60119165E+001 -0.60119165E+001 -0.60119165E+001 -0.60119165E+001 -0.60119165E+001 -0.60119165E+001 -0.60119165E+001 -0.60119165E+001 -0.60119165E+001 -0.60119165E+001 -0.60119165E+001 -0.60119165E+001 -0.60119165E+001 -0.60119165E+001 -0.60119165E+001 -0.60119165E+001 -0.60119165E+001 -0.60119165E+001 -0.60119165E+001 -0.60119165E+001 -0.60119165E+001 -0.60119165E+001 -0.60119165E+001
 -0.33105817E+000 -0.33105817E+000 -0.33105817E+000 -0.33105817E+000 -0.33105817E+000 -0.33105817E+000 -0.33105817E+000 -0.33105817E+000 -0.33105817E+000 -0.33105817E+000 -0.33105817E+000 -0.33105817E+000 -0.33105817E+000 -0.33105817E+000 -0.33105817E+000 -0.33105817E+000 -0.33105817E+000 -0.33105817E+000 -0.33105817E+000 -0.33105817E+000 -0.33105817E+000 -0.33105817E+000 -0.33105817E+000 -0.33105817E+000 -0.33105817E+000 -0.33105817E+000 -0.33105817E+000 -0.33105817E+000 -0.33105817E+000 -0.33105817E+000 -0.33105817E+000 -0.33105817E+000 -0.33105817E+000 -0.33105817E+000 -0.33105816E+000
 -0.14197279E+001 -0.14197132E+001 -0.14196448E+001 -0.14194989E+001 -0.14192578E+001 -0.14192578E+001 -0.14192578E+001 -0.14192578E+001 -0.14192578E+001 -0.14192578E+001 -0.14192578E+001 -0.14192578E+001 -0.14192578E+001 -0.14192578E+001 -0.14192578E+001 -0.14192578E+001 -0.14192578E+001 -0.14192578E+001 -0.14192578E+001 -0.14192578E+001 -0.14192578E+001 -0.14192578E+001 -0.14192578E+001 -0.14192578E+001 -0.14192578E+001 -0.14192578E+001 -0.14192578E+001 -0.14192578E+001 -0.14192578E+001 -0.14192578E+001 -0.14192578E+001 -0.14192578E+001 -0.14192579E+001 -0.14192579E+001 -0.14192579E+001
 -0.10772364E+002 -0.10772347E+002 -0.10772266E+002 -0.10772094E+002 -0.10771810E+002 -0.10771810E+002 -0.10771810E+002 -0.10771810E+002 -0.10771810E+002 -0.10771810E+002 -0.10771810E+002 -0.10771810E+002 -0.10771810E+002 -0.10771810E+002 -0.10771810E+002 -0.10771810E+002 -0.10771810E+002 -0.10771810E+002 -0.10771810E+002 -0.10771810E+002 -0.10771810E+002 -0.10771810E+002 -0.10771810E+002 -0.10771810E+002 -0.10771810E+002 -0.10771810E+002 -0.10771810E+002 -0.10771810E+002 -0.10771810E+002 -0.10771810E+002 -0.10771810E+002 -0.10771810E+002 -0.10771810E+002 -0.10771810E+002 -0.10771810E+002
 -0.42251954E+000 -0.40287003E+000 -0.31281822E+000 -0.12365876E+000 -0.12306236E+000 -0.12306236E+000 -0.12306236E+000 -0.12306236E+000 -0.12306236E+000 -0.12306236E+000 -0.12306236E+000 -0.12306236E+000 -0.12306236E+000 -0.12306236E+000 -0.12306236E+000 -0.12306235E+000 -0.12306235E+000 -0.12306235E+000 -0.12306235E+000 -0.12306235E+000 -0.12306235E+000 -0.12306235E+000 -0.12306235E+000 -0.12306235E+000 -0.12306235E+000 -0.12306235E+000 -0.12306236E+000 -0.12306236E+000 -0.12306236E+000 -0.12306237E+000 -0.12306237E+000 -0.12306238E+000 -0.12306238E+000 -0.12306261E+000 -0.12306284E+000
