  0.00000000E+000  0.00000000E+000  0.00000000E+000  0.00000000E+000  0.00000000E+000  0.00000000E+000  0.00000000E+000  0.00000000E+000  0.00000000E+000  0.00000000E+000  0.00000000E+000  0.00000000E+000  0.00000000E+000  0.00000000E+000  0.00000000E+000  0.00000000E+000  0.00000000E+000  0.00000000E+000  0.00000000E+000  0.00000000E+000  0.00000000E+000  0.00000000E+000  0.00000000E+000  0.00000000E+000  0.00000000E+000  0.00000000E+000  0.00000000E+000  0.00000000E+000  0.00000000E+000  0.00000000E+000  0.00000000E+000  0.00000000E+000  0.00000000E+000  0.00000000E+000  0.00000000E+000
 -0.78405920E-037 -0.78405920E-037 -0.78405920E-037 -0.78405920E-037 -0.78405920E-037 -0.78405920E-037 -0.78405920E-037 -0.78405920E-037 -0.78405920E-037 -0.78405920E-037 -0.78405920E-037 -0.78405920E-037 -0.78405920E-037 -0.78405920E-037 -0.78405920E-037 -0.78405920E-037 -0.78405920E-037 -0.78405920E-037 -0.78405920E-037 -0.78405920E-037 -0.78405920E-037 -0.78405920E-037 -0.78405920E-037 -0.78405920E-037 -0.78405920E-037 -0.78405920E-037 -0.78405920E-037 -0.78405920E-037 -0.78405920E-037 -0.78405920E-037 -0.78405920E-037 -0.78405920E-037 -0.78405920E-037 -0.78405920E-037 -0.78405920E-037
 -0.36017922E-034 -0.36017922E-034 -0.36017922E-034 -0.36017922E-034 -0.36017922E-034 -0.36017922E-034 -0.36017922E-034 -0.36017922E-034 -0.36017922E-034 -0.36017922E-034 -0.36017922E-034 -0.36017922E-034 -0.36017922E-034 -0.36017922E-034 -0.36017922E-034 -0.36017922E-034 -0.36017922E-034 -0.36017922E-034 -0.36017922E-034 -0.36017922E-034 -0.36017922E-034 -0.36017922E-034 -0.36017922E-034 -0.36017922E-034 -0.36017922E-034 -0.36017922E-034 -0.36017922E-034 -0.36017922E-034 -0.36017922E-034 -0.36017922E-034 -0.36017922E-034 -0.36017922E-034 -0.36017922E-034 -0.36017922E-034 -0.36017922E-034
 -0.79084579E-032 -0.79084579E-032 -0.79084579E-032 -0.79084579E-032 -0.79084579E-032 -0.79084579E-032 -0.79084579E-032 -0.79084579E-032 -0.79084579E-032 -0.79084579E-032 -0.79084579E-032 -0.79084579E-032 -0.79084579E-032 -0.79084579E-032 -0.79084579E-032 -0.79084579E-032 -0.79084579E-032 -0.79084579E-032 -0.79084579E-032 -0.79084579E-032 -0.79084579E-032 -0.79084579E-032 -0.79084579E-032 -0.79084579E-032 -0.79084579E-032 -0.79084579E-032 -0.79084579E-032 -0.79084579E-032 -0.79084579E-032 -0.79084579E-032 -0.79084579E-032 -0.79084579E-032 -0.79084579E-032 -0.79084579E-032 -0.79084579E-032
 -0.11038661E-029 -0.11038661E-029 -0.11038661E-029 -0.11038661E-029 -0.11038661E-029 -0.11038661E-029 -0.11038661E-029 -0.11038661E-029 -0.11038661E-029 -0.11038661E-029 -0.11038661E-029 -0.11038661E-029 -0.11038661E-029 -0.11038661E-029 -0.11038661E-029 -0.11038661E-029 -0.11038661E-029 -0.11038661E-029 -0.11038661E-029 -0.11038661E-029 -0.11038661E-029 -0.11038661E-029 -0.11038661E-029 -0.11038661E-029 -0.11038661E-029 -0.11038661E-029 -0.11038661E-029 -0.11038661E-029 -0.11038661E-029 -0.11038661E-029 -0.11038661E-029 -0.11038661E-029 -0.11038661E-029 -0.11038661E-029 -0.11038661E-029
 -0.10988561E-027 -0.10988561E-027 -0.10988561E-027 -0.10988561E-027 -0.10988561E-027 -0.10988561E-027 -0.10988561E-027 -0.10988561E-027 -0.10988561E-027 -0.10988561E-027 -0.10988561E-027 -0.10988561E-027 -0.10988561E-027 -0.10988561E-027 -0.10988561E-027 -0.10988561E-027 -0.10988561E-027 -0.10988561E-027 -0.10988561E-027 -0.10988561E-027 -0.10988561E-027 -0.10988561E-027 -0.10988561E-027 -0.10988561E-027 -0.10988561E-027 -0.10988561E-027 -0.10988561E-027 -0.10988561E-027 -0.10988561E-027 -0.10988561E-027 -0.10988561E-027 -0.10988561E-027 -0.10988561E-027 -0.10988561E-027 -0.10988561E-027
 -0.82958047E-026 -0.82958047E-026 -0.82958047E-026 -0.82958047E-026 -0.82958047E-026 -0.82958047E-026 -0.82958047E-026 -0.82958047E-026 -0.82958047E-026 -0.82958047E-026 -0.82958047E-026 -0.82958047E-026 -0.82958047E-026 -0.82958047E-026 -0.82958047E-026 -0.82958047E-026 -0.82958047E-026 -0.82958047E-026 -0.82958047E-026 -0.82958047E-026 -0.82958047E-026 -0.82958047E-026 -0.82958047E-026 -0.82958047E-026 -0.82958047E-026 -0.82958047E-026 -0.82958047E-026 -0.82958047E-026 -0.82958047E-026 -0.82958047E-026 -0.82958047E-026 -0.82958047E-026 -0.82958047E-026 -0.82958047E-026 -0.82958047E-026
 -0.49307208E-024 -0.49307208E-024 -0.49307208E-024 -0.49307208E-024 -0.49307208E-024 -0.49307208E-024 -0.49307208E-024 -0.49307208E-024 -0.49307208E-024 -0.49307208E-024 -0.49307208E-024 -0.49307208E-024 -0.49307208E-024 -0.49307208E-024 -0.49307208E-024 -0.49307208E-024 -0.49307208E-024 -0.49307208E-024 -0.49307208E-024 -0.49307208E-024 -0.49307208E-024 -0.49307208E-024 -0.49307208E-024 -0.49307208E-024 -0.49307208E-024 -0.49307208E-024 -0.49307208E-024 -0.49307208E-024 -0.49307208E-024 -0.49307208E-024 -0.49307208E-024 -0.49307208E-024 -0.49307208E-024 -0.49307208E-024 -0.49307208E-024
 -0.23640936E-022 -0.23640936E-022 -0.23640936E-022 -0.23640936E-022 -0.23640936E-022 -0.23640936E-022 -0.23640936E-022 -0.23640936E-022 -0.23640936E-022 -0.23640936E-022 -0.23640936E-022 -0.23640936E-022 -0.23640936E-022 -0.23640936E-022 -0.23640936E-022 -0.23640936E-022 -0.23640936E-022 -0.23640936E-022 -0.23640936E-022 -0.23640936E-022 -0.23640936E-022 -0.23640936E-022 -0.23640936E-022 -0.23640936E-022 -0.23640936E-022 -0.23640936E-022 -0.23640936E-022 -0.23640936E-022 -0.23640936E-022 -0.23640936E-022 -0.23640936E-022 -0.23640936E-022 -0.23640936E-022 -0.23640936E-022 -0.23640936E-022
 -0.92939389E-021 -0.92939389E-021 -0.92939389E-021 -0.92939389E-021 -0.92939389E-021 -0.92939389E-021 -0.92939389E-021 -0.92939389E-021 -0.92939389E-021 -0.92939389E-021 -0.92939389E-021 -0.92939389E-021 -0.92939389E-021 -0.92939389E-021 -0.92939389E-021 -0.92939389E-021 -0.92939389E-021 -0.92939389E-021 -0.92939389E-021 -0.92939389E-021 -0.92939389E-021 -0.92939389E-021 -0.92939389E-021 -0.92939389E-021 -0.92939389E-021 -0.92939389E-021 -0.92939389E-021 -0.92939389E-021 -0.92939389E-021 -0.92939389E-021 -0.92939389E-021 -0.92939389E-021 -0.92939389E-021 -0.92939389E-021 -0.92939389E-021
 -0.27004516E-018 -0.27004516E-018 -0.27004516E-018 -0.27004516E-018 -0.27004516E-018 -0.27004516E-018 -0.27004516E-018 -0.27004516E-018 -0.27004516E-018 -0.27004516E-018 -0.27004516E-018 -0.27004516E-018 -0.27004516E-018 -0.27004516E-018 -0.27004516E-018 -0.27004516E-018 -0.27004516E-018 -0.27004516E-018 -0.27004516E-018 -0.27004516E-018 -0.27004516E-018 -0.27004516E-018 -0.27004516E-018 -0.27004516E-018 -0.27004516E-018 -0.27004516E-018 -0.27004516E-018 -0.27004516E-018 -0.27004516E-018 -0.27004516E-018 -0.27004516E-018 -0.27004516E-018 -0.27004516E-018 -0.27004516E-018 -0.27004516E-018
 -0.62921277E-016 -0.62921277E-016 -0.62921277E-016 -0.62921277E-016 -0.62921277E-016 -0.62921277E-016 -0.62921277E-016 -0.62921277E-016 -0.62921277E-016 -0.62921277E-016 -0.62921277E-016 -0.62921277E-016 -0.62921277E-016 -0.62921277E-016 -0.62921277E-016 -0.62921277E-016 -0.62921277E-016 -0.62921277E-016 -0.62921277E-016 -0.62921277E-016 -0.62921277E-016 -0.62921277E-016 -0.62921277E-016 -0.62921277E-016 -0.62921277E-016 -0.62921277E-016 -0.62921277E-016 -0.62921277E-016 -0.62921277E-016 -0.62921277E-016 -0.62921277E-016 -0.62921277E-016 -0.62921277E-016 -0.62921277E-016 -0.62921277E-016
 -0.11842986E-013 -0.11842986E-013 -0.11842986E-013 -0.11842986E-013 -0.11842986E-013 -0.11842986E-013 -0.11842986E-013 -0.11842986E-013 -0.11842986E-013 -0.11842986E-013 -0.11842986E-013 -0.11842986E-013 -0.11842986E-013 -0.11842986E-013 -0.11842986E-013 -0.11842986E-013 -0.11842986E-013 -0.11842986E-013 -0.11842986E-013 -0.11842986E-013 -0.11842986E-013 -0.11842986E-013 -0.11842986E-013 -0.11842986E-013 -0.11842986E-013 -0.11842986E-013 -0.11842986E-013 -0.11842986E-013 -0.11842986E-013 -0.11842986E-013 -0.11842986E-013 -0.11842986E-013 -0.11842986E-013 -0.11842986E-013 -0.11842986E-013
 -0.18046160E-011 -0.18046160E-011 -0.18046160E-011 -0.18046160E-011 -0.18046160E-011 -0.18046160E-011 -0.18046160E-011 -0.18046160E-011 -0.18046160E-011 -0.18046160E-011 -0.18046160E-011 -0.18046160E-011 -0.18046160E-011 -0.18046160E-011 -0.18046160E-011 -0.18046160E-011 -0.18046160E-011 -0.18046160E-011 -0.18046160E-011 -0.18046160E-011 -0.18046160E-011 -0.18046160E-011 -0.18046160E-011 -0.18046160E-011 -0.18046160E-011 -0.18046160E-011 -0.18046160E-011 -0.18046160E-011 -0.18046160E-011 -0.18046160E-011 -0.18046160E-011 -0.18046160E-011 -0.18046160E-011 -0.18046160E-011 -0.18046160E-011
 -0.22201106E-009 -0.22201106E-009 -0.22201106E-009 -0.22201106E-009 -0.22201106E-009 -0.22201106E-009 -0.22201106E-009 -0.22201106E-009 -0.22201106E-009 -0.22201106E-009 -0.22201106E-009 -0.22201106E-009 -0.22201106E-009 -0.22201106E-009 -0.22201106E-009 -0.22201106E-009 -0.22201106E-009 -0.22201106E-009 -0.22201106E-009 -0.22201106E-009 -0.22201106E-009 -0.22201106E-009 -0.22201106E-009 -0.22201106E-009 -0.22201106E-009 -0.22201106E-009 -0.22201106E-009 -0.22201106E-009 -0.22201106E-009 -0.22201106E-009 -0.22201106E-009 -0.22201106E-009 -0.22201106E-009 -0.22201106E-009 -0.22201106E-009
 -0.21870140E-007 -0.21870140E-007 -0.21870140E-007 -0.21870140E-007 -0.21870140E-007 -0.21870140E-007 -0.21870140E-007 -0.21870140E-007 -0.21870140E-007 -0.21870140E-007 -0.21870140E-007 -0.21870140E-007 -0.21870140E-007 -0.21870140E-007 -0.21870140E-007 -0.21870140E-007 -0.21870140E-007 -0.21870140E-007 -0.21870140E-007 -0.21870140E-007 -0.21870140E-007 -0.21870140E-007 -0.21870140E-007 -0.21870140E-007 -0.21870140E-007 -0.21870140E-007 -0.21870140E-007 -0.21870140E-007 -0.21870140E-007 -0.21870140E-007 -0.21870140E-007 -0.21870140E-007 -0.21870140E-007 -0.21870140E-007 -0.21870140E-007
 -0.16990706E-005 -0.16990706E-005 -0.16990706E-005 -0.16990706E-005 -0.16990706E-005 -0.16990706E-005 -0.16990706E-005 -0.16990706E-005 -0.16990706E-005 -0.16990706E-005 -0.16990706E-005 -0.16990706E-005 -0.16990706E-005 -0.16990706E-005 -0.16990706E-005 -0.16990706E-005 -0.16990706E-005 -0.16990706E-005 -0.16990706E-005 -0.16990706E-005 -0.16990706E-005 -0.16990706E-005 -0.16990706E-005 -0.16990706E-005 -0.16990706E-005 -0.16990706E-005 -0.16990706E-005 -0.16990706E-005 -0.16990706E-005 -0.16990706E-005 -0.16990706E-005 -0.16990706E-005 -0.16990706E-005 -0.16990706E-005 -0.16990706E-005
 -0.10149415E-003 -0.10149415E-003 -0.10149415E-003 -0.10149415E-003 -0.10149415E-003 -0.10149415E-003 -0.10149415E-003 -0.10149415E-003 -0.10149415E-003 -0.10149415E-003 -0.10149415E-003 -0.10149415E-003 -0.10149415E-003 -0.10149415E-003 -0.10149415E-003 -0.10149415E-003 -0.10149415E-003 -0.10149415E-003 -0.10149415E-003 -0.10149415E-003 -0.10149415E-003 -0.10149415E-003 -0.10149415E-003 -0.10149415E-003 -0.10149415E-003 -0.10149415E-003 -0.10149415E-003 -0.10149415E-003 -0.10149415E-003 -0.10149415E-003 -0.10149415E-003 -0.10149415E-003 -0.10149415E-003 -0.10149415E-003 -0.10149415E-003
 -0.44678147E-002 -0.44678147E-002 -0.44678147E-002 -0.44678147E-002 -0.44678147E-002 -0.44678147E-002 -0.44678147E-002 -0.44678147E-002 -0.44678147E-002 -0.44678147E-002 -0.44678147E-002 -0.44678147E-002 -0.44678147E-002 -0.44678147E-002 -0.44678147E-002 -0.44678147E-002 -0.44678147E-002 -0.44678147E-002 -0.44678147E-002 -0.44678147E-002 -0.44678147E-002 -0.44678147E-002 -0.44678147E-002 -0.44678147E-002 -0.44678147E-002 -0.44678147E-002 -0.44678147E-002 -0.44678147E-002 -0.44678147E-002 -0.44678147E-002 -0.44678147E-002 -0.44678147E-002 -0.44678147E-002 -0.44678147E-002 -0.44678147E-002
 -0.13413888E+000 -0.13413888E+000 -0.13413888E+000 -0.13413888E+000 -0.13413888E+000 -0.13413888E+000 -0.13413888E+000 -0.13413888E+000 -0.13413888E+000 -0.13413888E+000 -0.13413888E+000 -0.13413888E+000 -0.13413888E+000 -0.13413888E+000 -0.13413888E+000 -0.13413888E+000 -0.13413888E+000 -0.13413888E+000 -0.13413888E+000 -0.13413888E+000 -0.13413888E+000 -0.13413888E+000 -0.13413888E+000 -0.13413888E+000 -0.13413888E+000 -0.13413888E+000 -0.13413888E+000 -0.13413888E+000 -0.13413888E+000 -0.13413888E+000 -0.13413888E+000 -0.13413888E+000 -0.13413888E+000 -0.13413888E+000 -0.13413888E+000
 -0.23031912E+001 -0.23031799E+001 -0.23031799E+001 -0.23030676E+001 -0.23028821E+001 -0.23026118E+001 -0.23023419E+001 -0.23021564E+001 -0.23020441E+001 -0.23019915E+001 -0.23019915E+001 -0.23019915E+001 -0.23019915E+001 -0.23019915E+001 -0.23019915E+001 -0.23019915E+001 -0.23019915E+001 -0.23019915E+001 -0.23019915E+001 -0.23019915E+001 -0.23019915E+001 -0.23019915E+001 -0.23019915E+001 -0.23019915E+001 -0.23019915E+001 -0.23019915E+001 -0.23019915E+001 -0.23019915E+001 -0.23019915E+001 -0.23019915E+001 -0.23019915E+001 -0.23019915E+001 -0.23019916E+001 -0.23019916E+001 -0.23019916E+001
 -0.93509172E+001 -0.93509045E+001 -0.96622338E+001 -0.93508158E+001 -0.93508131E+001 -0.93505089E+001 -0.96488991E+001 -0.93506734E+001 -0.93506597E+001 -0.93506596E+001 -0.93506596E+001 -0.93506596E+001 -0.93506596E+001 -0.93506596E+001 -0.93506596E+001 -0.93506596E+001 -0.93506596E+001 -0.93506596E+001 -0.93506596E+001 -0.93506596E+001 -0.93506596E+001 -0.93506596E+001 -0.93506596E+001 -0.93506596E+001 -0.93483310E+001 -0.24839830E+002 -0.18245966E+002 -0.18245966E+002 -0.18245966E+002 -0.18245966E+002 -0.18245966E+002 -0.18245966E+002 -0.18245966E+002 -0.18245966E+002 -0.18245966E+002
 -0.22063827E+002 -0.22063821E+002 -0.22063793E+002 -0.22063733E+002 -0.22063634E+002 -0.22063490E+002 -0.22063346E+002 -0.22063247E+002 -0.22063187E+002 -0.22063159E+002 -0.22063153E+002 -0.22063150E+002 -0.22063131E+002 -0.22063082E+002 -0.22062843E+002 -0.22062462E+002 -0.22061909E+002 -0.22061156E+002 -0.22060174E+002 -0.22058936E+002 -0.22057414E+002 -0.22055580E+002 -0.22053410E+002 -0.22050877E+002 -0.22047954E+002 -0.22044617E+002 -0.21650236E+003 -0.21649230E+003 -0.21648110E+003 -0.21646865E+003 -0.21645492E+003 -0.21644415E+003 -0.21643239E+003 -0.21641960E+003 -0.21640572E+003
 -0.25357975E+003 -0.25357972E+003 -0.25357960E+003 -0.25357935E+003 -0.25357893E+003 -0.25357832E+003 -0.25357771E+003 -0.25357729E+003 -0.25357704E+003 -0.25357692E+003 -0.25357689E+003 -0.25357688E+003 -0.25357680E+003 -0.25357659E+003  0.15521728E+001  0.15527362E+001  0.15535532E+001  0.15546667E+001  0.15561186E+001  0.15579499E+001  0.15601962E+001  0.15628850E+001  0.15660165E+001  0.15696842E+001  0.15739320E+001  0.15788053E+001  0.15843568E+001 -0.24883124E+003 -0.24928388E+003 -0.24848873E+003 -0.24832589E+003 -0.24832589E+003 -0.24832589E+003 -0.24832589E+003 -0.24832589E+003
 -0.27841233E+001 -0.27990710E+001 -0.28717977E+001 -0.30536220E+001 -0.34538503E+001 -0.43012317E+001 -0.31335987E+001 -0.26685162E+001 -0.23867642E+001 -0.22545564E+001 -0.22261566E+001 -0.22116881E+001 -0.21213172E+001 -0.18921939E+001 -0.14660537E+001 -0.10183761E+001 -0.10183761E+001 -0.10183761E+001 -0.10183761E+001 -0.10292996E+001 -0.20658110E+001 -0.49639656E+001 -0.12910505E+002 -0.11328263E+002 -0.94152227E+001 -0.71287002E+001 -0.39654250E+001 -0.26503742E+000 -0.15813647E+002 -0.27338318E+000 -0.27338318E+000 -0.27338318E+000 -0.27338317E+000 -0.27338318E+000 -0.27338319E+000
