  0.00000000E+000  0.00000000E+000  0.00000000E+000  0.00000000E+000  0.00000000E+000  0.00000000E+000  0.00000000E+000  0.00000000E+000  0.00000000E+000  0.00000000E+000  0.00000000E+000  0.00000000E+000  0.00000000E+000  0.00000000E+000  0.00000000E+000  0.00000000E+000  0.00000000E+000  0.00000000E+000  0.00000000E+000  0.00000000E+000  0.00000000E+000  0.00000000E+000  0.00000000E+000  0.00000000E+000  0.00000000E+000  0.00000000E+000  0.00000000E+000  0.00000000E+000  0.00000000E+000  0.00000000E+000  0.00000000E+000  0.00000000E+000  0.00000000E+000  0.00000000E+000  0.00000000E+000
 -0.86805532E-037 -0.86805532E-037 -0.86805532E-037 -0.86805532E-037 -0.86805532E-037 -0.86805532E-037 -0.86805532E-037 -0.86805532E-037 -0.86805532E-037 -0.86805532E-037 -0.86805532E-037 -0.86805532E-037 -0.86805532E-037 -0.86805532E-037 -0.86805532E-037 -0.86805532E-037 -0.86805532E-037 -0.86805532E-037 -0.86805532E-037 -0.86805532E-037 -0.86805532E-037 -0.86805532E-037 -0.86805532E-037 -0.86805532E-037 -0.86805532E-037 -0.86805532E-037 -0.86805532E-037 -0.86805532E-037 -0.86805532E-037 -0.86805532E-037 -0.86805532E-037 -0.86805532E-037 -0.86805532E-037 -0.86805532E-037 -0.86805532E-037
 -0.41160532E-034 -0.41160532E-034 -0.41160532E-034 -0.41160532E-034 -0.41160532E-034 -0.41160532E-034 -0.41160532E-034 -0.41160532E-034 -0.41160532E-034 -0.41160532E-034 -0.41160532E-034 -0.41160532E-034 -0.41160532E-034 -0.41160532E-034 -0.41160532E-034 -0.41160532E-034 -0.41160532E-034 -0.41160532E-034 -0.41160532E-034 -0.41160532E-034 -0.41160532E-034 -0.41160532E-034 -0.41160532E-034 -0.41160532E-034 -0.41160532E-034 -0.41160532E-034 -0.41160532E-034 -0.41160532E-034 -0.41160532E-034 -0.41160532E-034 -0.41160532E-034 -0.41160532E-034 -0.41160532E-034 -0.41160532E-034 -0.41160532E-034
 -0.93474435E-032 -0.93474435E-032 -0.93474435E-032 -0.93474435E-032 -0.93474435E-032 -0.93474435E-032 -0.93474435E-032 -0.93474435E-032 -0.93474435E-032 -0.93474435E-032 -0.93474435E-032 -0.93474435E-032 -0.93474435E-032 -0.93474435E-032 -0.93474435E-032 -0.93474435E-032 -0.93474435E-032 -0.93474435E-032 -0.93474435E-032 -0.93474435E-032 -0.93474435E-032 -0.93474435E-032 -0.93474435E-032 -0.93474435E-032 -0.93474435E-032 -0.93474435E-032 -0.93474435E-032 -0.93474435E-032 -0.93474435E-032 -0.93474435E-032 -0.93474435E-032 -0.93474435E-032 -0.93474435E-032 -0.93474435E-032 -0.93474435E-032
 -0.13524528E-029 -0.13524528E-029 -0.13524528E-029 -0.13524528E-029 -0.13524528E-029 -0.13524528E-029 -0.13524528E-029 -0.13524528E-029 -0.13524528E-029 -0.13524528E-029 -0.13524528E-029 -0.13524528E-029 -0.13524528E-029 -0.13524528E-029 -0.13524528E-029 -0.13524528E-029 -0.13524528E-029 -0.13524528E-029 -0.13524528E-029 -0.13524528E-029 -0.13524528E-029 -0.13524528E-029 -0.13524528E-029 -0.13524528E-029 -0.13524528E-029 -0.13524528E-029 -0.13524528E-029 -0.13524528E-029 -0.13524528E-029 -0.13524528E-029 -0.13524528E-029 -0.13524528E-029 -0.13524528E-029 -0.13524528E-029 -0.13524528E-029
 -0.13990141E-027 -0.13990141E-027 -0.13990141E-027 -0.13990141E-027 -0.13990141E-027 -0.13990141E-027 -0.13990141E-027 -0.13990141E-027 -0.13990141E-027 -0.13990141E-027 -0.13990141E-027 -0.13990141E-027 -0.13990141E-027 -0.13990141E-027 -0.13990141E-027 -0.13990141E-027 -0.13990141E-027 -0.13990141E-027 -0.13990141E-027 -0.13990141E-027 -0.13990141E-027 -0.13990141E-027 -0.13990141E-027 -0.13990141E-027 -0.13990141E-027 -0.13990141E-027 -0.13990141E-027 -0.13990141E-027 -0.13990141E-027 -0.13990141E-027 -0.13990141E-027 -0.13990141E-027 -0.13990141E-027 -0.13990141E-027 -0.13990141E-027
 -0.11005451E-025 -0.11005451E-025 -0.11005451E-025 -0.11005451E-025 -0.11005451E-025 -0.11005451E-025 -0.11005451E-025 -0.11005451E-025 -0.11005451E-025 -0.11005451E-025 -0.11005451E-025 -0.11005451E-025 -0.11005451E-025 -0.11005451E-025 -0.11005451E-025 -0.11005451E-025 -0.11005451E-025 -0.11005451E-025 -0.11005451E-025 -0.11005451E-025 -0.11005451E-025 -0.11005451E-025 -0.11005451E-025 -0.11005451E-025 -0.11005451E-025 -0.11005451E-025 -0.11005451E-025 -0.11005451E-025 -0.11005451E-025 -0.11005451E-025 -0.11005451E-025 -0.11005451E-025 -0.11005451E-025 -0.11005451E-025 -0.11005451E-025
 -0.68369480E-024 -0.68369480E-024 -0.68369480E-024 -0.68369480E-024 -0.68369480E-024 -0.68369480E-024 -0.68369480E-024 -0.68369480E-024 -0.68369480E-024 -0.68369480E-024 -0.68369480E-024 -0.68369480E-024 -0.68369480E-024 -0.68369480E-024 -0.68369480E-024 -0.68369480E-024 -0.68369480E-024 -0.68369480E-024 -0.68369480E-024 -0.68369480E-024 -0.68369480E-024 -0.68369480E-024 -0.68369480E-024 -0.68369480E-024 -0.68369480E-024 -0.68369480E-024 -0.68369480E-024 -0.68369480E-024 -0.68369480E-024 -0.68369480E-024 -0.68369480E-024 -0.68369480E-024 -0.68369480E-024 -0.68369480E-024 -0.68369480E-024
 -0.34381132E-022 -0.34381132E-022 -0.34381132E-022 -0.34381132E-022 -0.34381132E-022 -0.34381132E-022 -0.34381132E-022 -0.34381132E-022 -0.34381132E-022 -0.34381132E-022 -0.34381132E-022 -0.34381132E-022 -0.34381132E-022 -0.34381132E-022 -0.34381132E-022 -0.34381132E-022 -0.34381132E-022 -0.34381132E-022 -0.34381132E-022 -0.34381132E-022 -0.34381132E-022 -0.34381132E-022 -0.34381132E-022 -0.34381132E-022 -0.34381132E-022 -0.34381132E-022 -0.34381132E-022 -0.34381132E-022 -0.34381132E-022 -0.34381132E-022 -0.34381132E-022 -0.34381132E-022 -0.34381132E-022 -0.34381132E-022 -0.34381132E-022
 -0.14231711E-020 -0.14231711E-020 -0.14231711E-020 -0.14231711E-020 -0.14231711E-020 -0.14231711E-020 -0.14231711E-020 -0.14231711E-020 -0.14231711E-020 -0.14231711E-020 -0.14231711E-020 -0.14231711E-020 -0.14231711E-020 -0.14231711E-020 -0.14231711E-020 -0.14231711E-020 -0.14231711E-020 -0.14231711E-020 -0.14231711E-020 -0.14231711E-020 -0.14231711E-020 -0.14231711E-020 -0.14231711E-020 -0.14231711E-020 -0.14231711E-020 -0.14231711E-020 -0.14231711E-020 -0.14231711E-020 -0.14231711E-020 -0.14231711E-020 -0.14231711E-020 -0.14231711E-020 -0.14231711E-020 -0.14231711E-020 -0.14231711E-020
 -0.43801904E-018 -0.43801904E-018 -0.43801904E-018 -0.43801904E-018 -0.43801904E-018 -0.43801904E-018 -0.43801904E-018 -0.43801904E-018 -0.43801904E-018 -0.43801904E-018 -0.43801904E-018 -0.43801904E-018 -0.43801904E-018 -0.43801904E-018 -0.43801904E-018 -0.43801904E-018 -0.43801904E-018 -0.43801904E-018 -0.43801904E-018 -0.43801904E-018 -0.43801904E-018 -0.43801904E-018 -0.43801904E-018 -0.43801904E-018 -0.43801904E-018 -0.43801904E-018 -0.43801904E-018 -0.43801904E-018 -0.43801904E-018 -0.43801904E-018 -0.43801904E-018 -0.43801904E-018 -0.43801904E-018 -0.43801904E-018 -0.43801904E-018
 -0.10874230E-015 -0.10874230E-015 -0.10874230E-015 -0.10874230E-015 -0.10874230E-015 -0.10874230E-015 -0.10874230E-015 -0.10874230E-015 -0.10874230E-015 -0.10874230E-015 -0.10874230E-015 -0.10874230E-015 -0.10874230E-015 -0.10874230E-015 -0.10874230E-015 -0.10874230E-015 -0.10874230E-015 -0.10874230E-015 -0.10874230E-015 -0.10874230E-015 -0.10874230E-015 -0.10874230E-015 -0.10874230E-015 -0.10874230E-015 -0.10874230E-015 -0.10874230E-015 -0.10874230E-015 -0.10874230E-015 -0.10874230E-015 -0.10874230E-015 -0.10874230E-015 -0.10874230E-015 -0.10874230E-015 -0.10874230E-015 -0.10874230E-015
 -0.21960830E-013 -0.21960830E-013 -0.21960830E-013 -0.21960830E-013 -0.21960830E-013 -0.21960830E-013 -0.21960830E-013 -0.21960830E-013 -0.21960830E-013 -0.21960830E-013 -0.21960830E-013 -0.21960830E-013 -0.21960830E-013 -0.21960830E-013 -0.21960830E-013 -0.21960830E-013 -0.21960830E-013 -0.21960830E-013 -0.21960830E-013 -0.21960830E-013 -0.21960830E-013 -0.21960830E-013 -0.21960830E-013 -0.21960830E-013 -0.21960830E-013 -0.21960830E-013 -0.21960830E-013 -0.21960830E-013 -0.21960830E-013 -0.21960830E-013 -0.21960830E-013 -0.21960830E-013 -0.21960830E-013 -0.21960830E-013 -0.21960830E-013
 -0.36212735E-011 -0.36212735E-011 -0.36212735E-011 -0.36212735E-011 -0.36212735E-011 -0.36212735E-011 -0.36212735E-011 -0.36212735E-011 -0.36212735E-011 -0.36212735E-011 -0.36212735E-011 -0.36212735E-011 -0.36212735E-011 -0.36212735E-011 -0.36212735E-011 -0.36212735E-011 -0.36212735E-011 -0.36212735E-011 -0.36212735E-011 -0.36212735E-011 -0.36212735E-011 -0.36212735E-011 -0.36212735E-011 -0.36212735E-011 -0.36212735E-011 -0.36212735E-011 -0.36212735E-011 -0.36212735E-011 -0.36212735E-011 -0.36212735E-011 -0.36212735E-011 -0.36212735E-011 -0.36212735E-011 -0.36212735E-011 -0.36212735E-011
 -0.48724633E-009 -0.48724633E-009 -0.48724633E-009 -0.48724633E-009 -0.48724633E-009 -0.48724633E-009 -0.48724633E-009 -0.48724633E-009 -0.48724633E-009 -0.48724633E-009 -0.48724633E-009 -0.48724633E-009 -0.48724633E-009 -0.48724633E-009 -0.48724633E-009 -0.48724633E-009 -0.48724633E-009 -0.48724633E-009 -0.48724633E-009 -0.48724633E-009 -0.48724633E-009 -0.48724633E-009 -0.48724633E-009 -0.48724633E-009 -0.48724633E-009 -0.48724633E-009 -0.48724633E-009 -0.48724633E-009 -0.48724633E-009 -0.48724633E-009 -0.48724633E-009 -0.48724633E-009 -0.48724633E-009 -0.48724633E-009 -0.48724633E-009
 -0.53214155E-007 -0.53214155E-007 -0.53214155E-007 -0.53214155E-007 -0.53214155E-007 -0.53214155E-007 -0.53214155E-007 -0.53214155E-007 -0.53214155E-007 -0.53214155E-007 -0.53214155E-007 -0.53214155E-007 -0.53214155E-007 -0.53214155E-007 -0.53214155E-007 -0.53214155E-007 -0.53214155E-007 -0.53214155E-007 -0.53214155E-007 -0.53214155E-007 -0.53214155E-007 -0.53214155E-007 -0.53214155E-007 -0.53214155E-007 -0.53214155E-007 -0.53214155E-007 -0.53214155E-007 -0.53214155E-007 -0.53214155E-007 -0.53214155E-007 -0.53214155E-007 -0.53214155E-007 -0.53214155E-007 -0.53214155E-007 -0.53214155E-007
 -0.46671261E-005 -0.46671261E-005 -0.46671261E-005 -0.46671261E-005 -0.46671261E-005 -0.46671261E-005 -0.46671261E-005 -0.46671261E-005 -0.46671261E-005 -0.46671261E-005 -0.46671261E-005 -0.46671261E-005 -0.46671261E-005 -0.46671261E-005 -0.46671261E-005 -0.46671261E-005 -0.46671261E-005 -0.46671261E-005 -0.46671261E-005 -0.46671261E-005 -0.46671261E-005 -0.46671261E-005 -0.46671261E-005 -0.46671261E-005 -0.46671261E-005 -0.46671261E-005 -0.46671261E-005 -0.46671261E-005 -0.46671261E-005 -0.46671261E-005 -0.46671261E-005 -0.46671261E-005 -0.46671261E-005 -0.46671261E-005 -0.46671261E-005
 -0.32283955E-003 -0.32283955E-003 -0.32283955E-003 -0.32283955E-003 -0.32283955E-003 -0.32283955E-003 -0.32283955E-003 -0.32283955E-003 -0.32283955E-003 -0.32283955E-003 -0.32283955E-003 -0.32283955E-003 -0.32283955E-003 -0.32283955E-003 -0.32283955E-003 -0.32283955E-003 -0.32283955E-003 -0.32283955E-003 -0.32283955E-003 -0.32283955E-003 -0.32283955E-003 -0.32283955E-003 -0.32283955E-003 -0.32283955E-003 -0.32283955E-003 -0.32283955E-003 -0.32283955E-003 -0.32283955E-003 -0.32283955E-003 -0.32283955E-003 -0.32283955E-003 -0.32283955E-003 -0.32283955E-003 -0.32283955E-003 -0.32283955E-003
 -0.17107086E-001 -0.17107086E-001 -0.17107086E-001 -0.17107086E-001 -0.17107086E-001 -0.17107086E-001 -0.17107086E-001 -0.17107086E-001 -0.17107086E-001 -0.17107086E-001 -0.17107086E-001 -0.17107086E-001 -0.17107086E-001 -0.17107086E-001 -0.17107086E-001 -0.17107086E-001 -0.17107086E-001 -0.17107086E-001 -0.17107086E-001 -0.17107086E-001 -0.17107086E-001 -0.17107086E-001 -0.17107086E-001 -0.17107086E-001 -0.17107086E-001 -0.17107086E-001 -0.17107086E-001 -0.17107086E-001 -0.17107086E-001 -0.17107086E-001 -0.17107086E-001 -0.17107086E-001 -0.17107086E-001 -0.17107086E-001 -0.17107086E-001
 -0.66148284E+000 -0.66148284E+000 -0.66148284E+000 -0.66148284E+000 -0.66148284E+000 -0.66148284E+000 -0.66148284E+000 -0.66148284E+000 -0.66148284E+000 -0.66148284E+000 -0.66148284E+000 -0.66148284E+000 -0.66148284E+000 -0.66148284E+000 -0.66148284E+000 -0.66148284E+000 -0.66148284E+000 -0.66148284E+000 -0.66148284E+000 -0.66148284E+000 -0.66148284E+000 -0.66148284E+000 -0.66148284E+000 -0.66148284E+000 -0.66148284E+000 -0.66148284E+000 -0.66148284E+000 -0.66148284E+000 -0.66148284E+000 -0.66148284E+000 -0.66148284E+000 -0.66148284E+000 -0.66148284E+000 -0.66148284E+000 -0.66148284E+000
 -0.17069795E+002 -0.17069795E+002 -0.17069795E+002 -0.17069795E+002 -0.17069795E+002 -0.17069795E+002 -0.17069795E+002 -0.17069795E+002 -0.17069795E+002 -0.17069795E+002 -0.17069795E+002 -0.17069795E+002 -0.17069795E+002 -0.17069795E+002 -0.17069795E+002 -0.17069795E+002 -0.17069795E+002 -0.17069795E+002 -0.17069795E+002 -0.17069795E+002 -0.17069795E+002 -0.17069795E+002 -0.17069795E+002 -0.17069795E+002 -0.17069795E+002 -0.17069795E+002 -0.17069795E+002 -0.17069795E+002 -0.17069795E+002 -0.17069795E+002 -0.17069795E+002 -0.17069795E+002 -0.17069795E+002 -0.17069795E+002 -0.17069795E+002
 -0.23940743E+003 -0.23940741E+003 -0.23940729E+003 -0.23940705E+003 -0.23940666E+003 -0.23940608E+003 -0.23940551E+003 -0.23940511E+003 -0.23940487E+003 -0.23940476E+003 -0.23940474E+003 -0.23940472E+003 -0.23940465E+003 -0.23940445E+003 -0.23940409E+003 -0.23940352E+003 -0.23940268E+003 -0.23940155E+003 -0.23940007E+003 -0.23939820E+003 -0.23939591E+003 -0.23939314E+003 -0.23938987E+003 -0.23938605E+003 -0.23938164E+003 -0.23937661E+003 -0.23937091E+003 -0.23936452E+003 -0.23935738E+003 -0.23934947E+003 -0.23934074E+003 -0.23933117E+003 -0.23932071E+003 -0.23930933E+003 -0.23929699E+003
  0.30673505E+001  0.30673827E+001  0.30675326E+001  0.30678524E+001  0.30683808E+001  0.30704877E+001  0.30719948E+001  0.30730296E+001  0.30736559E+001  0.30739495E+001  0.30740126E+001  0.30740447E+001  0.30742453E+001  0.30747538E+001  0.30756989E+001  0.30772028E+001  0.30791849E+001  0.30818863E+001  0.30854086E+001  0.30898515E+001  0.30953127E+001  0.31018885E+001  0.31096736E+001  0.31187617E+001  0.31292452E+001  0.31412156E+001  0.31547632E+001  0.31699778E+001  0.31869479E+001  0.32057616E+001  0.32265061E+001  0.32492678E+001  0.32741326E+001  0.33011856E+001  0.33305115E+001
  0.37947807E+002  0.37947807E+002  0.37947807E+002  0.37947807E+002  0.37947807E+002  0.37948182E+002  0.37948556E+002  0.37948813E+002  0.37948968E+002  0.37949041E+002  0.37949057E+002  0.37949065E+002  0.37949115E+002  0.37949241E+002  0.37949476E+002  0.37949849E+002 -0.40565854E+000 -0.40571075E+000 -0.40571057E+000 -0.40571035E+000 -0.40571007E+000 -0.40570975E+000 -0.40570936E+000 -0.40570890E+000 -0.40570838E+000 -0.40570779E+000 -0.40570712E+000 -0.40570660E+000 -0.40570601E+000 -0.40570534E+000 -0.40570458E+000 -0.40570371E+000 -0.40570274E+000 -0.40570168E+000 -0.40570053E+000
  0.27037956E+000  0.27037956E+000  0.27037956E+000  0.27037956E+000  0.27037956E+000  0.27037956E+000  0.27037956E+000  0.27037956E+000  0.27037956E+000  0.27037956E+000  0.27037956E+000  0.27037956E+000  0.27037956E+000  0.27037956E+000  0.27037956E+000  0.27037956E+000  0.27037956E+000  0.27037956E+000  0.27037956E+000  0.27037956E+000  0.27037956E+000  0.27037955E+000  0.27037955E+000  0.27037954E+000 -0.72104231E+001 -0.50634164E+000 -0.50634164E+000 -0.55704132E+002 -0.47141912E+002 -0.37461074E+002 -0.26558385E+002 -0.14315326E+002 -0.59741402E+000 -0.59741402E+000 -0.59741402E+000
