  0.00000000E+000  0.00000000E+000  0.00000000E+000  0.00000000E+000  0.00000000E+000  0.00000000E+000  0.00000000E+000  0.00000000E+000  0.00000000E+000  0.00000000E+000  0.00000000E+000  0.00000000E+000  0.00000000E+000  0.00000000E+000  0.00000000E+000  0.00000000E+000  0.00000000E+000  0.00000000E+000  0.00000000E+000  0.00000000E+000  0.00000000E+000  0.00000000E+000  0.00000000E+000  0.00000000E+000  0.00000000E+000  0.00000000E+000  0.00000000E+000  0.00000000E+000  0.00000000E+000  0.00000000E+000  0.00000000E+000  0.00000000E+000  0.00000000E+000  0.00000000E+000  0.00000000E+000
 -0.38923309E-029 -0.38923309E-029 -0.38923309E-029 -0.38923309E-029 -0.38923309E-029 -0.38923309E-029 -0.38923309E-029 -0.38923309E-029 -0.38923309E-029 -0.38923309E-029 -0.38923309E-029 -0.38923309E-029 -0.38923309E-029 -0.38923309E-029 -0.38923309E-029 -0.38923309E-029 -0.38923309E-029 -0.38923309E-029 -0.38923309E-029 -0.38923309E-029 -0.38923309E-029 -0.38923309E-029 -0.38923309E-029 -0.38923309E-029 -0.38923309E-029 -0.38923309E-029 -0.38923309E-029 -0.38923309E-029 -0.38923309E-029 -0.38923309E-029 -0.38923309E-029 -0.38923309E-029 -0.38923309E-029 -0.38923309E-029 -0.38923309E-029
 -0.92443639E-027 -0.92443639E-027 -0.92443639E-027 -0.92443639E-027 -0.92443639E-027 -0.92443639E-027 -0.92443639E-027 -0.92443639E-027 -0.92443639E-027 -0.92443639E-027 -0.92443639E-027 -0.92443639E-027 -0.92443639E-027 -0.92443639E-027 -0.92443639E-027 -0.92443639E-027 -0.92443639E-027 -0.92443639E-027 -0.92443639E-027 -0.92443639E-027 -0.92443639E-027 -0.92443639E-027 -0.92443639E-027 -0.92443639E-027 -0.92443639E-027 -0.92443639E-027 -0.92443639E-027 -0.92443639E-027 -0.92443639E-027 -0.92443639E-027 -0.92443639E-027 -0.92443639E-027 -0.92443639E-027 -0.92443639E-027 -0.92443639E-027
 -0.10482616E-024 -0.10482616E-024 -0.10482616E-024 -0.10482616E-024 -0.10482616E-024 -0.10482616E-024 -0.10482616E-024 -0.10482616E-024 -0.10482616E-024 -0.10482616E-024 -0.10482616E-024 -0.10482616E-024 -0.10482616E-024 -0.10482616E-024 -0.10482616E-024 -0.10482616E-024 -0.10482616E-024 -0.10482616E-024 -0.10482616E-024 -0.10482616E-024 -0.10482616E-024 -0.10482616E-024 -0.10482616E-024 -0.10482616E-024 -0.10482616E-024 -0.10482616E-024 -0.10482616E-024 -0.10482616E-024 -0.10482616E-024 -0.10482616E-024 -0.10482616E-024 -0.10482616E-024 -0.10482616E-024 -0.10482616E-024 -0.10482616E-024
 -0.75493817E-023 -0.75493817E-023 -0.75493817E-023 -0.75493817E-023 -0.75493817E-023 -0.75493817E-023 -0.75493817E-023 -0.75493817E-023 -0.75493817E-023 -0.75493817E-023 -0.75493817E-023 -0.75493817E-023 -0.75493817E-023 -0.75493817E-023 -0.75493817E-023 -0.75493817E-023 -0.75493817E-023 -0.75493817E-023 -0.75493817E-023 -0.75493817E-023 -0.75493817E-023 -0.75493817E-023 -0.75493817E-023 -0.75493817E-023 -0.75493817E-023 -0.75493817E-023 -0.75493817E-023 -0.75493817E-023 -0.75493817E-023 -0.75493817E-023 -0.75493817E-023 -0.75493817E-023 -0.75493817E-023 -0.75493817E-023 -0.75493817E-023
 -0.38747688E-021 -0.38747688E-021 -0.38747688E-021 -0.38747688E-021 -0.38747688E-021 -0.38747688E-021 -0.38747688E-021 -0.38747688E-021 -0.38747688E-021 -0.38747688E-021 -0.38747688E-021 -0.38747688E-021 -0.38747688E-021 -0.38747688E-021 -0.38747688E-021 -0.38747688E-021 -0.38747688E-021 -0.38747688E-021 -0.38747688E-021 -0.38747688E-021 -0.38747688E-021 -0.38747688E-021 -0.38747688E-021 -0.38747688E-021 -0.38747688E-021 -0.38747688E-021 -0.38747688E-021 -0.38747688E-021 -0.38747688E-021 -0.38747688E-021 -0.38747688E-021 -0.38747688E-021 -0.38747688E-021 -0.38747688E-021 -0.38747688E-021
 -0.15076042E-019 -0.15076042E-019 -0.15076042E-019 -0.15076042E-019 -0.15076042E-019 -0.15076042E-019 -0.15076042E-019 -0.15076042E-019 -0.15076042E-019 -0.15076042E-019 -0.15076042E-019 -0.15076042E-019 -0.15076042E-019 -0.15076042E-019 -0.15076042E-019 -0.15076042E-019 -0.15076042E-019 -0.15076042E-019 -0.15076042E-019 -0.15076042E-019 -0.15076042E-019 -0.15076042E-019 -0.15076042E-019 -0.15076042E-019 -0.15076042E-019 -0.15076042E-019 -0.15076042E-019 -0.15076042E-019 -0.15076042E-019 -0.15076042E-019 -0.15076042E-019 -0.15076042E-019 -0.15076042E-019 -0.15076042E-019 -0.15076042E-019
 -0.46177670E-018 -0.46177670E-018 -0.46177670E-018 -0.46177670E-018 -0.46177670E-018 -0.46177670E-018 -0.46177670E-018 -0.46177670E-018 -0.46177670E-018 -0.46177670E-018 -0.46177670E-018 -0.46177670E-018 -0.46177670E-018 -0.46177670E-018 -0.46177670E-018 -0.46177670E-018 -0.46177670E-018 -0.46177670E-018 -0.46177670E-018 -0.46177670E-018 -0.46177670E-018 -0.46177670E-018 -0.46177670E-018 -0.46177670E-018 -0.46177670E-018 -0.46177670E-018 -0.46177670E-018 -0.46177670E-018 -0.46177670E-018 -0.46177670E-018 -0.46177670E-018 -0.46177670E-018 -0.46177670E-018 -0.46177670E-018 -0.46177670E-018
 -0.11414288E-016 -0.11414288E-016 -0.11414288E-016 -0.11414288E-016 -0.11414288E-016 -0.11414288E-016 -0.11414288E-016 -0.11414288E-016 -0.11414288E-016 -0.11414288E-016 -0.11414288E-016 -0.11414288E-016 -0.11414288E-016 -0.11414288E-016 -0.11414288E-016 -0.11414288E-016 -0.11414288E-016 -0.11414288E-016 -0.11414288E-016 -0.11414288E-016 -0.11414288E-016 -0.11414288E-016 -0.11414288E-016 -0.11414288E-016 -0.11414288E-016 -0.11414288E-016 -0.11414288E-016 -0.11414288E-016 -0.11414288E-016 -0.11414288E-016 -0.11414288E-016 -0.11414288E-016 -0.11414288E-016 -0.11414288E-016 -0.11414288E-016
 -0.23156844E-015 -0.23156844E-015 -0.23156844E-015 -0.23156844E-015 -0.23156844E-015 -0.23156844E-015 -0.23156844E-015 -0.23156844E-015 -0.23156844E-015 -0.23156844E-015 -0.23156844E-015 -0.23156844E-015 -0.23156844E-015 -0.23156844E-015 -0.23156844E-015 -0.23156844E-015 -0.23156844E-015 -0.23156844E-015 -0.23156844E-015 -0.23156844E-015 -0.23156844E-015 -0.23156844E-015 -0.23156844E-015 -0.23156844E-015 -0.23156844E-015 -0.23156844E-015 -0.23156844E-015 -0.23156844E-015 -0.23156844E-015 -0.23156844E-015 -0.23156844E-015 -0.23156844E-015 -0.23156844E-015 -0.23156844E-015 -0.23156844E-015
 -0.33871564E-013 -0.33871564E-013 -0.33871564E-013 -0.33871564E-013 -0.33871564E-013 -0.33871564E-013 -0.33871564E-013 -0.33871564E-013 -0.33871564E-013 -0.33871564E-013 -0.33871564E-013 -0.33871564E-013 -0.33871564E-013 -0.33871564E-013 -0.33871564E-013 -0.33871564E-013 -0.33871564E-013 -0.33871564E-013 -0.33871564E-013 -0.33871564E-013 -0.33871564E-013 -0.33871564E-013 -0.33871564E-013 -0.33871564E-013 -0.33871564E-013 -0.33871564E-013 -0.33871564E-013 -0.33871564E-013 -0.33871564E-013 -0.33871564E-013 -0.33871564E-013 -0.33871564E-013 -0.33871564E-013 -0.33871564E-013 -0.33871564E-013
 -0.39536913E-011 -0.39536913E-011 -0.39536913E-011 -0.39536913E-011 -0.39536913E-011 -0.39536913E-011 -0.39536913E-011 -0.39536913E-011 -0.39536913E-011 -0.39536913E-011 -0.39536913E-011 -0.39536913E-011 -0.39536913E-011 -0.39536913E-011 -0.39536913E-011 -0.39536913E-011 -0.39536913E-011 -0.39536913E-011 -0.39536913E-011 -0.39536913E-011 -0.39536913E-011 -0.39536913E-011 -0.39536913E-011 -0.39536913E-011 -0.39536913E-011 -0.39536913E-011 -0.39536913E-011 -0.39536913E-011 -0.39536913E-011 -0.39536913E-011 -0.39536913E-011 -0.39536913E-011 -0.39536913E-011 -0.39536913E-011 -0.39536913E-011
 -0.37074315E-009 -0.37074315E-009 -0.37074315E-009 -0.37074315E-009 -0.37074315E-009 -0.37074315E-009 -0.37074315E-009 -0.37074315E-009 -0.37074315E-009 -0.37074315E-009 -0.37074315E-009 -0.37074315E-009 -0.37074315E-009 -0.37074315E-009 -0.37074315E-009 -0.37074315E-009 -0.37074315E-009 -0.37074315E-009 -0.37074315E-009 -0.37074315E-009 -0.37074315E-009 -0.37074315E-009 -0.37074315E-009 -0.37074315E-009 -0.37074315E-009 -0.37074315E-009 -0.37074315E-009 -0.37074315E-009 -0.37074315E-009 -0.37074315E-009 -0.37074315E-009 -0.37074315E-009 -0.37074315E-009 -0.37074315E-009 -0.37074315E-009
 -0.27964945E-007 -0.27964945E-007 -0.27964945E-007 -0.27964945E-007 -0.27964945E-007 -0.27964945E-007 -0.27964945E-007 -0.27964945E-007 -0.27964945E-007 -0.27964945E-007 -0.27964945E-007 -0.27964945E-007 -0.27964945E-007 -0.27964945E-007 -0.27964945E-007 -0.27964945E-007 -0.27964945E-007 -0.27964945E-007 -0.27964945E-007 -0.27964945E-007 -0.27964945E-007 -0.27964945E-007 -0.27964945E-007 -0.27964945E-007 -0.27964945E-007 -0.27964945E-007 -0.27964945E-007 -0.27964945E-007 -0.27964945E-007 -0.27964945E-007 -0.27964945E-007 -0.27964945E-007 -0.27964945E-007 -0.27964945E-007 -0.27964945E-007
 -0.16900029E-005 -0.16900029E-005 -0.16900029E-005 -0.16900029E-005 -0.16900029E-005 -0.16900029E-005 -0.16900029E-005 -0.16900029E-005 -0.16900029E-005 -0.16900029E-005 -0.16900029E-005 -0.16900029E-005 -0.16900029E-005 -0.16900029E-005 -0.16900029E-005 -0.16900029E-005 -0.16900029E-005 -0.16900029E-005 -0.16900029E-005 -0.16900029E-005 -0.16900029E-005 -0.16900029E-005 -0.16900029E-005 -0.16900029E-005 -0.16900029E-005 -0.16900029E-005 -0.16900029E-005 -0.16900029E-005 -0.16900029E-005 -0.16900029E-005 -0.16900029E-005 -0.16900029E-005 -0.16900029E-005 -0.16900029E-005 -0.16900029E-005
 -0.81008851E-004 -0.81008851E-004 -0.81008851E-004 -0.81008851E-004 -0.81008851E-004 -0.81008851E-004 -0.81008851E-004 -0.81008851E-004 -0.81008851E-004 -0.81008851E-004 -0.81008851E-004 -0.81008851E-004 -0.81008851E-004 -0.81008851E-004 -0.81008851E-004 -0.81008851E-004 -0.81008851E-004 -0.81008851E-004 -0.81008851E-004 -0.81008851E-004 -0.81008851E-004 -0.81008851E-004 -0.81008851E-004 -0.81008851E-004 -0.81008851E-004 -0.81008851E-004 -0.81008851E-004 -0.81008851E-004 -0.81008851E-004 -0.81008851E-004 -0.81008851E-004 -0.81008851E-004 -0.81008851E-004 -0.81008851E-004 -0.81008851E-004
 -0.30254197E-002 -0.30254197E-002 -0.30254197E-002 -0.30254197E-002 -0.30254197E-002 -0.30254197E-002 -0.30254197E-002 -0.30254197E-002 -0.30254197E-002 -0.30254197E-002 -0.30254197E-002 -0.30254197E-002 -0.30254197E-002 -0.30254197E-002 -0.30254197E-002 -0.30254197E-002 -0.30254197E-002 -0.30254197E-002 -0.30254197E-002 -0.30254197E-002 -0.30254197E-002 -0.30254197E-002 -0.30254197E-002 -0.30254197E-002 -0.30254197E-002 -0.30254197E-002 -0.30254197E-002 -0.30254197E-002 -0.30254197E-002 -0.30254197E-002 -0.30254197E-002 -0.30254197E-002 -0.30254197E-002 -0.30254197E-002 -0.30254197E-002
 -0.85481753E-001 -0.85481753E-001 -0.85481753E-001 -0.85481753E-001 -0.85481753E-001 -0.85481753E-001 -0.85481753E-001 -0.85481753E-001 -0.85481753E-001 -0.85481753E-001 -0.85481753E-001 -0.85481753E-001 -0.85481753E-001 -0.85481753E-001 -0.85481753E-001 -0.85481753E-001 -0.85481753E-001 -0.85481753E-001 -0.85481753E-001 -0.85481753E-001 -0.85481753E-001 -0.85481753E-001 -0.85481753E-001 -0.85481753E-001 -0.85481753E-001 -0.85481753E-001 -0.85481753E-001 -0.85481753E-001 -0.85481753E-001 -0.85481753E-001 -0.85481753E-001 -0.85481753E-001 -0.85481753E-001 -0.85481753E-001 -0.85481753E-001
 -0.17407139E+001 -0.17407139E+001 -0.17407139E+001 -0.17407139E+001 -0.17407139E+001 -0.17407139E+001 -0.17407139E+001 -0.17407139E+001 -0.17407139E+001 -0.17407139E+001 -0.17407139E+001 -0.17407139E+001 -0.17407139E+001 -0.17407139E+001 -0.17407139E+001 -0.17407139E+001 -0.17407139E+001 -0.17407139E+001 -0.17407139E+001 -0.17407139E+001 -0.17407139E+001 -0.17407139E+001 -0.17407139E+001 -0.17407139E+001 -0.17407139E+001 -0.17407139E+001 -0.17407139E+001 -0.17407139E+001 -0.17407139E+001 -0.17407139E+001 -0.17407139E+001 -0.17407139E+001 -0.17407139E+001 -0.17407139E+001 -0.17407139E+001
 -0.23493689E+002 -0.23493689E+002 -0.23493689E+002 -0.23493689E+002 -0.23493689E+002 -0.23493689E+002 -0.23493689E+002 -0.23493689E+002 -0.23493689E+002 -0.23493689E+002 -0.23493689E+002 -0.23493689E+002 -0.23493689E+002 -0.23493689E+002 -0.23493689E+002 -0.23493689E+002 -0.23493689E+002 -0.23493689E+002 -0.23493689E+002 -0.23493689E+002 -0.23493689E+002 -0.23493689E+002 -0.23493689E+002 -0.23493689E+002 -0.23493689E+002 -0.23493689E+002 -0.23493689E+002 -0.23493689E+002 -0.23493689E+002 -0.23493689E+002 -0.23493689E+002 -0.23493689E+002 -0.23493689E+002 -0.23493689E+002 -0.23493689E+002
 -0.18128317E+003 -0.18128314E+003 -0.18128314E+003 -0.18128314E+003 -0.18128314E+003 -0.18128313E+003 -0.18128313E+003 -0.18128313E+003 -0.18128313E+003 -0.18128313E+003 -0.18128313E+003 -0.18128313E+003 -0.18128313E+003 -0.18128313E+003 -0.18128313E+003 -0.18128313E+003 -0.18128313E+003 -0.18128313E+003 -0.18128313E+003 -0.18128313E+003 -0.18128313E+003 -0.18128313E+003 -0.18128313E+003 -0.18128313E+003 -0.18128313E+003 -0.18128313E+003 -0.18128313E+003 -0.18128313E+003 -0.18128313E+003 -0.18128313E+003 -0.18128312E+003 -0.18128312E+003 -0.18128312E+003 -0.18128312E+003 -0.18128312E+003
  0.98165795E+002  0.98165803E+002  0.98165839E+002  0.98165916E+002  0.98166094E+002  0.98166279E+002  0.98166464E+002  0.98166591E+002  0.98166668E+002  0.98166705E+002  0.98166712E+002  0.98166716E+002  0.98166741E+002  0.98166803E+002  0.98166920E+002  0.98167104E+002  0.98167372E+002  0.98167738E+002  0.98168214E+002  0.98168214E+002  0.98168214E+002  0.98169104E+002  0.98170156E+002  0.98171386E+002  0.98171386E+002  0.98171386E+002  0.98171386E+002  0.98171386E+002  0.98171386E+002  0.98171386E+002  0.98171386E+002  0.98171386E+002  0.98174682E+002  0.98174682E+002  0.55616163E+003
 -0.26330308E+002 -0.26330297E+002 -0.26330250E+002 -0.26330151E+002 -0.26329986E+002 -0.26329749E+002 -0.26329513E+002 -0.26329351E+002 -0.26329253E+002 -0.26329207E+002 -0.26329193E+002 -0.26329186E+002 -0.26329142E+002 -0.26329031E+002 -0.26328824E+002 -0.26328494E+002 -0.26328016E+002 -0.26327365E+002 -0.26326515E+002 -0.26325443E+002 -0.26324126E+002 -0.26322540E+002 -0.26320661E+002 -0.26318468E+002 -0.26315937E+002 -0.26313047E+002 -0.26309776E+002 -0.26306102E+002 -0.29830307E+002 -0.29827018E+002 -0.29823390E+002 -0.29819409E+002 -0.29815059E+002 -0.29810324E+002 -0.29805191E+002
 -0.14734965E+003 -0.14734965E+003 -0.15411437E+003 -0.15471652E+003 -0.15578334E+003 -0.15750673E+003 -0.15953400E+003 -0.15955632E+003 -0.15955430E+003 -0.15955771E+003 -0.15954406E+003 -0.15954406E+003 -0.15954406E+003 -0.15940687E+003 -0.15940559E+003 -0.15940356E+003 -0.15940061E+003 -0.15939659E+003 -0.15938637E+003 -0.15937346E+003 -0.15935130E+003 -0.15932521E+003 -0.15929414E+003 -0.15925767E+003 -0.15921539E+003 -0.15916018E+003 -0.15914840E+003 -0.15913409E+003 -0.15911792E+003 -0.15909264E+003 -0.15903780E+003 -0.15897835E+003 -0.15891562E+003 -0.15886447E+003 -0.15880929E+003
 -0.26064349E+001 -0.25644257E+001 -0.23687804E+001 -0.23687804E+001 -0.35051048E+001 -0.24897160E+001 -0.36193937E+001 -0.29181096E+001 -0.24931804E+001 -0.24931804E+001 -0.24931804E+001 -0.24931804E+001 -0.24931804E+001 -0.71631274E+001 -0.65272226E+001 -0.60803809E+001 -0.60752588E+001 -0.67953261E+001 -0.61063962E+001 -0.52888077E+001 -0.42611349E+001 -0.18411767E+002 -0.14564947E+002 -0.11210288E+002 -0.78636158E+001  0.84805040E+002  0.87262349E+002  0.14765186E+003  0.15765561E+003  0.16421024E+003  0.16956085E+003  0.15956294E+003  0.13191633E+003 -0.64750641E+002 -0.67491219E+002
