  0.00000000E+000  0.00000000E+000  0.00000000E+000  0.00000000E+000  0.00000000E+000  0.00000000E+000  0.00000000E+000  0.00000000E+000  0.00000000E+000  0.00000000E+000  0.00000000E+000  0.00000000E+000  0.00000000E+000  0.00000000E+000  0.00000000E+000  0.00000000E+000  0.00000000E+000  0.00000000E+000  0.00000000E+000  0.00000000E+000  0.00000000E+000  0.00000000E+000  0.00000000E+000  0.00000000E+000  0.00000000E+000  0.00000000E+000  0.00000000E+000  0.00000000E+000  0.00000000E+000  0.00000000E+000  0.00000000E+000  0.00000000E+000  0.00000000E+000  0.00000000E+000  0.00000000E+000
 -0.23474298E-040 -0.23474298E-040 -0.23474298E-040 -0.23474298E-040 -0.23474298E-040 -0.23474298E-040 -0.23474298E-040 -0.23474298E-040 -0.23474298E-040 -0.23474298E-040 -0.23474298E-040 -0.23474298E-040 -0.23474298E-040 -0.23474298E-040 -0.23474298E-040 -0.23474298E-040 -0.23474298E-040 -0.23474298E-040 -0.23474298E-040 -0.23474298E-040 -0.23474298E-040 -0.23474298E-040 -0.23474298E-040 -0.23474298E-040 -0.23474298E-040 -0.23474298E-040 -0.23474298E-040 -0.23474298E-040 -0.23474298E-040 -0.23474298E-040 -0.23474298E-040 -0.23474298E-040 -0.23474298E-040 -0.23474298E-040 -0.23474298E-040
 -0.19845881E-037 -0.19845881E-037 -0.19845881E-037 -0.19845881E-037 -0.19845881E-037 -0.19845881E-037 -0.19845881E-037 -0.19845881E-037 -0.19845881E-037 -0.19845881E-037 -0.19845881E-037 -0.19845881E-037 -0.19845881E-037 -0.19845881E-037 -0.19845881E-037 -0.19845881E-037 -0.19845881E-037 -0.19845881E-037 -0.19845881E-037 -0.19845881E-037 -0.19845881E-037 -0.19845881E-037 -0.19845881E-037 -0.19845881E-037 -0.19845881E-037 -0.19845881E-037 -0.19845881E-037 -0.19845881E-037 -0.19845881E-037 -0.19845881E-037 -0.19845881E-037 -0.19845881E-037 -0.19845881E-037 -0.19845881E-037 -0.19845881E-037
 -0.80431751E-035 -0.80431751E-035 -0.80431751E-035 -0.80431751E-035 -0.80431751E-035 -0.80431751E-035 -0.80431751E-035 -0.80431751E-035 -0.80431751E-035 -0.80431751E-035 -0.80431751E-035 -0.80431751E-035 -0.80431751E-035 -0.80431751E-035 -0.80431751E-035 -0.80431751E-035 -0.80431751E-035 -0.80431751E-035 -0.80431751E-035 -0.80431751E-035 -0.80431751E-035 -0.80431751E-035 -0.80431751E-035 -0.80431751E-035 -0.80431751E-035 -0.80431751E-035 -0.80431751E-035 -0.80431751E-035 -0.80431751E-035 -0.80431751E-035 -0.80431751E-035 -0.80431751E-035 -0.80431751E-035 -0.80431751E-035 -0.80431751E-035
 -0.20781114E-032 -0.20781114E-032 -0.20781114E-032 -0.20781114E-032 -0.20781114E-032 -0.20781114E-032 -0.20781114E-032 -0.20781114E-032 -0.20781114E-032 -0.20781114E-032 -0.20781114E-032 -0.20781114E-032 -0.20781114E-032 -0.20781114E-032 -0.20781114E-032 -0.20781114E-032 -0.20781114E-032 -0.20781114E-032 -0.20781114E-032 -0.20781114E-032 -0.20781114E-032 -0.20781114E-032 -0.20781114E-032 -0.20781114E-032 -0.20781114E-032 -0.20781114E-032 -0.20781114E-032 -0.20781114E-032 -0.20781114E-032 -0.20781114E-032 -0.20781114E-032 -0.20781114E-032 -0.20781114E-032 -0.20781114E-032 -0.20781114E-032
 -0.38395920E-030 -0.38395920E-030 -0.38395920E-030 -0.38395920E-030 -0.38395920E-030 -0.38395920E-030 -0.38395920E-030 -0.38395920E-030 -0.38395920E-030 -0.38395920E-030 -0.38395920E-030 -0.38395920E-030 -0.38395920E-030 -0.38395920E-030 -0.38395920E-030 -0.38395920E-030 -0.38395920E-030 -0.38395920E-030 -0.38395920E-030 -0.38395920E-030 -0.38395920E-030 -0.38395920E-030 -0.38395920E-030 -0.38395920E-030 -0.38395920E-030 -0.38395920E-030 -0.38395920E-030 -0.38395920E-030 -0.38395920E-030 -0.38395920E-030 -0.38395920E-030 -0.38395920E-030 -0.38395920E-030 -0.38395920E-030 -0.38395920E-030
 -0.53937812E-028 -0.53937812E-028 -0.53937812E-028 -0.53937812E-028 -0.53937812E-028 -0.53937812E-028 -0.53937812E-028 -0.53937812E-028 -0.53937812E-028 -0.53937812E-028 -0.53937812E-028 -0.53937812E-028 -0.53937812E-028 -0.53937812E-028 -0.53937812E-028 -0.53937812E-028 -0.53937812E-028 -0.53937812E-028 -0.53937812E-028 -0.53937812E-028 -0.53937812E-028 -0.53937812E-028 -0.53937812E-028 -0.53937812E-028 -0.53937812E-028 -0.53937812E-028 -0.53937812E-028 -0.53937812E-028 -0.53937812E-028 -0.53937812E-028 -0.53937812E-028 -0.53937812E-028 -0.53937812E-028 -0.53937812E-028 -0.53937812E-028
 -0.59790652E-026 -0.59790652E-026 -0.59790652E-026 -0.59790652E-026 -0.59790652E-026 -0.59790652E-026 -0.59790652E-026 -0.59790652E-026 -0.59790652E-026 -0.59790652E-026 -0.59790652E-026 -0.59790652E-026 -0.59790652E-026 -0.59790652E-026 -0.59790652E-026 -0.59790652E-026 -0.59790652E-026 -0.59790652E-026 -0.59790652E-026 -0.59790652E-026 -0.59790652E-026 -0.59790652E-026 -0.59790652E-026 -0.59790652E-026 -0.59790652E-026 -0.59790652E-026 -0.59790652E-026 -0.59790652E-026 -0.59790652E-026 -0.59790652E-026 -0.59790652E-026 -0.59790652E-026 -0.59790652E-026 -0.59790652E-026 -0.59790652E-026
 -0.53572104E-024 -0.53572104E-024 -0.53572104E-024 -0.53572104E-024 -0.53572104E-024 -0.53572104E-024 -0.53572104E-024 -0.53572104E-024 -0.53572104E-024 -0.53572104E-024 -0.53572104E-024 -0.53572104E-024 -0.53572104E-024 -0.53572104E-024 -0.53572104E-024 -0.53572104E-024 -0.53572104E-024 -0.53572104E-024 -0.53572104E-024 -0.53572104E-024 -0.53572104E-024 -0.53572104E-024 -0.53572104E-024 -0.53572104E-024 -0.53572104E-024 -0.53572104E-024 -0.53572104E-024 -0.53572104E-024 -0.53572104E-024 -0.53572104E-024 -0.53572104E-024 -0.53572104E-024 -0.53572104E-024 -0.53572104E-024 -0.53572104E-024
 -0.39419252E-022 -0.39419252E-022 -0.39419252E-022 -0.39419252E-022 -0.39419252E-022 -0.39419252E-022 -0.39419252E-022 -0.39419252E-022 -0.39419252E-022 -0.39419252E-022 -0.39419252E-022 -0.39419252E-022 -0.39419252E-022 -0.39419252E-022 -0.39419252E-022 -0.39419252E-022 -0.39419252E-022 -0.39419252E-022 -0.39419252E-022 -0.39419252E-022 -0.39419252E-022 -0.39419252E-022 -0.39419252E-022 -0.39419252E-022 -0.39419252E-022 -0.39419252E-022 -0.39419252E-022 -0.39419252E-022 -0.39419252E-022 -0.39419252E-022 -0.39419252E-022 -0.39419252E-022 -0.39419252E-022 -0.39419252E-022 -0.39419252E-022
 -0.21740803E-019 -0.21740803E-019 -0.21740803E-019 -0.21740803E-019 -0.21740803E-019 -0.21740803E-019 -0.21740803E-019 -0.21740803E-019 -0.21740803E-019 -0.21740803E-019 -0.21740803E-019 -0.21740803E-019 -0.21740803E-019 -0.21740803E-019 -0.21740803E-019 -0.21740803E-019 -0.21740803E-019 -0.21740803E-019 -0.21740803E-019 -0.21740803E-019 -0.21740803E-019 -0.21740803E-019 -0.21740803E-019 -0.21740803E-019 -0.21740803E-019 -0.21740803E-019 -0.21740803E-019 -0.21740803E-019 -0.21740803E-019 -0.21740803E-019 -0.21740803E-019 -0.21740803E-019 -0.21740803E-019 -0.21740803E-019 -0.21740803E-019
 -0.96541471E-017 -0.96541471E-017 -0.96541471E-017 -0.96541471E-017 -0.96541471E-017 -0.96541471E-017 -0.96541471E-017 -0.96541471E-017 -0.96541471E-017 -0.96541471E-017 -0.96541471E-017 -0.96541471E-017 -0.96541471E-017 -0.96541471E-017 -0.96541471E-017 -0.96541471E-017 -0.96541471E-017 -0.96541471E-017 -0.96541471E-017 -0.96541471E-017 -0.96541471E-017 -0.96541471E-017 -0.96541471E-017 -0.96541471E-017 -0.96541471E-017 -0.96541471E-017 -0.96541471E-017 -0.96541471E-017 -0.96541471E-017 -0.96541471E-017 -0.96541471E-017 -0.96541471E-017 -0.96541471E-017 -0.96541471E-017 -0.96541471E-017
 -0.34769367E-014 -0.34769367E-014 -0.34769367E-014 -0.34769367E-014 -0.34769367E-014 -0.34769367E-014 -0.34769367E-014 -0.34769367E-014 -0.34769367E-014 -0.34769367E-014 -0.34769367E-014 -0.34769367E-014 -0.34769367E-014 -0.34769367E-014 -0.34769367E-014 -0.34769367E-014 -0.34769367E-014 -0.34769367E-014 -0.34769367E-014 -0.34769367E-014 -0.34769367E-014 -0.34769367E-014 -0.34769367E-014 -0.34769367E-014 -0.34769367E-014 -0.34769367E-014 -0.34769367E-014 -0.34769367E-014 -0.34769367E-014 -0.34769367E-014 -0.34769367E-014 -0.34769367E-014 -0.34769367E-014 -0.34769367E-014 -0.34769367E-014
 -0.10178096E-011 -0.10178096E-011 -0.10178096E-011 -0.10178096E-011 -0.10178096E-011 -0.10178096E-011 -0.10178096E-011 -0.10178096E-011 -0.10178096E-011 -0.10178096E-011 -0.10178096E-011 -0.10178096E-011 -0.10178096E-011 -0.10178096E-011 -0.10178096E-011 -0.10178096E-011 -0.10178096E-011 -0.10178096E-011 -0.10178096E-011 -0.10178096E-011 -0.10178096E-011 -0.10178096E-011 -0.10178096E-011 -0.10178096E-011 -0.10178096E-011 -0.10178096E-011 -0.10178096E-011 -0.10178096E-011 -0.10178096E-011 -0.10178096E-011 -0.10178096E-011 -0.10178096E-011 -0.10178096E-011 -0.10178096E-011 -0.10178096E-011
 -0.24148949E-009 -0.24148949E-009 -0.24148949E-009 -0.24148949E-009 -0.24148949E-009 -0.24148949E-009 -0.24148949E-009 -0.24148949E-009 -0.24148949E-009 -0.24148949E-009 -0.24148949E-009 -0.24148949E-009 -0.24148949E-009 -0.24148949E-009 -0.24148949E-009 -0.24148949E-009 -0.24148949E-009 -0.24148949E-009 -0.24148949E-009 -0.24148949E-009 -0.24148949E-009 -0.24148949E-009 -0.24148949E-009 -0.24148949E-009 -0.24148949E-009 -0.24148949E-009 -0.24148949E-009 -0.24148949E-009 -0.24148949E-009 -0.24148949E-009 -0.24148949E-009 -0.24148949E-009 -0.24148949E-009 -0.24148949E-009 -0.24148949E-009
 -0.46052838E-007 -0.46052838E-007 -0.46052838E-007 -0.46052838E-007 -0.46052838E-007 -0.46052838E-007 -0.46052838E-007 -0.46052838E-007 -0.46052838E-007 -0.46052838E-007 -0.46052838E-007 -0.46052838E-007 -0.46052838E-007 -0.46052838E-007 -0.46052838E-007 -0.46052838E-007 -0.46052838E-007 -0.46052838E-007 -0.46052838E-007 -0.46052838E-007 -0.46052838E-007 -0.46052838E-007 -0.46052838E-007 -0.46052838E-007 -0.46052838E-007 -0.46052838E-007 -0.46052838E-007 -0.46052838E-007 -0.46052838E-007 -0.46052838E-007 -0.46052838E-007 -0.46052838E-007 -0.46052838E-007 -0.46052838E-007 -0.46052838E-007
 -0.69508877E-005 -0.69508877E-005 -0.69508877E-005 -0.69508877E-005 -0.69508877E-005 -0.69508877E-005 -0.69508877E-005 -0.69508877E-005 -0.69508877E-005 -0.69508877E-005 -0.69508877E-005 -0.69508877E-005 -0.69508877E-005 -0.69508877E-005 -0.69508877E-005 -0.69508877E-005 -0.69508877E-005 -0.69508877E-005 -0.69508877E-005 -0.69508877E-005 -0.69508877E-005 -0.69508877E-005 -0.69508877E-005 -0.69508877E-005 -0.69508877E-005 -0.69508877E-005 -0.69508877E-005 -0.69508877E-005 -0.69508877E-005 -0.69508877E-005 -0.69508877E-005 -0.69508877E-005 -0.69508877E-005 -0.69508877E-005 -0.69508877E-005
 -0.80924081E-003 -0.80924081E-003 -0.80924081E-003 -0.80924081E-003 -0.80924081E-003 -0.80924081E-003 -0.80924081E-003 -0.80924081E-003 -0.80924081E-003 -0.80924081E-003 -0.80924081E-003 -0.80924081E-003 -0.80924081E-003 -0.80924081E-003 -0.80924081E-003 -0.80924081E-003 -0.80924081E-003 -0.80924081E-003 -0.80924081E-003 -0.80924081E-003 -0.80924081E-003 -0.80924081E-003 -0.80924081E-003 -0.80924081E-003 -0.80924081E-003 -0.80924081E-003 -0.80924081E-003 -0.80924081E-003 -0.80924081E-003 -0.80924081E-003 -0.80924081E-003 -0.80924081E-003 -0.80924081E-003 -0.80924081E-003 -0.80924081E-003
 -0.69612562E-001 -0.69612562E-001 -0.69612562E-001 -0.69612562E-001 -0.69612562E-001 -0.69612562E-001 -0.69612562E-001 -0.69612562E-001 -0.69612562E-001 -0.69612562E-001 -0.69612562E-001 -0.69612562E-001 -0.69612562E-001 -0.69612562E-001 -0.69612562E-001 -0.69612562E-001 -0.69612562E-001 -0.69612562E-001 -0.69612562E-001 -0.69612562E-001 -0.69612562E-001 -0.69612562E-001 -0.69612562E-001 -0.69612562E-001 -0.69612562E-001 -0.69612562E-001 -0.69612562E-001 -0.69612562E-001 -0.69612562E-001 -0.69612562E-001 -0.69612562E-001 -0.69612562E-001 -0.69612562E-001 -0.69612562E-001 -0.69612562E-001
 -0.40935731E+001 -0.40935731E+001 -0.40935731E+001 -0.40935731E+001 -0.40935731E+001 -0.40935731E+001 -0.40935731E+001 -0.40935731E+001 -0.40935731E+001 -0.40935731E+001 -0.40935731E+001 -0.40935731E+001 -0.40935731E+001 -0.40935731E+001 -0.40935731E+001 -0.40935731E+001 -0.40935731E+001 -0.40935731E+001 -0.40935731E+001 -0.40935731E+001 -0.40935731E+001 -0.40935731E+001 -0.40935731E+001 -0.40935731E+001 -0.40935731E+001 -0.40935731E+001 -0.40935731E+001 -0.40935731E+001 -0.40935731E+001 -0.40935731E+001 -0.40935731E+001 -0.40935731E+001 -0.40935731E+001 -0.40935731E+001 -0.40935731E+001
 -0.13876087E+003 -0.13876084E+003 -0.13876084E+003 -0.13876084E+003 -0.13876084E+003 -0.13876084E+003 -0.13876084E+003 -0.13876084E+003 -0.13876084E+003 -0.13876084E+003 -0.13876084E+003 -0.13876084E+003 -0.13876084E+003 -0.13876084E+003 -0.13876084E+003 -0.13876084E+003 -0.13876084E+003 -0.13876084E+003 -0.13876084E+003 -0.13876084E+003 -0.13876084E+003 -0.13876084E+003 -0.13876084E+003 -0.13876084E+003 -0.13876084E+003 -0.13876084E+003 -0.13876084E+003 -0.13876083E+003 -0.13876083E+003 -0.13876083E+003 -0.13876083E+003 -0.13876082E+003 -0.13876082E+003 -0.13876082E+003 -0.13876081E+003
  0.75875780E+001  0.75875910E+001  0.75876513E+001  0.75877800E+001  0.75880778E+001  0.75883875E+001  0.75886971E+001  0.75889098E+001  0.75890384E+001  0.75890988E+001  0.75891117E+001  0.75891183E+001  0.75891595E+001  0.75892640E+001  0.75894582E+001  0.75897672E+001  0.75902153E+001  0.75908260E+001  0.75916222E+001  0.75916222E+001  0.75916222E+001  0.75931089E+001  0.75948690E+001  0.75969237E+001  0.75969237E+001  0.75969237E+001  0.75969237E+001  0.75969237E+001  0.75969237E+001  0.75969237E+001  0.75969237E+001  0.75969237E+001  0.76025457E+001  0.76025457E+001  0.46558949E+003
  0.24723867E-002  0.24874313E-002  0.25574873E-002  0.27068911E-002  0.29537617E-002  0.33132732E-002  0.36727263E-002  0.39195372E-002  0.40688978E-002  0.41389286E-002  0.41599947E-002  0.41707257E-002  0.42377491E-002  0.44076638E-002  0.47234345E-002  0.52259443E-002  0.59546090E-002  0.69477183E-002  0.82426661E-002  0.98760871E-002  0.11883996E-001  0.14301840E-001  0.17164575E-001  0.20506728E-001  0.24362445E-001  0.28765510E-001  0.33748976E-001  0.39345861E-001 -0.97372586E-001 -0.92429437E-001 -0.86978323E-001 -0.80996296E-001 -0.74460575E-001 -0.67348515E-001 -0.59637557E-001
 -0.24301143E+000 -0.24301143E+000 -0.26615435E+000 -0.27543778E+000 -0.29489484E+000 -0.32638518E+000 -0.38879159E+000 -0.38728138E+000 -0.38571149E+000 -0.40335347E+000 -0.38452435E+000 -0.38452435E+000 -0.38452435E+000 -0.34663500E+000 -0.34566285E+000 -0.34411473E+000 -0.34186978E+000 -0.33881199E+000 -0.33102669E+000 -0.32119368E+000 -0.30432386E+000 -0.28437601E+000 -0.26061689E+000 -0.23273580E+000 -0.20040670E+000 -0.16352463E+000 -0.15568357E+000 -0.14708342E+000 -0.13738279E+000 -0.12220964E+000 -0.89253789E-001 -0.53041973E-001 -0.13542182E-001  0.29500408E-001  0.76065014E-001
 -0.18848298E+000 -0.15598655E+000 -0.46458617E-002 -0.46458617E-002 -0.72574579E+000  0.50241701E-001 -0.86032880E+000 -0.32761448E+000 -0.48995910E-002 -0.48995910E-002 -0.48995910E-002 -0.48995910E-002 -0.48995910E-002 -0.25454395E+001 -0.20612676E+001 -0.17211686E+001 -0.16946645E+001 -0.20016384E+001 -0.14907071E+001 -0.82902771E+000 -0.17043532E-001 -0.88848707E+001 -0.59312660E+001 -0.33533215E+001 -0.78558855E+000 -0.11934060E+001 -0.14418013E+001 -0.12960688E+002 -0.75484155E+001 -0.36308297E+001  0.17634725E+000  0.88301892E+000  0.16678554E+000  0.94111602E+000 -0.50405477E-001
