  0.00000000E+000  0.00000000E+000  0.00000000E+000  0.00000000E+000  0.00000000E+000  0.00000000E+000  0.00000000E+000  0.00000000E+000  0.00000000E+000  0.00000000E+000  0.00000000E+000  0.00000000E+000  0.00000000E+000  0.00000000E+000  0.00000000E+000  0.00000000E+000  0.00000000E+000  0.00000000E+000  0.00000000E+000  0.00000000E+000  0.00000000E+000  0.00000000E+000  0.00000000E+000  0.00000000E+000  0.00000000E+000  0.00000000E+000  0.00000000E+000  0.00000000E+000  0.00000000E+000  0.00000000E+000  0.00000000E+000  0.00000000E+000  0.00000000E+000  0.00000000E+000  0.00000000E+000
  0.11759607E-040  0.11759607E-040  0.11759607E-040  0.11759607E-040  0.11759607E-040  0.11759607E-040  0.11759607E-040  0.11759607E-040  0.11759607E-040  0.11759607E-040  0.11759607E-040  0.11759607E-040  0.11759607E-040  0.11759607E-040  0.11759607E-040  0.11759607E-040  0.11759607E-040  0.11759607E-040  0.11759607E-040  0.11759607E-040  0.11759607E-040  0.11759607E-040  0.11759607E-040  0.11759607E-040  0.11759607E-040  0.11759607E-040  0.11759607E-040  0.11759607E-040  0.11759607E-040  0.11759607E-040  0.11759607E-040  0.11759607E-040  0.11759607E-040  0.11759607E-040  0.11759607E-040
  0.99620896E-038  0.99620896E-038  0.99620896E-038  0.99620896E-038  0.99620896E-038  0.99620896E-038  0.99620896E-038  0.99620896E-038  0.99620896E-038  0.99620896E-038  0.99620896E-038  0.99620896E-038  0.99620896E-038  0.99620896E-038  0.99620896E-038  0.99620896E-038  0.99620896E-038  0.99620896E-038  0.99620896E-038  0.99620896E-038  0.99620896E-038  0.99620896E-038  0.99620896E-038  0.99620896E-038  0.99620896E-038  0.99620896E-038  0.99620896E-038  0.99620896E-038  0.99620896E-038  0.99620896E-038  0.99620896E-038  0.99620896E-038  0.99620896E-038  0.99620896E-038  0.99620896E-038
  0.40449843E-035  0.40449843E-035  0.40449843E-035  0.40449843E-035  0.40449843E-035  0.40449843E-035  0.40449843E-035  0.40449843E-035  0.40449843E-035  0.40449843E-035  0.40449843E-035  0.40449843E-035  0.40449843E-035  0.40449843E-035  0.40449843E-035  0.40449843E-035  0.40449843E-035  0.40449843E-035  0.40449843E-035  0.40449843E-035  0.40449843E-035  0.40449843E-035  0.40449843E-035  0.40449843E-035  0.40449843E-035  0.40449843E-035  0.40449843E-035  0.40449843E-035  0.40449843E-035  0.40449843E-035  0.40449843E-035  0.40449843E-035  0.40449843E-035  0.40449843E-035  0.40449843E-035
  0.10468509E-032  0.10468509E-032  0.10468509E-032  0.10468509E-032  0.10468509E-032  0.10468509E-032  0.10468509E-032  0.10468509E-032  0.10468509E-032  0.10468509E-032  0.10468509E-032  0.10468509E-032  0.10468509E-032  0.10468509E-032  0.10468509E-032  0.10468509E-032  0.10468509E-032  0.10468509E-032  0.10468509E-032  0.10468509E-032  0.10468509E-032  0.10468509E-032  0.10468509E-032  0.10468509E-032  0.10468509E-032  0.10468509E-032  0.10468509E-032  0.10468509E-032  0.10468509E-032  0.10468509E-032  0.10468509E-032  0.10468509E-032  0.10468509E-032  0.10468509E-032  0.10468509E-032
  0.19370036E-030  0.19370036E-030  0.19370036E-030  0.19370036E-030  0.19370036E-030  0.19370036E-030  0.19370036E-030  0.19370036E-030  0.19370036E-030  0.19370036E-030  0.19370036E-030  0.19370036E-030  0.19370036E-030  0.19370036E-030  0.19370036E-030  0.19370036E-030  0.19370036E-030  0.19370036E-030  0.19370036E-030  0.19370036E-030  0.19370036E-030  0.19370036E-030  0.19370036E-030  0.19370036E-030  0.19370036E-030  0.19370036E-030  0.19370036E-030  0.19370036E-030  0.19370036E-030  0.19370036E-030  0.19370036E-030  0.19370036E-030  0.19370036E-030  0.19370036E-030  0.19370036E-030
  0.27242830E-028  0.27242830E-028  0.27242830E-028  0.27242830E-028  0.27242830E-028  0.27242830E-028  0.27242830E-028  0.27242830E-028  0.27242830E-028  0.27242830E-028  0.27242830E-028  0.27242830E-028  0.27242830E-028  0.27242830E-028  0.27242830E-028  0.27242830E-028  0.27242830E-028  0.27242830E-028  0.27242830E-028  0.27242830E-028  0.27242830E-028  0.27242830E-028  0.27242830E-028  0.27242830E-028  0.27242830E-028  0.27242830E-028  0.27242830E-028  0.27242830E-028  0.27242830E-028  0.27242830E-028  0.27242830E-028  0.27242830E-028  0.27242830E-028  0.27242830E-028  0.27242830E-028
  0.30225023E-026  0.30225023E-026  0.30225023E-026  0.30225023E-026  0.30225023E-026  0.30225023E-026  0.30225023E-026  0.30225023E-026  0.30225023E-026  0.30225023E-026  0.30225023E-026  0.30225023E-026  0.30225023E-026  0.30225023E-026  0.30225023E-026  0.30225023E-026  0.30225023E-026  0.30225023E-026  0.30225023E-026  0.30225023E-026  0.30225023E-026  0.30225023E-026  0.30225023E-026  0.30225023E-026  0.30225023E-026  0.30225023E-026  0.30225023E-026  0.30225023E-026  0.30225023E-026  0.30225023E-026  0.30225023E-026  0.30225023E-026  0.30225023E-026  0.30225023E-026  0.30225023E-026
  0.27094282E-024  0.27094282E-024  0.27094282E-024  0.27094282E-024  0.27094282E-024  0.27094282E-024  0.27094282E-024  0.27094282E-024  0.27094282E-024  0.27094282E-024  0.27094282E-024  0.27094282E-024  0.27094282E-024  0.27094282E-024  0.27094282E-024  0.27094282E-024  0.27094282E-024  0.27094282E-024  0.27094282E-024  0.27094282E-024  0.27094282E-024  0.27094282E-024  0.27094282E-024  0.27094282E-024  0.27094282E-024  0.27094282E-024  0.27094282E-024  0.27094282E-024  0.27094282E-024  0.27094282E-024  0.27094282E-024  0.27094282E-024  0.27094282E-024  0.27094282E-024  0.27094282E-024
  0.19936332E-022  0.19936332E-022  0.19936332E-022  0.19936332E-022  0.19936332E-022  0.19936332E-022  0.19936332E-022  0.19936332E-022  0.19936332E-022  0.19936332E-022  0.19936332E-022  0.19936332E-022  0.19936332E-022  0.19936332E-022  0.19936332E-022  0.19936332E-022  0.19936332E-022  0.19936332E-022  0.19936332E-022  0.19936332E-022  0.19936332E-022  0.19936332E-022  0.19936332E-022  0.19936332E-022  0.19936332E-022  0.19936332E-022  0.19936332E-022  0.19936332E-022  0.19936332E-022  0.19936332E-022  0.19936332E-022  0.19936332E-022  0.19936332E-022  0.19936332E-022  0.19936332E-022
  0.10988732E-019  0.10988732E-019  0.10988732E-019  0.10988732E-019  0.10988732E-019  0.10988732E-019  0.10988732E-019  0.10988732E-019  0.10988732E-019  0.10988732E-019  0.10988732E-019  0.10988732E-019  0.10988732E-019  0.10988732E-019  0.10988732E-019  0.10988732E-019  0.10988732E-019  0.10988732E-019  0.10988732E-019  0.10988732E-019  0.10988732E-019  0.10988732E-019  0.10988732E-019  0.10988732E-019  0.10988732E-019  0.10988732E-019  0.10988732E-019  0.10988732E-019  0.10988732E-019  0.10988732E-019  0.10988732E-019  0.10988732E-019  0.10988732E-019  0.10988732E-019  0.10988732E-019
  0.48728208E-017  0.48728208E-017  0.48728208E-017  0.48728208E-017  0.48728208E-017  0.48728208E-017  0.48728208E-017  0.48728208E-017  0.48728208E-017  0.48728208E-017  0.48728208E-017  0.48728208E-017  0.48728208E-017  0.48728208E-017  0.48728208E-017  0.48728208E-017  0.48728208E-017  0.48728208E-017  0.48728208E-017  0.48728208E-017  0.48728208E-017  0.48728208E-017  0.48728208E-017  0.48728208E-017  0.48728208E-017  0.48728208E-017  0.48728208E-017  0.48728208E-017  0.48728208E-017  0.48728208E-017  0.48728208E-017  0.48728208E-017  0.48728208E-017  0.48728208E-017  0.48728208E-017
  0.17506939E-014  0.17506939E-014  0.17506939E-014  0.17506939E-014  0.17506939E-014  0.17506939E-014  0.17506939E-014  0.17506939E-014  0.17506939E-014  0.17506939E-014  0.17506939E-014  0.17506939E-014  0.17506939E-014  0.17506939E-014  0.17506939E-014  0.17506939E-014  0.17506939E-014  0.17506939E-014  0.17506939E-014  0.17506939E-014  0.17506939E-014  0.17506939E-014  0.17506939E-014  0.17506939E-014  0.17506939E-014  0.17506939E-014  0.17506939E-014  0.17506939E-014  0.17506939E-014  0.17506939E-014  0.17506939E-014  0.17506939E-014  0.17506939E-014  0.17506939E-014  0.17506939E-014
  0.51053075E-012  0.51053075E-012  0.51053075E-012  0.51053075E-012  0.51053075E-012  0.51053075E-012  0.51053075E-012  0.51053075E-012  0.51053075E-012  0.51053075E-012  0.51053075E-012  0.51053075E-012  0.51053075E-012  0.51053075E-012  0.51053075E-012  0.51053075E-012  0.51053075E-012  0.51053075E-012  0.51053075E-012  0.51053075E-012  0.51053075E-012  0.51053075E-012  0.51053075E-012  0.51053075E-012  0.51053075E-012  0.51053075E-012  0.51053075E-012  0.51053075E-012  0.51053075E-012  0.51053075E-012  0.51053075E-012  0.51053075E-012  0.51053075E-012  0.51053075E-012  0.51053075E-012
  0.12043398E-009  0.12043398E-009  0.12043398E-009  0.12043398E-009  0.12043398E-009  0.12043398E-009  0.12043398E-009  0.12043398E-009  0.12043398E-009  0.12043398E-009  0.12043398E-009  0.12043398E-009  0.12043398E-009  0.12043398E-009  0.12043398E-009  0.12043398E-009  0.12043398E-009  0.12043398E-009  0.12043398E-009  0.12043398E-009  0.12043398E-009  0.12043398E-009  0.12043398E-009  0.12043398E-009  0.12043398E-009  0.12043398E-009  0.12043398E-009  0.12043398E-009  0.12043398E-009  0.12043398E-009  0.12043398E-009  0.12043398E-009  0.12043398E-009  0.12043398E-009  0.12043398E-009
  0.22770071E-007  0.22770071E-007  0.22770071E-007  0.22770071E-007  0.22770071E-007  0.22770071E-007  0.22770071E-007  0.22770071E-007  0.22770071E-007  0.22770071E-007  0.22770071E-007  0.22770071E-007  0.22770071E-007  0.22770071E-007  0.22770071E-007  0.22770071E-007  0.22770071E-007  0.22770071E-007  0.22770071E-007  0.22770071E-007  0.22770071E-007  0.22770071E-007  0.22770071E-007  0.22770071E-007  0.22770071E-007  0.22770071E-007  0.22770071E-007  0.22770071E-007  0.22770071E-007  0.22770071E-007  0.22770071E-007  0.22770071E-007  0.22770071E-007  0.22770071E-007  0.22770071E-007
  0.33922254E-005  0.33922254E-005  0.33922254E-005  0.33922254E-005  0.33922254E-005  0.33922254E-005  0.33922254E-005  0.33922254E-005  0.33922254E-005  0.33922254E-005  0.33922254E-005  0.33922254E-005  0.33922254E-005  0.33922254E-005  0.33922254E-005  0.33922254E-005  0.33922254E-005  0.33922254E-005  0.33922254E-005  0.33922254E-005  0.33922254E-005  0.33922254E-005  0.33922254E-005  0.33922254E-005  0.33922254E-005  0.33922254E-005  0.33922254E-005  0.33922254E-005  0.33922254E-005  0.33922254E-005  0.33922254E-005  0.33922254E-005  0.33922254E-005  0.33922254E-005  0.33922254E-005
  0.38692532E-003  0.38692532E-003  0.38692532E-003  0.38692532E-003  0.38692532E-003  0.38692532E-003  0.38692532E-003  0.38692532E-003  0.38692532E-003  0.38692532E-003  0.38692532E-003  0.38692532E-003  0.38692532E-003  0.38692532E-003  0.38692532E-003  0.38692532E-003  0.38692532E-003  0.38692532E-003  0.38692532E-003  0.38692532E-003  0.38692532E-003  0.38692532E-003  0.38692532E-003  0.38692532E-003  0.38692532E-003  0.38692532E-003  0.38692532E-003  0.38692532E-003  0.38692532E-003  0.38692532E-003  0.38692532E-003  0.38692532E-003  0.38692532E-003  0.38692532E-003  0.38692532E-003
  0.32152036E-001  0.32152036E-001  0.32152036E-001  0.32152036E-001  0.32152036E-001  0.32152036E-001  0.32152036E-001  0.32152036E-001  0.32152036E-001  0.32152036E-001  0.32152036E-001  0.32152036E-001  0.32152036E-001  0.32152036E-001  0.32152036E-001  0.32152036E-001  0.32152036E-001  0.32152036E-001  0.32152036E-001  0.32152036E-001  0.32152036E-001  0.32152036E-001  0.32152036E-001  0.32152036E-001  0.32152036E-001  0.32152036E-001  0.32152036E-001  0.32152036E-001  0.32152036E-001  0.32152036E-001  0.32152036E-001  0.32152036E-001  0.32152036E-001  0.32152036E-001  0.32152036E-001
  0.17675923E+001  0.17675923E+001  0.17675923E+001  0.17675923E+001  0.17675923E+001  0.17675923E+001  0.17675923E+001  0.17675923E+001  0.17675923E+001  0.17675923E+001  0.17675923E+001  0.17675923E+001  0.17675923E+001  0.17675923E+001  0.17675923E+001  0.17675923E+001  0.17675923E+001  0.17675923E+001  0.17675923E+001  0.17675923E+001  0.17675923E+001  0.17675923E+001  0.17675923E+001  0.17675923E+001  0.17675923E+001  0.17675923E+001  0.17675923E+001  0.17675923E+001  0.17675923E+001  0.17675923E+001  0.17675923E+001  0.17675923E+001  0.17675923E+001  0.17675923E+001  0.17675923E+001
  0.49975145E+002  0.49975145E+002  0.49975145E+002  0.49975145E+002  0.49975145E+002  0.49975145E+002  0.49975145E+002  0.49975145E+002  0.49975145E+002  0.49975145E+002  0.49975145E+002  0.49975145E+002  0.49975145E+002  0.49975145E+002  0.49975145E+002  0.49975145E+002  0.49975145E+002  0.49975145E+002  0.49975145E+002  0.49975145E+002  0.49975145E+002  0.49975145E+002  0.49975145E+002  0.49975145E+002  0.49975145E+002  0.49975145E+002  0.49975145E+002  0.49975145E+002  0.49975145E+002  0.49975145E+002  0.49975145E+002  0.49975145E+002  0.49975145E+002  0.49975145E+002  0.49975145E+002
 -0.68934133E+002 -0.68934133E+002 -0.68934133E+002 -0.68934133E+002 -0.68934133E+002 -0.68934133E+002 -0.68934133E+002 -0.68934133E+002 -0.68934133E+002 -0.68934133E+002 -0.68934133E+002 -0.68934133E+002 -0.68934133E+002 -0.68934133E+002 -0.68934133E+002 -0.68934133E+002 -0.68934133E+002 -0.68934133E+002 -0.68934132E+002 -0.68934132E+002 -0.68934132E+002 -0.68934131E+002 -0.68934131E+002 -0.68934130E+002 -0.68934130E+002 -0.68934130E+002 -0.68934130E+002 -0.68934130E+002 -0.68934130E+002 -0.68934130E+002 -0.68934130E+002 -0.68934130E+002 -0.68927033E+002 -0.68916216E+002 -0.68914025E+002
 -0.73668628E+001 -0.73668628E+001 -0.73668628E+001 -0.73668628E+001 -0.73668628E+001 -0.73668628E+001 -0.73668628E+001 -0.73668628E+001 -0.73668628E+001 -0.74121289E+001 -0.73744705E+001 -0.43205925E+000 -0.30711443E+000 -0.30711443E+000 -0.30711443E+000 -0.30711443E+000 -0.30711443E+000 -0.30711450E+000 -0.30711459E+000 -0.30711468E+000 -0.30711478E+000 -0.30711488E+000 -0.30711497E+000 -0.30711502E+000 -0.30711502E+000 -0.30711502E+000 -0.30711502E+000 -0.30711522E+000 -0.30711566E+000 -0.30711614E+000 -0.30711666E+000 -0.30711720E+000 -0.30711777E+000 -0.30711835E+000 -0.30711894E+000
 -0.26779584E+003 -0.26779580E+003 -0.26779563E+003 -0.26779527E+003 -0.26779467E+003 -0.26779379E+003 -0.26779292E+003 -0.26779231E+003 -0.26779195E+003 -0.26779178E+003 -0.26779174E+003 -0.26779173E+003 -0.26618505E+002 -0.26618505E+002 -0.26618505E+002 -0.26618505E+002 -0.26618505E+002 -0.26618505E+002 -0.26618505E+002 -0.26618505E+002 -0.26618506E+002 -0.26618506E+002 -0.26618506E+002 -0.26618506E+002 -0.26618506E+002 -0.26618510E+002 -0.26618516E+002 -0.17117718E+003 -0.16425014E+003 -0.15630118E+003 -0.14719566E+003 -0.13677635E+003 -0.12485901E+003 -0.11122678E+003 -0.95623349E+002
 -0.18405874E+001 -0.17910405E+001 -0.15602829E+001 -0.10684621E+001 -0.73494162E+000 -0.17966233E+000 -0.18701161E+000 -0.14930140E+000  0.17451900E-002  0.39632601E-002 -0.76089385E+000 -0.73586699E+000 -0.76116359E+000 -0.76116359E+000 -0.46317961E+002 -0.45622392E+002 -0.44613267E+002 -0.43233287E+002 -0.41425645E+002 -0.39131901E+002 -0.36291066E+002 -0.32838603E+002 -0.28705337E+002 -0.23816220E+002 -0.18088950E+002 -0.18088949E+002 -0.18088949E+002 -0.18088949E+002 -0.18088948E+002 -0.18088947E+002 -0.18088946E+002 -0.18088945E+002 -0.18088944E+002 -0.18088943E+002 -0.18088942E+002
