  0.00000000E+000  0.00000000E+000  0.00000000E+000  0.00000000E+000  0.00000000E+000  0.00000000E+000  0.00000000E+000  0.00000000E+000  0.00000000E+000  0.00000000E+000  0.00000000E+000  0.00000000E+000  0.00000000E+000  0.00000000E+000  0.00000000E+000  0.00000000E+000  0.00000000E+000  0.00000000E+000  0.00000000E+000  0.00000000E+000  0.00000000E+000  0.00000000E+000  0.00000000E+000  0.00000000E+000  0.00000000E+000  0.00000000E+000  0.00000000E+000  0.00000000E+000  0.00000000E+000  0.00000000E+000  0.00000000E+000  0.00000000E+000  0.00000000E+000  0.00000000E+000  0.00000000E+000
  0.20013630E-029  0.20013630E-029  0.20013630E-029  0.20013630E-029  0.20013630E-029  0.20013630E-029  0.20013630E-029  0.20013630E-029  0.20013630E-029  0.20013630E-029  0.20013630E-029  0.20013630E-029  0.20013630E-029  0.20013630E-029  0.20013630E-029  0.20013630E-029  0.20013630E-029  0.20013630E-029  0.20013630E-029  0.20013630E-029  0.20013630E-029  0.20013630E-029  0.20013630E-029  0.20013630E-029  0.20013630E-029  0.20013630E-029  0.20013630E-029  0.20013630E-029  0.20013630E-029  0.20013630E-029  0.20013630E-029  0.20013630E-029  0.20013630E-029  0.20013630E-029  0.20013630E-029
  0.46841829E-027  0.46841829E-027  0.46841829E-027  0.46841829E-027  0.46841829E-027  0.46841829E-027  0.46841829E-027  0.46841829E-027  0.46841829E-027  0.46841829E-027  0.46841829E-027  0.46841829E-027  0.46841829E-027  0.46841829E-027  0.46841829E-027  0.46841829E-027  0.46841829E-027  0.46841829E-027  0.46841829E-027  0.46841829E-027  0.46841829E-027  0.46841829E-027  0.46841829E-027  0.46841829E-027  0.46841829E-027  0.46841829E-027  0.46841829E-027  0.46841829E-027  0.46841829E-027  0.46841829E-027  0.46841829E-027  0.46841829E-027  0.46841829E-027  0.46841829E-027  0.46841829E-027
  0.52308996E-025  0.52308996E-025  0.52308996E-025  0.52308996E-025  0.52308996E-025  0.52308996E-025  0.52308996E-025  0.52308996E-025  0.52308996E-025  0.52308996E-025  0.52308996E-025  0.52308996E-025  0.52308996E-025  0.52308996E-025  0.52308996E-025  0.52308996E-025  0.52308996E-025  0.52308996E-025  0.52308996E-025  0.52308996E-025  0.52308996E-025  0.52308996E-025  0.52308996E-025  0.52308996E-025  0.52308996E-025  0.52308996E-025  0.52308996E-025  0.52308996E-025  0.52308996E-025  0.52308996E-025  0.52308996E-025  0.52308996E-025  0.52308996E-025  0.52308996E-025  0.52308996E-025
  0.37071361E-023  0.37071361E-023  0.37071361E-023  0.37071361E-023  0.37071361E-023  0.37071361E-023  0.37071361E-023  0.37071361E-023  0.37071361E-023  0.37071361E-023  0.37071361E-023  0.37071361E-023  0.37071361E-023  0.37071361E-023  0.37071361E-023  0.37071361E-023  0.37071361E-023  0.37071361E-023  0.37071361E-023  0.37071361E-023  0.37071361E-023  0.37071361E-023  0.37071361E-023  0.37071361E-023  0.37071361E-023  0.37071361E-023  0.37071361E-023  0.37071361E-023  0.37071361E-023  0.37071361E-023  0.37071361E-023  0.37071361E-023  0.37071361E-023  0.37071361E-023  0.37071361E-023
  0.18707611E-021  0.18707611E-021  0.18707611E-021  0.18707611E-021  0.18707611E-021  0.18707611E-021  0.18707611E-021  0.18707611E-021  0.18707611E-021  0.18707611E-021  0.18707611E-021  0.18707611E-021  0.18707611E-021  0.18707611E-021  0.18707611E-021  0.18707611E-021  0.18707611E-021  0.18707611E-021  0.18707611E-021  0.18707611E-021  0.18707611E-021  0.18707611E-021  0.18707611E-021  0.18707611E-021  0.18707611E-021  0.18707611E-021  0.18707611E-021  0.18707611E-021  0.18707611E-021  0.18707611E-021  0.18707611E-021  0.18707611E-021  0.18707611E-021  0.18707611E-021  0.18707611E-021
  0.71495039E-020  0.71495039E-020  0.71495039E-020  0.71495039E-020  0.71495039E-020  0.71495039E-020  0.71495039E-020  0.71495039E-020  0.71495039E-020  0.71495039E-020  0.71495039E-020  0.71495039E-020  0.71495039E-020  0.71495039E-020  0.71495039E-020  0.71495039E-020  0.71495039E-020  0.71495039E-020  0.71495039E-020  0.71495039E-020  0.71495039E-020  0.71495039E-020  0.71495039E-020  0.71495039E-020  0.71495039E-020  0.71495039E-020  0.71495039E-020  0.71495039E-020  0.71495039E-020  0.71495039E-020  0.71495039E-020  0.71495039E-020  0.71495039E-020  0.71495039E-020  0.71495039E-020
  0.21485345E-018  0.21485345E-018  0.21485345E-018  0.21485345E-018  0.21485345E-018  0.21485345E-018  0.21485345E-018  0.21485345E-018  0.21485345E-018  0.21485345E-018  0.21485345E-018  0.21485345E-018  0.21485345E-018  0.21485345E-018  0.21485345E-018  0.21485345E-018  0.21485345E-018  0.21485345E-018  0.21485345E-018  0.21485345E-018  0.21485345E-018  0.21485345E-018  0.21485345E-018  0.21485345E-018  0.21485345E-018  0.21485345E-018  0.21485345E-018  0.21485345E-018  0.21485345E-018  0.21485345E-018  0.21485345E-018  0.21485345E-018  0.21485345E-018  0.21485345E-018  0.21485345E-018
  0.52036522E-017  0.52036522E-017  0.52036522E-017  0.52036522E-017  0.52036522E-017  0.52036522E-017  0.52036522E-017  0.52036522E-017  0.52036522E-017  0.52036522E-017  0.52036522E-017  0.52036522E-017  0.52036522E-017  0.52036522E-017  0.52036522E-017  0.52036522E-017  0.52036522E-017  0.52036522E-017  0.52036522E-017  0.52036522E-017  0.52036522E-017  0.52036522E-017  0.52036522E-017  0.52036522E-017  0.52036522E-017  0.52036522E-017  0.52036522E-017  0.52036522E-017  0.52036522E-017  0.52036522E-017  0.52036522E-017  0.52036522E-017  0.52036522E-017  0.52036522E-017  0.52036522E-017
  0.10328095E-015  0.10328095E-015  0.10328095E-015  0.10328095E-015  0.10328095E-015  0.10328095E-015  0.10328095E-015  0.10328095E-015  0.10328095E-015  0.10328095E-015  0.10328095E-015  0.10328095E-015  0.10328095E-015  0.10328095E-015  0.10328095E-015  0.10328095E-015  0.10328095E-015  0.10328095E-015  0.10328095E-015  0.10328095E-015  0.10328095E-015  0.10328095E-015  0.10328095E-015  0.10328095E-015  0.10328095E-015  0.10328095E-015  0.10328095E-015  0.10328095E-015  0.10328095E-015  0.10328095E-015  0.10328095E-015  0.10328095E-015  0.10328095E-015  0.10328095E-015  0.10328095E-015
  0.14733004E-013  0.14733004E-013  0.14733004E-013  0.14733004E-013  0.14733004E-013  0.14733004E-013  0.14733004E-013  0.14733004E-013  0.14733004E-013  0.14733004E-013  0.14733004E-013  0.14733004E-013  0.14733004E-013  0.14733004E-013  0.14733004E-013  0.14733004E-013  0.14733004E-013  0.14733004E-013  0.14733004E-013  0.14733004E-013  0.14733004E-013  0.14733004E-013  0.14733004E-013  0.14733004E-013  0.14733004E-013  0.14733004E-013  0.14733004E-013  0.14733004E-013  0.14733004E-013  0.14733004E-013  0.14733004E-013  0.14733004E-013  0.14733004E-013  0.14733004E-013  0.14733004E-013
  0.16724035E-011  0.16724035E-011  0.16724035E-011  0.16724035E-011  0.16724035E-011  0.16724035E-011  0.16724035E-011  0.16724035E-011  0.16724035E-011  0.16724035E-011  0.16724035E-011  0.16724035E-011  0.16724035E-011  0.16724035E-011  0.16724035E-011  0.16724035E-011  0.16724035E-011  0.16724035E-011  0.16724035E-011  0.16724035E-011  0.16724035E-011  0.16724035E-011  0.16724035E-011  0.16724035E-011  0.16724035E-011  0.16724035E-011  0.16724035E-011  0.16724035E-011  0.16724035E-011  0.16724035E-011  0.16724035E-011  0.16724035E-011  0.16724035E-011  0.16724035E-011  0.16724035E-011
  0.15195598E-009  0.15195598E-009  0.15195598E-009  0.15195598E-009  0.15195598E-009  0.15195598E-009  0.15195598E-009  0.15195598E-009  0.15195598E-009  0.15195598E-009  0.15195598E-009  0.15195598E-009  0.15195598E-009  0.15195598E-009  0.15195598E-009  0.15195598E-009  0.15195598E-009  0.15195598E-009  0.15195598E-009  0.15195598E-009  0.15195598E-009  0.15195598E-009  0.15195598E-009  0.15195598E-009  0.15195598E-009  0.15195598E-009  0.15195598E-009  0.15195598E-009  0.15195598E-009  0.15195598E-009  0.15195598E-009  0.15195598E-009  0.15195598E-009  0.15195598E-009  0.15195598E-009
  0.11053284E-007  0.11053284E-007  0.11053284E-007  0.11053284E-007  0.11053284E-007  0.11053284E-007  0.11053284E-007  0.11053284E-007  0.11053284E-007  0.11053284E-007  0.11053284E-007  0.11053284E-007  0.11053284E-007  0.11053284E-007  0.11053284E-007  0.11053284E-007  0.11053284E-007  0.11053284E-007  0.11053284E-007  0.11053284E-007  0.11053284E-007  0.11053284E-007  0.11053284E-007  0.11053284E-007  0.11053284E-007  0.11053284E-007  0.11053284E-007  0.11053284E-007  0.11053284E-007  0.11053284E-007  0.11053284E-007  0.11053284E-007  0.11053284E-007  0.11053284E-007  0.11053284E-007
  0.63997732E-006  0.63997732E-006  0.63997732E-006  0.63997732E-006  0.63997732E-006  0.63997732E-006  0.63997732E-006  0.63997732E-006  0.63997732E-006  0.63997732E-006  0.63997732E-006  0.63997732E-006  0.63997732E-006  0.63997732E-006  0.63997732E-006  0.63997732E-006  0.63997732E-006  0.63997732E-006  0.63997732E-006  0.63997732E-006  0.63997732E-006  0.63997732E-006  0.63997732E-006  0.63997732E-006  0.63997732E-006  0.63997732E-006  0.63997732E-006  0.63997732E-006  0.63997732E-006  0.63997732E-006  0.63997732E-006  0.63997732E-006  0.63997732E-006  0.63997732E-006  0.63997732E-006
  0.29116618E-004  0.29116618E-004  0.29116618E-004  0.29116618E-004  0.29116618E-004  0.29116618E-004  0.29116618E-004  0.29116618E-004  0.29116618E-004  0.29116618E-004  0.29116618E-004  0.29116618E-004  0.29116618E-004  0.29116618E-004  0.29116618E-004  0.29116618E-004  0.29116618E-004  0.29116618E-004  0.29116618E-004  0.29116618E-004  0.29116618E-004  0.29116618E-004  0.29116618E-004  0.29116618E-004  0.29116618E-004  0.29116618E-004  0.29116618E-004  0.29116618E-004  0.29116618E-004  0.29116618E-004  0.29116618E-004  0.29116618E-004  0.29116618E-004  0.29116618E-004  0.29116618E-004
  0.10173329E-002  0.10173329E-002  0.10173329E-002  0.10173329E-002  0.10173329E-002  0.10173329E-002  0.10173329E-002  0.10173329E-002  0.10173329E-002  0.10173329E-002  0.10173329E-002  0.10173329E-002  0.10173329E-002  0.10173329E-002  0.10173329E-002  0.10173329E-002  0.10173329E-002  0.10173329E-002  0.10173329E-002  0.10173329E-002  0.10173329E-002  0.10173329E-002  0.10173329E-002  0.10173329E-002  0.10173329E-002  0.10173329E-002  0.10173329E-002  0.10173329E-002  0.10173329E-002  0.10173329E-002  0.10173329E-002  0.10173329E-002  0.10173329E-002  0.10173329E-002  0.10173329E-002
  0.26239162E-001  0.26239162E-001  0.26239162E-001  0.26239162E-001  0.26239162E-001  0.26239162E-001  0.26239162E-001  0.26239162E-001  0.26239162E-001  0.26239162E-001  0.26239162E-001  0.26239162E-001  0.26239162E-001  0.26239162E-001  0.26239162E-001  0.26239162E-001  0.26239162E-001  0.26239162E-001  0.26239162E-001  0.26239162E-001  0.26239162E-001  0.26239162E-001  0.26239162E-001  0.26239162E-001  0.26239162E-001  0.26239162E-001  0.26239162E-001  0.26239162E-001  0.26239162E-001  0.26239162E-001  0.26239162E-001  0.26239162E-001  0.26239162E-001  0.26239162E-001  0.26239162E-001
  0.46436752E+000  0.46436752E+000  0.46436752E+000  0.46436752E+000  0.46436752E+000  0.46436752E+000  0.46436752E+000  0.46436752E+000  0.46436752E+000  0.46436752E+000  0.46436752E+000  0.46436752E+000  0.46436752E+000  0.46436752E+000  0.46436752E+000  0.46436752E+000  0.46436752E+000  0.46436752E+000  0.46436752E+000  0.46436752E+000  0.46436752E+000  0.46436752E+000  0.46436752E+000  0.46436752E+000  0.46436752E+000  0.46436752E+000  0.46436752E+000  0.46436752E+000  0.46436752E+000  0.46436752E+000  0.46436752E+000  0.46436752E+000  0.46436752E+000  0.46436752E+000  0.46436752E+000
  0.47788143E+001  0.47788143E+001  0.47788143E+001  0.47788143E+001  0.47788143E+001  0.47788143E+001  0.47788143E+001  0.47788143E+001  0.47788143E+001  0.47788143E+001  0.47788143E+001  0.47788143E+001  0.47788143E+001  0.47788143E+001  0.47788143E+001  0.47788143E+001  0.47788143E+001  0.47788143E+001  0.47788143E+001  0.47788143E+001  0.47788143E+001  0.47788143E+001  0.47788143E+001  0.47788143E+001  0.47788143E+001  0.47788143E+001  0.47788143E+001  0.47788143E+001  0.47788143E+001  0.47788143E+001  0.47788143E+001  0.47788143E+001  0.47788143E+001  0.47788143E+001  0.47788143E+001
  0.13680062E+002  0.13680062E+002  0.13680062E+002  0.13680062E+002  0.13680062E+002  0.13680062E+002  0.13680062E+002  0.13680062E+002  0.13680062E+002  0.13680062E+002  0.13680062E+002  0.13680062E+002  0.13680062E+002  0.13680062E+002  0.13680062E+002  0.13680062E+002  0.13680062E+002  0.13680062E+002  0.13680062E+002  0.13680062E+002  0.13680062E+002  0.13680062E+002  0.13680062E+002  0.13680062E+002  0.13680062E+002  0.13680062E+002  0.13680062E+002  0.13680062E+002  0.13680062E+002  0.13680062E+002  0.13680062E+002  0.13680062E+002  0.13680062E+002  0.13680062E+002  0.13680062E+002
 -0.15799940E+003 -0.15799940E+003 -0.15799940E+003 -0.15799940E+003 -0.15799940E+003 -0.15799940E+003 -0.15799940E+003 -0.15799940E+003 -0.15799940E+003 -0.15799940E+003 -0.15799940E+003 -0.15799940E+003 -0.15799940E+003 -0.15799940E+003 -0.15799940E+003 -0.15799940E+003 -0.15799940E+003 -0.15799940E+003 -0.15799940E+003 -0.15799940E+003 -0.15799940E+003 -0.15799940E+003 -0.15799940E+003 -0.15799940E+003 -0.15799940E+003 -0.15799940E+003 -0.15799940E+003 -0.15799940E+003 -0.15799940E+003 -0.15799940E+003 -0.15799940E+003 -0.15799940E+003 -0.15799940E+003 -0.15799940E+003 -0.15799940E+003
 -0.94031517E+001 -0.94031517E+001 -0.94031517E+001 -0.94031517E+001 -0.94031517E+001 -0.94031517E+001 -0.94031517E+001 -0.94031517E+001 -0.94031517E+001 -0.94031517E+001 -0.94031517E+001 -0.94031517E+001 -0.94031517E+001 -0.94031517E+001 -0.94031517E+001 -0.94031517E+001 -0.94031517E+001 -0.94031517E+001 -0.94031517E+001 -0.94031521E+001 -0.94031525E+001 -0.94031531E+001 -0.94031537E+001 -0.94031545E+001 -0.94031553E+001 -0.94031563E+001 -0.94031574E+001 -0.94031587E+001 -0.94031601E+001 -0.94031617E+001 -0.94031634E+001 -0.94031653E+001 -0.94031673E+001 -0.94031696E+001 -0.94031720E+001
  0.19628350E+003  0.19628350E+003  0.19628350E+003  0.19628350E+003  0.19628350E+003  0.19628350E+003  0.19628350E+003  0.19628350E+003  0.19628350E+003  0.19628350E+003  0.19628350E+003  0.19628350E+003  0.19628350E+003  0.19628350E+003  0.19628350E+003  0.19628350E+003  0.19628350E+003  0.19628350E+003  0.19628350E+003 -0.73841945E+003 -0.73841388E+003 -0.73840714E+003 -0.73840143E+003 -0.73839477E+003 -0.73838714E+003 -0.73837868E+003 -0.73836915E+003 -0.73835861E+003 -0.73834723E+003 -0.73835383E+003 -0.73836099E+003 -0.73836873E+003 -0.73837718E+003 -0.73838620E+003 -0.73839580E+003
  0.10300774E+002  0.10300774E+002  0.10300774E+002  0.10300774E+002  0.10300774E+002  0.10300774E+002  0.10300774E+002  0.10300774E+002  0.10300774E+002  0.10300774E+002  0.10300774E+002  0.10300774E+002  0.10300774E+002  0.10300774E+002  0.10300774E+002  0.10300774E+002  0.10300774E+002  0.10300774E+002  0.10300774E+002 -0.25227790E+002 -0.17606467E+002 -0.87227296E+001 -0.85051345E+001 -0.94334542E+001 -0.17152740E+002 -0.51776060E+002 -0.58192384E+002 -0.75219170E+002 -0.11325696E+003 -0.18175206E+004 -0.18091461E+004 -0.17995136E+004 -0.17998984E+004 -0.17888603E+004 -0.17791158E+004
