  0.00000000E+000  0.00000000E+000  0.00000000E+000  0.00000000E+000  0.00000000E+000  0.00000000E+000  0.00000000E+000  0.00000000E+000  0.00000000E+000  0.00000000E+000  0.00000000E+000  0.00000000E+000  0.00000000E+000  0.00000000E+000  0.00000000E+000  0.00000000E+000  0.00000000E+000  0.00000000E+000  0.00000000E+000  0.00000000E+000  0.00000000E+000  0.00000000E+000  0.00000000E+000  0.00000000E+000  0.00000000E+000  0.00000000E+000  0.00000000E+000  0.00000000E+000  0.00000000E+000  0.00000000E+000  0.00000000E+000  0.00000000E+000  0.00000000E+000  0.00000000E+000  0.00000000E+000
  0.35723054E-035  0.35723054E-035  0.35723054E-035  0.35723054E-035  0.35723054E-035  0.35723054E-035  0.35723054E-035  0.35723054E-035  0.35723054E-035  0.35723054E-035  0.35723054E-035  0.35723054E-035  0.35723054E-035  0.35723054E-035  0.35723054E-035  0.35723054E-035  0.35723054E-035  0.35723054E-035  0.35723054E-035  0.35723054E-035  0.35723054E-035  0.35723054E-035  0.35723054E-035  0.35723054E-035  0.35723054E-035  0.35723054E-035  0.35723054E-035  0.35723054E-035  0.35723054E-035  0.35723054E-035  0.35723054E-035  0.35723054E-035  0.35723054E-035  0.35723054E-035  0.35723054E-035
  0.16291531E-032  0.16291531E-032  0.16291531E-032  0.16291531E-032  0.16291531E-032  0.16291531E-032  0.16291531E-032  0.16291531E-032  0.16291531E-032  0.16291531E-032  0.16291531E-032  0.16291531E-032  0.16291531E-032  0.16291531E-032  0.16291531E-032  0.16291531E-032  0.16291531E-032  0.16291531E-032  0.16291531E-032  0.16291531E-032  0.16291531E-032  0.16291531E-032  0.16291531E-032  0.16291531E-032  0.16291531E-032  0.16291531E-032  0.16291531E-032  0.16291531E-032  0.16291531E-032  0.16291531E-032  0.16291531E-032  0.16291531E-032  0.16291531E-032  0.16291531E-032  0.16291531E-032
  0.35484024E-030  0.35484024E-030  0.35484024E-030  0.35484024E-030  0.35484024E-030  0.35484024E-030  0.35484024E-030  0.35484024E-030  0.35484024E-030  0.35484024E-030  0.35484024E-030  0.35484024E-030  0.35484024E-030  0.35484024E-030  0.35484024E-030  0.35484024E-030  0.35484024E-030  0.35484024E-030  0.35484024E-030  0.35484024E-030  0.35484024E-030  0.35484024E-030  0.35484024E-030  0.35484024E-030  0.35484024E-030  0.35484024E-030  0.35484024E-030  0.35484024E-030  0.35484024E-030  0.35484024E-030  0.35484024E-030  0.35484024E-030  0.35484024E-030  0.35484024E-030  0.35484024E-030
  0.49086165E-028  0.49086165E-028  0.49086165E-028  0.49086165E-028  0.49086165E-028  0.49086165E-028  0.49086165E-028  0.49086165E-028  0.49086165E-028  0.49086165E-028  0.49086165E-028  0.49086165E-028  0.49086165E-028  0.49086165E-028  0.49086165E-028  0.49086165E-028  0.49086165E-028  0.49086165E-028  0.49086165E-028  0.49086165E-028  0.49086165E-028  0.49086165E-028  0.49086165E-028  0.49086165E-028  0.49086165E-028  0.49086165E-028  0.49086165E-028  0.49086165E-028  0.49086165E-028  0.49086165E-028  0.49086165E-028  0.49086165E-028  0.49086165E-028  0.49086165E-028  0.49086165E-028
  0.48375828E-026  0.48375828E-026  0.48375828E-026  0.48375828E-026  0.48375828E-026  0.48375828E-026  0.48375828E-026  0.48375828E-026  0.48375828E-026  0.48375828E-026  0.48375828E-026  0.48375828E-026  0.48375828E-026  0.48375828E-026  0.48375828E-026  0.48375828E-026  0.48375828E-026  0.48375828E-026  0.48375828E-026  0.48375828E-026  0.48375828E-026  0.48375828E-026  0.48375828E-026  0.48375828E-026  0.48375828E-026  0.48375828E-026  0.48375828E-026  0.48375828E-026  0.48375828E-026  0.48375828E-026  0.48375828E-026  0.48375828E-026  0.48375828E-026  0.48375828E-026  0.48375828E-026
  0.36112769E-024  0.36112769E-024  0.36112769E-024  0.36112769E-024  0.36112769E-024  0.36112769E-024  0.36112769E-024  0.36112769E-024  0.36112769E-024  0.36112769E-024  0.36112769E-024  0.36112769E-024  0.36112769E-024  0.36112769E-024  0.36112769E-024  0.36112769E-024  0.36112769E-024  0.36112769E-024  0.36112769E-024  0.36112769E-024  0.36112769E-024  0.36112769E-024  0.36112769E-024  0.36112769E-024  0.36112769E-024  0.36112769E-024  0.36112769E-024  0.36112769E-024  0.36112769E-024  0.36112769E-024  0.36112769E-024  0.36112769E-024  0.36112769E-024  0.36112769E-024  0.36112769E-024
  0.21193732E-022  0.21193732E-022  0.21193732E-022  0.21193732E-022  0.21193732E-022  0.21193732E-022  0.21193732E-022  0.21193732E-022  0.21193732E-022  0.21193732E-022  0.21193732E-022  0.21193732E-022  0.21193732E-022  0.21193732E-022  0.21193732E-022  0.21193732E-022  0.21193732E-022  0.21193732E-022  0.21193732E-022  0.21193732E-022  0.21193732E-022  0.21193732E-022  0.21193732E-022  0.21193732E-022  0.21193732E-022  0.21193732E-022  0.21193732E-022  0.21193732E-022  0.21193732E-022  0.21193732E-022  0.21193732E-022  0.21193732E-022  0.21193732E-022  0.21193732E-022  0.21193732E-022
  0.10016727E-020  0.10016727E-020  0.10016727E-020  0.10016727E-020  0.10016727E-020  0.10016727E-020  0.10016727E-020  0.10016727E-020  0.10016727E-020  0.10016727E-020  0.10016727E-020  0.10016727E-020  0.10016727E-020  0.10016727E-020  0.10016727E-020  0.10016727E-020  0.10016727E-020  0.10016727E-020  0.10016727E-020  0.10016727E-020  0.10016727E-020  0.10016727E-020  0.10016727E-020  0.10016727E-020  0.10016727E-020  0.10016727E-020  0.10016727E-020  0.10016727E-020  0.10016727E-020  0.10016727E-020  0.10016727E-020  0.10016727E-020  0.10016727E-020  0.10016727E-020  0.10016727E-020
  0.38739728E-019  0.38739728E-019  0.38739728E-019  0.38739728E-019  0.38739728E-019  0.38739728E-019  0.38739728E-019  0.38739728E-019  0.38739728E-019  0.38739728E-019  0.38739728E-019  0.38739728E-019  0.38739728E-019  0.38739728E-019  0.38739728E-019  0.38739728E-019  0.38739728E-019  0.38739728E-019  0.38739728E-019  0.38739728E-019  0.38739728E-019  0.38739728E-019  0.38739728E-019  0.38739728E-019  0.38739728E-019  0.38739728E-019  0.38739728E-019  0.38739728E-019  0.38739728E-019  0.38739728E-019  0.38739728E-019  0.38739728E-019  0.38739728E-019  0.38739728E-019  0.38739728E-019
  0.11041176E-016  0.11041176E-016  0.11041176E-016  0.11041176E-016  0.11041176E-016  0.11041176E-016  0.11041176E-016  0.11041176E-016  0.11041176E-016  0.11041176E-016  0.11041176E-016  0.11041176E-016  0.11041176E-016  0.11041176E-016  0.11041176E-016  0.11041176E-016  0.11041176E-016  0.11041176E-016  0.11041176E-016  0.11041176E-016  0.11041176E-016  0.11041176E-016  0.11041176E-016  0.11041176E-016  0.11041176E-016  0.11041176E-016  0.11041176E-016  0.11041176E-016  0.11041176E-016  0.11041176E-016  0.11041176E-016  0.11041176E-016  0.11041176E-016  0.11041176E-016  0.11041176E-016
  0.25152611E-014  0.25152611E-014  0.25152611E-014  0.25152611E-014  0.25152611E-014  0.25152611E-014  0.25152611E-014  0.25152611E-014  0.25152611E-014  0.25152611E-014  0.25152611E-014  0.25152611E-014  0.25152611E-014  0.25152611E-014  0.25152611E-014  0.25152611E-014  0.25152611E-014  0.25152611E-014  0.25152611E-014  0.25152611E-014  0.25152611E-014  0.25152611E-014  0.25152611E-014  0.25152611E-014  0.25152611E-014  0.25152611E-014  0.25152611E-014  0.25152611E-014  0.25152611E-014  0.25152611E-014  0.25152611E-014  0.25152611E-014  0.25152611E-014  0.25152611E-014  0.25152611E-014
  0.46095532E-012  0.46095532E-012  0.46095532E-012  0.46095532E-012  0.46095532E-012  0.46095532E-012  0.46095532E-012  0.46095532E-012  0.46095532E-012  0.46095532E-012  0.46095532E-012  0.46095532E-012  0.46095532E-012  0.46095532E-012  0.46095532E-012  0.46095532E-012  0.46095532E-012  0.46095532E-012  0.46095532E-012  0.46095532E-012  0.46095532E-012  0.46095532E-012  0.46095532E-012  0.46095532E-012  0.46095532E-012  0.46095532E-012  0.46095532E-012  0.46095532E-012  0.46095532E-012  0.46095532E-012  0.46095532E-012  0.46095532E-012  0.46095532E-012  0.46095532E-012  0.46095532E-012
  0.68024821E-010  0.68024821E-010  0.68024821E-010  0.68024821E-010  0.68024821E-010  0.68024821E-010  0.68024821E-010  0.68024821E-010  0.68024821E-010  0.68024821E-010  0.68024821E-010  0.68024821E-010  0.68024821E-010  0.68024821E-010  0.68024821E-010  0.68024821E-010  0.68024821E-010  0.68024821E-010  0.68024821E-010  0.68024821E-010  0.68024821E-010  0.68024821E-010  0.68024821E-010  0.68024821E-010  0.68024821E-010  0.68024821E-010  0.68024821E-010  0.68024821E-010  0.68024821E-010  0.68024821E-010  0.68024821E-010  0.68024821E-010  0.68024821E-010  0.68024821E-010  0.68024821E-010
  0.80470996E-008  0.80470996E-008  0.80470996E-008  0.80470996E-008  0.80470996E-008  0.80470996E-008  0.80470996E-008  0.80470996E-008  0.80470996E-008  0.80470996E-008  0.80470996E-008  0.80470996E-008  0.80470996E-008  0.80470996E-008  0.80470996E-008  0.80470996E-008  0.80470996E-008  0.80470996E-008  0.80470996E-008  0.80470996E-008  0.80470996E-008  0.80470996E-008  0.80470996E-008  0.80470996E-008  0.80470996E-008  0.80470996E-008  0.80470996E-008  0.80470996E-008  0.80470996E-008  0.80470996E-008  0.80470996E-008  0.80470996E-008  0.80470996E-008  0.80470996E-008  0.80470996E-008
  0.75476836E-006  0.75476836E-006  0.75476836E-006  0.75476836E-006  0.75476836E-006  0.75476836E-006  0.75476836E-006  0.75476836E-006  0.75476836E-006  0.75476836E-006  0.75476836E-006  0.75476836E-006  0.75476836E-006  0.75476836E-006  0.75476836E-006  0.75476836E-006  0.75476836E-006  0.75476836E-006  0.75476836E-006  0.75476836E-006  0.75476836E-006  0.75476836E-006  0.75476836E-006  0.75476836E-006  0.75476836E-006  0.75476836E-006  0.75476836E-006  0.75476836E-006  0.75476836E-006  0.75476836E-006  0.75476836E-006  0.75476836E-006  0.75476836E-006  0.75476836E-006  0.75476836E-006
  0.55039797E-004  0.55039797E-004  0.55039797E-004  0.55039797E-004  0.55039797E-004  0.55039797E-004  0.55039797E-004  0.55039797E-004  0.55039797E-004  0.55039797E-004  0.55039797E-004  0.55039797E-004  0.55039797E-004  0.55039797E-004  0.55039797E-004  0.55039797E-004  0.55039797E-004  0.55039797E-004  0.55039797E-004  0.55039797E-004  0.55039797E-004  0.55039797E-004  0.55039797E-004  0.55039797E-004  0.55039797E-004  0.55039797E-004  0.55039797E-004  0.55039797E-004  0.55039797E-004  0.55039797E-004  0.55039797E-004  0.55039797E-004  0.55039797E-004  0.55039797E-004  0.55039797E-004
  0.30190928E-002  0.30190928E-002  0.30190928E-002  0.30190928E-002  0.30190928E-002  0.30190928E-002  0.30190928E-002  0.30190928E-002  0.30190928E-002  0.30190928E-002  0.30190928E-002  0.30190928E-002  0.30190928E-002  0.30190928E-002  0.30190928E-002  0.30190928E-002  0.30190928E-002  0.30190928E-002  0.30190928E-002  0.30190928E-002  0.30190928E-002  0.30190928E-002  0.30190928E-002  0.30190928E-002  0.30190928E-002  0.30190928E-002  0.30190928E-002  0.30190928E-002  0.30190928E-002  0.30190928E-002  0.30190928E-002  0.30190928E-002  0.30190928E-002  0.30190928E-002  0.30190928E-002
  0.11760146E+000  0.11760146E+000  0.11760146E+000  0.11760146E+000  0.11760146E+000  0.11760146E+000  0.11760146E+000  0.11760146E+000  0.11760146E+000  0.11760146E+000  0.11760146E+000  0.11760146E+000  0.11760146E+000  0.11760146E+000  0.11760146E+000  0.11760146E+000  0.11760146E+000  0.11760146E+000  0.11760146E+000  0.11760146E+000  0.11760146E+000  0.11760146E+000  0.11760146E+000  0.11760146E+000  0.11760146E+000  0.11760146E+000  0.11760146E+000  0.11760146E+000  0.11760146E+000  0.11760146E+000  0.11760146E+000  0.11760146E+000  0.11760146E+000  0.11760146E+000  0.11760146E+000
  0.29048605E+001  0.29048605E+001  0.29048605E+001  0.29048605E+001  0.29048605E+001  0.29048605E+001  0.29048605E+001  0.29048605E+001  0.29048605E+001  0.29048605E+001  0.29048605E+001  0.29048605E+001  0.29048605E+001  0.29048605E+001  0.29048605E+001  0.29048605E+001  0.29048605E+001  0.29048605E+001  0.29048605E+001  0.29048605E+001  0.29048605E+001  0.29048605E+001  0.29048605E+001  0.29048605E+001  0.29048605E+001  0.29048605E+001  0.29048605E+001  0.29048605E+001  0.29048605E+001  0.29048605E+001  0.29048605E+001  0.29048605E+001  0.29048605E+001  0.29048605E+001  0.29048605E+001
  0.33637980E+002  0.33637980E+002  0.33637980E+002  0.33637980E+002  0.33637980E+002  0.33637980E+002  0.33637980E+002  0.33637980E+002  0.33637980E+002  0.33637980E+002  0.33637980E+002  0.33637980E+002  0.33637980E+002  0.33637980E+002  0.33637980E+002  0.33637980E+002  0.33637980E+002  0.33637980E+002  0.33637980E+002  0.33637980E+002  0.33637980E+002  0.33637980E+002  0.33637980E+002  0.33637980E+002  0.33637980E+002  0.33637980E+002  0.33637980E+002  0.33637980E+002  0.33637980E+002  0.33637980E+002  0.33637980E+002  0.33637980E+002  0.33637980E+002  0.33637980E+002  0.33637980E+002
 -0.43897108E+002 -0.43897108E+002 -0.43897108E+002 -0.43897108E+002 -0.43897108E+002 -0.43897108E+002 -0.43897108E+002 -0.43897108E+002 -0.43897108E+002 -0.43897108E+002 -0.43897108E+002 -0.43897108E+002 -0.43897108E+002 -0.43897108E+002 -0.43897108E+002 -0.43897108E+002 -0.43897108E+002 -0.43897108E+002 -0.43897108E+002 -0.43897108E+002 -0.43897108E+002 -0.43897108E+002 -0.43897108E+002 -0.43897108E+002 -0.43897108E+002 -0.43897108E+002 -0.43897108E+002 -0.43897108E+002 -0.43897108E+002 -0.43897108E+002 -0.43897108E+002 -0.43897108E+002 -0.43897108E+002 -0.43897108E+002 -0.43897108E+002
 -0.17203391E+002 -0.17203391E+002 -0.17203391E+002 -0.17203391E+002 -0.17203391E+002 -0.17203391E+002 -0.17203391E+002 -0.17203391E+002 -0.17203391E+002 -0.17203391E+002 -0.17203391E+002 -0.17203391E+002 -0.17203391E+002 -0.17203391E+002 -0.17203391E+002 -0.17203391E+002 -0.17203391E+002 -0.17203391E+002 -0.17203391E+002 -0.17203391E+002 -0.17203391E+002 -0.17203391E+002 -0.17203391E+002 -0.17203391E+002 -0.17203391E+002 -0.17203391E+002 -0.17203391E+002 -0.17203391E+002 -0.17203391E+002 -0.17203391E+002 -0.17203391E+002 -0.17203391E+002 -0.17203391E+002 -0.17203391E+002 -0.17203390E+002
 -0.24236017E+003 -0.24236014E+003 -0.24235992E+003 -0.24235942E+003 -0.24235861E+003 -0.24235743E+003 -0.24235625E+003 -0.24235544E+003 -0.24235519E+003 -0.24235508E+003 -0.24235505E+003 -0.24235504E+003 -0.24235496E+003 -0.24235476E+003 -0.24235476E+003 -0.24235476E+003 -0.24235476E+003 -0.24235476E+003 -0.24235476E+003 -0.24235475E+003 -0.24235475E+003 -0.24235474E+003 -0.24235473E+003 -0.24235473E+003 -0.24235472E+003 -0.24235471E+003 -0.24235469E+003 -0.24235468E+003 -0.24235467E+003 -0.24235465E+003 -0.24235463E+003 -0.24235461E+003 -0.24234000E+003 -0.24232410E+003 -0.24230686E+003
 -0.27563640E+001 -0.27563640E+001 -0.27563640E+001 -0.27563640E+001 -0.27563640E+001 -0.27563640E+001 -0.27563640E+001 -0.29794067E+001 -0.27008379E+001 -0.27014852E+001 -0.27016251E+001 -0.27016251E+001 -0.27016251E+001 -0.27016251E+001 -0.27016251E+001 -0.27016251E+001 -0.27016251E+001 -0.78055743E+001 -0.48763381E+001 -0.48763380E+001 -0.48763379E+001 -0.48763379E+001 -0.48763378E+001 -0.48763378E+001  0.14672260E+003  0.16086340E+003  0.17717190E+003  0.19587445E+003  0.21721833E+003  0.24458951E+003  0.24458951E+003  0.24458951E+003  0.24458951E+003  0.24458951E+003  0.24458951E+003
