  0.00000000E+000  0.00000000E+000  0.00000000E+000  0.00000000E+000  0.00000000E+000  0.00000000E+000  0.00000000E+000  0.00000000E+000  0.00000000E+000  0.00000000E+000  0.00000000E+000  0.00000000E+000  0.00000000E+000  0.00000000E+000  0.00000000E+000  0.00000000E+000  0.00000000E+000  0.00000000E+000  0.00000000E+000  0.00000000E+000  0.00000000E+000  0.00000000E+000  0.00000000E+000  0.00000000E+000  0.00000000E+000  0.00000000E+000  0.00000000E+000  0.00000000E+000  0.00000000E+000  0.00000000E+000  0.00000000E+000  0.00000000E+000  0.00000000E+000  0.00000000E+000  0.00000000E+000
 -0.39553159E-030 -0.39553159E-030 -0.39553159E-030 -0.39553159E-030 -0.39553159E-030 -0.39553159E-030 -0.39553159E-030 -0.39553159E-030 -0.39553159E-030 -0.39553159E-030 -0.39553159E-030 -0.39553159E-030 -0.39553159E-030 -0.39553159E-030 -0.39553159E-030 -0.39553159E-030 -0.39553159E-030 -0.39553159E-030 -0.39553159E-030 -0.39553159E-030 -0.39553159E-030 -0.39553159E-030 -0.39553159E-030 -0.39553159E-030 -0.39553159E-030 -0.39553159E-030 -0.39553159E-030 -0.39553159E-030 -0.39553159E-030 -0.39553159E-030 -0.39553159E-030 -0.39553159E-030 -0.39553159E-030 -0.39553159E-030 -0.39553159E-030
 -0.93740108E-028 -0.93740108E-028 -0.93740108E-028 -0.93740108E-028 -0.93740108E-028 -0.93740108E-028 -0.93740108E-028 -0.93740108E-028 -0.93740108E-028 -0.93740108E-028 -0.93740108E-028 -0.93740108E-028 -0.93740108E-028 -0.93740108E-028 -0.93740108E-028 -0.93740108E-028 -0.93740108E-028 -0.93740108E-028 -0.93740108E-028 -0.93740108E-028 -0.93740108E-028 -0.93740108E-028 -0.93740108E-028 -0.93740108E-028 -0.93740108E-028 -0.93740108E-028 -0.93740108E-028 -0.93740108E-028 -0.93740108E-028 -0.93740108E-028 -0.93740108E-028 -0.93740108E-028 -0.93740108E-028 -0.93740108E-028 -0.93740108E-028
 -0.10605754E-025 -0.10605754E-025 -0.10605754E-025 -0.10605754E-025 -0.10605754E-025 -0.10605754E-025 -0.10605754E-025 -0.10605754E-025 -0.10605754E-025 -0.10605754E-025 -0.10605754E-025 -0.10605754E-025 -0.10605754E-025 -0.10605754E-025 -0.10605754E-025 -0.10605754E-025 -0.10605754E-025 -0.10605754E-025 -0.10605754E-025 -0.10605754E-025 -0.10605754E-025 -0.10605754E-025 -0.10605754E-025 -0.10605754E-025 -0.10605754E-025 -0.10605754E-025 -0.10605754E-025 -0.10605754E-025 -0.10605754E-025 -0.10605754E-025 -0.10605754E-025 -0.10605754E-025 -0.10605754E-025 -0.10605754E-025 -0.10605754E-025
 -0.76198852E-024 -0.76198852E-024 -0.76198852E-024 -0.76198852E-024 -0.76198852E-024 -0.76198852E-024 -0.76198852E-024 -0.76198852E-024 -0.76198852E-024 -0.76198852E-024 -0.76198852E-024 -0.76198852E-024 -0.76198852E-024 -0.76198852E-024 -0.76198852E-024 -0.76198852E-024 -0.76198852E-024 -0.76198852E-024 -0.76198852E-024 -0.76198852E-024 -0.76198852E-024 -0.76198852E-024 -0.76198852E-024 -0.76198852E-024 -0.76198852E-024 -0.76198852E-024 -0.76198852E-024 -0.76198852E-024 -0.76198852E-024 -0.76198852E-024 -0.76198852E-024 -0.76198852E-024 -0.76198852E-024 -0.76198852E-024 -0.76198852E-024
 -0.39010770E-022 -0.39010770E-022 -0.39010770E-022 -0.39010770E-022 -0.39010770E-022 -0.39010770E-022 -0.39010770E-022 -0.39010770E-022 -0.39010770E-022 -0.39010770E-022 -0.39010770E-022 -0.39010770E-022 -0.39010770E-022 -0.39010770E-022 -0.39010770E-022 -0.39010770E-022 -0.39010770E-022 -0.39010770E-022 -0.39010770E-022 -0.39010770E-022 -0.39010770E-022 -0.39010770E-022 -0.39010770E-022 -0.39010770E-022 -0.39010770E-022 -0.39010770E-022 -0.39010770E-022 -0.39010770E-022 -0.39010770E-022 -0.39010770E-022 -0.39010770E-022 -0.39010770E-022 -0.39010770E-022 -0.39010770E-022 -0.39010770E-022
 -0.15137653E-020 -0.15137653E-020 -0.15137653E-020 -0.15137653E-020 -0.15137653E-020 -0.15137653E-020 -0.15137653E-020 -0.15137653E-020 -0.15137653E-020 -0.15137653E-020 -0.15137653E-020 -0.15137653E-020 -0.15137653E-020 -0.15137653E-020 -0.15137653E-020 -0.15137653E-020 -0.15137653E-020 -0.15137653E-020 -0.15137653E-020 -0.15137653E-020 -0.15137653E-020 -0.15137653E-020 -0.15137653E-020 -0.15137653E-020 -0.15137653E-020 -0.15137653E-020 -0.15137653E-020 -0.15137653E-020 -0.15137653E-020 -0.15137653E-020 -0.15137653E-020 -0.15137653E-020 -0.15137653E-020 -0.15137653E-020 -0.15137653E-020
 -0.46233866E-019 -0.46233866E-019 -0.46233866E-019 -0.46233866E-019 -0.46233866E-019 -0.46233866E-019 -0.46233866E-019 -0.46233866E-019 -0.46233866E-019 -0.46233866E-019 -0.46233866E-019 -0.46233866E-019 -0.46233866E-019 -0.46233866E-019 -0.46233866E-019 -0.46233866E-019 -0.46233866E-019 -0.46233866E-019 -0.46233866E-019 -0.46233866E-019 -0.46233866E-019 -0.46233866E-019 -0.46233866E-019 -0.46233866E-019 -0.46233866E-019 -0.46233866E-019 -0.46233866E-019 -0.46233866E-019 -0.46233866E-019 -0.46233866E-019 -0.46233866E-019 -0.46233866E-019 -0.46233866E-019 -0.46233866E-019 -0.46233866E-019
 -0.11393357E-017 -0.11393357E-017 -0.11393357E-017 -0.11393357E-017 -0.11393357E-017 -0.11393357E-017 -0.11393357E-017 -0.11393357E-017 -0.11393357E-017 -0.11393357E-017 -0.11393357E-017 -0.11393357E-017 -0.11393357E-017 -0.11393357E-017 -0.11393357E-017 -0.11393357E-017 -0.11393357E-017 -0.11393357E-017 -0.11393357E-017 -0.11393357E-017 -0.11393357E-017 -0.11393357E-017 -0.11393357E-017 -0.11393357E-017 -0.11393357E-017 -0.11393357E-017 -0.11393357E-017 -0.11393357E-017 -0.11393357E-017 -0.11393357E-017 -0.11393357E-017 -0.11393357E-017 -0.11393357E-017 -0.11393357E-017 -0.11393357E-017
 -0.23039185E-016 -0.23039185E-016 -0.23039185E-016 -0.23039185E-016 -0.23039185E-016 -0.23039185E-016 -0.23039185E-016 -0.23039185E-016 -0.23039185E-016 -0.23039185E-016 -0.23039185E-016 -0.23039185E-016 -0.23039185E-016 -0.23039185E-016 -0.23039185E-016 -0.23039185E-016 -0.23039185E-016 -0.23039185E-016 -0.23039185E-016 -0.23039185E-016 -0.23039185E-016 -0.23039185E-016 -0.23039185E-016 -0.23039185E-016 -0.23039185E-016 -0.23039185E-016 -0.23039185E-016 -0.23039185E-016 -0.23039185E-016 -0.23039185E-016 -0.23039185E-016 -0.23039185E-016 -0.23039185E-016 -0.23039185E-016 -0.23039185E-016
 -0.33575723E-014 -0.33575723E-014 -0.33575723E-014 -0.33575723E-014 -0.33575723E-014 -0.33575723E-014 -0.33575723E-014 -0.33575723E-014 -0.33575723E-014 -0.33575723E-014 -0.33575723E-014 -0.33575723E-014 -0.33575723E-014 -0.33575723E-014 -0.33575723E-014 -0.33575723E-014 -0.33575723E-014 -0.33575723E-014 -0.33575723E-014 -0.33575723E-014 -0.33575723E-014 -0.33575723E-014 -0.33575723E-014 -0.33575723E-014 -0.33575723E-014 -0.33575723E-014 -0.33575723E-014 -0.33575723E-014 -0.33575723E-014 -0.33575723E-014 -0.33575723E-014 -0.33575723E-014 -0.33575723E-014 -0.33575723E-014 -0.33575723E-014
 -0.39034460E-012 -0.39034460E-012 -0.39034460E-012 -0.39034460E-012 -0.39034460E-012 -0.39034460E-012 -0.39034460E-012 -0.39034460E-012 -0.39034460E-012 -0.39034460E-012 -0.39034460E-012 -0.39034460E-012 -0.39034460E-012 -0.39034460E-012 -0.39034460E-012 -0.39034460E-012 -0.39034460E-012 -0.39034460E-012 -0.39034460E-012 -0.39034460E-012 -0.39034460E-012 -0.39034460E-012 -0.39034460E-012 -0.39034460E-012 -0.39034460E-012 -0.39034460E-012 -0.39034460E-012 -0.39034460E-012 -0.39034460E-012 -0.39034460E-012 -0.39034460E-012 -0.39034460E-012 -0.39034460E-012 -0.39034460E-012 -0.39034460E-012
 -0.36441724E-010 -0.36441724E-010 -0.36441724E-010 -0.36441724E-010 -0.36441724E-010 -0.36441724E-010 -0.36441724E-010 -0.36441724E-010 -0.36441724E-010 -0.36441724E-010 -0.36441724E-010 -0.36441724E-010 -0.36441724E-010 -0.36441724E-010 -0.36441724E-010 -0.36441724E-010 -0.36441724E-010 -0.36441724E-010 -0.36441724E-010 -0.36441724E-010 -0.36441724E-010 -0.36441724E-010 -0.36441724E-010 -0.36441724E-010 -0.36441724E-010 -0.36441724E-010 -0.36441724E-010 -0.36441724E-010 -0.36441724E-010 -0.36441724E-010 -0.36441724E-010 -0.36441724E-010 -0.36441724E-010 -0.36441724E-010 -0.36441724E-010
 -0.27353019E-008 -0.27353019E-008 -0.27353019E-008 -0.27353019E-008 -0.27353019E-008 -0.27353019E-008 -0.27353019E-008 -0.27353019E-008 -0.27353019E-008 -0.27353019E-008 -0.27353019E-008 -0.27353019E-008 -0.27353019E-008 -0.27353019E-008 -0.27353019E-008 -0.27353019E-008 -0.27353019E-008 -0.27353019E-008 -0.27353019E-008 -0.27353019E-008 -0.27353019E-008 -0.27353019E-008 -0.27353019E-008 -0.27353019E-008 -0.27353019E-008 -0.27353019E-008 -0.27353019E-008 -0.27353019E-008 -0.27353019E-008 -0.27353019E-008 -0.27353019E-008 -0.27353019E-008 -0.27353019E-008 -0.27353019E-008 -0.27353019E-008
 -0.16438680E-006 -0.16438680E-006 -0.16438680E-006 -0.16438680E-006 -0.16438680E-006 -0.16438680E-006 -0.16438680E-006 -0.16438680E-006 -0.16438680E-006 -0.16438680E-006 -0.16438680E-006 -0.16438680E-006 -0.16438680E-006 -0.16438680E-006 -0.16438680E-006 -0.16438680E-006 -0.16438680E-006 -0.16438680E-006 -0.16438680E-006 -0.16438680E-006 -0.16438680E-006 -0.16438680E-006 -0.16438680E-006 -0.16438680E-006 -0.16438680E-006 -0.16438680E-006 -0.16438680E-006 -0.16438680E-006 -0.16438680E-006 -0.16438680E-006 -0.16438680E-006 -0.16438680E-006 -0.16438680E-006 -0.16438680E-006 -0.16438680E-006
 -0.78291120E-005 -0.78291120E-005 -0.78291120E-005 -0.78291120E-005 -0.78291120E-005 -0.78291120E-005 -0.78291120E-005 -0.78291120E-005 -0.78291120E-005 -0.78291120E-005 -0.78291120E-005 -0.78291120E-005 -0.78291120E-005 -0.78291120E-005 -0.78291120E-005 -0.78291120E-005 -0.78291120E-005 -0.78291120E-005 -0.78291120E-005 -0.78291120E-005 -0.78291120E-005 -0.78291120E-005 -0.78291120E-005 -0.78291120E-005 -0.78291120E-005 -0.78291120E-005 -0.78291120E-005 -0.78291120E-005 -0.78291120E-005 -0.78291120E-005 -0.78291120E-005 -0.78291120E-005 -0.78291120E-005 -0.78291120E-005 -0.78291120E-005
 -0.29010317E-003 -0.29010317E-003 -0.29010317E-003 -0.29010317E-003 -0.29010317E-003 -0.29010317E-003 -0.29010317E-003 -0.29010317E-003 -0.29010317E-003 -0.29010317E-003 -0.29010317E-003 -0.29010317E-003 -0.29010317E-003 -0.29010317E-003 -0.29010317E-003 -0.29010317E-003 -0.29010317E-003 -0.29010317E-003 -0.29010317E-003 -0.29010317E-003 -0.29010317E-003 -0.29010317E-003 -0.29010317E-003 -0.29010317E-003 -0.29010317E-003 -0.29010317E-003 -0.29010317E-003 -0.29010317E-003 -0.29010317E-003 -0.29010317E-003 -0.29010317E-003 -0.29010317E-003 -0.29010317E-003 -0.29010317E-003 -0.29010317E-003
 -0.81107390E-002 -0.81107390E-002 -0.81107390E-002 -0.81107390E-002 -0.81107390E-002 -0.81107390E-002 -0.81107390E-002 -0.81107390E-002 -0.81107390E-002 -0.81107390E-002 -0.81107390E-002 -0.81107390E-002 -0.81107390E-002 -0.81107390E-002 -0.81107390E-002 -0.81107390E-002 -0.81107390E-002 -0.81107390E-002 -0.81107390E-002 -0.81107390E-002 -0.81107390E-002 -0.81107390E-002 -0.81107390E-002 -0.81107390E-002 -0.81107390E-002 -0.81107390E-002 -0.81107390E-002 -0.81107390E-002 -0.81107390E-002 -0.81107390E-002 -0.81107390E-002 -0.81107390E-002 -0.81107390E-002 -0.81107390E-002 -0.81107390E-002
 -0.16236403E+000 -0.16236403E+000 -0.16236403E+000 -0.16236403E+000 -0.16236403E+000 -0.16236403E+000 -0.16236403E+000 -0.16236403E+000 -0.16236403E+000 -0.16236403E+000 -0.16236403E+000 -0.16236403E+000 -0.16236403E+000 -0.16236403E+000 -0.16236403E+000 -0.16236403E+000 -0.16236403E+000 -0.16236403E+000 -0.16236403E+000 -0.16236403E+000 -0.16236403E+000 -0.16236403E+000 -0.16236403E+000 -0.16236403E+000 -0.16236403E+000 -0.16236403E+000 -0.16236403E+000 -0.16236403E+000 -0.16236403E+000 -0.16236403E+000 -0.16236403E+000 -0.16236403E+000 -0.16236403E+000 -0.16236403E+000 -0.16236403E+000
 -0.21069136E+001 -0.21069136E+001 -0.21069136E+001 -0.21069136E+001 -0.21069136E+001 -0.21069136E+001 -0.21069136E+001 -0.21069136E+001 -0.21069136E+001 -0.21069136E+001 -0.21069136E+001 -0.21069136E+001 -0.21069136E+001 -0.21069136E+001 -0.21069136E+001 -0.21069136E+001 -0.21069136E+001 -0.21069136E+001 -0.21069136E+001 -0.21069136E+001 -0.21069136E+001 -0.21069136E+001 -0.21069136E+001 -0.21069136E+001 -0.21069136E+001 -0.21069136E+001 -0.21069136E+001 -0.21069136E+001 -0.21069136E+001 -0.21069136E+001 -0.21069136E+001 -0.21069136E+001 -0.21069136E+001 -0.21069136E+001 -0.21069136E+001
 -0.13825481E+002 -0.13796056E+002 -0.13796056E+002 -0.13796056E+002 -0.13796056E+002 -0.13796056E+002 -0.13796056E+002 -0.13796056E+002 -0.13796056E+002 -0.13796056E+002 -0.13796056E+002 -0.13796056E+002 -0.13796056E+002 -0.13796056E+002 -0.13796056E+002 -0.13796056E+002 -0.13796056E+002 -0.13796056E+002 -0.13796056E+002 -0.13796056E+002 -0.13796056E+002 -0.13796056E+002 -0.13796056E+002 -0.13796056E+002 -0.13796056E+002 -0.13796056E+002 -0.13796056E+002 -0.13796056E+002 -0.13796056E+002 -0.13796056E+002 -0.13796056E+002 -0.13796056E+002 -0.13796056E+002 -0.13796056E+002 -0.13796056E+002
 -0.92995835E+000 -0.92995835E+000 -0.92995835E+000 -0.92995835E+000 -0.92995835E+000 -0.92995835E+000 -0.92995835E+000 -0.92995835E+000 -0.92995835E+000 -0.92995835E+000 -0.92995835E+000 -0.92995835E+000 -0.92995835E+000 -0.92995835E+000 -0.92995835E+000 -0.92995835E+000 -0.92995835E+000 -0.92995835E+000 -0.92995835E+000 -0.92995835E+000 -0.92995835E+000 -0.92995835E+000 -0.92995835E+000 -0.92995835E+000 -0.92995835E+000 -0.92995835E+000 -0.92995835E+000 -0.92995835E+000 -0.92995835E+000 -0.92995835E+000 -0.92995835E+000 -0.92995835E+000 -0.92995835E+000 -0.92995835E+000 -0.92995834E+000
 -0.60464769E+001 -0.60464626E+001 -0.60463960E+001 -0.60462540E+001 -0.60460193E+001 -0.60460193E+001 -0.60460193E+001 -0.60460193E+001 -0.60460193E+001 -0.60460193E+001 -0.60460193E+001 -0.60460193E+001 -0.60460193E+001 -0.60460193E+001 -0.60460193E+001 -0.60460193E+001 -0.60460193E+001 -0.60460193E+001 -0.60460193E+001 -0.60460193E+001 -0.60460193E+001 -0.60460193E+001 -0.60460193E+001 -0.60460193E+001 -0.60460193E+001 -0.60460193E+001 -0.60460193E+001 -0.60460193E+001 -0.60460193E+001 -0.60460193E+001 -0.60460193E+001 -0.60460193E+001 -0.60460193E+001 -0.60460193E+001 -0.60460193E+001
 -0.25394976E+002 -0.25394958E+002 -0.25394875E+002 -0.25394698E+002 -0.25394406E+002 -0.25394406E+002 -0.25394406E+002 -0.25394406E+002 -0.25394406E+002 -0.25394406E+002 -0.25394406E+002 -0.25394406E+002 -0.25394406E+002 -0.25394406E+002 -0.25394406E+002 -0.25394406E+002 -0.25394406E+002 -0.25394406E+002 -0.25394406E+002 -0.25394406E+002 -0.25394406E+002 -0.25394406E+002 -0.25394406E+002 -0.25394406E+002 -0.25394406E+002 -0.25394406E+002 -0.25394406E+002 -0.25394406E+002 -0.25394406E+002 -0.25394406E+002 -0.25394406E+002 -0.25394406E+002 -0.25394406E+002 -0.25394406E+002 -0.25394406E+002
 -0.62172376E+000 -0.60151231E+000 -0.50888515E+000 -0.31431605E+000 -0.31368027E+000 -0.31368027E+000 -0.31368027E+000 -0.31368027E+000 -0.31368027E+000 -0.31368027E+000 -0.31368027E+000 -0.31368027E+000 -0.31368027E+000 -0.31368027E+000 -0.31368027E+000 -0.31368027E+000 -0.31368027E+000 -0.31368027E+000 -0.31368027E+000 -0.31368027E+000 -0.31368027E+000 -0.31368027E+000 -0.31368027E+000 -0.31368027E+000 -0.31368027E+000 -0.31368027E+000 -0.31368027E+000 -0.31368027E+000 -0.31368028E+000 -0.31368029E+000 -0.31368031E+000 -0.31368032E+000 -0.31368034E+000 -0.31368065E+000 -0.31368096E+000
