  0.00000000E+000  0.00000000E+000  0.00000000E+000  0.00000000E+000  0.00000000E+000  0.00000000E+000  0.00000000E+000  0.00000000E+000  0.00000000E+000  0.00000000E+000  0.00000000E+000  0.00000000E+000  0.00000000E+000  0.00000000E+000  0.00000000E+000  0.00000000E+000  0.00000000E+000  0.00000000E+000  0.00000000E+000  0.00000000E+000  0.00000000E+000  0.00000000E+000  0.00000000E+000  0.00000000E+000  0.00000000E+000  0.00000000E+000  0.00000000E+000  0.00000000E+000  0.00000000E+000  0.00000000E+000  0.00000000E+000  0.00000000E+000  0.00000000E+000  0.00000000E+000  0.00000000E+000
 -0.18579745E-036 -0.18579745E-036 -0.18579745E-036 -0.18579745E-036 -0.18579745E-036 -0.18579745E-036 -0.18579745E-036 -0.18579745E-036 -0.18579745E-036 -0.18579745E-036 -0.18579745E-036 -0.18579745E-036 -0.18579745E-036 -0.18579745E-036 -0.18579745E-036 -0.18579745E-036 -0.18579745E-036 -0.18579745E-036 -0.18579745E-036 -0.18579745E-036 -0.18579745E-036 -0.18579745E-036 -0.18579745E-036 -0.18579745E-036 -0.18579745E-036 -0.18579745E-036 -0.18579745E-036 -0.18579745E-036 -0.18579745E-036 -0.18579745E-036 -0.18579745E-036 -0.18579745E-036 -0.18579745E-036 -0.18579745E-036 -0.18579745E-036
 -0.85310181E-034 -0.85310181E-034 -0.85310181E-034 -0.85310181E-034 -0.85310181E-034 -0.85310181E-034 -0.85310181E-034 -0.85310181E-034 -0.85310181E-034 -0.85310181E-034 -0.85310181E-034 -0.85310181E-034 -0.85310181E-034 -0.85310181E-034 -0.85310181E-034 -0.85310181E-034 -0.85310181E-034 -0.85310181E-034 -0.85310181E-034 -0.85310181E-034 -0.85310181E-034 -0.85310181E-034 -0.85310181E-034 -0.85310181E-034 -0.85310181E-034 -0.85310181E-034 -0.85310181E-034 -0.85310181E-034 -0.85310181E-034 -0.85310181E-034 -0.85310181E-034 -0.85310181E-034 -0.85310181E-034 -0.85310181E-034 -0.85310181E-034
 -0.18716008E-031 -0.18716008E-031 -0.18716008E-031 -0.18716008E-031 -0.18716008E-031 -0.18716008E-031 -0.18716008E-031 -0.18716008E-031 -0.18716008E-031 -0.18716008E-031 -0.18716008E-031 -0.18716008E-031 -0.18716008E-031 -0.18716008E-031 -0.18716008E-031 -0.18716008E-031 -0.18716008E-031 -0.18716008E-031 -0.18716008E-031 -0.18716008E-031 -0.18716008E-031 -0.18716008E-031 -0.18716008E-031 -0.18716008E-031 -0.18716008E-031 -0.18716008E-031 -0.18716008E-031 -0.18716008E-031 -0.18716008E-031 -0.18716008E-031 -0.18716008E-031 -0.18716008E-031 -0.18716008E-031 -0.18716008E-031 -0.18716008E-031
 -0.26091658E-029 -0.26091658E-029 -0.26091658E-029 -0.26091658E-029 -0.26091658E-029 -0.26091658E-029 -0.26091658E-029 -0.26091658E-029 -0.26091658E-029 -0.26091658E-029 -0.26091658E-029 -0.26091658E-029 -0.26091658E-029 -0.26091658E-029 -0.26091658E-029 -0.26091658E-029 -0.26091658E-029 -0.26091658E-029 -0.26091658E-029 -0.26091658E-029 -0.26091658E-029 -0.26091658E-029 -0.26091658E-029 -0.26091658E-029 -0.26091658E-029 -0.26091658E-029 -0.26091658E-029 -0.26091658E-029 -0.26091658E-029 -0.26091658E-029 -0.26091658E-029 -0.26091658E-029 -0.26091658E-029 -0.26091658E-029 -0.26091658E-029
 -0.25929046E-027 -0.25929046E-027 -0.25929046E-027 -0.25929046E-027 -0.25929046E-027 -0.25929046E-027 -0.25929046E-027 -0.25929046E-027 -0.25929046E-027 -0.25929046E-027 -0.25929046E-027 -0.25929046E-027 -0.25929046E-027 -0.25929046E-027 -0.25929046E-027 -0.25929046E-027 -0.25929046E-027 -0.25929046E-027 -0.25929046E-027 -0.25929046E-027 -0.25929046E-027 -0.25929046E-027 -0.25929046E-027 -0.25929046E-027 -0.25929046E-027 -0.25929046E-027 -0.25929046E-027 -0.25929046E-027 -0.25929046E-027 -0.25929046E-027 -0.25929046E-027 -0.25929046E-027 -0.25929046E-027 -0.25929046E-027 -0.25929046E-027
 -0.19531119E-025 -0.19531119E-025 -0.19531119E-025 -0.19531119E-025 -0.19531119E-025 -0.19531119E-025 -0.19531119E-025 -0.19531119E-025 -0.19531119E-025 -0.19531119E-025 -0.19531119E-025 -0.19531119E-025 -0.19531119E-025 -0.19531119E-025 -0.19531119E-025 -0.19531119E-025 -0.19531119E-025 -0.19531119E-025 -0.19531119E-025 -0.19531119E-025 -0.19531119E-025 -0.19531119E-025 -0.19531119E-025 -0.19531119E-025 -0.19531119E-025 -0.19531119E-025 -0.19531119E-025 -0.19531119E-025 -0.19531119E-025 -0.19531119E-025 -0.19531119E-025 -0.19531119E-025 -0.19531119E-025 -0.19531119E-025 -0.19531119E-025
 -0.11575037E-023 -0.11575037E-023 -0.11575037E-023 -0.11575037E-023 -0.11575037E-023 -0.11575037E-023 -0.11575037E-023 -0.11575037E-023 -0.11575037E-023 -0.11575037E-023 -0.11575037E-023 -0.11575037E-023 -0.11575037E-023 -0.11575037E-023 -0.11575037E-023 -0.11575037E-023 -0.11575037E-023 -0.11575037E-023 -0.11575037E-023 -0.11575037E-023 -0.11575037E-023 -0.11575037E-023 -0.11575037E-023 -0.11575037E-023 -0.11575037E-023 -0.11575037E-023 -0.11575037E-023 -0.11575037E-023 -0.11575037E-023 -0.11575037E-023 -0.11575037E-023 -0.11575037E-023 -0.11575037E-023 -0.11575037E-023 -0.11575037E-023
 -0.55295327E-022 -0.55295327E-022 -0.55295327E-022 -0.55295327E-022 -0.55295327E-022 -0.55295327E-022 -0.55295327E-022 -0.55295327E-022 -0.55295327E-022 -0.55295327E-022 -0.55295327E-022 -0.55295327E-022 -0.55295327E-022 -0.55295327E-022 -0.55295327E-022 -0.55295327E-022 -0.55295327E-022 -0.55295327E-022 -0.55295327E-022 -0.55295327E-022 -0.55295327E-022 -0.55295327E-022 -0.55295327E-022 -0.55295327E-022 -0.55295327E-022 -0.55295327E-022 -0.55295327E-022 -0.55295327E-022 -0.55295327E-022 -0.55295327E-022 -0.55295327E-022 -0.55295327E-022 -0.55295327E-022 -0.55295327E-022 -0.55295327E-022
 -0.21639061E-020 -0.21639061E-020 -0.21639061E-020 -0.21639061E-020 -0.21639061E-020 -0.21639061E-020 -0.21639061E-020 -0.21639061E-020 -0.21639061E-020 -0.21639061E-020 -0.21639061E-020 -0.21639061E-020 -0.21639061E-020 -0.21639061E-020 -0.21639061E-020 -0.21639061E-020 -0.21639061E-020 -0.21639061E-020 -0.21639061E-020 -0.21639061E-020 -0.21639061E-020 -0.21639061E-020 -0.21639061E-020 -0.21639061E-020 -0.21639061E-020 -0.21639061E-020 -0.21639061E-020 -0.21639061E-020 -0.21639061E-020 -0.21639061E-020 -0.21639061E-020 -0.21639061E-020 -0.21639061E-020 -0.21639061E-020 -0.21639061E-020
 -0.62508712E-018 -0.62508712E-018 -0.62508712E-018 -0.62508712E-018 -0.62508712E-018 -0.62508712E-018 -0.62508712E-018 -0.62508712E-018 -0.62508712E-018 -0.62508712E-018 -0.62508712E-018 -0.62508712E-018 -0.62508712E-018 -0.62508712E-018 -0.62508712E-018 -0.62508712E-018 -0.62508712E-018 -0.62508712E-018 -0.62508712E-018 -0.62508712E-018 -0.62508712E-018 -0.62508712E-018 -0.62508712E-018 -0.62508712E-018 -0.62508712E-018 -0.62508712E-018 -0.62508712E-018 -0.62508712E-018 -0.62508712E-018 -0.62508712E-018 -0.62508712E-018 -0.62508712E-018 -0.62508712E-018 -0.62508712E-018 -0.62508712E-018
 -0.14458459E-015 -0.14458459E-015 -0.14458459E-015 -0.14458459E-015 -0.14458459E-015 -0.14458459E-015 -0.14458459E-015 -0.14458459E-015 -0.14458459E-015 -0.14458459E-015 -0.14458459E-015 -0.14458459E-015 -0.14458459E-015 -0.14458459E-015 -0.14458459E-015 -0.14458459E-015 -0.14458459E-015 -0.14458459E-015 -0.14458459E-015 -0.14458459E-015 -0.14458459E-015 -0.14458459E-015 -0.14458459E-015 -0.14458459E-015 -0.14458459E-015 -0.14458459E-015 -0.14458459E-015 -0.14458459E-015 -0.14458459E-015 -0.14458459E-015 -0.14458459E-015 -0.14458459E-015 -0.14458459E-015 -0.14458459E-015 -0.14458459E-015
 -0.26963851E-013 -0.26963851E-013 -0.26963851E-013 -0.26963851E-013 -0.26963851E-013 -0.26963851E-013 -0.26963851E-013 -0.26963851E-013 -0.26963851E-013 -0.26963851E-013 -0.26963851E-013 -0.26963851E-013 -0.26963851E-013 -0.26963851E-013 -0.26963851E-013 -0.26963851E-013 -0.26963851E-013 -0.26963851E-013 -0.26963851E-013 -0.26963851E-013 -0.26963851E-013 -0.26963851E-013 -0.26963851E-013 -0.26963851E-013 -0.26963851E-013 -0.26963851E-013 -0.26963851E-013 -0.26963851E-013 -0.26963851E-013 -0.26963851E-013 -0.26963851E-013 -0.26963851E-013 -0.26963851E-013 -0.26963851E-013 -0.26963851E-013
 -0.40609197E-011 -0.40609197E-011 -0.40609197E-011 -0.40609197E-011 -0.40609197E-011 -0.40609197E-011 -0.40609197E-011 -0.40609197E-011 -0.40609197E-011 -0.40609197E-011 -0.40609197E-011 -0.40609197E-011 -0.40609197E-011 -0.40609197E-011 -0.40609197E-011 -0.40609197E-011 -0.40609197E-011 -0.40609197E-011 -0.40609197E-011 -0.40609197E-011 -0.40609197E-011 -0.40609197E-011 -0.40609197E-011 -0.40609197E-011 -0.40609197E-011 -0.40609197E-011 -0.40609197E-011 -0.40609197E-011 -0.40609197E-011 -0.40609197E-011 -0.40609197E-011 -0.40609197E-011 -0.40609197E-011 -0.40609197E-011 -0.40609197E-011
 -0.49213465E-009 -0.49213465E-009 -0.49213465E-009 -0.49213465E-009 -0.49213465E-009 -0.49213465E-009 -0.49213465E-009 -0.49213465E-009 -0.49213465E-009 -0.49213465E-009 -0.49213465E-009 -0.49213465E-009 -0.49213465E-009 -0.49213465E-009 -0.49213465E-009 -0.49213465E-009 -0.49213465E-009 -0.49213465E-009 -0.49213465E-009 -0.49213465E-009 -0.49213465E-009 -0.49213465E-009 -0.49213465E-009 -0.49213465E-009 -0.49213465E-009 -0.49213465E-009 -0.49213465E-009 -0.49213465E-009 -0.49213465E-009 -0.49213465E-009 -0.49213465E-009 -0.49213465E-009 -0.49213465E-009 -0.49213465E-009 -0.49213465E-009
 -0.47534623E-007 -0.47534623E-007 -0.47534623E-007 -0.47534623E-007 -0.47534623E-007 -0.47534623E-007 -0.47534623E-007 -0.47534623E-007 -0.47534623E-007 -0.47534623E-007 -0.47534623E-007 -0.47534623E-007 -0.47534623E-007 -0.47534623E-007 -0.47534623E-007 -0.47534623E-007 -0.47534623E-007 -0.47534623E-007 -0.47534623E-007 -0.47534623E-007 -0.47534623E-007 -0.47534623E-007 -0.47534623E-007 -0.47534623E-007 -0.47534623E-007 -0.47534623E-007 -0.47534623E-007 -0.47534623E-007 -0.47534623E-007 -0.47534623E-007 -0.47534623E-007 -0.47534623E-007 -0.47534623E-007 -0.47534623E-007 -0.47534623E-007
 -0.35963907E-005 -0.35963907E-005 -0.35963907E-005 -0.35963907E-005 -0.35963907E-005 -0.35963907E-005 -0.35963907E-005 -0.35963907E-005 -0.35963907E-005 -0.35963907E-005 -0.35963907E-005 -0.35963907E-005 -0.35963907E-005 -0.35963907E-005 -0.35963907E-005 -0.35963907E-005 -0.35963907E-005 -0.35963907E-005 -0.35963907E-005 -0.35963907E-005 -0.35963907E-005 -0.35963907E-005 -0.35963907E-005 -0.35963907E-005 -0.35963907E-005 -0.35963907E-005 -0.35963907E-005 -0.35963907E-005 -0.35963907E-005 -0.35963907E-005 -0.35963907E-005 -0.35963907E-005 -0.35963907E-005 -0.35963907E-005 -0.35963907E-005
 -0.20701213E-003 -0.20701213E-003 -0.20701213E-003 -0.20701213E-003 -0.20701213E-003 -0.20701213E-003 -0.20701213E-003 -0.20701213E-003 -0.20701213E-003 -0.20701213E-003 -0.20701213E-003 -0.20701213E-003 -0.20701213E-003 -0.20701213E-003 -0.20701213E-003 -0.20701213E-003 -0.20701213E-003 -0.20701213E-003 -0.20701213E-003 -0.20701213E-003 -0.20701213E-003 -0.20701213E-003 -0.20701213E-003 -0.20701213E-003 -0.20701213E-003 -0.20701213E-003 -0.20701213E-003 -0.20701213E-003 -0.20701213E-003 -0.20701213E-003 -0.20701213E-003 -0.20701213E-003 -0.20701213E-003 -0.20701213E-003 -0.20701213E-003
 -0.86236184E-002 -0.86236184E-002 -0.86236184E-002 -0.86236184E-002 -0.86236184E-002 -0.86236184E-002 -0.86236184E-002 -0.86236184E-002 -0.86236184E-002 -0.86236184E-002 -0.86236184E-002 -0.86236184E-002 -0.86236184E-002 -0.86236184E-002 -0.86236184E-002 -0.86236184E-002 -0.86236184E-002 -0.86236184E-002 -0.86236184E-002 -0.86236184E-002 -0.86236184E-002 -0.86236184E-002 -0.86236184E-002 -0.86236184E-002 -0.86236184E-002 -0.86236184E-002 -0.86236184E-002 -0.86236184E-002 -0.86236184E-002 -0.86236184E-002 -0.86236184E-002 -0.86236184E-002 -0.86236184E-002 -0.86236184E-002 -0.86236184E-002
 -0.23633492E+000 -0.23633492E+000 -0.23633492E+000 -0.23633492E+000 -0.23633492E+000 -0.23633492E+000 -0.23633492E+000 -0.23633492E+000 -0.23633492E+000 -0.23633492E+000 -0.23633492E+000 -0.23633492E+000 -0.23633492E+000 -0.23633492E+000 -0.23633492E+000 -0.23633492E+000 -0.23633492E+000 -0.23633492E+000 -0.23633492E+000 -0.23633492E+000 -0.23633492E+000 -0.23633492E+000 -0.23633492E+000 -0.23633492E+000 -0.23633492E+000 -0.23633492E+000 -0.23633492E+000 -0.23633492E+000 -0.23633492E+000 -0.23633492E+000 -0.23633492E+000 -0.23633492E+000 -0.23633492E+000 -0.23633492E+000 -0.23633492E+000
 -0.33546961E+001 -0.33546961E+001 -0.33546961E+001 -0.33546961E+001 -0.33546961E+001 -0.33546961E+001 -0.33546961E+001 -0.33546961E+001 -0.33546961E+001 -0.33546961E+001 -0.33546961E+001 -0.33546961E+001 -0.33546961E+001 -0.33546961E+001 -0.33546961E+001 -0.33546961E+001 -0.33546961E+001 -0.33546961E+001 -0.33546961E+001 -0.33546961E+001 -0.33546961E+001 -0.33546961E+001 -0.33546961E+001 -0.33546961E+001 -0.33546961E+001 -0.33546961E+001 -0.33546961E+001 -0.33546961E+001 -0.33546961E+001 -0.33546961E+001 -0.33546961E+001 -0.33546961E+001 -0.33546961E+001 -0.33546961E+001 -0.33546961E+001
 -0.16158923E+001 -0.16158923E+001 -0.16158923E+001 -0.16158923E+001 -0.16158923E+001 -0.16158923E+001 -0.16158923E+001 -0.16158923E+001 -0.16158923E+001 -0.16158923E+001 -0.16158923E+001 -0.16158923E+001 -0.16158923E+001 -0.16158923E+001 -0.16158923E+001 -0.16158923E+001 -0.16158923E+001 -0.16158923E+001 -0.16158923E+001 -0.16158923E+001 -0.16158923E+001 -0.16158923E+001 -0.16158923E+001 -0.16158923E+001 -0.16158923E+001 -0.16158923E+001 -0.16158923E+001 -0.16158923E+001 -0.16158923E+001 -0.16158923E+001 -0.16158923E+001 -0.16158923E+001 -0.16158923E+001 -0.16158923E+001 -0.16158923E+001
 -0.20360784E+002 -0.20360784E+002 -0.20360784E+002 -0.20360784E+002 -0.20360784E+002 -0.20360784E+002 -0.20360784E+002 -0.20360784E+002 -0.20360784E+002 -0.20360784E+002 -0.20360784E+002 -0.20360784E+002 -0.20360784E+002 -0.20360784E+002 -0.20360784E+002 -0.20360784E+002 -0.20360784E+002 -0.20360784E+002 -0.20360784E+002 -0.20360784E+002 -0.20360784E+002 -0.20360784E+002 -0.20360784E+002 -0.20360784E+002 -0.20360784E+002 -0.20360784E+002 -0.20360784E+002 -0.20360784E+002 -0.20360784E+002 -0.20360784E+002 -0.20360784E+002 -0.20360784E+002 -0.20360784E+002 -0.20360784E+002 -0.20360784E+002
 -0.32602993E+003 -0.32602978E+003 -0.32602908E+003 -0.32602759E+003 -0.32602512E+003 -0.32602152E+003 -0.32601791E+003 -0.32601544E+003 -0.32601394E+003 -0.32601324E+003 -0.32601309E+003 -0.32601301E+003 -0.32601253E+003 -0.32601131E+003 -0.32600905E+003 -0.32600545E+003 -0.32600023E+003 -0.32599312E+003 -0.32598385E+003 -0.32597218E+003 -0.32595780E+003 -0.32594049E+003 -0.32592000E+003 -0.32589607E+003 -0.32586847E+003 -0.32586847E+003 -0.32586847E+003 -0.32586846E+003 -0.32586846E+003 -0.32586846E+003 -0.32586845E+003 -0.32586844E+003 -0.32586844E+003 -0.32586843E+003 -0.32586843E+003
 -0.37929044E+001 -0.37564016E+001 -0.35973020E+001 -0.32574073E+001 -0.27686077E+001 -0.20526785E+001 -0.13285541E+001 -0.88644626E+000 -0.63098027E+000 -0.48618203E+000 -0.45094487E+000 -0.45094487E+000 -0.45094487E+000 -0.45094487E+000 -0.45094487E+000 -0.45094487E+000 -0.45094487E+000 -0.45094487E+000 -0.45094487E+000 -0.24918202E+001 -0.61940128E+000 -0.61940128E+000 -0.61940128E+000 -0.61940128E+000 -0.61940127E+000 -0.61940127E+000 -0.14453045E+002 -0.48248057E+000 -0.48248058E+000 -0.48248105E+000 -0.48248156E+000 -0.48248212E+000 -0.48248271E+000 -0.22329997E+003 -0.20743229E+003
