  0.00000000E+000  0.00000000E+000  0.00000000E+000  0.00000000E+000  0.00000000E+000  0.00000000E+000  0.00000000E+000  0.00000000E+000  0.00000000E+000  0.00000000E+000  0.00000000E+000  0.00000000E+000  0.00000000E+000  0.00000000E+000  0.00000000E+000  0.00000000E+000  0.00000000E+000  0.00000000E+000  0.00000000E+000  0.00000000E+000  0.00000000E+000  0.00000000E+000  0.00000000E+000  0.00000000E+000  0.00000000E+000  0.00000000E+000  0.00000000E+000  0.00000000E+000  0.00000000E+000  0.00000000E+000  0.00000000E+000  0.00000000E+000  0.00000000E+000  0.00000000E+000  0.00000000E+000
 -0.15912099E-028 -0.15912099E-028 -0.15912099E-028 -0.15912099E-028 -0.15912099E-028 -0.15912099E-028 -0.15912099E-028 -0.15912099E-028 -0.15912099E-028 -0.15912099E-028 -0.15912099E-028 -0.15912099E-028 -0.15912099E-028 -0.15912099E-028 -0.15912099E-028 -0.15912099E-028 -0.15912099E-028 -0.15912099E-028 -0.15912099E-028 -0.15912099E-028 -0.15912099E-028 -0.15912099E-028 -0.15912099E-028 -0.15912099E-028 -0.15912099E-028 -0.15912099E-028 -0.15912099E-028 -0.15912099E-028 -0.15912099E-028 -0.15912099E-028 -0.15912099E-028 -0.15912099E-028 -0.15912099E-028 -0.15912099E-028 -0.15912099E-028
 -0.37662673E-026 -0.37662673E-026 -0.37662673E-026 -0.37662673E-026 -0.37662673E-026 -0.37662673E-026 -0.37662673E-026 -0.37662673E-026 -0.37662673E-026 -0.37662673E-026 -0.37662673E-026 -0.37662673E-026 -0.37662673E-026 -0.37662673E-026 -0.37662673E-026 -0.37662673E-026 -0.37662673E-026 -0.37662673E-026 -0.37662673E-026 -0.37662673E-026 -0.37662673E-026 -0.37662673E-026 -0.37662673E-026 -0.37662673E-026 -0.37662673E-026 -0.37662673E-026 -0.37662673E-026 -0.37662673E-026 -0.37662673E-026 -0.37662673E-026 -0.37662673E-026 -0.37662673E-026 -0.37662673E-026 -0.37662673E-026 -0.37662673E-026
 -0.42552462E-024 -0.42552462E-024 -0.42552462E-024 -0.42552462E-024 -0.42552462E-024 -0.42552462E-024 -0.42552462E-024 -0.42552462E-024 -0.42552462E-024 -0.42552462E-024 -0.42552462E-024 -0.42552462E-024 -0.42552462E-024 -0.42552462E-024 -0.42552462E-024 -0.42552462E-024 -0.42552462E-024 -0.42552462E-024 -0.42552462E-024 -0.42552462E-024 -0.42552462E-024 -0.42552462E-024 -0.42552462E-024 -0.42552462E-024 -0.42552462E-024 -0.42552462E-024 -0.42552462E-024 -0.42552462E-024 -0.42552462E-024 -0.42552462E-024 -0.42552462E-024 -0.42552462E-024 -0.42552462E-024 -0.42552462E-024 -0.42552462E-024
 -0.30526749E-022 -0.30526749E-022 -0.30526749E-022 -0.30526749E-022 -0.30526749E-022 -0.30526749E-022 -0.30526749E-022 -0.30526749E-022 -0.30526749E-022 -0.30526749E-022 -0.30526749E-022 -0.30526749E-022 -0.30526749E-022 -0.30526749E-022 -0.30526749E-022 -0.30526749E-022 -0.30526749E-022 -0.30526749E-022 -0.30526749E-022 -0.30526749E-022 -0.30526749E-022 -0.30526749E-022 -0.30526749E-022 -0.30526749E-022 -0.30526749E-022 -0.30526749E-022 -0.30526749E-022 -0.30526749E-022 -0.30526749E-022 -0.30526749E-022 -0.30526749E-022 -0.30526749E-022 -0.30526749E-022 -0.30526749E-022 -0.30526749E-022
 -0.15603046E-020 -0.15603046E-020 -0.15603046E-020 -0.15603046E-020 -0.15603046E-020 -0.15603046E-020 -0.15603046E-020 -0.15603046E-020 -0.15603046E-020 -0.15603046E-020 -0.15603046E-020 -0.15603046E-020 -0.15603046E-020 -0.15603046E-020 -0.15603046E-020 -0.15603046E-020 -0.15603046E-020 -0.15603046E-020 -0.15603046E-020 -0.15603046E-020 -0.15603046E-020 -0.15603046E-020 -0.15603046E-020 -0.15603046E-020 -0.15603046E-020 -0.15603046E-020 -0.15603046E-020 -0.15603046E-020 -0.15603046E-020 -0.15603046E-020 -0.15603046E-020 -0.15603046E-020 -0.15603046E-020 -0.15603046E-020 -0.15603046E-020
 -0.60438060E-019 -0.60438060E-019 -0.60438060E-019 -0.60438060E-019 -0.60438060E-019 -0.60438060E-019 -0.60438060E-019 -0.60438060E-019 -0.60438060E-019 -0.60438060E-019 -0.60438060E-019 -0.60438060E-019 -0.60438060E-019 -0.60438060E-019 -0.60438060E-019 -0.60438060E-019 -0.60438060E-019 -0.60438060E-019 -0.60438060E-019 -0.60438060E-019 -0.60438060E-019 -0.60438060E-019 -0.60438060E-019 -0.60438060E-019 -0.60438060E-019 -0.60438060E-019 -0.60438060E-019 -0.60438060E-019 -0.60438060E-019 -0.60438060E-019 -0.60438060E-019 -0.60438060E-019 -0.60438060E-019 -0.60438060E-019 -0.60438060E-019
 -0.18423079E-017 -0.18423079E-017 -0.18423079E-017 -0.18423079E-017 -0.18423079E-017 -0.18423079E-017 -0.18423079E-017 -0.18423079E-017 -0.18423079E-017 -0.18423079E-017 -0.18423079E-017 -0.18423079E-017 -0.18423079E-017 -0.18423079E-017 -0.18423079E-017 -0.18423079E-017 -0.18423079E-017 -0.18423079E-017 -0.18423079E-017 -0.18423079E-017 -0.18423079E-017 -0.18423079E-017 -0.18423079E-017 -0.18423079E-017 -0.18423079E-017 -0.18423079E-017 -0.18423079E-017 -0.18423079E-017 -0.18423079E-017 -0.18423079E-017 -0.18423079E-017 -0.18423079E-017 -0.18423079E-017 -0.18423079E-017 -0.18423079E-017
 -0.45301512E-016 -0.45301512E-016 -0.45301512E-016 -0.45301512E-016 -0.45301512E-016 -0.45301512E-016 -0.45301512E-016 -0.45301512E-016 -0.45301512E-016 -0.45301512E-016 -0.45301512E-016 -0.45301512E-016 -0.45301512E-016 -0.45301512E-016 -0.45301512E-016 -0.45301512E-016 -0.45301512E-016 -0.45301512E-016 -0.45301512E-016 -0.45301512E-016 -0.45301512E-016 -0.45301512E-016 -0.45301512E-016 -0.45301512E-016 -0.45301512E-016 -0.45301512E-016 -0.45301512E-016 -0.45301512E-016 -0.45301512E-016 -0.45301512E-016 -0.45301512E-016 -0.45301512E-016 -0.45301512E-016 -0.45301512E-016 -0.45301512E-016
 -0.91385851E-015 -0.91385851E-015 -0.91385851E-015 -0.91385851E-015 -0.91385851E-015 -0.91385851E-015 -0.91385851E-015 -0.91385851E-015 -0.91385851E-015 -0.91385851E-015 -0.91385851E-015 -0.91385851E-015 -0.91385851E-015 -0.91385851E-015 -0.91385851E-015 -0.91385851E-015 -0.91385851E-015 -0.91385851E-015 -0.91385851E-015 -0.91385851E-015 -0.91385851E-015 -0.91385851E-015 -0.91385851E-015 -0.91385851E-015 -0.91385851E-015 -0.91385851E-015 -0.91385851E-015 -0.91385851E-015 -0.91385851E-015 -0.91385851E-015 -0.91385851E-015 -0.91385851E-015 -0.91385851E-015 -0.91385851E-015 -0.91385851E-015
 -0.13279836E-012 -0.13279836E-012 -0.13279836E-012 -0.13279836E-012 -0.13279836E-012 -0.13279836E-012 -0.13279836E-012 -0.13279836E-012 -0.13279836E-012 -0.13279836E-012 -0.13279836E-012 -0.13279836E-012 -0.13279836E-012 -0.13279836E-012 -0.13279836E-012 -0.13279836E-012 -0.13279836E-012 -0.13279836E-012 -0.13279836E-012 -0.13279836E-012 -0.13279836E-012 -0.13279836E-012 -0.13279836E-012 -0.13279836E-012 -0.13279836E-012 -0.13279836E-012 -0.13279836E-012 -0.13279836E-012 -0.13279836E-012 -0.13279836E-012 -0.13279836E-012 -0.13279836E-012 -0.13279836E-012 -0.13279836E-012 -0.13279836E-012
 -0.15387734E-010 -0.15387734E-010 -0.15387734E-010 -0.15387734E-010 -0.15387734E-010 -0.15387734E-010 -0.15387734E-010 -0.15387734E-010 -0.15387734E-010 -0.15387734E-010 -0.15387734E-010 -0.15387734E-010 -0.15387734E-010 -0.15387734E-010 -0.15387734E-010 -0.15387734E-010 -0.15387734E-010 -0.15387734E-010 -0.15387734E-010 -0.15387734E-010 -0.15387734E-010 -0.15387734E-010 -0.15387734E-010 -0.15387734E-010 -0.15387734E-010 -0.15387734E-010 -0.15387734E-010 -0.15387734E-010 -0.15387734E-010 -0.15387734E-010 -0.15387734E-010 -0.15387734E-010 -0.15387734E-010 -0.15387734E-010 -0.15387734E-010
 -0.14309733E-008 -0.14309733E-008 -0.14309733E-008 -0.14309733E-008 -0.14309733E-008 -0.14309733E-008 -0.14309733E-008 -0.14309733E-008 -0.14309733E-008 -0.14309733E-008 -0.14309733E-008 -0.14309733E-008 -0.14309733E-008 -0.14309733E-008 -0.14309733E-008 -0.14309733E-008 -0.14309733E-008 -0.14309733E-008 -0.14309733E-008 -0.14309733E-008 -0.14309733E-008 -0.14309733E-008 -0.14309733E-008 -0.14309733E-008 -0.14309733E-008 -0.14309733E-008 -0.14309733E-008 -0.14309733E-008 -0.14309733E-008 -0.14309733E-008 -0.14309733E-008 -0.14309733E-008 -0.14309733E-008 -0.14309733E-008 -0.14309733E-008
 -0.10690806E-006 -0.10690806E-006 -0.10690806E-006 -0.10690806E-006 -0.10690806E-006 -0.10690806E-006 -0.10690806E-006 -0.10690806E-006 -0.10690806E-006 -0.10690806E-006 -0.10690806E-006 -0.10690806E-006 -0.10690806E-006 -0.10690806E-006 -0.10690806E-006 -0.10690806E-006 -0.10690806E-006 -0.10690806E-006 -0.10690806E-006 -0.10690806E-006 -0.10690806E-006 -0.10690806E-006 -0.10690806E-006 -0.10690806E-006 -0.10690806E-006 -0.10690806E-006 -0.10690806E-006 -0.10690806E-006 -0.10690806E-006 -0.10690806E-006 -0.10690806E-006 -0.10690806E-006 -0.10690806E-006 -0.10690806E-006 -0.10690806E-006
 -0.63884093E-005 -0.63884093E-005 -0.63884093E-005 -0.63884093E-005 -0.63884093E-005 -0.63884093E-005 -0.63884093E-005 -0.63884093E-005 -0.63884093E-005 -0.63884093E-005 -0.63884093E-005 -0.63884093E-005 -0.63884093E-005 -0.63884093E-005 -0.63884093E-005 -0.63884093E-005 -0.63884093E-005 -0.63884093E-005 -0.63884093E-005 -0.63884093E-005 -0.63884093E-005 -0.63884093E-005 -0.63884093E-005 -0.63884093E-005 -0.63884093E-005 -0.63884093E-005 -0.63884093E-005 -0.63884093E-005 -0.63884093E-005 -0.63884093E-005 -0.63884093E-005 -0.63884093E-005 -0.63884093E-005 -0.63884093E-005 -0.63884093E-005
 -0.30208231E-003 -0.30208231E-003 -0.30208231E-003 -0.30208231E-003 -0.30208231E-003 -0.30208231E-003 -0.30208231E-003 -0.30208231E-003 -0.30208231E-003 -0.30208231E-003 -0.30208231E-003 -0.30208231E-003 -0.30208231E-003 -0.30208231E-003 -0.30208231E-003 -0.30208231E-003 -0.30208231E-003 -0.30208231E-003 -0.30208231E-003 -0.30208231E-003 -0.30208231E-003 -0.30208231E-003 -0.30208231E-003 -0.30208231E-003 -0.30208231E-003 -0.30208231E-003 -0.30208231E-003 -0.30208231E-003 -0.30208231E-003 -0.30208231E-003 -0.30208231E-003 -0.30208231E-003 -0.30208231E-003 -0.30208231E-003 -0.30208231E-003
 -0.11089838E-001 -0.11089838E-001 -0.11089838E-001 -0.11089838E-001 -0.11089838E-001 -0.11089838E-001 -0.11089838E-001 -0.11089838E-001 -0.11089838E-001 -0.11089838E-001 -0.11089838E-001 -0.11089838E-001 -0.11089838E-001 -0.11089838E-001 -0.11089838E-001 -0.11089838E-001 -0.11089838E-001 -0.11089838E-001 -0.11089838E-001 -0.11089838E-001 -0.11089838E-001 -0.11089838E-001 -0.11089838E-001 -0.11089838E-001 -0.11089838E-001 -0.11089838E-001 -0.11089838E-001 -0.11089838E-001 -0.11089838E-001 -0.11089838E-001 -0.11089838E-001 -0.11089838E-001 -0.11089838E-001 -0.11089838E-001 -0.11089838E-001
 -0.30616682E+000 -0.30616682E+000 -0.30616682E+000 -0.30616682E+000 -0.30616682E+000 -0.30616682E+000 -0.30616682E+000 -0.30616682E+000 -0.30616682E+000 -0.30616682E+000 -0.30616682E+000 -0.30616682E+000 -0.30616682E+000 -0.30616682E+000 -0.30616682E+000 -0.30616682E+000 -0.30616682E+000 -0.30616682E+000 -0.30616682E+000 -0.30616682E+000 -0.30616682E+000 -0.30616682E+000 -0.30616682E+000 -0.30616682E+000 -0.30616682E+000 -0.30616682E+000 -0.30616682E+000 -0.30616682E+000 -0.30616682E+000 -0.30616682E+000 -0.30616682E+000 -0.30616682E+000 -0.30616682E+000 -0.30616682E+000 -0.30616682E+000
 -0.60187916E+001 -0.60187916E+001 -0.60187916E+001 -0.60187916E+001 -0.60187916E+001 -0.60187916E+001 -0.60187916E+001 -0.60187916E+001 -0.60187916E+001 -0.60187916E+001 -0.60187916E+001 -0.60187916E+001 -0.60187916E+001 -0.60187916E+001 -0.60187916E+001 -0.60187916E+001 -0.60187916E+001 -0.60187916E+001 -0.60187916E+001 -0.60187916E+001 -0.60187916E+001 -0.60187916E+001 -0.60187916E+001 -0.60187916E+001 -0.60187916E+001 -0.60187916E+001 -0.60187916E+001 -0.60187916E+001 -0.60187916E+001 -0.60187916E+001 -0.60187916E+001 -0.60187916E+001 -0.60187916E+001 -0.60187916E+001 -0.60187916E+001
 -0.75896640E+002 -0.75896640E+002 -0.75896640E+002 -0.75896640E+002 -0.75896640E+002 -0.75896640E+002 -0.75896640E+002 -0.75896640E+002 -0.75896640E+002 -0.75896640E+002 -0.75896640E+002 -0.75896640E+002 -0.75896640E+002 -0.75896640E+002 -0.75896640E+002 -0.75896640E+002 -0.75896640E+002 -0.75896640E+002 -0.75896640E+002 -0.75896640E+002 -0.75896640E+002 -0.75896640E+002 -0.75896640E+002 -0.75896640E+002 -0.75896640E+002 -0.75896640E+002 -0.75896640E+002 -0.75896640E+002 -0.75896640E+002 -0.75896640E+002 -0.75896640E+002 -0.75896640E+002 -0.75896640E+002 -0.75896640E+002 -0.75896640E+002
 -0.47116190E+003 -0.47116190E+003 -0.47116190E+003 -0.47116190E+003 -0.47116190E+003 -0.47116190E+003 -0.47116190E+003 -0.47116190E+003 -0.47116190E+003 -0.47116190E+003 -0.47116190E+003 -0.47116190E+003 -0.47116190E+003 -0.47116190E+003 -0.47116190E+003 -0.47116190E+003 -0.47116190E+003 -0.47116190E+003 -0.47116190E+003 -0.47116190E+003 -0.47116190E+003 -0.47116190E+003 -0.47116190E+003 -0.47116190E+003 -0.47116190E+003 -0.47116190E+003 -0.47116190E+003 -0.47116190E+003 -0.47116190E+003 -0.47116190E+003 -0.47116190E+003 -0.47116190E+003 -0.47116190E+003 -0.47116190E+003 -0.47116190E+003
  0.12297407E+003  0.12297409E+003  0.12297415E+003  0.12297430E+003  0.12297430E+003  0.12297465E+003  0.12297499E+003  0.12297499E+003  0.12297499E+003  0.12297499E+003  0.12297501E+003  0.12297502E+003  0.12297506E+003  0.12297518E+003  0.12297540E+003  0.12297574E+003  0.12297625E+003  0.12297693E+003  0.12297783E+003  0.12297895E+003  0.12298034E+003  0.12298201E+003  0.12298398E+003  0.12298629E+003  0.12298895E+003  0.12299199E+003  0.12299542E+003  0.12299928E+003  0.12300359E+003  0.12300837E+003  0.12301363E+003  0.12301941E+003  0.12302572E+003  0.12303259E+003  0.12304004E+003
  0.15094037E+003  0.15094041E+003  0.15094062E+003  0.15094105E+003  0.15094178E+003  0.15094283E+003  0.15094388E+003  0.15094460E+003  0.15094504E+003  0.15094524E+003  0.15094529E+003  0.15094531E+003  0.15094545E+003  0.15094580E+003  0.15094646E+003  0.15094751E+003  0.15094903E+003  0.15095111E+003  0.15095381E+003  0.15095722E+003  0.15096141E+003  0.15096646E+003  0.15097243E+003  0.15097941E+003  0.15098745E+003  0.15099664E+003  0.15100704E+003  0.15101872E+003  0.15103174E+003  0.15104618E+003  0.15106211E+003  0.15107958E+003  0.15109867E+003  0.15111944E+003  0.15114196E+003
  0.89309854E+003  0.89309852E+003  0.89309846E+003  0.89309833E+003  0.89309810E+003  0.89309777E+003  0.89309744E+003  0.89309721E+003  0.89309707E+003  0.89309701E+003  0.89309700E+003  0.89309699E+003  0.89309694E+003  0.89309683E+003  0.89309662E+003  0.89309629E+003  0.89309582E+003  0.89309582E+003  0.89309582E+003  0.89309582E+003  0.89309582E+003  0.89309581E+003  0.89309581E+003  0.89309581E+003  0.89309581E+003  0.89309581E+003  0.89309581E+003  0.89309581E+003  0.89309581E+003  0.89309581E+003  0.89309581E+003  0.89309581E+003  0.89309581E+003  0.89309581E+003  0.89309581E+003
  0.13257741E+002  0.13257741E+002  0.13257741E+002 -0.29345550E+001 -0.33680070E+001 -0.37353270E+001 -0.41033543E+001 -0.43366863E+001 -0.44892502E+001 -0.45326115E+001 -0.45415661E+001 -0.45460848E+001 -0.45743320E+001 -0.46462650E+001 -0.46125552E+001 -0.45953967E+001 -0.45905205E+001 -0.45905205E+001 -0.45905205E+001 -0.45905205E+001 -0.29215719E+002 -0.32463536E+002  0.47117956E+001  0.68779344E+000 -0.40329906E+001 -0.40329892E+001 -0.40329874E+001 -0.40329845E+001 -0.40329810E+001  0.10156812E+003  0.94541108E+002  0.86563597E+002  0.86563596E+002  0.86563598E+002  0.86563601E+002
