  0.00000000E+000  0.00000000E+000  0.00000000E+000  0.00000000E+000  0.00000000E+000  0.00000000E+000  0.00000000E+000  0.00000000E+000  0.00000000E+000  0.00000000E+000  0.00000000E+000  0.00000000E+000  0.00000000E+000  0.00000000E+000  0.00000000E+000  0.00000000E+000  0.00000000E+000  0.00000000E+000  0.00000000E+000  0.00000000E+000  0.00000000E+000  0.00000000E+000  0.00000000E+000  0.00000000E+000  0.00000000E+000  0.00000000E+000  0.00000000E+000  0.00000000E+000  0.00000000E+000  0.00000000E+000  0.00000000E+000  0.00000000E+000  0.00000000E+000  0.00000000E+000  0.00000000E+000
 -0.14611204E-034 -0.14611204E-034 -0.14611204E-034 -0.14611204E-034 -0.14611204E-034 -0.14611204E-034 -0.14611204E-034 -0.14611204E-034 -0.14611204E-034 -0.14611204E-034 -0.14611204E-034 -0.14611204E-034 -0.14611204E-034 -0.14611204E-034 -0.14611204E-034 -0.14611204E-034 -0.14611204E-034 -0.14611204E-034 -0.14611204E-034 -0.14611204E-034 -0.14611204E-034 -0.14611204E-034 -0.14611204E-034 -0.14611204E-034 -0.14611204E-034 -0.14611204E-034 -0.14611204E-034 -0.14611204E-034 -0.14611204E-034 -0.14611204E-034 -0.14611204E-034 -0.14611204E-034 -0.14611204E-034 -0.14611204E-034 -0.14611204E-034
 -0.66683406E-032 -0.66683406E-032 -0.66683406E-032 -0.66683406E-032 -0.66683406E-032 -0.66683406E-032 -0.66683406E-032 -0.66683406E-032 -0.66683406E-032 -0.66683406E-032 -0.66683406E-032 -0.66683406E-032 -0.66683406E-032 -0.66683406E-032 -0.66683406E-032 -0.66683406E-032 -0.66683406E-032 -0.66683406E-032 -0.66683406E-032 -0.66683406E-032 -0.66683406E-032 -0.66683406E-032 -0.66683406E-032 -0.66683406E-032 -0.66683406E-032 -0.66683406E-032 -0.66683406E-032 -0.66683406E-032 -0.66683406E-032 -0.66683406E-032 -0.66683406E-032 -0.66683406E-032 -0.66683406E-032 -0.66683406E-032 -0.66683406E-032
 -0.14538820E-029 -0.14538820E-029 -0.14538820E-029 -0.14538820E-029 -0.14538820E-029 -0.14538820E-029 -0.14538820E-029 -0.14538820E-029 -0.14538820E-029 -0.14538820E-029 -0.14538820E-029 -0.14538820E-029 -0.14538820E-029 -0.14538820E-029 -0.14538820E-029 -0.14538820E-029 -0.14538820E-029 -0.14538820E-029 -0.14538820E-029 -0.14538820E-029 -0.14538820E-029 -0.14538820E-029 -0.14538820E-029 -0.14538820E-029 -0.14538820E-029 -0.14538820E-029 -0.14538820E-029 -0.14538820E-029 -0.14538820E-029 -0.14538820E-029 -0.14538820E-029 -0.14538820E-029 -0.14538820E-029 -0.14538820E-029 -0.14538820E-029
 -0.20138873E-027 -0.20138873E-027 -0.20138873E-027 -0.20138873E-027 -0.20138873E-027 -0.20138873E-027 -0.20138873E-027 -0.20138873E-027 -0.20138873E-027 -0.20138873E-027 -0.20138873E-027 -0.20138873E-027 -0.20138873E-027 -0.20138873E-027 -0.20138873E-027 -0.20138873E-027 -0.20138873E-027 -0.20138873E-027 -0.20138873E-027 -0.20138873E-027 -0.20138873E-027 -0.20138873E-027 -0.20138873E-027 -0.20138873E-027 -0.20138873E-027 -0.20138873E-027 -0.20138873E-027 -0.20138873E-027 -0.20138873E-027 -0.20138873E-027 -0.20138873E-027 -0.20138873E-027 -0.20138873E-027 -0.20138873E-027 -0.20138873E-027
 -0.19881285E-025 -0.19881285E-025 -0.19881285E-025 -0.19881285E-025 -0.19881285E-025 -0.19881285E-025 -0.19881285E-025 -0.19881285E-025 -0.19881285E-025 -0.19881285E-025 -0.19881285E-025 -0.19881285E-025 -0.19881285E-025 -0.19881285E-025 -0.19881285E-025 -0.19881285E-025 -0.19881285E-025 -0.19881285E-025 -0.19881285E-025 -0.19881285E-025 -0.19881285E-025 -0.19881285E-025 -0.19881285E-025 -0.19881285E-025 -0.19881285E-025 -0.19881285E-025 -0.19881285E-025 -0.19881285E-025 -0.19881285E-025 -0.19881285E-025 -0.19881285E-025 -0.19881285E-025 -0.19881285E-025 -0.19881285E-025 -0.19881285E-025
 -0.14873124E-023 -0.14873124E-023 -0.14873124E-023 -0.14873124E-023 -0.14873124E-023 -0.14873124E-023 -0.14873124E-023 -0.14873124E-023 -0.14873124E-023 -0.14873124E-023 -0.14873124E-023 -0.14873124E-023 -0.14873124E-023 -0.14873124E-023 -0.14873124E-023 -0.14873124E-023 -0.14873124E-023 -0.14873124E-023 -0.14873124E-023 -0.14873124E-023 -0.14873124E-023 -0.14873124E-023 -0.14873124E-023 -0.14873124E-023 -0.14873124E-023 -0.14873124E-023 -0.14873124E-023 -0.14873124E-023 -0.14873124E-023 -0.14873124E-023 -0.14873124E-023 -0.14873124E-023 -0.14873124E-023 -0.14873124E-023 -0.14873124E-023
 -0.87516565E-022 -0.87516565E-022 -0.87516565E-022 -0.87516565E-022 -0.87516565E-022 -0.87516565E-022 -0.87516565E-022 -0.87516565E-022 -0.87516565E-022 -0.87516565E-022 -0.87516565E-022 -0.87516565E-022 -0.87516565E-022 -0.87516565E-022 -0.87516565E-022 -0.87516565E-022 -0.87516565E-022 -0.87516565E-022 -0.87516565E-022 -0.87516565E-022 -0.87516565E-022 -0.87516565E-022 -0.87516565E-022 -0.87516565E-022 -0.87516565E-022 -0.87516565E-022 -0.87516565E-022 -0.87516565E-022 -0.87516565E-022 -0.87516565E-022 -0.87516565E-022 -0.87516565E-022 -0.87516565E-022 -0.87516565E-022 -0.87516565E-022
 -0.41495769E-020 -0.41495769E-020 -0.41495769E-020 -0.41495769E-020 -0.41495769E-020 -0.41495769E-020 -0.41495769E-020 -0.41495769E-020 -0.41495769E-020 -0.41495769E-020 -0.41495769E-020 -0.41495769E-020 -0.41495769E-020 -0.41495769E-020 -0.41495769E-020 -0.41495769E-020 -0.41495769E-020 -0.41495769E-020 -0.41495769E-020 -0.41495769E-020 -0.41495769E-020 -0.41495769E-020 -0.41495769E-020 -0.41495769E-020 -0.41495769E-020 -0.41495769E-020 -0.41495769E-020 -0.41495769E-020 -0.41495769E-020 -0.41495769E-020 -0.41495769E-020 -0.41495769E-020 -0.41495769E-020 -0.41495769E-020 -0.41495769E-020
 -0.16111285E-018 -0.16111285E-018 -0.16111285E-018 -0.16111285E-018 -0.16111285E-018 -0.16111285E-018 -0.16111285E-018 -0.16111285E-018 -0.16111285E-018 -0.16111285E-018 -0.16111285E-018 -0.16111285E-018 -0.16111285E-018 -0.16111285E-018 -0.16111285E-018 -0.16111285E-018 -0.16111285E-018 -0.16111285E-018 -0.16111285E-018 -0.16111285E-018 -0.16111285E-018 -0.16111285E-018 -0.16111285E-018 -0.16111285E-018 -0.16111285E-018 -0.16111285E-018 -0.16111285E-018 -0.16111285E-018 -0.16111285E-018 -0.16111285E-018 -0.16111285E-018 -0.16111285E-018 -0.16111285E-018 -0.16111285E-018 -0.16111285E-018
 -0.46142635E-016 -0.46142635E-016 -0.46142635E-016 -0.46142635E-016 -0.46142635E-016 -0.46142635E-016 -0.46142635E-016 -0.46142635E-016 -0.46142635E-016 -0.46142635E-016 -0.46142635E-016 -0.46142635E-016 -0.46142635E-016 -0.46142635E-016 -0.46142635E-016 -0.46142635E-016 -0.46142635E-016 -0.46142635E-016 -0.46142635E-016 -0.46142635E-016 -0.46142635E-016 -0.46142635E-016 -0.46142635E-016 -0.46142635E-016 -0.46142635E-016 -0.46142635E-016 -0.46142635E-016 -0.46142635E-016 -0.46142635E-016 -0.46142635E-016 -0.46142635E-016 -0.46142635E-016 -0.46142635E-016 -0.46142635E-016 -0.46142635E-016
 -0.10574584E-013 -0.10574584E-013 -0.10574584E-013 -0.10574584E-013 -0.10574584E-013 -0.10574584E-013 -0.10574584E-013 -0.10574584E-013 -0.10574584E-013 -0.10574584E-013 -0.10574584E-013 -0.10574584E-013 -0.10574584E-013 -0.10574584E-013 -0.10574584E-013 -0.10574584E-013 -0.10574584E-013 -0.10574584E-013 -0.10574584E-013 -0.10574584E-013 -0.10574584E-013 -0.10574584E-013 -0.10574584E-013 -0.10574584E-013 -0.10574584E-013 -0.10574584E-013 -0.10574584E-013 -0.10574584E-013 -0.10574584E-013 -0.10574584E-013 -0.10574584E-013 -0.10574584E-013 -0.10574584E-013 -0.10574584E-013 -0.10574584E-013
 -0.19522586E-011 -0.19522586E-011 -0.19522586E-011 -0.19522586E-011 -0.19522586E-011 -0.19522586E-011 -0.19522586E-011 -0.19522586E-011 -0.19522586E-011 -0.19522586E-011 -0.19522586E-011 -0.19522586E-011 -0.19522586E-011 -0.19522586E-011 -0.19522586E-011 -0.19522586E-011 -0.19522586E-011 -0.19522586E-011 -0.19522586E-011 -0.19522586E-011 -0.19522586E-011 -0.19522586E-011 -0.19522586E-011 -0.19522586E-011 -0.19522586E-011 -0.19522586E-011 -0.19522586E-011 -0.19522586E-011 -0.19522586E-011 -0.19522586E-011 -0.19522586E-011 -0.19522586E-011 -0.19522586E-011 -0.19522586E-011 -0.19522586E-011
 -0.29075329E-009 -0.29075329E-009 -0.29075329E-009 -0.29075329E-009 -0.29075329E-009 -0.29075329E-009 -0.29075329E-009 -0.29075329E-009 -0.29075329E-009 -0.29075329E-009 -0.29075329E-009 -0.29075329E-009 -0.29075329E-009 -0.29075329E-009 -0.29075329E-009 -0.29075329E-009 -0.29075329E-009 -0.29075329E-009 -0.29075329E-009 -0.29075329E-009 -0.29075329E-009 -0.29075329E-009 -0.29075329E-009 -0.29075329E-009 -0.29075329E-009 -0.29075329E-009 -0.29075329E-009 -0.29075329E-009 -0.29075329E-009 -0.29075329E-009 -0.29075329E-009 -0.29075329E-009 -0.29075329E-009 -0.29075329E-009 -0.29075329E-009
 -0.34794417E-007 -0.34794417E-007 -0.34794417E-007 -0.34794417E-007 -0.34794417E-007 -0.34794417E-007 -0.34794417E-007 -0.34794417E-007 -0.34794417E-007 -0.34794417E-007 -0.34794417E-007 -0.34794417E-007 -0.34794417E-007 -0.34794417E-007 -0.34794417E-007 -0.34794417E-007 -0.34794417E-007 -0.34794417E-007 -0.34794417E-007 -0.34794417E-007 -0.34794417E-007 -0.34794417E-007 -0.34794417E-007 -0.34794417E-007 -0.34794417E-007 -0.34794417E-007 -0.34794417E-007 -0.34794417E-007 -0.34794417E-007 -0.34794417E-007 -0.34794417E-007 -0.34794417E-007 -0.34794417E-007 -0.34794417E-007 -0.34794417E-007
 -0.33121921E-005 -0.33121921E-005 -0.33121921E-005 -0.33121921E-005 -0.33121921E-005 -0.33121921E-005 -0.33121921E-005 -0.33121921E-005 -0.33121921E-005 -0.33121921E-005 -0.33121921E-005 -0.33121921E-005 -0.33121921E-005 -0.33121921E-005 -0.33121921E-005 -0.33121921E-005 -0.33121921E-005 -0.33121921E-005 -0.33121921E-005 -0.33121921E-005 -0.33121921E-005 -0.33121921E-005 -0.33121921E-005 -0.33121921E-005 -0.33121921E-005 -0.33121921E-005 -0.33121921E-005 -0.33121921E-005 -0.33121921E-005 -0.33121921E-005 -0.33121921E-005 -0.33121921E-005 -0.33121921E-005 -0.33121921E-005 -0.33121921E-005
 -0.24628972E-003 -0.24628972E-003 -0.24628972E-003 -0.24628972E-003 -0.24628972E-003 -0.24628972E-003 -0.24628972E-003 -0.24628972E-003 -0.24628972E-003 -0.24628972E-003 -0.24628972E-003 -0.24628972E-003 -0.24628972E-003 -0.24628972E-003 -0.24628972E-003 -0.24628972E-003 -0.24628972E-003 -0.24628972E-003 -0.24628972E-003 -0.24628972E-003 -0.24628972E-003 -0.24628972E-003 -0.24628972E-003 -0.24628972E-003 -0.24628972E-003 -0.24628972E-003 -0.24628972E-003 -0.24628972E-003 -0.24628972E-003 -0.24628972E-003 -0.24628972E-003 -0.24628972E-003 -0.24628972E-003 -0.24628972E-003 -0.24628972E-003
 -0.13874708E-001 -0.13874708E-001 -0.13874708E-001 -0.13874708E-001 -0.13874708E-001 -0.13874708E-001 -0.13874708E-001 -0.13874708E-001 -0.13874708E-001 -0.13874708E-001 -0.13874708E-001 -0.13874708E-001 -0.13874708E-001 -0.13874708E-001 -0.13874708E-001 -0.13874708E-001 -0.13874708E-001 -0.13874708E-001 -0.13874708E-001 -0.13874708E-001 -0.13874708E-001 -0.13874708E-001 -0.13874708E-001 -0.13874708E-001 -0.13874708E-001 -0.13874708E-001 -0.13874708E-001 -0.13874708E-001 -0.13874708E-001 -0.13874708E-001 -0.13874708E-001 -0.13874708E-001 -0.13874708E-001 -0.13874708E-001 -0.13874708E-001
 -0.56176400E+000 -0.56176400E+000 -0.56176400E+000 -0.56176400E+000 -0.56176400E+000 -0.56176400E+000 -0.56176400E+000 -0.56176400E+000 -0.56176400E+000 -0.56176400E+000 -0.56176400E+000 -0.56176400E+000 -0.56176400E+000 -0.56176400E+000 -0.56176400E+000 -0.56176400E+000 -0.56176400E+000 -0.56176400E+000 -0.56176400E+000 -0.56176400E+000 -0.56176400E+000 -0.56176400E+000 -0.56176400E+000 -0.56176400E+000 -0.56176400E+000 -0.56176400E+000 -0.56176400E+000 -0.56176400E+000 -0.56176400E+000 -0.56176400E+000 -0.56176400E+000 -0.56176400E+000 -0.56176400E+000 -0.56176400E+000 -0.56176400E+000
 -0.14767589E+002 -0.14767589E+002 -0.14767589E+002 -0.14767589E+002 -0.14767589E+002 -0.14767589E+002 -0.14767589E+002 -0.14767589E+002 -0.14767589E+002 -0.14767589E+002 -0.14767589E+002 -0.14767589E+002 -0.14767589E+002 -0.14767589E+002 -0.14767589E+002 -0.14767589E+002 -0.14767589E+002 -0.14767589E+002 -0.14767589E+002 -0.14767589E+002 -0.14767589E+002 -0.14767589E+002 -0.14767589E+002 -0.14767589E+002 -0.14767589E+002 -0.14767589E+002 -0.14767589E+002 -0.14767589E+002 -0.14767589E+002 -0.14767589E+002 -0.14767589E+002 -0.14767589E+002 -0.14767589E+002 -0.14767589E+002 -0.14767589E+002
 -0.19446799E+003 -0.19446799E+003 -0.19446799E+003 -0.19446799E+003 -0.19446799E+003 -0.19446799E+003 -0.19446799E+003 -0.19446799E+003 -0.19446799E+003 -0.19446799E+003 -0.19446799E+003 -0.19446799E+003 -0.19446799E+003 -0.19446799E+003 -0.19446799E+003 -0.19446799E+003 -0.19446799E+003 -0.19446799E+003 -0.19446799E+003 -0.19446799E+003 -0.19446799E+003 -0.19446799E+003 -0.19446799E+003 -0.19446799E+003 -0.19446799E+003 -0.19446799E+003 -0.19446799E+003 -0.19446799E+003 -0.19446799E+003 -0.19446799E+003 -0.19446799E+003 -0.19446799E+003 -0.19446799E+003 -0.19446799E+003 -0.19446799E+003
  0.16513705E+002  0.16513719E+002  0.16513784E+002  0.16513923E+002  0.16513923E+002  0.16514258E+002  0.16514592E+002  0.16514592E+002  0.16514592E+002  0.16514592E+002  0.16514606E+002  0.16514613E+002  0.16514658E+002  0.16514771E+002  0.16514980E+002  0.16515314E+002  0.16515798E+002  0.16516458E+002  0.16517317E+002  0.16518402E+002  0.16519736E+002  0.16521341E+002  0.16523242E+002  0.16525461E+002  0.16528021E+002  0.16530944E+002  0.16534252E+002  0.16537968E+002  0.16542113E+002  0.16546708E+002  0.16551775E+002  0.16557335E+002  0.16563410E+002  0.16570019E+002  0.16577185E+002
  0.32193746E+002  0.32193775E+002  0.32193909E+002  0.32194197E+002  0.32194671E+002  0.32195362E+002  0.32196053E+002  0.32196528E+002  0.32196815E+002  0.32196949E+002  0.32196978E+002  0.32196993E+002  0.32197085E+002  0.32197318E+002  0.32197752E+002  0.32198441E+002  0.32199441E+002  0.32200804E+002  0.32202581E+002  0.32204822E+002  0.32207578E+002  0.32210895E+002  0.32214823E+002  0.32219408E+002  0.32224697E+002  0.32230737E+002  0.32237573E+002  0.32245250E+002  0.32253813E+002  0.32263306E+002  0.32273775E+002  0.32285262E+002  0.32297810E+002  0.32311464E+002  0.32326266E+002
  0.38774035E+003  0.38774035E+003  0.38774037E+003  0.38774041E+003  0.38774046E+003  0.38774055E+003  0.38774064E+003  0.38774069E+003  0.38774073E+003  0.38774075E+003  0.38774075E+003  0.38774075E+003  0.38774076E+003  0.38774079E+003  0.38774085E+003  0.38774093E+003  0.38774106E+003  0.38774106E+003  0.38774106E+003  0.38774106E+003  0.38774106E+003  0.38774106E+003  0.38774106E+003  0.38774106E+003  0.38774106E+003  0.38774106E+003  0.38774106E+003  0.38774106E+003  0.38774106E+003  0.38774106E+003  0.38774106E+003  0.38774106E+003  0.38774106E+003  0.38774106E+003  0.38774106E+003
  0.54867202E+001  0.54867202E+001  0.54867202E+001 -0.20845731E+001 -0.19748198E+001 -0.18836297E+001 -0.17926799E+001 -0.17342353E+001 -0.16959172E+001 -0.17223273E+001 -0.17276213E+001 -0.17302730E+001 -0.17468406E+001 -0.17888609E+001 -0.17564373E+001 -0.17331313E+001 -0.17175048E+001 -0.17175048E+001 -0.17175048E+001 -0.17175048E+001 -0.14313391E+002 -0.13649524E+002 -0.29635372E+001 -0.18352415E+001 -0.55279409E+000 -0.55279412E+000 -0.55279391E+000 -0.55279405E+000 -0.55279410E+000 -0.26667373E+001 -0.71513921E-003  0.28606474E+001  0.28606473E+001  0.28606552E+001  0.28606630E+001
