  0.00000000E+000  0.00000000E+000  0.00000000E+000  0.00000000E+000  0.00000000E+000  0.00000000E+000  0.00000000E+000  0.00000000E+000  0.00000000E+000  0.00000000E+000  0.00000000E+000  0.00000000E+000  0.00000000E+000  0.00000000E+000  0.00000000E+000  0.00000000E+000  0.00000000E+000  0.00000000E+000  0.00000000E+000  0.00000000E+000  0.00000000E+000  0.00000000E+000  0.00000000E+000  0.00000000E+000  0.00000000E+000  0.00000000E+000  0.00000000E+000  0.00000000E+000  0.00000000E+000  0.00000000E+000  0.00000000E+000  0.00000000E+000  0.00000000E+000  0.00000000E+000  0.00000000E+000
 -0.63091703E-042 -0.63091703E-042 -0.63091703E-042 -0.63091703E-042 -0.63091703E-042 -0.63091703E-042 -0.63091703E-042 -0.63091703E-042 -0.63091703E-042 -0.63091703E-042 -0.63091703E-042 -0.63091703E-042 -0.63091703E-042 -0.63091703E-042 -0.63091703E-042 -0.63091703E-042 -0.63091703E-042 -0.63091703E-042 -0.63091703E-042 -0.63091703E-042 -0.63091703E-042 -0.63091703E-042 -0.63091703E-042 -0.63091703E-042 -0.63091703E-042 -0.63091703E-042 -0.63091703E-042 -0.63091703E-042 -0.63091703E-042 -0.63091703E-042 -0.63091703E-042 -0.63091703E-042 -0.63091703E-042 -0.63091703E-042 -0.63091703E-042
 -0.53706039E-039 -0.53706039E-039 -0.53706039E-039 -0.53706039E-039 -0.53706039E-039 -0.53706039E-039 -0.53706039E-039 -0.53706039E-039 -0.53706039E-039 -0.53706039E-039 -0.53706039E-039 -0.53706039E-039 -0.53706039E-039 -0.53706039E-039 -0.53706039E-039 -0.53706039E-039 -0.53706039E-039 -0.53706039E-039 -0.53706039E-039 -0.53706039E-039 -0.53706039E-039 -0.53706039E-039 -0.53706039E-039 -0.53706039E-039 -0.53706039E-039 -0.53706039E-039 -0.53706039E-039 -0.53706039E-039 -0.53706039E-039 -0.53706039E-039 -0.53706039E-039 -0.53706039E-039 -0.53706039E-039 -0.53706039E-039 -0.53706039E-039
 -0.21933560E-036 -0.21933560E-036 -0.21933560E-036 -0.21933560E-036 -0.21933560E-036 -0.21933560E-036 -0.21933560E-036 -0.21933560E-036 -0.21933560E-036 -0.21933560E-036 -0.21933560E-036 -0.21933560E-036 -0.21933560E-036 -0.21933560E-036 -0.21933560E-036 -0.21933560E-036 -0.21933560E-036 -0.21933560E-036 -0.21933560E-036 -0.21933560E-036 -0.21933560E-036 -0.21933560E-036 -0.21933560E-036 -0.21933560E-036 -0.21933560E-036 -0.21933560E-036 -0.21933560E-036 -0.21933560E-036 -0.21933560E-036 -0.21933560E-036 -0.21933560E-036 -0.21933560E-036 -0.21933560E-036 -0.21933560E-036 -0.21933560E-036
 -0.57159671E-034 -0.57159671E-034 -0.57159671E-034 -0.57159671E-034 -0.57159671E-034 -0.57159671E-034 -0.57159671E-034 -0.57159671E-034 -0.57159671E-034 -0.57159671E-034 -0.57159671E-034 -0.57159671E-034 -0.57159671E-034 -0.57159671E-034 -0.57159671E-034 -0.57159671E-034 -0.57159671E-034 -0.57159671E-034 -0.57159671E-034 -0.57159671E-034 -0.57159671E-034 -0.57159671E-034 -0.57159671E-034 -0.57159671E-034 -0.57159671E-034 -0.57159671E-034 -0.57159671E-034 -0.57159671E-034 -0.57159671E-034 -0.57159671E-034 -0.57159671E-034 -0.57159671E-034 -0.57159671E-034 -0.57159671E-034 -0.57159671E-034
 -0.10664044E-031 -0.10664044E-031 -0.10664044E-031 -0.10664044E-031 -0.10664044E-031 -0.10664044E-031 -0.10664044E-031 -0.10664044E-031 -0.10664044E-031 -0.10664044E-031 -0.10664044E-031 -0.10664044E-031 -0.10664044E-031 -0.10664044E-031 -0.10664044E-031 -0.10664044E-031 -0.10664044E-031 -0.10664044E-031 -0.10664044E-031 -0.10664044E-031 -0.10664044E-031 -0.10664044E-031 -0.10664044E-031 -0.10664044E-031 -0.10664044E-031 -0.10664044E-031 -0.10664044E-031 -0.10664044E-031 -0.10664044E-031 -0.10664044E-031 -0.10664044E-031 -0.10664044E-031 -0.10664044E-031 -0.10664044E-031 -0.10664044E-031
 -0.15146209E-029 -0.15146209E-029 -0.15146209E-029 -0.15146209E-029 -0.15146209E-029 -0.15146209E-029 -0.15146209E-029 -0.15146209E-029 -0.15146209E-029 -0.15146209E-029 -0.15146209E-029 -0.15146209E-029 -0.15146209E-029 -0.15146209E-029 -0.15146209E-029 -0.15146209E-029 -0.15146209E-029 -0.15146209E-029 -0.15146209E-029 -0.15146209E-029 -0.15146209E-029 -0.15146209E-029 -0.15146209E-029 -0.15146209E-029 -0.15146209E-029 -0.15146209E-029 -0.15146209E-029 -0.15146209E-029 -0.15146209E-029 -0.15146209E-029 -0.15146209E-029 -0.15146209E-029 -0.15146209E-029 -0.15146209E-029 -0.15146209E-029
 -0.17001053E-027 -0.17001053E-027 -0.17001053E-027 -0.17001053E-027 -0.17001053E-027 -0.17001053E-027 -0.17001053E-027 -0.17001053E-027 -0.17001053E-027 -0.17001053E-027 -0.17001053E-027 -0.17001053E-027 -0.17001053E-027 -0.17001053E-027 -0.17001053E-027 -0.17001053E-027 -0.17001053E-027 -0.17001053E-027 -0.17001053E-027 -0.17001053E-027 -0.17001053E-027 -0.17001053E-027 -0.17001053E-027 -0.17001053E-027 -0.17001053E-027 -0.17001053E-027 -0.17001053E-027 -0.17001053E-027 -0.17001053E-027 -0.17001053E-027 -0.17001053E-027 -0.17001053E-027 -0.17001053E-027 -0.17001053E-027 -0.17001053E-027
 -0.15452425E-025 -0.15452425E-025 -0.15452425E-025 -0.15452425E-025 -0.15452425E-025 -0.15452425E-025 -0.15452425E-025 -0.15452425E-025 -0.15452425E-025 -0.15452425E-025 -0.15452425E-025 -0.15452425E-025 -0.15452425E-025 -0.15452425E-025 -0.15452425E-025 -0.15452425E-025 -0.15452425E-025 -0.15452425E-025 -0.15452425E-025 -0.15452425E-025 -0.15452425E-025 -0.15452425E-025 -0.15452425E-025 -0.15452425E-025 -0.15452425E-025 -0.15452425E-025 -0.15452425E-025 -0.15452425E-025 -0.15452425E-025 -0.15452425E-025 -0.15452425E-025 -0.15452425E-025 -0.15452425E-025 -0.15452425E-025 -0.15452425E-025
 -0.11559093E-023 -0.11559093E-023 -0.11559093E-023 -0.11559093E-023 -0.11559093E-023 -0.11559093E-023 -0.11559093E-023 -0.11559093E-023 -0.11559093E-023 -0.11559093E-023 -0.11559093E-023 -0.11559093E-023 -0.11559093E-023 -0.11559093E-023 -0.11559093E-023 -0.11559093E-023 -0.11559093E-023 -0.11559093E-023 -0.11559093E-023 -0.11559093E-023 -0.11559093E-023 -0.11559093E-023 -0.11559093E-023 -0.11559093E-023 -0.11559093E-023 -0.11559093E-023 -0.11559093E-023 -0.11559093E-023 -0.11559093E-023 -0.11559093E-023 -0.11559093E-023 -0.11559093E-023 -0.11559093E-023 -0.11559093E-023 -0.11559093E-023
 -0.65000279E-021 -0.65000279E-021 -0.65000279E-021 -0.65000279E-021 -0.65000279E-021 -0.65000279E-021 -0.65000279E-021 -0.65000279E-021 -0.65000279E-021 -0.65000279E-021 -0.65000279E-021 -0.65000279E-021 -0.65000279E-021 -0.65000279E-021 -0.65000279E-021 -0.65000279E-021 -0.65000279E-021 -0.65000279E-021 -0.65000279E-021 -0.65000279E-021 -0.65000279E-021 -0.65000279E-021 -0.65000279E-021 -0.65000279E-021 -0.65000279E-021 -0.65000279E-021 -0.65000279E-021 -0.65000279E-021 -0.65000279E-021 -0.65000279E-021 -0.65000279E-021 -0.65000279E-021 -0.65000279E-021 -0.65000279E-021 -0.65000279E-021
 -0.29530307E-018 -0.29530307E-018 -0.29530307E-018 -0.29530307E-018 -0.29530307E-018 -0.29530307E-018 -0.29530307E-018 -0.29530307E-018 -0.29530307E-018 -0.29530307E-018 -0.29530307E-018 -0.29530307E-018 -0.29530307E-018 -0.29530307E-018 -0.29530307E-018 -0.29530307E-018 -0.29530307E-018 -0.29530307E-018 -0.29530307E-018 -0.29530307E-018 -0.29530307E-018 -0.29530307E-018 -0.29530307E-018 -0.29530307E-018 -0.29530307E-018 -0.29530307E-018 -0.29530307E-018 -0.29530307E-018 -0.29530307E-018 -0.29530307E-018 -0.29530307E-018 -0.29530307E-018 -0.29530307E-018 -0.29530307E-018 -0.29530307E-018
 -0.10928345E-015 -0.10928345E-015 -0.10928345E-015 -0.10928345E-015 -0.10928345E-015 -0.10928345E-015 -0.10928345E-015 -0.10928345E-015 -0.10928345E-015 -0.10928345E-015 -0.10928345E-015 -0.10928345E-015 -0.10928345E-015 -0.10928345E-015 -0.10928345E-015 -0.10928345E-015 -0.10928345E-015 -0.10928345E-015 -0.10928345E-015 -0.10928345E-015 -0.10928345E-015 -0.10928345E-015 -0.10928345E-015 -0.10928345E-015 -0.10928345E-015 -0.10928345E-015 -0.10928345E-015 -0.10928345E-015 -0.10928345E-015 -0.10928345E-015 -0.10928345E-015 -0.10928345E-015 -0.10928345E-015 -0.10928345E-015 -0.10928345E-015
 -0.33057636E-013 -0.33057636E-013 -0.33057636E-013 -0.33057636E-013 -0.33057636E-013 -0.33057636E-013 -0.33057636E-013 -0.33057636E-013 -0.33057636E-013 -0.33057636E-013 -0.33057636E-013 -0.33057636E-013 -0.33057636E-013 -0.33057636E-013 -0.33057636E-013 -0.33057636E-013 -0.33057636E-013 -0.33057636E-013 -0.33057636E-013 -0.33057636E-013 -0.33057636E-013 -0.33057636E-013 -0.33057636E-013 -0.33057636E-013 -0.33057636E-013 -0.33057636E-013 -0.33057636E-013 -0.33057636E-013 -0.33057636E-013 -0.33057636E-013 -0.33057636E-013 -0.33057636E-013 -0.33057636E-013 -0.33057636E-013 -0.33057636E-013
 -0.81656615E-011 -0.81656615E-011 -0.81656615E-011 -0.81656615E-011 -0.81656615E-011 -0.81656615E-011 -0.81656615E-011 -0.81656615E-011 -0.81656615E-011 -0.81656615E-011 -0.81656615E-011 -0.81656615E-011 -0.81656615E-011 -0.81656615E-011 -0.81656615E-011 -0.81656615E-011 -0.81656615E-011 -0.81656615E-011 -0.81656615E-011 -0.81656615E-011 -0.81656615E-011 -0.81656615E-011 -0.81656615E-011 -0.81656615E-011 -0.81656615E-011 -0.81656615E-011 -0.81656615E-011 -0.81656615E-011 -0.81656615E-011 -0.81656615E-011 -0.81656615E-011 -0.81656615E-011 -0.81656615E-011 -0.81656615E-011 -0.81656615E-011
 -0.16378101E-008 -0.16378101E-008 -0.16378101E-008 -0.16378101E-008 -0.16378101E-008 -0.16378101E-008 -0.16378101E-008 -0.16378101E-008 -0.16378101E-008 -0.16378101E-008 -0.16378101E-008 -0.16378101E-008 -0.16378101E-008 -0.16378101E-008 -0.16378101E-008 -0.16378101E-008 -0.16378101E-008 -0.16378101E-008 -0.16378101E-008 -0.16378101E-008 -0.16378101E-008 -0.16378101E-008 -0.16378101E-008 -0.16378101E-008 -0.16378101E-008 -0.16378101E-008 -0.16378101E-008 -0.16378101E-008 -0.16378101E-008 -0.16378101E-008 -0.16378101E-008 -0.16378101E-008 -0.16378101E-008 -0.16378101E-008 -0.16378101E-008
 -0.26377967E-006 -0.26377967E-006 -0.26377967E-006 -0.26377967E-006 -0.26377967E-006 -0.26377967E-006 -0.26377967E-006 -0.26377967E-006 -0.26377967E-006 -0.26377967E-006 -0.26377967E-006 -0.26377967E-006 -0.26377967E-006 -0.26377967E-006 -0.26377967E-006 -0.26377967E-006 -0.26377967E-006 -0.26377967E-006 -0.26377967E-006 -0.26377967E-006 -0.26377967E-006 -0.26377967E-006 -0.26377967E-006 -0.26377967E-006 -0.26377967E-006 -0.26377967E-006 -0.26377967E-006 -0.26377967E-006 -0.26377967E-006 -0.26377967E-006 -0.26377967E-006 -0.26377967E-006 -0.26377967E-006 -0.26377967E-006 -0.26377967E-006
 -0.33484369E-004 -0.33484369E-004 -0.33484369E-004 -0.33484369E-004 -0.33484369E-004 -0.33484369E-004 -0.33484369E-004 -0.33484369E-004 -0.33484369E-004 -0.33484369E-004 -0.33484369E-004 -0.33484369E-004 -0.33484369E-004 -0.33484369E-004 -0.33484369E-004 -0.33484369E-004 -0.33484369E-004 -0.33484369E-004 -0.33484369E-004 -0.33484369E-004 -0.33484369E-004 -0.33484369E-004 -0.33484369E-004 -0.33484369E-004 -0.33484369E-004 -0.33484369E-004 -0.33484369E-004 -0.33484369E-004 -0.33484369E-004 -0.33484369E-004 -0.33484369E-004 -0.33484369E-004 -0.33484369E-004 -0.33484369E-004 -0.33484369E-004
 -0.32510526E-002 -0.32510526E-002 -0.32510526E-002 -0.32510526E-002 -0.32510526E-002 -0.32510526E-002 -0.32510526E-002 -0.32510526E-002 -0.32510526E-002 -0.32510526E-002 -0.32510526E-002 -0.32510526E-002 -0.32510526E-002 -0.32510526E-002 -0.32510526E-002 -0.32510526E-002 -0.32510526E-002 -0.32510526E-002 -0.32510526E-002 -0.32510526E-002 -0.32510526E-002 -0.32510526E-002 -0.32510526E-002 -0.32510526E-002 -0.32510526E-002 -0.32510526E-002 -0.32510526E-002 -0.32510526E-002 -0.32510526E-002 -0.32510526E-002 -0.32510526E-002 -0.32510526E-002 -0.32510526E-002 -0.32510526E-002 -0.32510526E-002
 -0.22955786E+000 -0.22955786E+000 -0.22955786E+000 -0.22955786E+000 -0.22955786E+000 -0.22955786E+000 -0.22955786E+000 -0.22955786E+000 -0.22955786E+000 -0.22955786E+000 -0.22955786E+000 -0.22955786E+000 -0.22955786E+000 -0.22955786E+000 -0.22955786E+000 -0.22955786E+000 -0.22955786E+000 -0.22955786E+000 -0.22955786E+000 -0.22955786E+000 -0.22955786E+000 -0.22955786E+000 -0.22955786E+000 -0.22955786E+000 -0.22955786E+000 -0.22955786E+000 -0.22955786E+000 -0.22955786E+000 -0.22955786E+000 -0.22955786E+000 -0.22955786E+000 -0.22955786E+000 -0.22955786E+000 -0.22955786E+000 -0.22955786E+000
 -0.10714079E+002 -0.10714079E+002 -0.10714079E+002 -0.10714079E+002 -0.10714079E+002 -0.10714079E+002 -0.10714079E+002 -0.10714079E+002 -0.10714079E+002 -0.10714079E+002 -0.10714079E+002 -0.10714079E+002 -0.10714079E+002 -0.10714079E+002 -0.10714079E+002 -0.10714079E+002 -0.10714079E+002 -0.10714079E+002 -0.10714079E+002 -0.10714079E+002 -0.10714079E+002 -0.10714079E+002 -0.10714079E+002 -0.10714079E+002 -0.10714079E+002 -0.10714079E+002 -0.10714079E+002 -0.10714079E+002 -0.10714079E+002 -0.10714079E+002 -0.10714079E+002 -0.10714079E+002 -0.10714079E+002 -0.10714079E+002 -0.10714079E+002
 -0.25910890E+003 -0.25910883E+003 -0.25910861E+003 -0.25910793E+003 -0.25910681E+003 -0.25910681E+003 -0.25910681E+003 -0.25910681E+003 -0.25910681E+003 -0.25910681E+003 -0.25910681E+003 -0.25910681E+003 -0.25910681E+003 -0.25910681E+003 -0.25910681E+003 -0.25910681E+003 -0.25910681E+003 -0.25910681E+003 -0.25910681E+003 -0.25910681E+003 -0.25910681E+003 -0.25910681E+003 -0.25910681E+003 -0.25910681E+003 -0.25910681E+003 -0.25910681E+003 -0.25910681E+003 -0.25910681E+003 -0.25910681E+003 -0.25910681E+003 -0.25910681E+003 -0.25910681E+003 -0.25910681E+003 -0.25910681E+003 -0.25910681E+003
 -0.75448554E-002  0.36755577E-002  0.55558985E-001  0.16581322E+000  0.16581322E+000  0.16581322E+000  0.16581322E+000  0.16581322E+000  0.16581322E+000  0.16581322E+000  0.16581322E+000  0.16581322E+000  0.16581322E+000  0.16581322E+000  0.16581322E+000  0.16581322E+000  0.16581323E+000  0.16581323E+000  0.16581323E+000  0.16581323E+000  0.16581323E+000  0.16581324E+000  0.16581324E+000  0.16581325E+000  0.16581325E+000  0.16581326E+000  0.16581327E+000  0.16581328E+000  0.16581329E+000  0.16581330E+000  0.16581331E+000  0.16581332E+000  0.16581333E+000  0.16581335E+000  0.16581337E+000
  0.57567289E+001  0.57674800E+001  0.57674800E+001  0.57674800E+001  0.57674800E+001  0.57674800E+001  0.11587549E+002  0.12136273E+002  0.12136273E+002  0.12136273E+002  0.12118909E+002  0.12135953E+002  0.12135953E+002  0.11567084E+002  0.12068108E+002  0.12068108E+002  0.12068108E+002  0.12068108E+002  0.12068108E+002  0.12068108E+002  0.12068108E+002  0.12068108E+002  0.12068108E+002  0.12068108E+002  0.12068108E+002  0.12068108E+002  0.12068107E+002  0.12068107E+002  0.12068107E+002  0.12068107E+002  0.12068107E+002  0.12068106E+002  0.12068106E+002  0.12068106E+002  0.12068105E+002
  0.92911680E-001  0.92911680E-001  0.92911680E-001  0.92911681E-001  0.92911681E-001 -0.61843927E+000  0.15033903E+000  0.15033903E+000  0.15033903E+000  0.15033903E+000  0.15033903E+000  0.15033903E+000  0.15033903E+000  0.15033903E+000 -0.60433512E+000  0.15288985E+000  0.15288985E+000 -0.14016769E+001  0.54458354E+000  0.54458354E+000  0.54458354E+000  0.54458354E+000  0.54458354E+000  0.54458354E+000  0.54458380E+000  0.23124483E+002  0.30983503E+002  0.30983503E+002 -0.15705294E+002 -0.56518918E+001 -0.56518918E+001 -0.19085176E+002 -0.56515790E+001 -0.17171439E+002 -0.82638768E+000
