  0.00000000E+000  0.00000000E+000  0.00000000E+000  0.00000000E+000  0.00000000E+000  0.00000000E+000  0.00000000E+000  0.00000000E+000  0.00000000E+000  0.00000000E+000  0.00000000E+000  0.00000000E+000  0.00000000E+000  0.00000000E+000  0.00000000E+000  0.00000000E+000  0.00000000E+000  0.00000000E+000  0.00000000E+000  0.00000000E+000  0.00000000E+000  0.00000000E+000  0.00000000E+000  0.00000000E+000  0.00000000E+000  0.00000000E+000  0.00000000E+000  0.00000000E+000  0.00000000E+000  0.00000000E+000  0.00000000E+000  0.00000000E+000  0.00000000E+000  0.00000000E+000  0.00000000E+000
 -0.64708336E-031 -0.64708336E-031 -0.64708336E-031 -0.64708336E-031 -0.64708336E-031 -0.64708336E-031 -0.64708336E-031 -0.64708336E-031 -0.64708336E-031 -0.64708336E-031 -0.64708336E-031 -0.64708336E-031 -0.64708336E-031 -0.64708336E-031 -0.64708336E-031 -0.64708336E-031 -0.64708336E-031 -0.64708336E-031 -0.64708336E-031 -0.64708336E-031 -0.64708336E-031 -0.64708336E-031 -0.64708336E-031 -0.64708336E-031 -0.64708336E-031 -0.64708336E-031 -0.64708336E-031 -0.64708336E-031 -0.64708336E-031 -0.64708336E-031 -0.64708336E-031 -0.64708336E-031 -0.64708336E-031 -0.64708336E-031 -0.64708336E-031
 -0.15553393E-028 -0.15553393E-028 -0.15553393E-028 -0.15553393E-028 -0.15553393E-028 -0.15553393E-028 -0.15553393E-028 -0.15553393E-028 -0.15553393E-028 -0.15553393E-028 -0.15553393E-028 -0.15553393E-028 -0.15553393E-028 -0.15553393E-028 -0.15553393E-028 -0.15553393E-028 -0.15553393E-028 -0.15553393E-028 -0.15553393E-028 -0.15553393E-028 -0.15553393E-028 -0.15553393E-028 -0.15553393E-028 -0.15553393E-028 -0.15553393E-028 -0.15553393E-028 -0.15553393E-028 -0.15553393E-028 -0.15553393E-028 -0.15553393E-028 -0.15553393E-028 -0.15553393E-028 -0.15553393E-028 -0.15553393E-028 -0.15553393E-028
 -0.17872501E-026 -0.17872501E-026 -0.17872501E-026 -0.17872501E-026 -0.17872501E-026 -0.17872501E-026 -0.17872501E-026 -0.17872501E-026 -0.17872501E-026 -0.17872501E-026 -0.17872501E-026 -0.17872501E-026 -0.17872501E-026 -0.17872501E-026 -0.17872501E-026 -0.17872501E-026 -0.17872501E-026 -0.17872501E-026 -0.17872501E-026 -0.17872501E-026 -0.17872501E-026 -0.17872501E-026 -0.17872501E-026 -0.17872501E-026 -0.17872501E-026 -0.17872501E-026 -0.17872501E-026 -0.17872501E-026 -0.17872501E-026 -0.17872501E-026 -0.17872501E-026 -0.17872501E-026 -0.17872501E-026 -0.17872501E-026 -0.17872501E-026
 -0.13063100E-024 -0.13063100E-024 -0.13063100E-024 -0.13063100E-024 -0.13063100E-024 -0.13063100E-024 -0.13063100E-024 -0.13063100E-024 -0.13063100E-024 -0.13063100E-024 -0.13063100E-024 -0.13063100E-024 -0.13063100E-024 -0.13063100E-024 -0.13063100E-024 -0.13063100E-024 -0.13063100E-024 -0.13063100E-024 -0.13063100E-024 -0.13063100E-024 -0.13063100E-024 -0.13063100E-024 -0.13063100E-024 -0.13063100E-024 -0.13063100E-024 -0.13063100E-024 -0.13063100E-024 -0.13063100E-024 -0.13063100E-024 -0.13063100E-024 -0.13063100E-024 -0.13063100E-024 -0.13063100E-024 -0.13063100E-024 -0.13063100E-024
 -0.68162994E-023 -0.68162994E-023 -0.68162994E-023 -0.68162994E-023 -0.68162994E-023 -0.68162994E-023 -0.68162994E-023 -0.68162994E-023 -0.68162994E-023 -0.68162994E-023 -0.68162994E-023 -0.68162994E-023 -0.68162994E-023 -0.68162994E-023 -0.68162994E-023 -0.68162994E-023 -0.68162994E-023 -0.68162994E-023 -0.68162994E-023 -0.68162994E-023 -0.68162994E-023 -0.68162994E-023 -0.68162994E-023 -0.68162994E-023 -0.68162994E-023 -0.68162994E-023 -0.68162994E-023 -0.68162994E-023 -0.68162994E-023 -0.68162994E-023 -0.68162994E-023 -0.68162994E-023 -0.68162994E-023 -0.68162994E-023 -0.68162994E-023
 -0.27016106E-021 -0.27016106E-021 -0.27016106E-021 -0.27016106E-021 -0.27016106E-021 -0.27016106E-021 -0.27016106E-021 -0.27016106E-021 -0.27016106E-021 -0.27016106E-021 -0.27016106E-021 -0.27016106E-021 -0.27016106E-021 -0.27016106E-021 -0.27016106E-021 -0.27016106E-021 -0.27016106E-021 -0.27016106E-021 -0.27016106E-021 -0.27016106E-021 -0.27016106E-021 -0.27016106E-021 -0.27016106E-021 -0.27016106E-021 -0.27016106E-021 -0.27016106E-021 -0.27016106E-021 -0.27016106E-021 -0.27016106E-021 -0.27016106E-021 -0.27016106E-021 -0.27016106E-021 -0.27016106E-021 -0.27016106E-021 -0.27016106E-021
 -0.84489605E-020 -0.84489605E-020 -0.84489605E-020 -0.84489605E-020 -0.84489605E-020 -0.84489605E-020 -0.84489605E-020 -0.84489605E-020 -0.84489605E-020 -0.84489605E-020 -0.84489605E-020 -0.84489605E-020 -0.84489605E-020 -0.84489605E-020 -0.84489605E-020 -0.84489605E-020 -0.84489605E-020 -0.84489605E-020 -0.84489605E-020 -0.84489605E-020 -0.84489605E-020 -0.84489605E-020 -0.84489605E-020 -0.84489605E-020 -0.84489605E-020 -0.84489605E-020 -0.84489605E-020 -0.84489605E-020 -0.84489605E-020 -0.84489605E-020 -0.84489605E-020 -0.84489605E-020 -0.84489605E-020 -0.84489605E-020 -0.84489605E-020
 -0.21380912E-018 -0.21380912E-018 -0.21380912E-018 -0.21380912E-018 -0.21380912E-018 -0.21380912E-018 -0.21380912E-018 -0.21380912E-018 -0.21380912E-018 -0.21380912E-018 -0.21380912E-018 -0.21380912E-018 -0.21380912E-018 -0.21380912E-018 -0.21380912E-018 -0.21380912E-018 -0.21380912E-018 -0.21380912E-018 -0.21380912E-018 -0.21380912E-018 -0.21380912E-018 -0.21380912E-018 -0.21380912E-018 -0.21380912E-018 -0.21380912E-018 -0.21380912E-018 -0.21380912E-018 -0.21380912E-018 -0.21380912E-018 -0.21380912E-018 -0.21380912E-018 -0.21380912E-018 -0.21380912E-018 -0.21380912E-018 -0.21380912E-018
 -0.44548672E-017 -0.44548672E-017 -0.44548672E-017 -0.44548672E-017 -0.44548672E-017 -0.44548672E-017 -0.44548672E-017 -0.44548672E-017 -0.44548672E-017 -0.44548672E-017 -0.44548672E-017 -0.44548672E-017 -0.44548672E-017 -0.44548672E-017 -0.44548672E-017 -0.44548672E-017 -0.44548672E-017 -0.44548672E-017 -0.44548672E-017 -0.44548672E-017 -0.44548672E-017 -0.44548672E-017 -0.44548672E-017 -0.44548672E-017 -0.44548672E-017 -0.44548672E-017 -0.44548672E-017 -0.44548672E-017 -0.44548672E-017 -0.44548672E-017 -0.44548672E-017 -0.44548672E-017 -0.44548672E-017 -0.44548672E-017 -0.44548672E-017
 -0.67283610E-015 -0.67283610E-015 -0.67283610E-015 -0.67283610E-015 -0.67283610E-015 -0.67283610E-015 -0.67283610E-015 -0.67283610E-015 -0.67283610E-015 -0.67283610E-015 -0.67283610E-015 -0.67283610E-015 -0.67283610E-015 -0.67283610E-015 -0.67283610E-015 -0.67283610E-015 -0.67283610E-015 -0.67283610E-015 -0.67283610E-015 -0.67283610E-015 -0.67283610E-015 -0.67283610E-015 -0.67283610E-015 -0.67283610E-015 -0.67283610E-015 -0.67283610E-015 -0.67283610E-015 -0.67283610E-015 -0.67283610E-015 -0.67283610E-015 -0.67283610E-015 -0.67283610E-015 -0.67283610E-015 -0.67283610E-015 -0.67283610E-015
 -0.81540468E-013 -0.81540468E-013 -0.81540468E-013 -0.81540468E-013 -0.81540468E-013 -0.81540468E-013 -0.81540468E-013 -0.81540468E-013 -0.81540468E-013 -0.81540468E-013 -0.81540468E-013 -0.81540468E-013 -0.81540468E-013 -0.81540468E-013 -0.81540468E-013 -0.81540468E-013 -0.81540468E-013 -0.81540468E-013 -0.81540468E-013 -0.81540468E-013 -0.81540468E-013 -0.81540468E-013 -0.81540468E-013 -0.81540468E-013 -0.81540468E-013 -0.81540468E-013 -0.81540468E-013 -0.81540468E-013 -0.81540468E-013 -0.81540468E-013 -0.81540468E-013 -0.81540468E-013 -0.81540468E-013 -0.81540468E-013 -0.81540468E-013
 -0.79936355E-011 -0.79936355E-011 -0.79936355E-011 -0.79936355E-011 -0.79936355E-011 -0.79936355E-011 -0.79936355E-011 -0.79936355E-011 -0.79936355E-011 -0.79936355E-011 -0.79936355E-011 -0.79936355E-011 -0.79936355E-011 -0.79936355E-011 -0.79936355E-011 -0.79936355E-011 -0.79936355E-011 -0.79936355E-011 -0.79936355E-011 -0.79936355E-011 -0.79936355E-011 -0.79936355E-011 -0.79936355E-011 -0.79936355E-011 -0.79936355E-011 -0.79936355E-011 -0.79936355E-011 -0.79936355E-011 -0.79936355E-011 -0.79936355E-011 -0.79936355E-011 -0.79936355E-011 -0.79936355E-011 -0.79936355E-011 -0.79936355E-011
 -0.63600180E-009 -0.63600180E-009 -0.63600180E-009 -0.63600180E-009 -0.63600180E-009 -0.63600180E-009 -0.63600180E-009 -0.63600180E-009 -0.63600180E-009 -0.63600180E-009 -0.63600180E-009 -0.63600180E-009 -0.63600180E-009 -0.63600180E-009 -0.63600180E-009 -0.63600180E-009 -0.63600180E-009 -0.63600180E-009 -0.63600180E-009 -0.63600180E-009 -0.63600180E-009 -0.63600180E-009 -0.63600180E-009 -0.63600180E-009 -0.63600180E-009 -0.63600180E-009 -0.63600180E-009 -0.63600180E-009 -0.63600180E-009 -0.63600180E-009 -0.63600180E-009 -0.63600180E-009 -0.63600180E-009 -0.63600180E-009 -0.63600180E-009
 -0.41021917E-007 -0.41021917E-007 -0.41021917E-007 -0.41021917E-007 -0.41021917E-007 -0.41021917E-007 -0.41021917E-007 -0.41021917E-007 -0.41021917E-007 -0.41021917E-007 -0.41021917E-007 -0.41021917E-007 -0.41021917E-007 -0.41021917E-007 -0.41021917E-007 -0.41021917E-007 -0.41021917E-007 -0.41021917E-007 -0.41021917E-007 -0.41021917E-007 -0.41021917E-007 -0.41021917E-007 -0.41021917E-007 -0.41021917E-007 -0.41021917E-007 -0.41021917E-007 -0.41021917E-007 -0.41021917E-007 -0.41021917E-007 -0.41021917E-007 -0.41021917E-007 -0.41021917E-007 -0.41021917E-007 -0.41021917E-007 -0.41021917E-007
 -0.21324867E-005 -0.21324867E-005 -0.21324867E-005 -0.21324867E-005 -0.21324867E-005 -0.21324867E-005 -0.21324867E-005 -0.21324867E-005 -0.21324867E-005 -0.21324867E-005 -0.21324867E-005 -0.21324867E-005 -0.21324867E-005 -0.21324867E-005 -0.21324867E-005 -0.21324867E-005 -0.21324867E-005 -0.21324867E-005 -0.21324867E-005 -0.21324867E-005 -0.21324867E-005 -0.21324867E-005 -0.21324867E-005 -0.21324867E-005 -0.21324867E-005 -0.21324867E-005 -0.21324867E-005 -0.21324867E-005 -0.21324867E-005 -0.21324867E-005 -0.21324867E-005 -0.21324867E-005 -0.21324867E-005 -0.21324867E-005 -0.21324867E-005
 -0.88334012E-004 -0.88334012E-004 -0.88334012E-004 -0.88334012E-004 -0.88334012E-004 -0.88334012E-004 -0.88334012E-004 -0.88334012E-004 -0.88334012E-004 -0.88334012E-004 -0.88334012E-004 -0.88334012E-004 -0.88334012E-004 -0.88334012E-004 -0.88334012E-004 -0.88334012E-004 -0.88334012E-004 -0.88334012E-004 -0.88334012E-004 -0.88334012E-004 -0.88334012E-004 -0.88334012E-004 -0.88334012E-004 -0.88334012E-004 -0.88334012E-004 -0.88334012E-004 -0.88334012E-004 -0.88334012E-004 -0.88334012E-004 -0.88334012E-004 -0.88334012E-004 -0.88334012E-004 -0.88334012E-004 -0.88334012E-004 -0.88334012E-004
 -0.28611859E-002 -0.28611859E-002 -0.28611859E-002 -0.28611859E-002 -0.28611859E-002 -0.28611859E-002 -0.28611859E-002 -0.28611859E-002 -0.28611859E-002 -0.28611859E-002 -0.28611859E-002 -0.28611859E-002 -0.28611859E-002 -0.28611859E-002 -0.28611859E-002 -0.28611859E-002 -0.28611859E-002 -0.28611859E-002 -0.28611859E-002 -0.28611859E-002 -0.28611859E-002 -0.28611859E-002 -0.28611859E-002 -0.28611859E-002 -0.28611859E-002 -0.28611859E-002 -0.28611859E-002 -0.28611859E-002 -0.28611859E-002 -0.28611859E-002 -0.28611859E-002 -0.28611859E-002 -0.28611859E-002 -0.28611859E-002 -0.28611859E-002
 -0.70299315E-001 -0.70299315E-001 -0.70299315E-001 -0.70299315E-001 -0.70299315E-001 -0.70299315E-001 -0.70299315E-001 -0.70299315E-001 -0.70299315E-001 -0.70299315E-001 -0.70299315E-001 -0.70299315E-001 -0.70299315E-001 -0.70299315E-001 -0.70299315E-001 -0.70299315E-001 -0.70299315E-001 -0.70299315E-001 -0.70299315E-001 -0.70299315E-001 -0.70299315E-001 -0.70299315E-001 -0.70299315E-001 -0.70299315E-001 -0.70299315E-001 -0.70299315E-001 -0.70299315E-001 -0.70299315E-001 -0.70299315E-001 -0.70299315E-001 -0.70299315E-001 -0.70299315E-001 -0.70299315E-001 -0.70299315E-001 -0.70299315E-001
 -0.12449316E+001 -0.12449316E+001 -0.12449316E+001 -0.12449316E+001 -0.12449316E+001 -0.12449316E+001 -0.12449316E+001 -0.12449316E+001 -0.12449316E+001 -0.12449316E+001 -0.12449316E+001 -0.12449316E+001 -0.12449316E+001 -0.12449316E+001 -0.12449316E+001 -0.12449316E+001 -0.12449316E+001 -0.12449316E+001 -0.12449316E+001 -0.12449316E+001 -0.12449316E+001 -0.12449316E+001 -0.12449316E+001 -0.12449316E+001 -0.12449316E+001 -0.12449316E+001 -0.12449316E+001 -0.12449316E+001 -0.12449316E+001 -0.12449316E+001 -0.12449316E+001 -0.12449316E+001 -0.12449316E+001 -0.12449316E+001 -0.12449316E+001
 -0.14393484E+002 -0.14393476E+002 -0.14393476E+002 -0.14393394E+002 -0.14393259E+002 -0.14393063E+002 -0.14392867E+002 -0.14392732E+002 -0.14392651E+002 -0.14392612E+002 -0.14392612E+002 -0.14392612E+002 -0.14392612E+002 -0.14392612E+002 -0.14392612E+002 -0.14392612E+002 -0.14392612E+002 -0.14392612E+002 -0.14392612E+002 -0.14392612E+002 -0.14392612E+002 -0.14392612E+002 -0.14392612E+002 -0.14392612E+002 -0.14392612E+002 -0.14392612E+002 -0.14392612E+002 -0.14392612E+002 -0.14392612E+002 -0.14392613E+002 -0.14392613E+002 -0.14392613E+002 -0.14392613E+002 -0.14392613E+002 -0.14392613E+002
 -0.81923776E+002 -0.81923762E+002 -0.82155145E+002 -0.81923674E+002 -0.81923672E+002 -0.81923338E+002 -0.82151950E+002 -0.81923518E+002 -0.81923501E+002 -0.81923501E+002 -0.81923501E+002 -0.81923501E+002 -0.81923501E+002 -0.81923501E+002 -0.81923501E+002 -0.81923501E+002 -0.81923501E+002 -0.81923501E+002 -0.81923501E+002 -0.81923501E+002 -0.81923501E+002 -0.81923501E+002 -0.81923501E+002 -0.81923501E+002 -0.81920944E+002 -0.98051658E+002 -0.93332890E+002 -0.93332890E+002 -0.93332890E+002 -0.93332890E+002 -0.93332890E+002 -0.93332890E+002 -0.93332890E+002 -0.93332890E+002 -0.93332890E+002
 -0.66639849E+002 -0.66639846E+002 -0.66639832E+002 -0.66639802E+002 -0.66639752E+002 -0.66639678E+002 -0.66639605E+002 -0.66639555E+002 -0.66639525E+002 -0.66639510E+002 -0.66639507E+002 -0.66639506E+002 -0.66639496E+002 -0.66639471E+002 -0.66639194E+002 -0.66638753E+002 -0.66638112E+002 -0.66637240E+002 -0.66636102E+002 -0.66634667E+002 -0.66632903E+002 -0.66630779E+002 -0.66628264E+002 -0.66625328E+002 -0.66621942E+002 -0.66618075E+002 -0.27023403E+003 -0.27022598E+003 -0.27021703E+003 -0.27020707E+003 -0.27019608E+003 -0.27018747E+003 -0.27017805E+003 -0.27016781E+003 -0.27015671E+003
 -0.37440403E+003 -0.37440400E+003 -0.37440386E+003 -0.37440356E+003 -0.37440308E+003 -0.37440237E+003 -0.37440166E+003 -0.37440117E+003 -0.37440088E+003 -0.37440074E+003 -0.37440071E+003 -0.37440069E+003 -0.37440060E+003 -0.37440036E+003  0.22049631E+002  0.22050170E+002  0.22050953E+002  0.22052019E+002  0.22053409E+002  0.22055146E+002  0.22057276E+002  0.22059826E+002  0.22062798E+002  0.22066280E+002  0.22070311E+002  0.22074937E+002  0.22080206E+002 -0.37343148E+003 -0.37406224E+003 -0.37301173E+003 -0.37283001E+003 -0.37283001E+003 -0.37283001E+003 -0.37283001E+003 -0.37283001E+003
 -0.32969075E+001 -0.33166584E+001 -0.34121904E+001 -0.36468102E+001 -0.41494848E+001 -0.51859552E+001 -0.38300441E+001 -0.32900739E+001 -0.29629581E+001 -0.28094673E+001 -0.27764959E+001 -0.27596980E+001 -0.26547781E+001 -0.23887632E+001 -0.18940357E+001 -0.14653904E+001 -0.14653904E+001 -0.14653904E+001 -0.14653904E+001 -0.58197727E+001 -0.69333820E+001 -0.95989136E+001 -0.16812190E+002 -0.15299751E+002 -0.13474983E+002 -0.11298525E+002 -0.82938355E+001 -0.47821927E+001 -0.22871822E+002 -0.47946668E+001 -0.47946668E+001 -0.47946668E+001 -0.47946668E+001 -0.47946668E+001 -0.47946668E+001
