  0.00000000E+000  0.00000000E+000  0.00000000E+000  0.00000000E+000  0.00000000E+000  0.00000000E+000  0.00000000E+000  0.00000000E+000  0.00000000E+000  0.00000000E+000  0.00000000E+000  0.00000000E+000  0.00000000E+000  0.00000000E+000  0.00000000E+000  0.00000000E+000  0.00000000E+000  0.00000000E+000  0.00000000E+000  0.00000000E+000  0.00000000E+000  0.00000000E+000  0.00000000E+000  0.00000000E+000  0.00000000E+000  0.00000000E+000  0.00000000E+000  0.00000000E+000  0.00000000E+000  0.00000000E+000  0.00000000E+000  0.00000000E+000  0.00000000E+000  0.00000000E+000  0.00000000E+000
 -0.11172655E-042 -0.11172655E-042 -0.11172655E-042 -0.11172655E-042 -0.11172655E-042 -0.11172655E-042 -0.11172655E-042 -0.11172655E-042 -0.11172655E-042 -0.11172655E-042 -0.11172655E-042 -0.11172655E-042 -0.11172655E-042 -0.11172655E-042 -0.11172655E-042 -0.11172655E-042 -0.11172655E-042 -0.11172655E-042 -0.11172655E-042 -0.11172655E-042 -0.11172655E-042 -0.11172655E-042 -0.11172655E-042 -0.11172655E-042 -0.11172655E-042 -0.11172655E-042 -0.11172655E-042 -0.11172655E-042 -0.11172655E-042 -0.11172655E-042 -0.11172655E-042 -0.11172655E-042 -0.11172655E-042 -0.11172655E-042 -0.11172655E-042
 -0.94036659E-040 -0.94036659E-040 -0.94036659E-040 -0.94036659E-040 -0.94036659E-040 -0.94036659E-040 -0.94036659E-040 -0.94036659E-040 -0.94036659E-040 -0.94036659E-040 -0.94036659E-040 -0.94036659E-040 -0.94036659E-040 -0.94036659E-040 -0.94036659E-040 -0.94036659E-040 -0.94036659E-040 -0.94036659E-040 -0.94036659E-040 -0.94036659E-040 -0.94036659E-040 -0.94036659E-040 -0.94036659E-040 -0.94036659E-040 -0.94036659E-040 -0.94036659E-040 -0.94036659E-040 -0.94036659E-040 -0.94036659E-040 -0.94036659E-040 -0.94036659E-040 -0.94036659E-040 -0.94036659E-040 -0.94036659E-040 -0.94036659E-040
 -0.37919886E-037 -0.37919886E-037 -0.37919886E-037 -0.37919886E-037 -0.37919886E-037 -0.37919886E-037 -0.37919886E-037 -0.37919886E-037 -0.37919886E-037 -0.37919886E-037 -0.37919886E-037 -0.37919886E-037 -0.37919886E-037 -0.37919886E-037 -0.37919886E-037 -0.37919886E-037 -0.37919886E-037 -0.37919886E-037 -0.37919886E-037 -0.37919886E-037 -0.37919886E-037 -0.37919886E-037 -0.37919886E-037 -0.37919886E-037 -0.37919886E-037 -0.37919886E-037 -0.37919886E-037 -0.37919886E-037 -0.37919886E-037 -0.37919886E-037 -0.37919886E-037 -0.37919886E-037 -0.37919886E-037 -0.37919886E-037 -0.37919886E-037
 -0.97416533E-035 -0.97416533E-035 -0.97416533E-035 -0.97416533E-035 -0.97416533E-035 -0.97416533E-035 -0.97416533E-035 -0.97416533E-035 -0.97416533E-035 -0.97416533E-035 -0.97416533E-035 -0.97416533E-035 -0.97416533E-035 -0.97416533E-035 -0.97416533E-035 -0.97416533E-035 -0.97416533E-035 -0.97416533E-035 -0.97416533E-035 -0.97416533E-035 -0.97416533E-035 -0.97416533E-035 -0.97416533E-035 -0.97416533E-035 -0.97416533E-035 -0.97416533E-035 -0.97416533E-035 -0.97416533E-035 -0.97416533E-035 -0.97416533E-035 -0.97416533E-035 -0.97416533E-035 -0.97416533E-035 -0.97416533E-035 -0.97416533E-035
 -0.17882928E-032 -0.17882928E-032 -0.17882928E-032 -0.17882928E-032 -0.17882928E-032 -0.17882928E-032 -0.17882928E-032 -0.17882928E-032 -0.17882928E-032 -0.17882928E-032 -0.17882928E-032 -0.17882928E-032 -0.17882928E-032 -0.17882928E-032 -0.17882928E-032 -0.17882928E-032 -0.17882928E-032 -0.17882928E-032 -0.17882928E-032 -0.17882928E-032 -0.17882928E-032 -0.17882928E-032 -0.17882928E-032 -0.17882928E-032 -0.17882928E-032 -0.17882928E-032 -0.17882928E-032 -0.17882928E-032 -0.17882928E-032 -0.17882928E-032 -0.17882928E-032 -0.17882928E-032 -0.17882928E-032 -0.17882928E-032 -0.17882928E-032
 -0.24937054E-030 -0.24937054E-030 -0.24937054E-030 -0.24937054E-030 -0.24937054E-030 -0.24937054E-030 -0.24937054E-030 -0.24937054E-030 -0.24937054E-030 -0.24937054E-030 -0.24937054E-030 -0.24937054E-030 -0.24937054E-030 -0.24937054E-030 -0.24937054E-030 -0.24937054E-030 -0.24937054E-030 -0.24937054E-030 -0.24937054E-030 -0.24937054E-030 -0.24937054E-030 -0.24937054E-030 -0.24937054E-030 -0.24937054E-030 -0.24937054E-030 -0.24937054E-030 -0.24937054E-030 -0.24937054E-030 -0.24937054E-030 -0.24937054E-030 -0.24937054E-030 -0.24937054E-030 -0.24937054E-030 -0.24937054E-030 -0.24937054E-030
 -0.27410788E-028 -0.27410788E-028 -0.27410788E-028 -0.27410788E-028 -0.27410788E-028 -0.27410788E-028 -0.27410788E-028 -0.27410788E-028 -0.27410788E-028 -0.27410788E-028 -0.27410788E-028 -0.27410788E-028 -0.27410788E-028 -0.27410788E-028 -0.27410788E-028 -0.27410788E-028 -0.27410788E-028 -0.27410788E-028 -0.27410788E-028 -0.27410788E-028 -0.27410788E-028 -0.27410788E-028 -0.27410788E-028 -0.27410788E-028 -0.27410788E-028 -0.27410788E-028 -0.27410788E-028 -0.27410788E-028 -0.27410788E-028 -0.27410788E-028 -0.27410788E-028 -0.27410788E-028 -0.27410788E-028 -0.27410788E-028 -0.27410788E-028
 -0.24322769E-026 -0.24322769E-026 -0.24322769E-026 -0.24322769E-026 -0.24322769E-026 -0.24322769E-026 -0.24322769E-026 -0.24322769E-026 -0.24322769E-026 -0.24322769E-026 -0.24322769E-026 -0.24322769E-026 -0.24322769E-026 -0.24322769E-026 -0.24322769E-026 -0.24322769E-026 -0.24322769E-026 -0.24322769E-026 -0.24322769E-026 -0.24322769E-026 -0.24322769E-026 -0.24322769E-026 -0.24322769E-026 -0.24322769E-026 -0.24322769E-026 -0.24322769E-026 -0.24322769E-026 -0.24322769E-026 -0.24322769E-026 -0.24322769E-026 -0.24322769E-026 -0.24322769E-026 -0.24322769E-026 -0.24322769E-026 -0.24322769E-026
 -0.17697252E-024 -0.17697252E-024 -0.17697252E-024 -0.17697252E-024 -0.17697252E-024 -0.17697252E-024 -0.17697252E-024 -0.17697252E-024 -0.17697252E-024 -0.17697252E-024 -0.17697252E-024 -0.17697252E-024 -0.17697252E-024 -0.17697252E-024 -0.17697252E-024 -0.17697252E-024 -0.17697252E-024 -0.17697252E-024 -0.17697252E-024 -0.17697252E-024 -0.17697252E-024 -0.17697252E-024 -0.17697252E-024 -0.17697252E-024 -0.17697252E-024 -0.17697252E-024 -0.17697252E-024 -0.17697252E-024 -0.17697252E-024 -0.17697252E-024 -0.17697252E-024 -0.17697252E-024 -0.17697252E-024 -0.17697252E-024 -0.17697252E-024
 -0.96317030E-022 -0.96317030E-022 -0.96317030E-022 -0.96317030E-022 -0.96317030E-022 -0.96317030E-022 -0.96317030E-022 -0.96317030E-022 -0.96317030E-022 -0.96317030E-022 -0.96317030E-022 -0.96317030E-022 -0.96317030E-022 -0.96317030E-022 -0.96317030E-022 -0.96317030E-022 -0.96317030E-022 -0.96317030E-022 -0.96317030E-022 -0.96317030E-022 -0.96317030E-022 -0.96317030E-022 -0.96317030E-022 -0.96317030E-022 -0.96317030E-022 -0.96317030E-022 -0.96317030E-022 -0.96317030E-022 -0.96317030E-022 -0.96317030E-022 -0.96317030E-022 -0.96317030E-022 -0.96317030E-022 -0.96317030E-022 -0.96317030E-022
 -0.42103057E-019 -0.42103057E-019 -0.42103057E-019 -0.42103057E-019 -0.42103057E-019 -0.42103057E-019 -0.42103057E-019 -0.42103057E-019 -0.42103057E-019 -0.42103057E-019 -0.42103057E-019 -0.42103057E-019 -0.42103057E-019 -0.42103057E-019 -0.42103057E-019 -0.42103057E-019 -0.42103057E-019 -0.42103057E-019 -0.42103057E-019 -0.42103057E-019 -0.42103057E-019 -0.42103057E-019 -0.42103057E-019 -0.42103057E-019 -0.42103057E-019 -0.42103057E-019 -0.42103057E-019 -0.42103057E-019 -0.42103057E-019 -0.42103057E-019 -0.42103057E-019 -0.42103057E-019 -0.42103057E-019 -0.42103057E-019 -0.42103057E-019
 -0.14880489E-016 -0.14880489E-016 -0.14880489E-016 -0.14880489E-016 -0.14880489E-016 -0.14880489E-016 -0.14880489E-016 -0.14880489E-016 -0.14880489E-016 -0.14880489E-016 -0.14880489E-016 -0.14880489E-016 -0.14880489E-016 -0.14880489E-016 -0.14880489E-016 -0.14880489E-016 -0.14880489E-016 -0.14880489E-016 -0.14880489E-016 -0.14880489E-016 -0.14880489E-016 -0.14880489E-016 -0.14880489E-016 -0.14880489E-016 -0.14880489E-016 -0.14880489E-016 -0.14880489E-016 -0.14880489E-016 -0.14880489E-016 -0.14880489E-016 -0.14880489E-016 -0.14880489E-016 -0.14880489E-016 -0.14880489E-016 -0.14880489E-016
 -0.42573506E-014 -0.42573506E-014 -0.42573506E-014 -0.42573506E-014 -0.42573506E-014 -0.42573506E-014 -0.42573506E-014 -0.42573506E-014 -0.42573506E-014 -0.42573506E-014 -0.42573506E-014 -0.42573506E-014 -0.42573506E-014 -0.42573506E-014 -0.42573506E-014 -0.42573506E-014 -0.42573506E-014 -0.42573506E-014 -0.42573506E-014 -0.42573506E-014 -0.42573506E-014 -0.42573506E-014 -0.42573506E-014 -0.42573506E-014 -0.42573506E-014 -0.42573506E-014 -0.42573506E-014 -0.42573506E-014 -0.42573506E-014 -0.42573506E-014 -0.42573506E-014 -0.42573506E-014 -0.42573506E-014 -0.42573506E-014 -0.42573506E-014
 -0.98184323E-012 -0.98184323E-012 -0.98184323E-012 -0.98184323E-012 -0.98184323E-012 -0.98184323E-012 -0.98184323E-012 -0.98184323E-012 -0.98184323E-012 -0.98184323E-012 -0.98184323E-012 -0.98184323E-012 -0.98184323E-012 -0.98184323E-012 -0.98184323E-012 -0.98184323E-012 -0.98184323E-012 -0.98184323E-012 -0.98184323E-012 -0.98184323E-012 -0.98184323E-012 -0.98184323E-012 -0.98184323E-012 -0.98184323E-012 -0.98184323E-012 -0.98184323E-012 -0.98184323E-012 -0.98184323E-012 -0.98184323E-012 -0.98184323E-012 -0.98184323E-012 -0.98184323E-012 -0.98184323E-012 -0.98184323E-012 -0.98184323E-012
 -0.18061117E-009 -0.18061117E-009 -0.18061117E-009 -0.18061117E-009 -0.18061117E-009 -0.18061117E-009 -0.18061117E-009 -0.18061117E-009 -0.18061117E-009 -0.18061117E-009 -0.18061117E-009 -0.18061117E-009 -0.18061117E-009 -0.18061117E-009 -0.18061117E-009 -0.18061117E-009 -0.18061117E-009 -0.18061117E-009 -0.18061117E-009 -0.18061117E-009 -0.18061117E-009 -0.18061117E-009 -0.18061117E-009 -0.18061117E-009 -0.18061117E-009 -0.18061117E-009 -0.18061117E-009 -0.18061117E-009 -0.18061117E-009 -0.18061117E-009 -0.18061117E-009 -0.18061117E-009 -0.18061117E-009 -0.18061117E-009 -0.18061117E-009
 -0.26001541E-007 -0.26001541E-007 -0.26001541E-007 -0.26001541E-007 -0.26001541E-007 -0.26001541E-007 -0.26001541E-007 -0.26001541E-007 -0.26001541E-007 -0.26001541E-007 -0.26001541E-007 -0.26001541E-007 -0.26001541E-007 -0.26001541E-007 -0.26001541E-007 -0.26001541E-007 -0.26001541E-007 -0.26001541E-007 -0.26001541E-007 -0.26001541E-007 -0.26001541E-007 -0.26001541E-007 -0.26001541E-007 -0.26001541E-007 -0.26001541E-007 -0.26001541E-007 -0.26001541E-007 -0.26001541E-007 -0.26001541E-007 -0.26001541E-007 -0.26001541E-007 -0.26001541E-007 -0.26001541E-007 -0.26001541E-007 -0.26001541E-007
 -0.28371841E-005 -0.28371841E-005 -0.28371841E-005 -0.28371841E-005 -0.28371841E-005 -0.28371841E-005 -0.28371841E-005 -0.28371841E-005 -0.28371841E-005 -0.28371841E-005 -0.28371841E-005 -0.28371841E-005 -0.28371841E-005 -0.28371841E-005 -0.28371841E-005 -0.28371841E-005 -0.28371841E-005 -0.28371841E-005 -0.28371841E-005 -0.28371841E-005 -0.28371841E-005 -0.28371841E-005 -0.28371841E-005 -0.28371841E-005 -0.28371841E-005 -0.28371841E-005 -0.28371841E-005 -0.28371841E-005 -0.28371841E-005 -0.28371841E-005 -0.28371841E-005 -0.28371841E-005 -0.28371841E-005 -0.28371841E-005 -0.28371841E-005
 -0.22194305E-003 -0.22194305E-003 -0.22194305E-003 -0.22194305E-003 -0.22194305E-003 -0.22194305E-003 -0.22194305E-003 -0.22194305E-003 -0.22194305E-003 -0.22194305E-003 -0.22194305E-003 -0.22194305E-003 -0.22194305E-003 -0.22194305E-003 -0.22194305E-003 -0.22194305E-003 -0.22194305E-003 -0.22194305E-003 -0.22194305E-003 -0.22194305E-003 -0.22194305E-003 -0.22194305E-003 -0.22194305E-003 -0.22194305E-003 -0.22194305E-003 -0.22194305E-003 -0.22194305E-003 -0.22194305E-003 -0.22194305E-003 -0.22194305E-003 -0.22194305E-003 -0.22194305E-003 -0.22194305E-003 -0.22194305E-003 -0.22194305E-003
 -0.11168789E-001 -0.11168789E-001 -0.11168789E-001 -0.11168789E-001 -0.11168789E-001 -0.11168789E-001 -0.11168789E-001 -0.11168789E-001 -0.11168789E-001 -0.11168789E-001 -0.11168789E-001 -0.11168789E-001 -0.11168789E-001 -0.11168789E-001 -0.11168789E-001 -0.11168789E-001 -0.11168789E-001 -0.11168789E-001 -0.11168789E-001 -0.11168789E-001 -0.11168789E-001 -0.11168789E-001 -0.11168789E-001 -0.11168789E-001 -0.11168789E-001 -0.11168789E-001 -0.11168789E-001 -0.11168789E-001 -0.11168789E-001 -0.11168789E-001 -0.11168789E-001 -0.11168789E-001 -0.11168789E-001 -0.11168789E-001 -0.11168789E-001
 -0.27331219E+000 -0.27331219E+000 -0.27331219E+000 -0.27331219E+000 -0.27331219E+000 -0.27331219E+000 -0.27331219E+000 -0.27331219E+000 -0.27331219E+000 -0.27331219E+000 -0.27331219E+000 -0.27331219E+000 -0.27331219E+000 -0.27331219E+000 -0.27331219E+000 -0.27331219E+000 -0.27331219E+000 -0.27331219E+000 -0.27331219E+000 -0.27331219E+000 -0.27331219E+000 -0.27331219E+000 -0.27331219E+000 -0.27331219E+000 -0.27331219E+000 -0.27331219E+000 -0.27331219E+000 -0.27331221E+000 -0.27331223E+000 -0.27331223E+000 -0.27331223E+000 -0.27331225E+000 -0.27331225E+000 -0.27331225E+000 -0.27331225E+000
  0.15155375E+000  0.15155375E+000  0.15155375E+000  0.15155375E+000  0.15155375E+000  0.15155375E+000  0.15155375E+000  0.15155375E+000  0.15155375E+000  0.15155375E+000  0.15155375E+000  0.15155375E+000  0.15155375E+000  0.15155375E+000  0.15175049E+000  0.15218908E+000  0.15434275E+000  0.15434275E+000  0.15434275E+000  0.15434275E+000  0.15434275E+000  0.15434275E+000  0.15434275E+000  0.15434275E+000  0.15434275E+000  0.15434275E+000  0.15434275E+000 -0.18614260E+002 -0.98958085E+001  0.15039422E+000  0.15039422E+000 -0.12958428E+002  0.14171529E+000  0.14171529E+000  0.14171529E+000
 -0.35999791E+001 -0.35999791E+001 -0.35999791E+001 -0.35999791E+001 -0.56303088E+001 -0.48761137E+001 -0.41201253E+001 -0.35998095E+001 -0.35998095E+001 -0.35998095E+001 -0.35998095E+001 -0.35998095E+001 -0.35998095E+001 -0.40749986E+001 -0.35997764E+001 -0.35994163E+001 -0.35997748E+001 -0.35997748E+001 -0.35997748E+001 -0.35997748E+001 -0.35997748E+001 -0.35997748E+001 -0.35997748E+001 -0.35997748E+001 -0.35997748E+001 -0.35997748E+001 -0.35997748E+001 -0.35997748E+001 -0.35997748E+001 -0.35997748E+001 -0.35997748E+001 -0.35997748E+001 -0.35997748E+001 -0.35997748E+001 -0.35997748E+001
 -0.24865458E+001 -0.24865458E+001 -0.24865458E+001 -0.24865458E+001 -0.24862664E+001 -0.24858592E+001 -0.24854519E+001 -0.24851723E+001 -0.24850031E+001 -0.24849237E+001 -0.24849237E+001 -0.24849237E+001 -0.24849237E+001 -0.24849237E+001 -0.24849237E+001 -0.24849237E+001 -0.24849237E+001 -0.24849237E+001 -0.24849236E+001 -0.24849236E+001 -0.24849235E+001 -0.24849235E+001 -0.24849234E+001 -0.24849233E+001 -0.24849233E+001 -0.24849232E+001 -0.24849231E+001 -0.24849229E+001 -0.24849228E+001 -0.24849227E+001 -0.24849225E+001 -0.24849223E+001 -0.24849221E+001 -0.24849219E+001 -0.24849217E+001
 -0.17983472E-001 -0.17983472E-001 -0.17983472E-001 -0.17983472E-001 -0.45366769E+000 -0.34015788E-002 -0.13686918E-002 -0.17672577E-002 -0.17672577E-002 -0.17672577E-002 -0.17672577E-002 -0.17672577E-002 -0.17672577E-002 -0.17672577E-002 -0.17672577E-002 -0.17672577E-002 -0.17672576E-002 -0.17672576E-002 -0.17672575E-002 -0.17672576E-002 -0.17672576E-002 -0.17672574E-002 -0.17672574E-002 -0.17672573E-002 -0.17672574E-002 -0.17672575E-002 -0.17672600E-002 -0.17672599E-002 -0.17670353E-002 -0.17668242E-002 -0.17666031E-002 -0.17663749E-002 -0.17661555E-002 -0.17660158E-002 -0.17659025E-002
