  0.00000000E+000  0.00000000E+000  0.00000000E+000  0.00000000E+000  0.00000000E+000  0.00000000E+000  0.00000000E+000  0.00000000E+000  0.00000000E+000  0.00000000E+000  0.00000000E+000  0.00000000E+000  0.00000000E+000  0.00000000E+000  0.00000000E+000  0.00000000E+000  0.00000000E+000  0.00000000E+000  0.00000000E+000  0.00000000E+000  0.00000000E+000  0.00000000E+000  0.00000000E+000  0.00000000E+000  0.00000000E+000  0.00000000E+000  0.00000000E+000  0.00000000E+000  0.00000000E+000  0.00000000E+000  0.00000000E+000  0.00000000E+000  0.00000000E+000  0.00000000E+000  0.00000000E+000
 -0.96010789E-043 -0.96010789E-043 -0.96010789E-043 -0.96010789E-043 -0.96010789E-043 -0.96010789E-043 -0.96010789E-043 -0.96010789E-043 -0.96010789E-043 -0.96010789E-043 -0.96010789E-043 -0.96010789E-043 -0.96010789E-043 -0.96010789E-043 -0.96010789E-043 -0.96010789E-043 -0.96010789E-043 -0.96010789E-043 -0.96010789E-043 -0.96010789E-043 -0.96010789E-043 -0.96010789E-043 -0.96010789E-043 -0.96010789E-043 -0.96010789E-043 -0.96010789E-043 -0.96010789E-043 -0.96010789E-043 -0.96010789E-043 -0.96010789E-043 -0.96010789E-043 -0.96010789E-043 -0.96010789E-043 -0.96010789E-043 -0.96010789E-043
 -0.84316192E-040 -0.84316192E-040 -0.84316192E-040 -0.84316192E-040 -0.84316192E-040 -0.84316192E-040 -0.84316192E-040 -0.84316192E-040 -0.84316192E-040 -0.84316192E-040 -0.84316192E-040 -0.84316192E-040 -0.84316192E-040 -0.84316192E-040 -0.84316192E-040 -0.84316192E-040 -0.84316192E-040 -0.84316192E-040 -0.84316192E-040 -0.84316192E-040 -0.84316192E-040 -0.84316192E-040 -0.84316192E-040 -0.84316192E-040 -0.84316192E-040 -0.84316192E-040 -0.84316192E-040 -0.84316192E-040 -0.84316192E-040 -0.84316192E-040 -0.84316192E-040 -0.84316192E-040 -0.84316192E-040 -0.84316192E-040 -0.84316192E-040
 -0.35580258E-037 -0.35580258E-037 -0.35580258E-037 -0.35580258E-037 -0.35580258E-037 -0.35580258E-037 -0.35580258E-037 -0.35580258E-037 -0.35580258E-037 -0.35580258E-037 -0.35580258E-037 -0.35580258E-037 -0.35580258E-037 -0.35580258E-037 -0.35580258E-037 -0.35580258E-037 -0.35580258E-037 -0.35580258E-037 -0.35580258E-037 -0.35580258E-037 -0.35580258E-037 -0.35580258E-037 -0.35580258E-037 -0.35580258E-037 -0.35580258E-037 -0.35580258E-037 -0.35580258E-037 -0.35580258E-037 -0.35580258E-037 -0.35580258E-037 -0.35580258E-037 -0.35580258E-037 -0.35580258E-037 -0.35580258E-037 -0.35580258E-037
 -0.95969706E-035 -0.95969706E-035 -0.95969706E-035 -0.95969706E-035 -0.95969706E-035 -0.95969706E-035 -0.95969706E-035 -0.95969706E-035 -0.95969706E-035 -0.95969706E-035 -0.95969706E-035 -0.95969706E-035 -0.95969706E-035 -0.95969706E-035 -0.95969706E-035 -0.95969706E-035 -0.95969706E-035 -0.95969706E-035 -0.95969706E-035 -0.95969706E-035 -0.95969706E-035 -0.95969706E-035 -0.95969706E-035 -0.95969706E-035 -0.95969706E-035 -0.95969706E-035 -0.95969706E-035 -0.95969706E-035 -0.95969706E-035 -0.95969706E-035 -0.95969706E-035 -0.95969706E-035 -0.95969706E-035 -0.95969706E-035 -0.95969706E-035
 -0.18565700E-032 -0.18565700E-032 -0.18565700E-032 -0.18565700E-032 -0.18565700E-032 -0.18565700E-032 -0.18565700E-032 -0.18565700E-032 -0.18565700E-032 -0.18565700E-032 -0.18565700E-032 -0.18565700E-032 -0.18565700E-032 -0.18565700E-032 -0.18565700E-032 -0.18565700E-032 -0.18565700E-032 -0.18565700E-032 -0.18565700E-032 -0.18565700E-032 -0.18565700E-032 -0.18565700E-032 -0.18565700E-032 -0.18565700E-032 -0.18565700E-032 -0.18565700E-032 -0.18565700E-032 -0.18565700E-032 -0.18565700E-032 -0.18565700E-032 -0.18565700E-032 -0.18565700E-032 -0.18565700E-032 -0.18565700E-032 -0.18565700E-032
 -0.27397811E-030 -0.27397811E-030 -0.27397811E-030 -0.27397811E-030 -0.27397811E-030 -0.27397811E-030 -0.27397811E-030 -0.27397811E-030 -0.27397811E-030 -0.27397811E-030 -0.27397811E-030 -0.27397811E-030 -0.27397811E-030 -0.27397811E-030 -0.27397811E-030 -0.27397811E-030 -0.27397811E-030 -0.27397811E-030 -0.27397811E-030 -0.27397811E-030 -0.27397811E-030 -0.27397811E-030 -0.27397811E-030 -0.27397811E-030 -0.27397811E-030 -0.27397811E-030 -0.27397811E-030 -0.27397811E-030 -0.27397811E-030 -0.27397811E-030 -0.27397811E-030 -0.27397811E-030 -0.27397811E-030 -0.27397811E-030 -0.27397811E-030
 -0.32023990E-028 -0.32023990E-028 -0.32023990E-028 -0.32023990E-028 -0.32023990E-028 -0.32023990E-028 -0.32023990E-028 -0.32023990E-028 -0.32023990E-028 -0.32023990E-028 -0.32023990E-028 -0.32023990E-028 -0.32023990E-028 -0.32023990E-028 -0.32023990E-028 -0.32023990E-028 -0.32023990E-028 -0.32023990E-028 -0.32023990E-028 -0.32023990E-028 -0.32023990E-028 -0.32023990E-028 -0.32023990E-028 -0.32023990E-028 -0.32023990E-028 -0.32023990E-028 -0.32023990E-028 -0.32023990E-028 -0.32023990E-028 -0.32023990E-028 -0.32023990E-028 -0.32023990E-028 -0.32023990E-028 -0.32023990E-028 -0.32023990E-028
 -0.30384297E-026 -0.30384297E-026 -0.30384297E-026 -0.30384297E-026 -0.30384297E-026 -0.30384297E-026 -0.30384297E-026 -0.30384297E-026 -0.30384297E-026 -0.30384297E-026 -0.30384297E-026 -0.30384297E-026 -0.30384297E-026 -0.30384297E-026 -0.30384297E-026 -0.30384297E-026 -0.30384297E-026 -0.30384297E-026 -0.30384297E-026 -0.30384297E-026 -0.30384297E-026 -0.30384297E-026 -0.30384297E-026 -0.30384297E-026 -0.30384297E-026 -0.30384297E-026 -0.30384297E-026 -0.30384297E-026 -0.30384297E-026 -0.30384297E-026 -0.30384297E-026 -0.30384297E-026 -0.30384297E-026 -0.30384297E-026 -0.30384297E-026
 -0.23790804E-024 -0.23790804E-024 -0.23790804E-024 -0.23790804E-024 -0.23790804E-024 -0.23790804E-024 -0.23790804E-024 -0.23790804E-024 -0.23790804E-024 -0.23790804E-024 -0.23790804E-024 -0.23790804E-024 -0.23790804E-024 -0.23790804E-024 -0.23790804E-024 -0.23790804E-024 -0.23790804E-024 -0.23790804E-024 -0.23790804E-024 -0.23790804E-024 -0.23790804E-024 -0.23790804E-024 -0.23790804E-024 -0.23790804E-024 -0.23790804E-024 -0.23790804E-024 -0.23790804E-024 -0.23790804E-024 -0.23790804E-024 -0.23790804E-024 -0.23790804E-024 -0.23790804E-024 -0.23790804E-024 -0.23790804E-024 -0.23790804E-024
 -0.14055453E-021 -0.14055453E-021 -0.14055453E-021 -0.14055453E-021 -0.14055453E-021 -0.14055453E-021 -0.14055453E-021 -0.14055453E-021 -0.14055453E-021 -0.14055453E-021 -0.14055453E-021 -0.14055453E-021 -0.14055453E-021 -0.14055453E-021 -0.14055453E-021 -0.14055453E-021 -0.14055453E-021 -0.14055453E-021 -0.14055453E-021 -0.14055453E-021 -0.14055453E-021 -0.14055453E-021 -0.14055453E-021 -0.14055453E-021 -0.14055453E-021 -0.14055453E-021 -0.14055453E-021 -0.14055453E-021 -0.14055453E-021 -0.14055453E-021 -0.14055453E-021 -0.14055453E-021 -0.14055453E-021 -0.14055453E-021 -0.14055453E-021
 -0.67334055E-019 -0.67334055E-019 -0.67334055E-019 -0.67334055E-019 -0.67334055E-019 -0.67334055E-019 -0.67334055E-019 -0.67334055E-019 -0.67334055E-019 -0.67334055E-019 -0.67334055E-019 -0.67334055E-019 -0.67334055E-019 -0.67334055E-019 -0.67334055E-019 -0.67334055E-019 -0.67334055E-019 -0.67334055E-019 -0.67334055E-019 -0.67334055E-019 -0.67334055E-019 -0.67334055E-019 -0.67334055E-019 -0.67334055E-019 -0.67334055E-019 -0.67334055E-019 -0.67334055E-019 -0.67334055E-019 -0.67334055E-019 -0.67334055E-019 -0.67334055E-019 -0.67334055E-019 -0.67334055E-019 -0.67334055E-019 -0.67334055E-019
 -0.26386416E-016 -0.26386416E-016 -0.26386416E-016 -0.26386416E-016 -0.26386416E-016 -0.26386416E-016 -0.26386416E-016 -0.26386416E-016 -0.26386416E-016 -0.26386416E-016 -0.26386416E-016 -0.26386416E-016 -0.26386416E-016 -0.26386416E-016 -0.26386416E-016 -0.26386416E-016 -0.26386416E-016 -0.26386416E-016 -0.26386416E-016 -0.26386416E-016 -0.26386416E-016 -0.26386416E-016 -0.26386416E-016 -0.26386416E-016 -0.26386416E-016 -0.26386416E-016 -0.26386416E-016 -0.26386416E-016 -0.26386416E-016 -0.26386416E-016 -0.26386416E-016 -0.26386416E-016 -0.26386416E-016 -0.26386416E-016 -0.26386416E-016
 -0.84930435E-014 -0.84930435E-014 -0.84930435E-014 -0.84930435E-014 -0.84930435E-014 -0.84930435E-014 -0.84930435E-014 -0.84930435E-014 -0.84930435E-014 -0.84930435E-014 -0.84930435E-014 -0.84930435E-014 -0.84930435E-014 -0.84930435E-014 -0.84930435E-014 -0.84930435E-014 -0.84930435E-014 -0.84930435E-014 -0.84930435E-014 -0.84930435E-014 -0.84930435E-014 -0.84930435E-014 -0.84930435E-014 -0.84930435E-014 -0.84930435E-014 -0.84930435E-014 -0.84930435E-014 -0.84930435E-014 -0.84930435E-014 -0.84930435E-014 -0.84930435E-014 -0.84930435E-014 -0.84930435E-014 -0.84930435E-014 -0.84930435E-014
 -0.22449990E-011 -0.22449990E-011 -0.22449990E-011 -0.22449990E-011 -0.22449990E-011 -0.22449990E-011 -0.22449990E-011 -0.22449990E-011 -0.22449990E-011 -0.22449990E-011 -0.22449990E-011 -0.22449990E-011 -0.22449990E-011 -0.22449990E-011 -0.22449990E-011 -0.22449990E-011 -0.22449990E-011 -0.22449990E-011 -0.22449990E-011 -0.22449990E-011 -0.22449990E-011 -0.22449990E-011 -0.22449990E-011 -0.22449990E-011 -0.22449990E-011 -0.22449990E-011 -0.22449990E-011 -0.22449990E-011 -0.22449990E-011 -0.22449990E-011 -0.22449990E-011 -0.22449990E-011 -0.22449990E-011 -0.22449990E-011 -0.22449990E-011
 -0.48513677E-009 -0.48513677E-009 -0.48513677E-009 -0.48513677E-009 -0.48513677E-009 -0.48513677E-009 -0.48513677E-009 -0.48513677E-009 -0.48513677E-009 -0.48513677E-009 -0.48513677E-009 -0.48513677E-009 -0.48513677E-009 -0.48513677E-009 -0.48513677E-009 -0.48513677E-009 -0.48513677E-009 -0.48513677E-009 -0.48513677E-009 -0.48513677E-009 -0.48513677E-009 -0.48513677E-009 -0.48513677E-009 -0.48513677E-009 -0.48513677E-009 -0.48513677E-009 -0.48513677E-009 -0.48513677E-009 -0.48513677E-009 -0.48513677E-009 -0.48513677E-009 -0.48513677E-009 -0.48513677E-009 -0.48513677E-009 -0.48513677E-009
 -0.84881973E-007 -0.84881973E-007 -0.84881973E-007 -0.84881973E-007 -0.84881973E-007 -0.84881973E-007 -0.84881973E-007 -0.84881973E-007 -0.84881973E-007 -0.84881973E-007 -0.84881973E-007 -0.84881973E-007 -0.84881973E-007 -0.84881973E-007 -0.84881973E-007 -0.84881973E-007 -0.84881973E-007 -0.84881973E-007 -0.84881973E-007 -0.84881973E-007 -0.84881973E-007 -0.84881973E-007 -0.84881973E-007 -0.84881973E-007 -0.84881973E-007 -0.84881973E-007 -0.84881973E-007 -0.84881973E-007 -0.84881973E-007 -0.84881973E-007 -0.84881973E-007 -0.84881973E-007 -0.84881973E-007 -0.84881973E-007 -0.84881973E-007
 -0.11829249E-004 -0.11829249E-004 -0.11829249E-004 -0.11829249E-004 -0.11829249E-004 -0.11829249E-004 -0.11829249E-004 -0.11829249E-004 -0.11829249E-004 -0.11829249E-004 -0.11829249E-004 -0.11829249E-004 -0.11829249E-004 -0.11829249E-004 -0.11829249E-004 -0.11829249E-004 -0.11829249E-004 -0.11829249E-004 -0.11829249E-004 -0.11829249E-004 -0.11829249E-004 -0.11829249E-004 -0.11829249E-004 -0.11829249E-004 -0.11829249E-004 -0.11829249E-004 -0.11829249E-004 -0.11829249E-004 -0.11829249E-004 -0.11829249E-004 -0.11829249E-004 -0.11829249E-004 -0.11829249E-004 -0.11829249E-004 -0.11829249E-004
 -0.12789372E-002 -0.12789372E-002 -0.12789372E-002 -0.12789372E-002 -0.12789372E-002 -0.12789372E-002 -0.12789372E-002 -0.12789372E-002 -0.12789372E-002 -0.12789372E-002 -0.12789372E-002 -0.12789372E-002 -0.12789372E-002 -0.12789372E-002 -0.12789372E-002 -0.12789372E-002 -0.12789372E-002 -0.12789372E-002 -0.12789372E-002 -0.12789372E-002 -0.12789372E-002 -0.12789372E-002 -0.12789372E-002 -0.12789372E-002 -0.12789372E-002 -0.12789372E-002 -0.12789372E-002 -0.12789372E-002 -0.12789372E-002 -0.12789372E-002 -0.12789372E-002 -0.12789372E-002 -0.12789372E-002 -0.12789372E-002 -0.12789372E-002
 -0.10273865E+000 -0.10273865E+000 -0.10273865E+000 -0.10273865E+000 -0.10273865E+000 -0.10273865E+000 -0.10273865E+000 -0.10273865E+000 -0.10273865E+000 -0.10273865E+000 -0.10273865E+000 -0.10273865E+000 -0.10273865E+000 -0.10273865E+000 -0.10273865E+000 -0.10273865E+000 -0.10273865E+000 -0.10273865E+000 -0.10273865E+000 -0.10273865E+000 -0.10273865E+000 -0.10273865E+000 -0.10273865E+000 -0.10273865E+000 -0.10273865E+000 -0.10273865E+000 -0.10273865E+000 -0.10273865E+000 -0.10273865E+000 -0.10273865E+000 -0.10273865E+000 -0.10273865E+000 -0.10273865E+000 -0.10273865E+000 -0.10273865E+000
 -0.56778138E+001 -0.56778138E+001 -0.56778138E+001 -0.56778138E+001 -0.56778138E+001 -0.56778138E+001 -0.56778138E+001 -0.56778138E+001 -0.56778138E+001 -0.56778138E+001 -0.56778138E+001 -0.56778138E+001 -0.56778138E+001 -0.56778138E+001 -0.56778138E+001 -0.56778138E+001 -0.56778138E+001 -0.56778138E+001 -0.56778138E+001 -0.56778138E+001 -0.56778138E+001 -0.56778137E+001 -0.56778137E+001 -0.56778137E+001 -0.56778137E+001 -0.56778137E+001 -0.56778137E+001 -0.56778137E+001 -0.56778137E+001 -0.56778137E+001 -0.56778137E+001 -0.56778137E+001 -0.56778136E+001 -0.56778136E+001 -0.56778136E+001
 -0.18287496E+003 -0.18287494E+003 -0.18287494E+003 -0.18287494E+003 -0.18287459E+003 -0.18283128E+003 -0.18281811E+003 -0.18281776E+003 -0.18281754E+003 -0.18281744E+003 -0.18281742E+003 -0.18281741E+003 -0.18281734E+003 -0.18281717E+003 -0.18281685E+003 -0.18281634E+003 -0.18281560E+003 -0.13389663E+003 -0.13337593E+003 -0.13271383E+003 -0.13189166E+003 -0.13113252E+003 -0.13048005E+003 -0.13004761E+003 -0.18287665E+003 -0.18287218E+003 -0.18286711E+003 -0.18286142E+003 -0.18142451E+003 -0.18140542E+003 -0.18139787E+003 -0.18138958E+003 -0.18138053E+003 -0.18137068E+003 -0.18136000E+003
 -0.10354431E+000 -0.74701301E-001 -0.74701301E-001 -0.74701301E-001 -0.14993123E+001 -0.81175437E+000 -0.12311753E+000 -0.12311753E+000 -0.12311753E+000 -0.12311753E+000 -0.13558719E+000 -0.12088883E+000 -0.12088883E+000 -0.12088883E+000 -0.12088883E+000 -0.12088883E+000 -0.12036986E+000 -0.20875484E+002 -0.19360081E+002 -0.17442659E+002 -0.15076489E+002 -0.12213712E+002 -0.88030774E+001 -0.47898170E+001 -0.11395479E+000 -0.11395514E+000 -0.11395553E+000 -0.11332170E+000 -0.11582063E+002 -0.11582063E+002 -0.11582063E+002 -0.11582063E+002 -0.11582063E+002 -0.11582063E+002 -0.11582063E+002
 -0.13696323E+001 -0.13696323E+001 -0.13696323E+001 -0.13696323E+001 -0.13696323E+001 -0.13696323E+001 -0.13696323E+001 -0.13696323E+001 -0.13696323E+001 -0.13696323E+001 -0.13696323E+001 -0.13696323E+001 -0.13696323E+001 -0.13696323E+001 -0.13696323E+001 -0.13696323E+001 -0.13696323E+001 -0.13696323E+001 -0.13696323E+001 -0.13696324E+001 -0.13696324E+001 -0.13696325E+001 -0.13696326E+001 -0.13696327E+001 -0.13696328E+001 -0.32512770E+003 -0.32511497E+003 -0.32510056E+003 -0.32508435E+003 -0.32506625E+003 -0.32504630E+003 -0.32502442E+003 -0.32500054E+003 -0.32497456E+003 -0.32494638E+003
 -0.22131296E-001 -0.22131296E-001 -0.22131296E-001 -0.22131296E-001 -0.22131296E-001 -0.22131296E-001 -0.22131296E-001 -0.22131296E-001 -0.22131296E-001 -0.41378268E-001 -0.88614154E-002 -0.88614154E-002 -0.88614154E-002 -0.12893765E+001 -0.80324334E+000 -0.28854760E-001 -0.28854760E-001 -0.28854760E-001 -0.28854762E-001 -0.28854765E-001 -0.28854767E-001 -0.28854769E-001 -0.28854772E-001 -0.28854775E-001 -0.37915679E+002 -0.31702523E+002 -0.19545294E+002 -0.12748485E+002 -0.60013397E+001  0.15820986E+000 -0.45528472E+000 -0.11071224E+001 -0.16435421E+001 -0.14775848E+001 -0.13532279E+001
