  0.00000000E+000  0.00000000E+000  0.00000000E+000  0.00000000E+000  0.00000000E+000  0.00000000E+000  0.00000000E+000  0.00000000E+000  0.00000000E+000  0.00000000E+000  0.00000000E+000  0.00000000E+000  0.00000000E+000  0.00000000E+000  0.00000000E+000  0.00000000E+000  0.00000000E+000  0.00000000E+000  0.00000000E+000  0.00000000E+000  0.00000000E+000  0.00000000E+000  0.00000000E+000  0.00000000E+000  0.00000000E+000  0.00000000E+000  0.00000000E+000  0.00000000E+000  0.00000000E+000  0.00000000E+000  0.00000000E+000  0.00000000E+000  0.00000000E+000  0.00000000E+000  0.00000000E+000
 -0.41053720E-042 -0.41053720E-042 -0.41053720E-042 -0.41053720E-042 -0.41053720E-042 -0.41053720E-042 -0.41053720E-042 -0.41053720E-042 -0.41053720E-042 -0.41053720E-042 -0.41053720E-042 -0.41053720E-042 -0.41053720E-042 -0.41053720E-042 -0.41053720E-042 -0.41053720E-042 -0.41053720E-042 -0.41053720E-042 -0.41053720E-042 -0.41053720E-042 -0.41053720E-042 -0.41053720E-042 -0.41053720E-042 -0.41053720E-042 -0.41053720E-042 -0.41053720E-042 -0.41053720E-042 -0.41053720E-042 -0.41053720E-042 -0.41053720E-042 -0.41053720E-042 -0.41053720E-042 -0.41053720E-042 -0.41053720E-042 -0.41053720E-042
 -0.34746523E-039 -0.34746523E-039 -0.34746523E-039 -0.34746523E-039 -0.34746523E-039 -0.34746523E-039 -0.34746523E-039 -0.34746523E-039 -0.34746523E-039 -0.34746523E-039 -0.34746523E-039 -0.34746523E-039 -0.34746523E-039 -0.34746523E-039 -0.34746523E-039 -0.34746523E-039 -0.34746523E-039 -0.34746523E-039 -0.34746523E-039 -0.34746523E-039 -0.34746523E-039 -0.34746523E-039 -0.34746523E-039 -0.34746523E-039 -0.34746523E-039 -0.34746523E-039 -0.34746523E-039 -0.34746523E-039 -0.34746523E-039 -0.34746523E-039 -0.34746523E-039 -0.34746523E-039 -0.34746523E-039 -0.34746523E-039 -0.34746523E-039
 -0.14094993E-036 -0.14094993E-036 -0.14094993E-036 -0.14094993E-036 -0.14094993E-036 -0.14094993E-036 -0.14094993E-036 -0.14094993E-036 -0.14094993E-036 -0.14094993E-036 -0.14094993E-036 -0.14094993E-036 -0.14094993E-036 -0.14094993E-036 -0.14094993E-036 -0.14094993E-036 -0.14094993E-036 -0.14094993E-036 -0.14094993E-036 -0.14094993E-036 -0.14094993E-036 -0.14094993E-036 -0.14094993E-036 -0.14094993E-036 -0.14094993E-036 -0.14094993E-036 -0.14094993E-036 -0.14094993E-036 -0.14094993E-036 -0.14094993E-036 -0.14094993E-036 -0.14094993E-036 -0.14094993E-036 -0.14094993E-036 -0.14094993E-036
 -0.36442352E-034 -0.36442352E-034 -0.36442352E-034 -0.36442352E-034 -0.36442352E-034 -0.36442352E-034 -0.36442352E-034 -0.36442352E-034 -0.36442352E-034 -0.36442352E-034 -0.36442352E-034 -0.36442352E-034 -0.36442352E-034 -0.36442352E-034 -0.36442352E-034 -0.36442352E-034 -0.36442352E-034 -0.36442352E-034 -0.36442352E-034 -0.36442352E-034 -0.36442352E-034 -0.36442352E-034 -0.36442352E-034 -0.36442352E-034 -0.36442352E-034 -0.36442352E-034 -0.36442352E-034 -0.36442352E-034 -0.36442352E-034 -0.36442352E-034 -0.36442352E-034 -0.36442352E-034 -0.36442352E-034 -0.36442352E-034 -0.36442352E-034
 -0.67361659E-032 -0.67361659E-032 -0.67361659E-032 -0.67361659E-032 -0.67361659E-032 -0.67361659E-032 -0.67361659E-032 -0.67361659E-032 -0.67361659E-032 -0.67361659E-032 -0.67361659E-032 -0.67361659E-032 -0.67361659E-032 -0.67361659E-032 -0.67361659E-032 -0.67361659E-032 -0.67361659E-032 -0.67361659E-032 -0.67361659E-032 -0.67361659E-032 -0.67361659E-032 -0.67361659E-032 -0.67361659E-032 -0.67361659E-032 -0.67361659E-032 -0.67361659E-032 -0.67361659E-032 -0.67361659E-032 -0.67361659E-032 -0.67361659E-032 -0.67361659E-032 -0.67361659E-032 -0.67361659E-032 -0.67361659E-032 -0.67361659E-032
 -0.94641970E-030 -0.94641970E-030 -0.94641970E-030 -0.94641970E-030 -0.94641970E-030 -0.94641970E-030 -0.94641970E-030 -0.94641970E-030 -0.94641970E-030 -0.94641970E-030 -0.94641970E-030 -0.94641970E-030 -0.94641970E-030 -0.94641970E-030 -0.94641970E-030 -0.94641970E-030 -0.94641970E-030 -0.94641970E-030 -0.94641970E-030 -0.94641970E-030 -0.94641970E-030 -0.94641970E-030 -0.94641970E-030 -0.94641970E-030 -0.94641970E-030 -0.94641970E-030 -0.94641970E-030 -0.94641970E-030 -0.94641970E-030 -0.94641970E-030 -0.94641970E-030 -0.94641970E-030 -0.94641970E-030 -0.94641970E-030 -0.94641970E-030
 -0.10489083E-027 -0.10489083E-027 -0.10489083E-027 -0.10489083E-027 -0.10489083E-027 -0.10489083E-027 -0.10489083E-027 -0.10489083E-027 -0.10489083E-027 -0.10489083E-027 -0.10489083E-027 -0.10489083E-027 -0.10489083E-027 -0.10489083E-027 -0.10489083E-027 -0.10489083E-027 -0.10489083E-027 -0.10489083E-027 -0.10489083E-027 -0.10489083E-027 -0.10489083E-027 -0.10489083E-027 -0.10489083E-027 -0.10489083E-027 -0.10489083E-027 -0.10489083E-027 -0.10489083E-027 -0.10489083E-027 -0.10489083E-027 -0.10489083E-027 -0.10489083E-027 -0.10489083E-027 -0.10489083E-027 -0.10489083E-027 -0.10489083E-027
 -0.93924828E-026 -0.93924828E-026 -0.93924828E-026 -0.93924828E-026 -0.93924828E-026 -0.93924828E-026 -0.93924828E-026 -0.93924828E-026 -0.93924828E-026 -0.93924828E-026 -0.93924828E-026 -0.93924828E-026 -0.93924828E-026 -0.93924828E-026 -0.93924828E-026 -0.93924828E-026 -0.93924828E-026 -0.93924828E-026 -0.93924828E-026 -0.93924828E-026 -0.93924828E-026 -0.93924828E-026 -0.93924828E-026 -0.93924828E-026 -0.93924828E-026 -0.93924828E-026 -0.93924828E-026 -0.93924828E-026 -0.93924828E-026 -0.93924828E-026 -0.93924828E-026 -0.93924828E-026 -0.93924828E-026 -0.93924828E-026 -0.93924828E-026
 -0.69036040E-024 -0.69036040E-024 -0.69036040E-024 -0.69036040E-024 -0.69036040E-024 -0.69036040E-024 -0.69036040E-024 -0.69036040E-024 -0.69036040E-024 -0.69036040E-024 -0.69036040E-024 -0.69036040E-024 -0.69036040E-024 -0.69036040E-024 -0.69036040E-024 -0.69036040E-024 -0.69036040E-024 -0.69036040E-024 -0.69036040E-024 -0.69036040E-024 -0.69036040E-024 -0.69036040E-024 -0.69036040E-024 -0.69036040E-024 -0.69036040E-024 -0.69036040E-024 -0.69036040E-024 -0.69036040E-024 -0.69036040E-024 -0.69036040E-024 -0.69036040E-024 -0.69036040E-024 -0.69036040E-024 -0.69036040E-024 -0.69036040E-024
 -0.38010180E-021 -0.38010180E-021 -0.38010180E-021 -0.38010180E-021 -0.38010180E-021 -0.38010180E-021 -0.38010180E-021 -0.38010180E-021 -0.38010180E-021 -0.38010180E-021 -0.38010180E-021 -0.38010180E-021 -0.38010180E-021 -0.38010180E-021 -0.38010180E-021 -0.38010180E-021 -0.38010180E-021 -0.38010180E-021 -0.38010180E-021 -0.38010180E-021 -0.38010180E-021 -0.38010180E-021 -0.38010180E-021 -0.38010180E-021 -0.38010180E-021 -0.38010180E-021 -0.38010180E-021 -0.38010180E-021 -0.38010180E-021 -0.38010180E-021 -0.38010180E-021 -0.38010180E-021 -0.38010180E-021 -0.38010180E-021 -0.38010180E-021
 -0.16836847E-018 -0.16836847E-018 -0.16836847E-018 -0.16836847E-018 -0.16836847E-018 -0.16836847E-018 -0.16836847E-018 -0.16836847E-018 -0.16836847E-018 -0.16836847E-018 -0.16836847E-018 -0.16836847E-018 -0.16836847E-018 -0.16836847E-018 -0.16836847E-018 -0.16836847E-018 -0.16836847E-018 -0.16836847E-018 -0.16836847E-018 -0.16836847E-018 -0.16836847E-018 -0.16836847E-018 -0.16836847E-018 -0.16836847E-018 -0.16836847E-018 -0.16836847E-018 -0.16836847E-018 -0.16836847E-018 -0.16836847E-018 -0.16836847E-018 -0.16836847E-018 -0.16836847E-018 -0.16836847E-018 -0.16836847E-018 -0.16836847E-018
 -0.60427625E-016 -0.60427625E-016 -0.60427625E-016 -0.60427625E-016 -0.60427625E-016 -0.60427625E-016 -0.60427625E-016 -0.60427625E-016 -0.60427625E-016 -0.60427625E-016 -0.60427625E-016 -0.60427625E-016 -0.60427625E-016 -0.60427625E-016 -0.60427625E-016 -0.60427625E-016 -0.60427625E-016 -0.60427625E-016 -0.60427625E-016 -0.60427625E-016 -0.60427625E-016 -0.60427625E-016 -0.60427625E-016 -0.60427625E-016 -0.60427625E-016 -0.60427625E-016 -0.60427625E-016 -0.60427625E-016 -0.60427625E-016 -0.60427625E-016 -0.60427625E-016 -0.60427625E-016 -0.60427625E-016 -0.60427625E-016 -0.60427625E-016
 -0.17604593E-013 -0.17604593E-013 -0.17604593E-013 -0.17604593E-013 -0.17604593E-013 -0.17604593E-013 -0.17604593E-013 -0.17604593E-013 -0.17604593E-013 -0.17604593E-013 -0.17604593E-013 -0.17604593E-013 -0.17604593E-013 -0.17604593E-013 -0.17604593E-013 -0.17604593E-013 -0.17604593E-013 -0.17604593E-013 -0.17604593E-013 -0.17604593E-013 -0.17604593E-013 -0.17604593E-013 -0.17604593E-013 -0.17604593E-013 -0.17604593E-013 -0.17604593E-013 -0.17604593E-013 -0.17604593E-013 -0.17604593E-013 -0.17604593E-013 -0.17604593E-013 -0.17604593E-013 -0.17604593E-013 -0.17604593E-013 -0.17604593E-013
 -0.41494774E-011 -0.41494774E-011 -0.41494774E-011 -0.41494774E-011 -0.41494774E-011 -0.41494774E-011 -0.41494774E-011 -0.41494774E-011 -0.41494774E-011 -0.41494774E-011 -0.41494774E-011 -0.41494774E-011 -0.41494774E-011 -0.41494774E-011 -0.41494774E-011 -0.41494774E-011 -0.41494774E-011 -0.41494774E-011 -0.41494774E-011 -0.41494774E-011 -0.41494774E-011 -0.41494774E-011 -0.41494774E-011 -0.41494774E-011 -0.41494774E-011 -0.41494774E-011 -0.41494774E-011 -0.41494774E-011 -0.41494774E-011 -0.41494774E-011 -0.41494774E-011 -0.41494774E-011 -0.41494774E-011 -0.41494774E-011 -0.41494774E-011
 -0.78407711E-009 -0.78407711E-009 -0.78407711E-009 -0.78407711E-009 -0.78407711E-009 -0.78407711E-009 -0.78407711E-009 -0.78407711E-009 -0.78407711E-009 -0.78407711E-009 -0.78407711E-009 -0.78407711E-009 -0.78407711E-009 -0.78407711E-009 -0.78407711E-009 -0.78407711E-009 -0.78407711E-009 -0.78407711E-009 -0.78407711E-009 -0.78407711E-009 -0.78407711E-009 -0.78407711E-009 -0.78407711E-009 -0.78407711E-009 -0.78407711E-009 -0.78407711E-009 -0.78407711E-009 -0.78407711E-009 -0.78407711E-009 -0.78407711E-009 -0.78407711E-009 -0.78407711E-009 -0.78407711E-009 -0.78407711E-009 -0.78407711E-009
 -0.11679658E-006 -0.11679658E-006 -0.11679658E-006 -0.11679658E-006 -0.11679658E-006 -0.11679658E-006 -0.11679658E-006 -0.11679658E-006 -0.11679658E-006 -0.11679658E-006 -0.11679658E-006 -0.11679658E-006 -0.11679658E-006 -0.11679658E-006 -0.11679658E-006 -0.11679658E-006 -0.11679658E-006 -0.11679658E-006 -0.11679658E-006 -0.11679658E-006 -0.11679658E-006 -0.11679658E-006 -0.11679658E-006 -0.11679658E-006 -0.11679658E-006 -0.11679658E-006 -0.11679658E-006 -0.11679658E-006 -0.11679658E-006 -0.11679658E-006 -0.11679658E-006 -0.11679658E-006 -0.11679658E-006 -0.11679658E-006 -0.11679658E-006
 -0.13332674E-004 -0.13332674E-004 -0.13332674E-004 -0.13332674E-004 -0.13332674E-004 -0.13332674E-004 -0.13332674E-004 -0.13332674E-004 -0.13332674E-004 -0.13332674E-004 -0.13332674E-004 -0.13332674E-004 -0.13332674E-004 -0.13332674E-004 -0.13332674E-004 -0.13332674E-004 -0.13332674E-004 -0.13332674E-004 -0.13332674E-004 -0.13332674E-004 -0.13332674E-004 -0.13332674E-004 -0.13332674E-004 -0.13332674E-004 -0.13332674E-004 -0.13332674E-004 -0.13332674E-004 -0.13332674E-004 -0.13332674E-004 -0.13332674E-004 -0.13332674E-004 -0.13332674E-004 -0.13332674E-004 -0.13332674E-004 -0.13332674E-004
 -0.11110043E-002 -0.11110043E-002 -0.11110043E-002 -0.11110043E-002 -0.11110043E-002 -0.11110043E-002 -0.11110043E-002 -0.11110043E-002 -0.11110043E-002 -0.11110043E-002 -0.11110043E-002 -0.11110043E-002 -0.11110043E-002 -0.11110043E-002 -0.11110043E-002 -0.11110043E-002 -0.11110043E-002 -0.11110043E-002 -0.11110043E-002 -0.11110043E-002 -0.11110043E-002 -0.11110043E-002 -0.11110043E-002 -0.11110043E-002 -0.11110043E-002 -0.11110043E-002 -0.11110043E-002 -0.11110043E-002 -0.11110043E-002 -0.11110043E-002 -0.11110043E-002 -0.11110043E-002 -0.11110043E-002 -0.11110043E-002 -0.11110043E-002
 -0.61592655E-001 -0.61592655E-001 -0.61592655E-001 -0.61592655E-001 -0.61592655E-001 -0.61592655E-001 -0.61592655E-001 -0.61592655E-001 -0.61592655E-001 -0.61592655E-001 -0.61592655E-001 -0.61592655E-001 -0.61592655E-001 -0.61592655E-001 -0.61592655E-001 -0.61592655E-001 -0.61592655E-001 -0.61592655E-001 -0.61592655E-001 -0.61592655E-001 -0.61592655E-001 -0.61592655E-001 -0.61592655E-001 -0.61592655E-001 -0.61592655E-001 -0.61592655E-001 -0.61592655E-001 -0.61592655E-001 -0.61592655E-001 -0.61592655E-001 -0.61592655E-001 -0.61592655E-001 -0.61592655E-001 -0.61592655E-001 -0.61592655E-001
 -0.18007005E+001 -0.17688037E+001 -0.17688037E+001 -0.17688037E+001 -0.17688037E+001 -0.17688037E+001 -0.17688037E+001 -0.17688037E+001 -0.17688037E+001 -0.17688037E+001 -0.17688037E+001 -0.17688037E+001 -0.17688037E+001 -0.17688037E+001 -0.17688037E+001 -0.17688037E+001 -0.17688037E+001 -0.17688037E+001 -0.17688037E+001 -0.17688037E+001 -0.17688037E+001 -0.17688037E+001 -0.17688037E+001 -0.17688037E+001 -0.17688037E+001 -0.17688037E+001 -0.17688037E+001 -0.17688037E+001 -0.17688037E+001 -0.17688037E+001 -0.17688037E+001 -0.17688037E+001 -0.17688037E+001 -0.17688038E+001 -0.17688038E+001
 -0.22853255E+001 -0.22853255E+001 -0.22853255E+001 -0.22853255E+001 -0.22853255E+001 -0.22853255E+001 -0.22853255E+001 -0.22853255E+001 -0.22853255E+001 -0.22853255E+001 -0.22853255E+001 -0.22853255E+001 -0.22853255E+001 -0.22853255E+001 -0.22853255E+001 -0.22853255E+001 -0.22853255E+001 -0.22853255E+001 -0.22853255E+001 -0.22853255E+001 -0.22853255E+001 -0.22853255E+001 -0.22853255E+001 -0.22853254E+001 -0.22853254E+001 -0.22853256E+001 -0.22853257E+001 -0.22853258E+001 -0.22853259E+001 -0.22853260E+001 -0.22853261E+001 -0.16272443E+002 -0.35567638E+001 -0.35567638E+001 -0.35567638E+001
 -0.81796506E+001 -0.81796506E+001 -0.81796506E+001 -0.81796506E+001 -0.81796506E+001 -0.81796506E+001 -0.81796506E+001 -0.81796506E+001 -0.81796506E+001 -0.81796506E+001 -0.81796506E+001 -0.81796506E+001 -0.81796506E+001 -0.81796506E+001 -0.81796505E+001 -0.81796505E+001 -0.81796505E+001 -0.81796504E+001 -0.81796503E+001 -0.81796503E+001 -0.81796501E+001 -0.81796500E+001 -0.81796498E+001 -0.81796497E+001 -0.81796494E+001 -0.81796492E+001 -0.81796519E+001 -0.81796551E+001 -0.81796585E+001 -0.81796624E+001 -0.81796666E+001 -0.81796713E+001 -0.81796764E+001 -0.81796819E+001 -0.81796879E+001
 -0.26574299E+003 -0.26574294E+003 -0.26574270E+003 -0.26574219E+003 -0.26574135E+003 -0.26574135E+003 -0.26574135E+003 -0.26574135E+003 -0.26574135E+003 -0.26574135E+003 -0.26574135E+003 -0.30314436E+002 -0.30216537E+002 -0.30216537E+002 -0.30216537E+002 -0.30216536E+002 -0.30216536E+002 -0.30216536E+002 -0.30216535E+002 -0.30216534E+002 -0.30216534E+002 -0.30216533E+002 -0.30216532E+002 -0.30216530E+002 -0.30216529E+002 -0.30216527E+002 -0.30216525E+002 -0.30216525E+002 -0.30216525E+002 -0.30216526E+002 -0.30216526E+002 -0.30216526E+002 -0.30216526E+002 -0.30216526E+002 -0.30216527E+002
 -0.13352635E+001 -0.12853835E+001 -0.10532177E+001 -0.10952452E+001 -0.11416220E+001 -0.11416220E+001 -0.11416220E+001 -0.11416220E+001 -0.11416220E+001 -0.11416220E+001 -0.11416220E+001 -0.11416220E+001 -0.11416220E+001 -0.11416220E+001 -0.11416220E+001 -0.11416220E+001 -0.11416220E+001 -0.11416220E+001 -0.11416220E+001 -0.11416220E+001 -0.11416220E+001 -0.11416220E+001 -0.11416221E+001 -0.11416221E+001 -0.11416222E+001 -0.11416223E+001 -0.11416223E+001 -0.11416223E+001 -0.11416225E+001 -0.24762496E+002 -0.13199900E+002 -0.43740342E-001 -0.43740341E-001 -0.43740341E-001 -0.43740339E-001
