  0.00000000E+000  0.00000000E+000  0.00000000E+000  0.00000000E+000  0.00000000E+000  0.00000000E+000  0.00000000E+000  0.00000000E+000  0.00000000E+000  0.00000000E+000  0.00000000E+000  0.00000000E+000  0.00000000E+000  0.00000000E+000  0.00000000E+000  0.00000000E+000  0.00000000E+000  0.00000000E+000  0.00000000E+000  0.00000000E+000  0.00000000E+000  0.00000000E+000  0.00000000E+000  0.00000000E+000  0.00000000E+000  0.00000000E+000  0.00000000E+000  0.00000000E+000  0.00000000E+000  0.00000000E+000  0.00000000E+000  0.00000000E+000  0.00000000E+000  0.00000000E+000  0.00000000E+000
 -0.93867462E-035 -0.93867462E-035 -0.93867462E-035 -0.93867462E-035 -0.93867462E-035 -0.93867462E-035 -0.93867462E-035 -0.93867462E-035 -0.93867462E-035 -0.93867462E-035 -0.93867462E-035 -0.93867462E-035 -0.93867462E-035 -0.93867462E-035 -0.93867462E-035 -0.93867462E-035 -0.93867462E-035 -0.93867462E-035 -0.93867462E-035 -0.93867462E-035 -0.93867462E-035 -0.93867462E-035 -0.93867462E-035 -0.93867462E-035 -0.93867462E-035 -0.93867462E-035 -0.93867462E-035 -0.93867462E-035 -0.93867462E-035 -0.93867462E-035 -0.93867462E-035 -0.93867462E-035 -0.93867462E-035 -0.93867462E-035 -0.93867462E-035
 -0.42928405E-032 -0.42928405E-032 -0.42928405E-032 -0.42928405E-032 -0.42928405E-032 -0.42928405E-032 -0.42928405E-032 -0.42928405E-032 -0.42928405E-032 -0.42928405E-032 -0.42928405E-032 -0.42928405E-032 -0.42928405E-032 -0.42928405E-032 -0.42928405E-032 -0.42928405E-032 -0.42928405E-032 -0.42928405E-032 -0.42928405E-032 -0.42928405E-032 -0.42928405E-032 -0.42928405E-032 -0.42928405E-032 -0.42928405E-032 -0.42928405E-032 -0.42928405E-032 -0.42928405E-032 -0.42928405E-032 -0.42928405E-032 -0.42928405E-032 -0.42928405E-032 -0.42928405E-032 -0.42928405E-032 -0.42928405E-032 -0.42928405E-032
 -0.93807485E-030 -0.93807485E-030 -0.93807485E-030 -0.93807485E-030 -0.93807485E-030 -0.93807485E-030 -0.93807485E-030 -0.93807485E-030 -0.93807485E-030 -0.93807485E-030 -0.93807485E-030 -0.93807485E-030 -0.93807485E-030 -0.93807485E-030 -0.93807485E-030 -0.93807485E-030 -0.93807485E-030 -0.93807485E-030 -0.93807485E-030 -0.93807485E-030 -0.93807485E-030 -0.93807485E-030 -0.93807485E-030 -0.93807485E-030 -0.93807485E-030 -0.93807485E-030 -0.93807485E-030 -0.93807485E-030 -0.93807485E-030 -0.93807485E-030 -0.93807485E-030 -0.93807485E-030 -0.93807485E-030 -0.93807485E-030 -0.93807485E-030
 -0.13026293E-027 -0.13026293E-027 -0.13026293E-027 -0.13026293E-027 -0.13026293E-027 -0.13026293E-027 -0.13026293E-027 -0.13026293E-027 -0.13026293E-027 -0.13026293E-027 -0.13026293E-027 -0.13026293E-027 -0.13026293E-027 -0.13026293E-027 -0.13026293E-027 -0.13026293E-027 -0.13026293E-027 -0.13026293E-027 -0.13026293E-027 -0.13026293E-027 -0.13026293E-027 -0.13026293E-027 -0.13026293E-027 -0.13026293E-027 -0.13026293E-027 -0.13026293E-027 -0.13026293E-027 -0.13026293E-027 -0.13026293E-027 -0.13026293E-027 -0.13026293E-027 -0.13026293E-027 -0.13026293E-027 -0.13026293E-027 -0.13026293E-027
 -0.12894919E-025 -0.12894919E-025 -0.12894919E-025 -0.12894919E-025 -0.12894919E-025 -0.12894919E-025 -0.12894919E-025 -0.12894919E-025 -0.12894919E-025 -0.12894919E-025 -0.12894919E-025 -0.12894919E-025 -0.12894919E-025 -0.12894919E-025 -0.12894919E-025 -0.12894919E-025 -0.12894919E-025 -0.12894919E-025 -0.12894919E-025 -0.12894919E-025 -0.12894919E-025 -0.12894919E-025 -0.12894919E-025 -0.12894919E-025 -0.12894919E-025 -0.12894919E-025 -0.12894919E-025 -0.12894919E-025 -0.12894919E-025 -0.12894919E-025 -0.12894919E-025 -0.12894919E-025 -0.12894919E-025 -0.12894919E-025 -0.12894919E-025
 -0.96759692E-024 -0.96759692E-024 -0.96759692E-024 -0.96759692E-024 -0.96759692E-024 -0.96759692E-024 -0.96759692E-024 -0.96759692E-024 -0.96759692E-024 -0.96759692E-024 -0.96759692E-024 -0.96759692E-024 -0.96759692E-024 -0.96759692E-024 -0.96759692E-024 -0.96759692E-024 -0.96759692E-024 -0.96759692E-024 -0.96759692E-024 -0.96759692E-024 -0.96759692E-024 -0.96759692E-024 -0.96759692E-024 -0.96759692E-024 -0.96759692E-024 -0.96759692E-024 -0.96759692E-024 -0.96759692E-024 -0.96759692E-024 -0.96759692E-024 -0.96759692E-024 -0.96759692E-024 -0.96759692E-024 -0.96759692E-024 -0.96759692E-024
 -0.57128528E-022 -0.57128528E-022 -0.57128528E-022 -0.57128528E-022 -0.57128528E-022 -0.57128528E-022 -0.57128528E-022 -0.57128528E-022 -0.57128528E-022 -0.57128528E-022 -0.57128528E-022 -0.57128528E-022 -0.57128528E-022 -0.57128528E-022 -0.57128528E-022 -0.57128528E-022 -0.57128528E-022 -0.57128528E-022 -0.57128528E-022 -0.57128528E-022 -0.57128528E-022 -0.57128528E-022 -0.57128528E-022 -0.57128528E-022 -0.57128528E-022 -0.57128528E-022 -0.57128528E-022 -0.57128528E-022 -0.57128528E-022 -0.57128528E-022 -0.57128528E-022 -0.57128528E-022 -0.57128528E-022 -0.57128528E-022 -0.57128528E-022
 -0.27190536E-020 -0.27190536E-020 -0.27190536E-020 -0.27190536E-020 -0.27190536E-020 -0.27190536E-020 -0.27190536E-020 -0.27190536E-020 -0.27190536E-020 -0.27190536E-020 -0.27190536E-020 -0.27190536E-020 -0.27190536E-020 -0.27190536E-020 -0.27190536E-020 -0.27190536E-020 -0.27190536E-020 -0.27190536E-020 -0.27190536E-020 -0.27190536E-020 -0.27190536E-020 -0.27190536E-020 -0.27190536E-020 -0.27190536E-020 -0.27190536E-020 -0.27190536E-020 -0.27190536E-020 -0.27190536E-020 -0.27190536E-020 -0.27190536E-020 -0.27190536E-020 -0.27190536E-020 -0.27190536E-020 -0.27190536E-020 -0.27190536E-020
 -0.10602582E-018 -0.10602582E-018 -0.10602582E-018 -0.10602582E-018 -0.10602582E-018 -0.10602582E-018 -0.10602582E-018 -0.10602582E-018 -0.10602582E-018 -0.10602582E-018 -0.10602582E-018 -0.10602582E-018 -0.10602582E-018 -0.10602582E-018 -0.10602582E-018 -0.10602582E-018 -0.10602582E-018 -0.10602582E-018 -0.10602582E-018 -0.10602582E-018 -0.10602582E-018 -0.10602582E-018 -0.10602582E-018 -0.10602582E-018 -0.10602582E-018 -0.10602582E-018 -0.10602582E-018 -0.10602582E-018 -0.10602582E-018 -0.10602582E-018 -0.10602582E-018 -0.10602582E-018 -0.10602582E-018 -0.10602582E-018 -0.10602582E-018
 -0.30519230E-016 -0.30519230E-016 -0.30519230E-016 -0.30519230E-016 -0.30519230E-016 -0.30519230E-016 -0.30519230E-016 -0.30519230E-016 -0.30519230E-016 -0.30519230E-016 -0.30519230E-016 -0.30519230E-016 -0.30519230E-016 -0.30519230E-016 -0.30519230E-016 -0.30519230E-016 -0.30519230E-016 -0.30519230E-016 -0.30519230E-016 -0.30519230E-016 -0.30519230E-016 -0.30519230E-016 -0.30519230E-016 -0.30519230E-016 -0.30519230E-016 -0.30519230E-016 -0.30519230E-016 -0.30519230E-016 -0.30519230E-016 -0.30519230E-016 -0.30519230E-016 -0.30519230E-016 -0.30519230E-016 -0.30519230E-016 -0.30519230E-016
 -0.70353178E-014 -0.70353178E-014 -0.70353178E-014 -0.70353178E-014 -0.70353178E-014 -0.70353178E-014 -0.70353178E-014 -0.70353178E-014 -0.70353178E-014 -0.70353178E-014 -0.70353178E-014 -0.70353178E-014 -0.70353178E-014 -0.70353178E-014 -0.70353178E-014 -0.70353178E-014 -0.70353178E-014 -0.70353178E-014 -0.70353178E-014 -0.70353178E-014 -0.70353178E-014 -0.70353178E-014 -0.70353178E-014 -0.70353178E-014 -0.70353178E-014 -0.70353178E-014 -0.70353178E-014 -0.70353178E-014 -0.70353178E-014 -0.70353178E-014 -0.70353178E-014 -0.70353178E-014 -0.70353178E-014 -0.70353178E-014 -0.70353178E-014
 -0.13078800E-011 -0.13078800E-011 -0.13078800E-011 -0.13078800E-011 -0.13078800E-011 -0.13078800E-011 -0.13078800E-011 -0.13078800E-011 -0.13078800E-011 -0.13078800E-011 -0.13078800E-011 -0.13078800E-011 -0.13078800E-011 -0.13078800E-011 -0.13078800E-011 -0.13078800E-011 -0.13078800E-011 -0.13078800E-011 -0.13078800E-011 -0.13078800E-011 -0.13078800E-011 -0.13078800E-011 -0.13078800E-011 -0.13078800E-011 -0.13078800E-011 -0.13078800E-011 -0.13078800E-011 -0.13078800E-011 -0.13078800E-011 -0.13078800E-011 -0.13078800E-011 -0.13078800E-011 -0.13078800E-011 -0.13078800E-011 -0.13078800E-011
 -0.19641347E-009 -0.19641347E-009 -0.19641347E-009 -0.19641347E-009 -0.19641347E-009 -0.19641347E-009 -0.19641347E-009 -0.19641347E-009 -0.19641347E-009 -0.19641347E-009 -0.19641347E-009 -0.19641347E-009 -0.19641347E-009 -0.19641347E-009 -0.19641347E-009 -0.19641347E-009 -0.19641347E-009 -0.19641347E-009 -0.19641347E-009 -0.19641347E-009 -0.19641347E-009 -0.19641347E-009 -0.19641347E-009 -0.19641347E-009 -0.19641347E-009 -0.19641347E-009 -0.19641347E-009 -0.19641347E-009 -0.19641347E-009 -0.19641347E-009 -0.19641347E-009 -0.19641347E-009 -0.19641347E-009 -0.19641347E-009 -0.19641347E-009
 -0.23746202E-007 -0.23746202E-007 -0.23746202E-007 -0.23746202E-007 -0.23746202E-007 -0.23746202E-007 -0.23746202E-007 -0.23746202E-007 -0.23746202E-007 -0.23746202E-007 -0.23746202E-007 -0.23746202E-007 -0.23746202E-007 -0.23746202E-007 -0.23746202E-007 -0.23746202E-007 -0.23746202E-007 -0.23746202E-007 -0.23746202E-007 -0.23746202E-007 -0.23746202E-007 -0.23746202E-007 -0.23746202E-007 -0.23746202E-007 -0.23746202E-007 -0.23746202E-007 -0.23746202E-007 -0.23746202E-007 -0.23746202E-007 -0.23746202E-007 -0.23746202E-007 -0.23746202E-007 -0.23746202E-007 -0.23746202E-007 -0.23746202E-007
 -0.22898050E-005 -0.22898050E-005 -0.22898050E-005 -0.22898050E-005 -0.22898050E-005 -0.22898050E-005 -0.22898050E-005 -0.22898050E-005 -0.22898050E-005 -0.22898050E-005 -0.22898050E-005 -0.22898050E-005 -0.22898050E-005 -0.22898050E-005 -0.22898050E-005 -0.22898050E-005 -0.22898050E-005 -0.22898050E-005 -0.22898050E-005 -0.22898050E-005 -0.22898050E-005 -0.22898050E-005 -0.22898050E-005 -0.22898050E-005 -0.22898050E-005 -0.22898050E-005 -0.22898050E-005 -0.22898050E-005 -0.22898050E-005 -0.22898050E-005 -0.22898050E-005 -0.22898050E-005 -0.22898050E-005 -0.22898050E-005 -0.22898050E-005
 -0.17316330E-003 -0.17316330E-003 -0.17316330E-003 -0.17316330E-003 -0.17316330E-003 -0.17316330E-003 -0.17316330E-003 -0.17316330E-003 -0.17316330E-003 -0.17316330E-003 -0.17316330E-003 -0.17316330E-003 -0.17316330E-003 -0.17316330E-003 -0.17316330E-003 -0.17316330E-003 -0.17316330E-003 -0.17316330E-003 -0.17316330E-003 -0.17316330E-003 -0.17316330E-003 -0.17316330E-003 -0.17316330E-003 -0.17316330E-003 -0.17316330E-003 -0.17316330E-003 -0.17316330E-003 -0.17316330E-003 -0.17316330E-003 -0.17316330E-003 -0.17316330E-003 -0.17316330E-003 -0.17316330E-003 -0.17316330E-003 -0.17316330E-003
 -0.99846766E-002 -0.99846766E-002 -0.99846766E-002 -0.99846766E-002 -0.99846766E-002 -0.99846766E-002 -0.99846766E-002 -0.99846766E-002 -0.99846766E-002 -0.99846766E-002 -0.99846766E-002 -0.99846766E-002 -0.99846766E-002 -0.99846766E-002 -0.99846766E-002 -0.99846766E-002 -0.99846766E-002 -0.99846766E-002 -0.99846766E-002 -0.99846766E-002 -0.99846766E-002 -0.99846766E-002 -0.99846766E-002 -0.99846766E-002 -0.99846766E-002 -0.99846766E-002 -0.99846766E-002 -0.99846766E-002 -0.99846766E-002 -0.99846766E-002 -0.99846766E-002 -0.99846766E-002 -0.99846766E-002 -0.99846766E-002 -0.99846766E-002
 -0.41855489E+000 -0.41855489E+000 -0.41855489E+000 -0.41855489E+000 -0.41855489E+000 -0.41855489E+000 -0.41855489E+000 -0.41855489E+000 -0.41855489E+000 -0.41855489E+000 -0.41855489E+000 -0.41855489E+000 -0.41855489E+000 -0.41855489E+000 -0.41855489E+000 -0.41855489E+000 -0.41855489E+000 -0.41855489E+000 -0.41855489E+000 -0.41855489E+000 -0.41855489E+000 -0.41855489E+000 -0.41855489E+000 -0.41855489E+000 -0.41855489E+000 -0.41855489E+000 -0.41855489E+000 -0.41855489E+000 -0.41855489E+000 -0.41855489E+000 -0.41855489E+000 -0.41855489E+000 -0.41855489E+000 -0.41855489E+000 -0.41855489E+000
 -0.11680957E+002 -0.11680957E+002 -0.11680957E+002 -0.11680957E+002 -0.11680957E+002 -0.11680957E+002 -0.11680957E+002 -0.11680957E+002 -0.11680957E+002 -0.11680957E+002 -0.11680957E+002 -0.11680957E+002 -0.11680957E+002 -0.11680957E+002 -0.11680957E+002 -0.11680957E+002 -0.11680957E+002 -0.11680957E+002 -0.11680957E+002 -0.11680957E+002 -0.11680957E+002 -0.11680957E+002 -0.11680957E+002 -0.11680957E+002 -0.11680957E+002 -0.11680957E+002 -0.11680957E+002 -0.11680957E+002 -0.11680957E+002 -0.11680957E+002 -0.11680957E+002 -0.11680957E+002 -0.11680957E+002 -0.11680957E+002 -0.11680957E+002
 -0.17733094E+003 -0.17733091E+003 -0.17733091E+003 -0.17733091E+003 -0.17733091E+003 -0.17733091E+003 -0.17733091E+003 -0.17733091E+003 -0.17733091E+003 -0.17733091E+003 -0.17733091E+003 -0.17733091E+003 -0.17733091E+003 -0.17733091E+003 -0.17733091E+003 -0.17733091E+003 -0.17733091E+003 -0.17733091E+003 -0.17733091E+003 -0.17733091E+003 -0.17733091E+003 -0.17733091E+003 -0.17733091E+003 -0.17733091E+003 -0.17733091E+003 -0.17733091E+003 -0.17733091E+003 -0.17733091E+003 -0.17733091E+003 -0.17733091E+003 -0.17733091E+003 -0.17733090E+003 -0.17733090E+003 -0.17733090E+003 -0.17733090E+003
  0.26742504E+002  0.26742516E+002  0.26742573E+002  0.26742693E+002  0.26742971E+002  0.26743259E+002  0.26743548E+002  0.26743747E+002  0.26743867E+002  0.26743923E+002  0.26743935E+002  0.26743941E+002  0.26743980E+002  0.26744077E+002  0.26744258E+002  0.26744547E+002  0.26744965E+002  0.26745534E+002  0.26746277E+002  0.26746277E+002  0.26746277E+002  0.26747664E+002  0.26749306E+002  0.26751223E+002  0.26751223E+002  0.26751223E+002  0.26751223E+002  0.26751223E+002  0.26751223E+002  0.26751223E+002  0.26751223E+002  0.26751223E+002  0.26756458E+002  0.26756458E+002  0.48474341E+003
 -0.35518670E+000 -0.35517181E+000 -0.35510255E+000 -0.35495486E+000 -0.35471089E+000 -0.35435580E+000 -0.35400100E+000 -0.35375738E+000 -0.35360996E+000 -0.35354083E+000 -0.35352004E+000 -0.35350945E+000 -0.35344329E+000 -0.35327556E+000 -0.35296386E+000 -0.35246783E+000 -0.35174855E+000 -0.35076823E+000 -0.34948997E+000 -0.34787759E+000 -0.34589555E+000 -0.34350884E+000 -0.34068298E+000 -0.33738386E+000 -0.33357779E+000 -0.32923141E+000 -0.32431210E+000 -0.31878726E+000 -0.96793184E+000 -0.96304573E+000 -0.95765750E+000 -0.95174447E+000 -0.94528411E+000 -0.93825404E+000 -0.93063195E+000
 -0.45426828E+001 -0.45426828E+001 -0.49822030E+001 -0.50578954E+001 -0.51978846E+001 -0.54320238E+001 -0.57378816E+001 -0.57377464E+001 -0.57361623E+001 -0.57522420E+001 -0.57336097E+001 -0.57336097E+001 -0.57336097E+001 -0.56758786E+001 -0.56748971E+001 -0.56733340E+001 -0.56710668E+001 -0.56679771E+001 -0.56601106E+001 -0.56501750E+001 -0.56331292E+001 -0.56130111E+001 -0.55890493E+001 -0.55609304E+001 -0.55283257E+001 -0.54912331E+001 -0.54833481E+001 -0.54745855E+001 -0.54646994E+001 -0.54492356E+001 -0.54156482E+001 -0.53787335E+001 -0.53385059E+001 -0.52949543E+001 -0.52479098E+001
 -0.25414361E+000 -0.22136888E+000 -0.68731975E-001 -0.68731975E-001 -0.75565719E+000  0.27951173E-001 -0.94274824E+000 -0.40436177E+000 -0.78205319E-001 -0.78205319E-001 -0.78205319E-001 -0.78205319E-001 -0.78205319E-001 -0.31248338E+001 -0.26354582E+001 -0.22899467E+001 -0.21339666E+001 -0.21978918E+001 -0.16763319E+001 -0.10082285E+001 -0.18937394E+000 -0.10070451E+002 -0.70928464E+001 -0.44944197E+001 -0.19063632E+001 -0.37071543E+001 -0.40068827E+001 -0.91982556E+001 -0.35738223E+001  0.44095921E+000  0.43231138E+001  0.51653351E+001  0.39482550E+001  0.14696609E+001 -0.28385949E+000
