  0.00000000E+000  0.00000000E+000  0.00000000E+000  0.00000000E+000  0.00000000E+000  0.00000000E+000  0.00000000E+000  0.00000000E+000  0.00000000E+000  0.00000000E+000  0.00000000E+000  0.00000000E+000  0.00000000E+000  0.00000000E+000  0.00000000E+000  0.00000000E+000  0.00000000E+000  0.00000000E+000  0.00000000E+000  0.00000000E+000  0.00000000E+000  0.00000000E+000  0.00000000E+000  0.00000000E+000  0.00000000E+000  0.00000000E+000  0.00000000E+000  0.00000000E+000  0.00000000E+000  0.00000000E+000  0.00000000E+000  0.00000000E+000  0.00000000E+000  0.00000000E+000  0.00000000E+000
  0.10753054E-028  0.10753054E-028  0.10753054E-028  0.10753054E-028  0.10753054E-028  0.10753054E-028  0.10753054E-028  0.10753054E-028  0.10753054E-028  0.10753054E-028  0.10753054E-028  0.10753054E-028  0.10753054E-028  0.10753054E-028  0.10753054E-028  0.10753054E-028  0.10753054E-028  0.10753054E-028  0.10753054E-028  0.10753054E-028  0.10753054E-028  0.10753054E-028  0.10753054E-028  0.10753054E-028  0.10753054E-028  0.10753054E-028  0.10753054E-028  0.10753054E-028  0.10753054E-028  0.10753054E-028  0.10753054E-028  0.10753054E-028  0.10753054E-028  0.10753054E-028  0.10753054E-028
  0.25460805E-026  0.25460805E-026  0.25460805E-026  0.25460805E-026  0.25460805E-026  0.25460805E-026  0.25460805E-026  0.25460805E-026  0.25460805E-026  0.25460805E-026  0.25460805E-026  0.25460805E-026  0.25460805E-026  0.25460805E-026  0.25460805E-026  0.25460805E-026  0.25460805E-026  0.25460805E-026  0.25460805E-026  0.25460805E-026  0.25460805E-026  0.25460805E-026  0.25460805E-026  0.25460805E-026  0.25460805E-026  0.25460805E-026  0.25460805E-026  0.25460805E-026  0.25460805E-026  0.25460805E-026  0.25460805E-026  0.25460805E-026  0.25460805E-026  0.25460805E-026  0.25460805E-026
  0.28771393E-024  0.28771393E-024  0.28771393E-024  0.28771393E-024  0.28771393E-024  0.28771393E-024  0.28771393E-024  0.28771393E-024  0.28771393E-024  0.28771393E-024  0.28771393E-024  0.28771393E-024  0.28771393E-024  0.28771393E-024  0.28771393E-024  0.28771393E-024  0.28771393E-024  0.28771393E-024  0.28771393E-024  0.28771393E-024  0.28771393E-024  0.28771393E-024  0.28771393E-024  0.28771393E-024  0.28771393E-024  0.28771393E-024  0.28771393E-024  0.28771393E-024  0.28771393E-024  0.28771393E-024  0.28771393E-024  0.28771393E-024  0.28771393E-024  0.28771393E-024  0.28771393E-024
  0.20639552E-022  0.20639552E-022  0.20639552E-022  0.20639552E-022  0.20639552E-022  0.20639552E-022  0.20639552E-022  0.20639552E-022  0.20639552E-022  0.20639552E-022  0.20639552E-022  0.20639552E-022  0.20639552E-022  0.20639552E-022  0.20639552E-022  0.20639552E-022  0.20639552E-022  0.20639552E-022  0.20639552E-022  0.20639552E-022  0.20639552E-022  0.20639552E-022  0.20639552E-022  0.20639552E-022  0.20639552E-022  0.20639552E-022  0.20639552E-022  0.20639552E-022  0.20639552E-022  0.20639552E-022  0.20639552E-022  0.20639552E-022  0.20639552E-022  0.20639552E-022  0.20639552E-022
  0.10546509E-020  0.10546509E-020  0.10546509E-020  0.10546509E-020  0.10546509E-020  0.10546509E-020  0.10546509E-020  0.10546509E-020  0.10546509E-020  0.10546509E-020  0.10546509E-020  0.10546509E-020  0.10546509E-020  0.10546509E-020  0.10546509E-020  0.10546509E-020  0.10546509E-020  0.10546509E-020  0.10546509E-020  0.10546509E-020  0.10546509E-020  0.10546509E-020  0.10546509E-020  0.10546509E-020  0.10546509E-020  0.10546509E-020  0.10546509E-020  0.10546509E-020  0.10546509E-020  0.10546509E-020  0.10546509E-020  0.10546509E-020  0.10546509E-020  0.10546509E-020  0.10546509E-020
  0.40829211E-019  0.40829211E-019  0.40829211E-019  0.40829211E-019  0.40829211E-019  0.40829211E-019  0.40829211E-019  0.40829211E-019  0.40829211E-019  0.40829211E-019  0.40829211E-019  0.40829211E-019  0.40829211E-019  0.40829211E-019  0.40829211E-019  0.40829211E-019  0.40829211E-019  0.40829211E-019  0.40829211E-019  0.40829211E-019  0.40829211E-019  0.40829211E-019  0.40829211E-019  0.40829211E-019  0.40829211E-019  0.40829211E-019  0.40829211E-019  0.40829211E-019  0.40829211E-019  0.40829211E-019  0.40829211E-019  0.40829211E-019  0.40829211E-019  0.40829211E-019  0.40829211E-019
  0.12435063E-017  0.12435063E-017  0.12435063E-017  0.12435063E-017  0.12435063E-017  0.12435063E-017  0.12435063E-017  0.12435063E-017  0.12435063E-017  0.12435063E-017  0.12435063E-017  0.12435063E-017  0.12435063E-017  0.12435063E-017  0.12435063E-017  0.12435063E-017  0.12435063E-017  0.12435063E-017  0.12435063E-017  0.12435063E-017  0.12435063E-017  0.12435063E-017  0.12435063E-017  0.12435063E-017  0.12435063E-017  0.12435063E-017  0.12435063E-017  0.12435063E-017  0.12435063E-017  0.12435063E-017  0.12435063E-017  0.12435063E-017  0.12435063E-017  0.12435063E-017  0.12435063E-017
  0.30539852E-016  0.30539852E-016  0.30539852E-016  0.30539852E-016  0.30539852E-016  0.30539852E-016  0.30539852E-016  0.30539852E-016  0.30539852E-016  0.30539852E-016  0.30539852E-016  0.30539852E-016  0.30539852E-016  0.30539852E-016  0.30539852E-016  0.30539852E-016  0.30539852E-016  0.30539852E-016  0.30539852E-016  0.30539852E-016  0.30539852E-016  0.30539852E-016  0.30539852E-016  0.30539852E-016  0.30539852E-016  0.30539852E-016  0.30539852E-016  0.30539852E-016  0.30539852E-016  0.30539852E-016  0.30539852E-016  0.30539852E-016  0.30539852E-016  0.30539852E-016  0.30539852E-016
  0.61506244E-015  0.61506244E-015  0.61506244E-015  0.61506244E-015  0.61506244E-015  0.61506244E-015  0.61506244E-015  0.61506244E-015  0.61506244E-015  0.61506244E-015  0.61506244E-015  0.61506244E-015  0.61506244E-015  0.61506244E-015  0.61506244E-015  0.61506244E-015  0.61506244E-015  0.61506244E-015  0.61506244E-015  0.61506244E-015  0.61506244E-015  0.61506244E-015  0.61506244E-015  0.61506244E-015  0.61506244E-015  0.61506244E-015  0.61506244E-015  0.61506244E-015  0.61506244E-015  0.61506244E-015  0.61506244E-015  0.61506244E-015  0.61506244E-015  0.61506244E-015  0.61506244E-015
  0.89177035E-013  0.89177035E-013  0.89177035E-013  0.89177035E-013  0.89177035E-013  0.89177035E-013  0.89177035E-013  0.89177035E-013  0.89177035E-013  0.89177035E-013  0.89177035E-013  0.89177035E-013  0.89177035E-013  0.89177035E-013  0.89177035E-013  0.89177035E-013  0.89177035E-013  0.89177035E-013  0.89177035E-013  0.89177035E-013  0.89177035E-013  0.89177035E-013  0.89177035E-013  0.89177035E-013  0.89177035E-013  0.89177035E-013  0.89177035E-013  0.89177035E-013  0.89177035E-013  0.89177035E-013  0.89177035E-013  0.89177035E-013  0.89177035E-013  0.89177035E-013  0.89177035E-013
  0.10302739E-010  0.10302739E-010  0.10302739E-010  0.10302739E-010  0.10302739E-010  0.10302739E-010  0.10302739E-010  0.10302739E-010  0.10302739E-010  0.10302739E-010  0.10302739E-010  0.10302739E-010  0.10302739E-010  0.10302739E-010  0.10302739E-010  0.10302739E-010  0.10302739E-010  0.10302739E-010  0.10302739E-010  0.10302739E-010  0.10302739E-010  0.10302739E-010  0.10302739E-010  0.10302739E-010  0.10302739E-010  0.10302739E-010  0.10302739E-010  0.10302739E-010  0.10302739E-010  0.10302739E-010  0.10302739E-010  0.10302739E-010  0.10302739E-010  0.10302739E-010  0.10302739E-010
  0.95442775E-009  0.95442775E-009  0.95442775E-009  0.95442775E-009  0.95442775E-009  0.95442775E-009  0.95442775E-009  0.95442775E-009  0.95442775E-009  0.95442775E-009  0.95442775E-009  0.95442775E-009  0.95442775E-009  0.95442775E-009  0.95442775E-009  0.95442775E-009  0.95442775E-009  0.95442775E-009  0.95442775E-009  0.95442775E-009  0.95442775E-009  0.95442775E-009  0.95442775E-009  0.95442775E-009  0.95442775E-009  0.95442775E-009  0.95442775E-009  0.95442775E-009  0.95442775E-009  0.95442775E-009  0.95442775E-009  0.95442775E-009  0.95442775E-009  0.95442775E-009  0.95442775E-009
  0.70950062E-007  0.70950062E-007  0.70950062E-007  0.70950062E-007  0.70950062E-007  0.70950062E-007  0.70950062E-007  0.70950062E-007  0.70950062E-007  0.70950062E-007  0.70950062E-007  0.70950062E-007  0.70950062E-007  0.70950062E-007  0.70950062E-007  0.70950062E-007  0.70950062E-007  0.70950062E-007  0.70950062E-007  0.70950062E-007  0.70950062E-007  0.70950062E-007  0.70950062E-007  0.70950062E-007  0.70950062E-007  0.70950062E-007  0.70950062E-007  0.70950062E-007  0.70950062E-007  0.70950062E-007  0.70950062E-007  0.70950062E-007  0.70950062E-007  0.70950062E-007  0.70950062E-007
  0.42119535E-005  0.42119535E-005  0.42119535E-005  0.42119535E-005  0.42119535E-005  0.42119535E-005  0.42119535E-005  0.42119535E-005  0.42119535E-005  0.42119535E-005  0.42119535E-005  0.42119535E-005  0.42119535E-005  0.42119535E-005  0.42119535E-005  0.42119535E-005  0.42119535E-005  0.42119535E-005  0.42119535E-005  0.42119535E-005  0.42119535E-005  0.42119535E-005  0.42119535E-005  0.42119535E-005  0.42119535E-005  0.42119535E-005  0.42119535E-005  0.42119535E-005  0.42119535E-005  0.42119535E-005  0.42119535E-005  0.42119535E-005  0.42119535E-005  0.42119535E-005  0.42119535E-005
  0.19742088E-003  0.19742088E-003  0.19742088E-003  0.19742088E-003  0.19742088E-003  0.19742088E-003  0.19742088E-003  0.19742088E-003  0.19742088E-003  0.19742088E-003  0.19742088E-003  0.19742088E-003  0.19742088E-003  0.19742088E-003  0.19742088E-003  0.19742088E-003  0.19742088E-003  0.19742088E-003  0.19742088E-003  0.19742088E-003  0.19742088E-003  0.19742088E-003  0.19742088E-003  0.19742088E-003  0.19742088E-003  0.19742088E-003  0.19742088E-003  0.19742088E-003  0.19742088E-003  0.19742088E-003  0.19742088E-003  0.19742088E-003  0.19742088E-003  0.19742088E-003  0.19742088E-003
  0.71596886E-002  0.71596886E-002  0.71596886E-002  0.71596886E-002  0.71596886E-002  0.71596886E-002  0.71596886E-002  0.71596886E-002  0.71596886E-002  0.71596886E-002  0.71596886E-002  0.71596886E-002  0.71596886E-002  0.71596886E-002  0.71596886E-002  0.71596886E-002  0.71596886E-002  0.71596886E-002  0.71596886E-002  0.71596886E-002  0.71596886E-002  0.71596886E-002  0.71596886E-002  0.71596886E-002  0.71596886E-002  0.71596886E-002  0.71596886E-002  0.71596886E-002  0.71596886E-002  0.71596886E-002  0.71596886E-002  0.71596886E-002  0.71596886E-002  0.71596886E-002  0.71596886E-002
  0.19416655E+000  0.19416655E+000  0.19416655E+000  0.19416655E+000  0.19416655E+000  0.19416655E+000  0.19416655E+000  0.19416655E+000  0.19416655E+000  0.19416655E+000  0.19416655E+000  0.19416655E+000  0.19416655E+000  0.19416655E+000  0.19416655E+000  0.19416655E+000  0.19416655E+000  0.19416655E+000  0.19416655E+000  0.19416655E+000  0.19416655E+000  0.19416655E+000  0.19416655E+000  0.19416655E+000  0.19416655E+000  0.19416655E+000  0.19416655E+000  0.19416655E+000  0.19416655E+000  0.19416655E+000  0.19416655E+000  0.19416655E+000  0.19416655E+000  0.19416655E+000  0.19416655E+000
  0.37094568E+001  0.37094568E+001  0.37094568E+001  0.37094568E+001  0.37094568E+001  0.37094568E+001  0.37094568E+001  0.37094568E+001  0.37094568E+001  0.37094568E+001  0.37094568E+001  0.37094568E+001  0.37094568E+001  0.37094568E+001  0.37094568E+001  0.37094568E+001  0.37094568E+001  0.37094568E+001  0.37094568E+001  0.37094568E+001  0.37094568E+001  0.37094568E+001  0.37094568E+001  0.37094568E+001  0.37094568E+001  0.37094568E+001  0.37094568E+001  0.37094568E+001  0.37094568E+001  0.37094568E+001  0.37094568E+001  0.37094568E+001  0.37094568E+001  0.37094568E+001  0.37094568E+001
  0.44320116E+002  0.44320116E+002  0.44320116E+002  0.44320116E+002  0.44320116E+002  0.44320116E+002  0.44320116E+002  0.44320116E+002  0.44320116E+002  0.44320116E+002  0.44320116E+002  0.44320116E+002  0.44320116E+002  0.44320116E+002  0.44320116E+002  0.44320116E+002  0.44320116E+002  0.44320116E+002  0.44320116E+002  0.44320116E+002  0.44320116E+002  0.44320116E+002  0.44320116E+002  0.44320116E+002  0.44320116E+002  0.44320116E+002  0.44320116E+002  0.44320116E+002  0.44320116E+002  0.44320116E+002  0.44320116E+002  0.44320116E+002  0.44320116E+002  0.44320116E+002  0.44320116E+002
  0.23734301E+003  0.23734301E+003  0.23734301E+003  0.23734301E+003  0.23734301E+003  0.23734301E+003  0.23734301E+003  0.23734301E+003  0.23734301E+003  0.23734301E+003  0.23734301E+003  0.23734301E+003  0.23734301E+003  0.23734301E+003  0.23734301E+003  0.23734301E+003  0.23734301E+003  0.23734301E+003  0.23734301E+003  0.23734301E+003  0.23734301E+003  0.23734301E+003  0.23734301E+003  0.23734301E+003  0.23734301E+003  0.23734301E+003  0.23734301E+003  0.23734301E+003  0.23734301E+003  0.23734301E+003  0.23734301E+003  0.23734301E+003  0.23734301E+003  0.23734301E+003  0.23734301E+003
 -0.32497857E+003 -0.32497857E+003 -0.32497857E+003 -0.32497857E+003 -0.32497857E+003 -0.32497857E+003 -0.32497857E+003 -0.32497857E+003 -0.32497857E+003 -0.32497857E+003 -0.32497857E+003 -0.32497857E+003 -0.32497857E+003 -0.32497857E+003 -0.32497857E+003 -0.32497857E+003 -0.32497857E+003 -0.32497857E+003 -0.32497857E+003 -0.32497857E+003 -0.32497857E+003 -0.32497857E+003 -0.32497857E+003 -0.32497857E+003 -0.32497857E+003 -0.32497857E+003 -0.32497857E+003 -0.32497857E+003 -0.32497857E+003 -0.32497857E+003 -0.32497857E+003 -0.32497857E+003 -0.32497857E+003 -0.32497857E+003 -0.32497857E+003
 -0.17406228E+003 -0.17406228E+003 -0.17406228E+003 -0.17406228E+003 -0.17406228E+003 -0.17406228E+003 -0.17406228E+003 -0.17406228E+003 -0.17406228E+003 -0.17406228E+003 -0.17406228E+003 -0.17406228E+003 -0.17406228E+003 -0.17406228E+003 -0.17406228E+003 -0.17406228E+003 -0.17406228E+003 -0.17406228E+003 -0.17406228E+003 -0.17406228E+003 -0.17406228E+003 -0.17406228E+003 -0.17406228E+003 -0.17406228E+003 -0.17406228E+003 -0.17406228E+003 -0.17406228E+003 -0.17406228E+003 -0.17406228E+003 -0.17406228E+003 -0.17406228E+003 -0.17406228E+003 -0.17406228E+003 -0.17406228E+003 -0.17406228E+003
 -0.12257751E+004 -0.12257751E+004 -0.12257745E+004 -0.12257734E+004 -0.12257715E+004 -0.12257688E+004 -0.12257660E+004 -0.12257642E+004 -0.12257636E+004 -0.12257633E+004 -0.12257632E+004 -0.12257632E+004 -0.12257630E+004 -0.12257626E+004 -0.12257626E+004 -0.12257626E+004 -0.12257626E+004 -0.12257626E+004 -0.12257626E+004 -0.12257626E+004 -0.12257625E+004 -0.12257625E+004 -0.12257625E+004 -0.12257625E+004 -0.12257625E+004 -0.12257625E+004 -0.12257625E+004 -0.12257624E+004 -0.12257624E+004 -0.12257624E+004 -0.12257624E+004 -0.12257623E+004 -0.12257141E+004 -0.12256616E+004 -0.12256047E+004
 -0.18914292E+002 -0.18914292E+002 -0.18914292E+002 -0.18914292E+002 -0.18914292E+002 -0.18914292E+002 -0.18914292E+002 -0.19466423E+002 -0.18820603E+002 -0.18821618E+002 -0.18821837E+002 -0.18821837E+002 -0.18821837E+002 -0.18821837E+002 -0.18821837E+002 -0.18821837E+002 -0.18821837E+002 -0.31744371E+002 -0.24958362E+002 -0.24958362E+002 -0.24958362E+002 -0.24958361E+002 -0.24958361E+002 -0.24958361E+002  0.12060634E+004  0.12522407E+004  0.13051621E+004  0.13657077E+004  0.14345673E+004  0.15197215E+004  0.15197215E+004  0.15197215E+004  0.15197215E+004  0.15197215E+004  0.15197215E+004
