  0.00000000E+000  0.00000000E+000  0.00000000E+000  0.00000000E+000  0.00000000E+000  0.00000000E+000  0.00000000E+000  0.00000000E+000  0.00000000E+000  0.00000000E+000  0.00000000E+000  0.00000000E+000  0.00000000E+000  0.00000000E+000  0.00000000E+000  0.00000000E+000  0.00000000E+000  0.00000000E+000  0.00000000E+000  0.00000000E+000  0.00000000E+000  0.00000000E+000  0.00000000E+000  0.00000000E+000  0.00000000E+000  0.00000000E+000  0.00000000E+000  0.00000000E+000  0.00000000E+000  0.00000000E+000  0.00000000E+000  0.00000000E+000  0.00000000E+000  0.00000000E+000  0.00000000E+000
 -0.36596740E-029 -0.36596740E-029 -0.36596740E-029 -0.36596740E-029 -0.36596740E-029 -0.36596740E-029 -0.36596740E-029 -0.36596740E-029 -0.36596740E-029 -0.36596740E-029 -0.36596740E-029 -0.36596740E-029 -0.36596740E-029 -0.36596740E-029 -0.36596740E-029 -0.36596740E-029 -0.36596740E-029 -0.36596740E-029 -0.36596740E-029 -0.36596740E-029 -0.36596740E-029 -0.36596740E-029 -0.36596740E-029 -0.36596740E-029 -0.36596740E-029 -0.36596740E-029 -0.36596740E-029 -0.36596740E-029 -0.36596740E-029 -0.36596740E-029 -0.36596740E-029 -0.36596740E-029 -0.36596740E-029 -0.36596740E-029 -0.36596740E-029
 -0.86887553E-027 -0.86887553E-027 -0.86887553E-027 -0.86887553E-027 -0.86887553E-027 -0.86887553E-027 -0.86887553E-027 -0.86887553E-027 -0.86887553E-027 -0.86887553E-027 -0.86887553E-027 -0.86887553E-027 -0.86887553E-027 -0.86887553E-027 -0.86887553E-027 -0.86887553E-027 -0.86887553E-027 -0.86887553E-027 -0.86887553E-027 -0.86887553E-027 -0.86887553E-027 -0.86887553E-027 -0.86887553E-027 -0.86887553E-027 -0.86887553E-027 -0.86887553E-027 -0.86887553E-027 -0.86887553E-027 -0.86887553E-027 -0.86887553E-027 -0.86887553E-027 -0.86887553E-027 -0.86887553E-027 -0.86887553E-027 -0.86887553E-027
 -0.98495363E-025 -0.98495363E-025 -0.98495363E-025 -0.98495363E-025 -0.98495363E-025 -0.98495363E-025 -0.98495363E-025 -0.98495363E-025 -0.98495363E-025 -0.98495363E-025 -0.98495363E-025 -0.98495363E-025 -0.98495363E-025 -0.98495363E-025 -0.98495363E-025 -0.98495363E-025 -0.98495363E-025 -0.98495363E-025 -0.98495363E-025 -0.98495363E-025 -0.98495363E-025 -0.98495363E-025 -0.98495363E-025 -0.98495363E-025 -0.98495363E-025 -0.98495363E-025 -0.98495363E-025 -0.98495363E-025 -0.98495363E-025 -0.98495363E-025 -0.98495363E-025 -0.98495363E-025 -0.98495363E-025 -0.98495363E-025 -0.98495363E-025
 -0.70916302E-023 -0.70916302E-023 -0.70916302E-023 -0.70916302E-023 -0.70916302E-023 -0.70916302E-023 -0.70916302E-023 -0.70916302E-023 -0.70916302E-023 -0.70916302E-023 -0.70916302E-023 -0.70916302E-023 -0.70916302E-023 -0.70916302E-023 -0.70916302E-023 -0.70916302E-023 -0.70916302E-023 -0.70916302E-023 -0.70916302E-023 -0.70916302E-023 -0.70916302E-023 -0.70916302E-023 -0.70916302E-023 -0.70916302E-023 -0.70916302E-023 -0.70916302E-023 -0.70916302E-023 -0.70916302E-023 -0.70916302E-023 -0.70916302E-023 -0.70916302E-023 -0.70916302E-023 -0.70916302E-023 -0.70916302E-023 -0.70916302E-023
 -0.36391416E-021 -0.36391416E-021 -0.36391416E-021 -0.36391416E-021 -0.36391416E-021 -0.36391416E-021 -0.36391416E-021 -0.36391416E-021 -0.36391416E-021 -0.36391416E-021 -0.36391416E-021 -0.36391416E-021 -0.36391416E-021 -0.36391416E-021 -0.36391416E-021 -0.36391416E-021 -0.36391416E-021 -0.36391416E-021 -0.36391416E-021 -0.36391416E-021 -0.36391416E-021 -0.36391416E-021 -0.36391416E-021 -0.36391416E-021 -0.36391416E-021 -0.36391416E-021 -0.36391416E-021 -0.36391416E-021 -0.36391416E-021 -0.36391416E-021 -0.36391416E-021 -0.36391416E-021 -0.36391416E-021 -0.36391416E-021 -0.36391416E-021
 -0.14157860E-019 -0.14157860E-019 -0.14157860E-019 -0.14157860E-019 -0.14157860E-019 -0.14157860E-019 -0.14157860E-019 -0.14157860E-019 -0.14157860E-019 -0.14157860E-019 -0.14157860E-019 -0.14157860E-019 -0.14157860E-019 -0.14157860E-019 -0.14157860E-019 -0.14157860E-019 -0.14157860E-019 -0.14157860E-019 -0.14157860E-019 -0.14157860E-019 -0.14157860E-019 -0.14157860E-019 -0.14157860E-019 -0.14157860E-019 -0.14157860E-019 -0.14157860E-019 -0.14157860E-019 -0.14157860E-019 -0.14157860E-019 -0.14157860E-019 -0.14157860E-019 -0.14157860E-019 -0.14157860E-019 -0.14157860E-019 -0.14157860E-019
 -0.43366001E-018 -0.43366001E-018 -0.43366001E-018 -0.43366001E-018 -0.43366001E-018 -0.43366001E-018 -0.43366001E-018 -0.43366001E-018 -0.43366001E-018 -0.43366001E-018 -0.43366001E-018 -0.43366001E-018 -0.43366001E-018 -0.43366001E-018 -0.43366001E-018 -0.43366001E-018 -0.43366001E-018 -0.43366001E-018 -0.43366001E-018 -0.43366001E-018 -0.43366001E-018 -0.43366001E-018 -0.43366001E-018 -0.43366001E-018 -0.43366001E-018 -0.43366001E-018 -0.43366001E-018 -0.43366001E-018 -0.43366001E-018 -0.43366001E-018 -0.43366001E-018 -0.43366001E-018 -0.43366001E-018 -0.43366001E-018 -0.43366001E-018
 -0.10721064E-016 -0.10721064E-016 -0.10721064E-016 -0.10721064E-016 -0.10721064E-016 -0.10721064E-016 -0.10721064E-016 -0.10721064E-016 -0.10721064E-016 -0.10721064E-016 -0.10721064E-016 -0.10721064E-016 -0.10721064E-016 -0.10721064E-016 -0.10721064E-016 -0.10721064E-016 -0.10721064E-016 -0.10721064E-016 -0.10721064E-016 -0.10721064E-016 -0.10721064E-016 -0.10721064E-016 -0.10721064E-016 -0.10721064E-016 -0.10721064E-016 -0.10721064E-016 -0.10721064E-016 -0.10721064E-016 -0.10721064E-016 -0.10721064E-016 -0.10721064E-016 -0.10721064E-016 -0.10721064E-016 -0.10721064E-016 -0.10721064E-016
 -0.21758237E-015 -0.21758237E-015 -0.21758237E-015 -0.21758237E-015 -0.21758237E-015 -0.21758237E-015 -0.21758237E-015 -0.21758237E-015 -0.21758237E-015 -0.21758237E-015 -0.21758237E-015 -0.21758237E-015 -0.21758237E-015 -0.21758237E-015 -0.21758237E-015 -0.21758237E-015 -0.21758237E-015 -0.21758237E-015 -0.21758237E-015 -0.21758237E-015 -0.21758237E-015 -0.21758237E-015 -0.21758237E-015 -0.21758237E-015 -0.21758237E-015 -0.21758237E-015 -0.21758237E-015 -0.21758237E-015 -0.21758237E-015 -0.21758237E-015 -0.21758237E-015 -0.21758237E-015 -0.21758237E-015 -0.21758237E-015 -0.21758237E-015
 -0.31846229E-013 -0.31846229E-013 -0.31846229E-013 -0.31846229E-013 -0.31846229E-013 -0.31846229E-013 -0.31846229E-013 -0.31846229E-013 -0.31846229E-013 -0.31846229E-013 -0.31846229E-013 -0.31846229E-013 -0.31846229E-013 -0.31846229E-013 -0.31846229E-013 -0.31846229E-013 -0.31846229E-013 -0.31846229E-013 -0.31846229E-013 -0.31846229E-013 -0.31846229E-013 -0.31846229E-013 -0.31846229E-013 -0.31846229E-013 -0.31846229E-013 -0.31846229E-013 -0.31846229E-013 -0.31846229E-013 -0.31846229E-013 -0.31846229E-013 -0.31846229E-013 -0.31846229E-013 -0.31846229E-013 -0.31846229E-013 -0.31846229E-013
 -0.37210701E-011 -0.37210701E-011 -0.37210701E-011 -0.37210701E-011 -0.37210701E-011 -0.37210701E-011 -0.37210701E-011 -0.37210701E-011 -0.37210701E-011 -0.37210701E-011 -0.37210701E-011 -0.37210701E-011 -0.37210701E-011 -0.37210701E-011 -0.37210701E-011 -0.37210701E-011 -0.37210701E-011 -0.37210701E-011 -0.37210701E-011 -0.37210701E-011 -0.37210701E-011 -0.37210701E-011 -0.37210701E-011 -0.37210701E-011 -0.37210701E-011 -0.37210701E-011 -0.37210701E-011 -0.37210701E-011 -0.37210701E-011 -0.37210701E-011 -0.37210701E-011 -0.37210701E-011 -0.37210701E-011 -0.37210701E-011 -0.37210701E-011
 -0.34946804E-009 -0.34946804E-009 -0.34946804E-009 -0.34946804E-009 -0.34946804E-009 -0.34946804E-009 -0.34946804E-009 -0.34946804E-009 -0.34946804E-009 -0.34946804E-009 -0.34946804E-009 -0.34946804E-009 -0.34946804E-009 -0.34946804E-009 -0.34946804E-009 -0.34946804E-009 -0.34946804E-009 -0.34946804E-009 -0.34946804E-009 -0.34946804E-009 -0.34946804E-009 -0.34946804E-009 -0.34946804E-009 -0.34946804E-009 -0.34946804E-009 -0.34946804E-009 -0.34946804E-009 -0.34946804E-009 -0.34946804E-009 -0.34946804E-009 -0.34946804E-009 -0.34946804E-009 -0.34946804E-009 -0.34946804E-009 -0.34946804E-009
 -0.26420284E-007 -0.26420284E-007 -0.26420284E-007 -0.26420284E-007 -0.26420284E-007 -0.26420284E-007 -0.26420284E-007 -0.26420284E-007 -0.26420284E-007 -0.26420284E-007 -0.26420284E-007 -0.26420284E-007 -0.26420284E-007 -0.26420284E-007 -0.26420284E-007 -0.26420284E-007 -0.26420284E-007 -0.26420284E-007 -0.26420284E-007 -0.26420284E-007 -0.26420284E-007 -0.26420284E-007 -0.26420284E-007 -0.26420284E-007 -0.26420284E-007 -0.26420284E-007 -0.26420284E-007 -0.26420284E-007 -0.26420284E-007 -0.26420284E-007 -0.26420284E-007 -0.26420284E-007 -0.26420284E-007 -0.26420284E-007 -0.26420284E-007
 -0.16019966E-005 -0.16019966E-005 -0.16019966E-005 -0.16019966E-005 -0.16019966E-005 -0.16019966E-005 -0.16019966E-005 -0.16019966E-005 -0.16019966E-005 -0.16019966E-005 -0.16019966E-005 -0.16019966E-005 -0.16019966E-005 -0.16019966E-005 -0.16019966E-005 -0.16019966E-005 -0.16019966E-005 -0.16019966E-005 -0.16019966E-005 -0.16019966E-005 -0.16019966E-005 -0.16019966E-005 -0.16019966E-005 -0.16019966E-005 -0.16019966E-005 -0.16019966E-005 -0.16019966E-005 -0.16019966E-005 -0.16019966E-005 -0.16019966E-005 -0.16019966E-005 -0.16019966E-005 -0.16019966E-005 -0.16019966E-005 -0.16019966E-005
 -0.77168754E-004 -0.77168754E-004 -0.77168754E-004 -0.77168754E-004 -0.77168754E-004 -0.77168754E-004 -0.77168754E-004 -0.77168754E-004 -0.77168754E-004 -0.77168754E-004 -0.77168754E-004 -0.77168754E-004 -0.77168754E-004 -0.77168754E-004 -0.77168754E-004 -0.77168754E-004 -0.77168754E-004 -0.77168754E-004 -0.77168754E-004 -0.77168754E-004 -0.77168754E-004 -0.77168754E-004 -0.77168754E-004 -0.77168754E-004 -0.77168754E-004 -0.77168754E-004 -0.77168754E-004 -0.77168754E-004 -0.77168754E-004 -0.77168754E-004 -0.77168754E-004 -0.77168754E-004 -0.77168754E-004 -0.77168754E-004 -0.77168754E-004
 -0.29032072E-002 -0.29032072E-002 -0.29032072E-002 -0.29032072E-002 -0.29032072E-002 -0.29032072E-002 -0.29032072E-002 -0.29032072E-002 -0.29032072E-002 -0.29032072E-002 -0.29032072E-002 -0.29032072E-002 -0.29032072E-002 -0.29032072E-002 -0.29032072E-002 -0.29032072E-002 -0.29032072E-002 -0.29032072E-002 -0.29032072E-002 -0.29032072E-002 -0.29032072E-002 -0.29032072E-002 -0.29032072E-002 -0.29032072E-002 -0.29032072E-002 -0.29032072E-002 -0.29032072E-002 -0.29032072E-002 -0.29032072E-002 -0.29032072E-002 -0.29032072E-002 -0.29032072E-002 -0.29032072E-002 -0.29032072E-002 -0.29032072E-002
 -0.82949854E-001 -0.82949854E-001 -0.82949854E-001 -0.82949854E-001 -0.82949854E-001 -0.82949854E-001 -0.82949854E-001 -0.82949854E-001 -0.82949854E-001 -0.82949854E-001 -0.82949854E-001 -0.82949854E-001 -0.82949854E-001 -0.82949854E-001 -0.82949854E-001 -0.82949854E-001 -0.82949854E-001 -0.82949854E-001 -0.82949854E-001 -0.82949854E-001 -0.82949854E-001 -0.82949854E-001 -0.82949854E-001 -0.82949854E-001 -0.82949854E-001 -0.82949854E-001 -0.82949854E-001 -0.82949854E-001 -0.82949854E-001 -0.82949854E-001 -0.82949854E-001 -0.82949854E-001 -0.82949854E-001 -0.82949854E-001 -0.82949854E-001
 -0.17188546E+001 -0.17188546E+001 -0.17188546E+001 -0.17188546E+001 -0.17188546E+001 -0.17188546E+001 -0.17188546E+001 -0.17188546E+001 -0.17188546E+001 -0.17188546E+001 -0.17188546E+001 -0.17188546E+001 -0.17188546E+001 -0.17188546E+001 -0.17188546E+001 -0.17188546E+001 -0.17188546E+001 -0.17188546E+001 -0.17188546E+001 -0.17188546E+001 -0.17188546E+001 -0.17188546E+001 -0.17188546E+001 -0.17188546E+001 -0.17188546E+001 -0.17188546E+001 -0.17188546E+001 -0.17188546E+001 -0.17188546E+001 -0.17188546E+001 -0.17188546E+001 -0.17188546E+001 -0.17188546E+001 -0.17188546E+001 -0.17188546E+001
 -0.23831993E+002 -0.23831993E+002 -0.23831993E+002 -0.23831993E+002 -0.23831993E+002 -0.23831993E+002 -0.23831993E+002 -0.23831993E+002 -0.23831993E+002 -0.23831993E+002 -0.23831993E+002 -0.23831993E+002 -0.23831993E+002 -0.23831993E+002 -0.23831993E+002 -0.23831993E+002 -0.23831993E+002 -0.23831993E+002 -0.23831993E+002 -0.23831993E+002 -0.23831993E+002 -0.23831993E+002 -0.23831993E+002 -0.23831993E+002 -0.23831993E+002 -0.23831993E+002 -0.23831993E+002 -0.23831993E+002 -0.23831993E+002 -0.23831993E+002 -0.23831993E+002 -0.23831993E+002 -0.23831993E+002 -0.23831993E+002 -0.23831993E+002
 -0.18866241E+003 -0.18866238E+003 -0.18866238E+003 -0.18866238E+003 -0.18866238E+003 -0.18866238E+003 -0.18866238E+003 -0.18866238E+003 -0.18866238E+003 -0.18866238E+003 -0.18866238E+003 -0.18866238E+003 -0.18866238E+003 -0.18866238E+003 -0.18866238E+003 -0.18866238E+003 -0.18866238E+003 -0.18866238E+003 -0.18866238E+003 -0.18866238E+003 -0.18866238E+003 -0.18866238E+003 -0.18866238E+003 -0.18866238E+003 -0.18866238E+003 -0.18866238E+003 -0.18866238E+003 -0.18866238E+003 -0.18866238E+003 -0.18866238E+003 -0.18866237E+003 -0.18866237E+003 -0.18866237E+003 -0.18866237E+003 -0.18866237E+003
  0.26518623E+002  0.26518638E+002  0.26518710E+002  0.26521880E+002  0.26522134E+002  0.26522505E+002  0.26522770E+002  0.26523024E+002  0.26523024E+002  0.26523024E+002  0.26523024E+002  0.26523024E+002  0.26523024E+002  0.26523024E+002  0.26523024E+002  0.26523024E+002  0.26523024E+002  0.26523024E+002  0.26523024E+002  0.26523024E+002  0.26523024E+002  0.26523024E+002  0.26523024E+002  0.26523024E+002  0.26523024E+002  0.26523024E+002  0.26523024E+002  0.26523024E+002  0.26523024E+002  0.26523024E+002  0.26523024E+002  0.26523025E+002  0.26523025E+002  0.26523025E+002  0.26523024E+002
 -0.23366471E+002 -0.23366449E+002 -0.23366343E+002 -0.23366118E+002 -0.23365746E+002 -0.23365205E+002 -0.23364663E+002 -0.23364291E+002 -0.23364066E+002 -0.23363961E+002 -0.23363938E+002 -0.23363926E+002 -0.23363854E+002 -0.23363672E+002 -0.23363332E+002 -0.23362791E+002 -0.23362008E+002 -0.23362007E+002 -0.23362007E+002 -0.23362007E+002 -0.23362007E+002 -0.23362006E+002 -0.23362006E+002 -0.23362005E+002 -0.23362005E+002 -0.23362004E+002 -0.23362003E+002 -0.23362002E+002 -0.23362001E+002 -0.23362000E+002 -0.23361999E+002 -0.23361997E+002 -0.23361996E+002 -0.23361994E+002 -0.23361992E+002
  0.54565100E+001  0.54565335E+001  0.54566428E+001  0.54568760E+001  0.54572613E+001  0.54578221E+001  0.54583832E+001  0.54587686E+001  0.54590020E+001  0.54591114E+001  0.54591349E+001  0.54591469E+001  0.54592216E+001  0.54594112E+001  0.54601019E+001  0.54605021E+001  0.54610823E+001  0.54610824E+001  0.54610824E+001  0.54610824E+001  0.54610824E+001  0.54610823E+001  0.54610823E+001  0.54610823E+001  0.54610822E+001  0.54610821E+001  0.54610821E+001  0.54610819E+001  0.54610818E+001  0.54610816E+001  0.54610814E+001  0.54610811E+001  0.54610808E+001  0.54610805E+001  0.54610806E+001
 -0.35137425E+000 -0.31959740E+000 -0.23382650E+000 -0.94800864E-001 -0.94800864E-001 -0.47384999E+000 -0.15956306E+000  0.61284641E-001  0.19597018E+000  0.25909954E+000  0.27265669E+000  0.27982094E+000  0.32472505E+000  0.43860969E+000  0.64897515E+000  0.35015031E+000  0.34432282E+000  0.34432282E+000  0.34432282E+000  0.34432283E+000  0.34432285E+000  0.34432288E+000  0.34432291E+000  0.34432294E+000  0.34432299E+000  0.34432293E+000  0.34432285E+000  0.34432267E+000  0.34432242E+000  0.34432165E+000  0.34432078E+000  0.34431987E+000  0.34431896E+000  0.34431864E+000  0.34431830E+000
