  0.00000000E+000  0.00000000E+000  0.00000000E+000  0.00000000E+000  0.00000000E+000  0.00000000E+000  0.00000000E+000  0.00000000E+000  0.00000000E+000  0.00000000E+000  0.00000000E+000  0.00000000E+000  0.00000000E+000  0.00000000E+000  0.00000000E+000  0.00000000E+000  0.00000000E+000  0.00000000E+000  0.00000000E+000  0.00000000E+000  0.00000000E+000  0.00000000E+000  0.00000000E+000  0.00000000E+000  0.00000000E+000  0.00000000E+000  0.00000000E+000  0.00000000E+000  0.00000000E+000  0.00000000E+000  0.00000000E+000  0.00000000E+000  0.00000000E+000  0.00000000E+000  0.00000000E+000
  0.34602306E-042  0.34602306E-042  0.34602306E-042  0.34602306E-042  0.34602306E-042  0.34602306E-042  0.34602306E-042  0.34602306E-042  0.34602306E-042  0.34602306E-042  0.34602306E-042  0.34602306E-042  0.34602306E-042  0.34602306E-042  0.34602306E-042  0.34602306E-042  0.34602306E-042  0.34602306E-042  0.34602306E-042  0.34602306E-042  0.34602306E-042  0.34602306E-042  0.34602306E-042  0.34602306E-042  0.34602306E-042  0.34602306E-042  0.34602306E-042  0.34602306E-042  0.34602306E-042  0.34602306E-042  0.34602306E-042  0.34602306E-042  0.34602306E-042  0.34602306E-042  0.34602306E-042
  0.28819195E-039  0.28819195E-039  0.28819195E-039  0.28819195E-039  0.28819195E-039  0.28819195E-039  0.28819195E-039  0.28819195E-039  0.28819195E-039  0.28819195E-039  0.28819195E-039  0.28819195E-039  0.28819195E-039  0.28819195E-039  0.28819195E-039  0.28819195E-039  0.28819195E-039  0.28819195E-039  0.28819195E-039  0.28819195E-039  0.28819195E-039  0.28819195E-039  0.28819195E-039  0.28819195E-039  0.28819195E-039  0.28819195E-039  0.28819195E-039  0.28819195E-039  0.28819195E-039  0.28819195E-039  0.28819195E-039  0.28819195E-039  0.28819195E-039  0.28819195E-039  0.28819195E-039
  0.11498576E-036  0.11498576E-036  0.11498576E-036  0.11498576E-036  0.11498576E-036  0.11498576E-036  0.11498576E-036  0.11498576E-036  0.11498576E-036  0.11498576E-036  0.11498576E-036  0.11498576E-036  0.11498576E-036  0.11498576E-036  0.11498576E-036  0.11498576E-036  0.11498576E-036  0.11498576E-036  0.11498576E-036  0.11498576E-036  0.11498576E-036  0.11498576E-036  0.11498576E-036  0.11498576E-036  0.11498576E-036  0.11498576E-036  0.11498576E-036  0.11498576E-036  0.11498576E-036  0.11498576E-036  0.11498576E-036  0.11498576E-036  0.11498576E-036  0.11498576E-036  0.11498576E-036
  0.29225199E-034  0.29225199E-034  0.29225199E-034  0.29225199E-034  0.29225199E-034  0.29225199E-034  0.29225199E-034  0.29225199E-034  0.29225199E-034  0.29225199E-034  0.29225199E-034  0.29225199E-034  0.29225199E-034  0.29225199E-034  0.29225199E-034  0.29225199E-034  0.29225199E-034  0.29225199E-034  0.29225199E-034  0.29225199E-034  0.29225199E-034  0.29225199E-034  0.29225199E-034  0.29225199E-034  0.29225199E-034  0.29225199E-034  0.29225199E-034  0.29225199E-034  0.29225199E-034  0.29225199E-034  0.29225199E-034  0.29225199E-034  0.29225199E-034  0.29225199E-034  0.29225199E-034
  0.53072004E-032  0.53072004E-032  0.53072004E-032  0.53072004E-032  0.53072004E-032  0.53072004E-032  0.53072004E-032  0.53072004E-032  0.53072004E-032  0.53072004E-032  0.53072004E-032  0.53072004E-032  0.53072004E-032  0.53072004E-032  0.53072004E-032  0.53072004E-032  0.53072004E-032  0.53072004E-032  0.53072004E-032  0.53072004E-032  0.53072004E-032  0.53072004E-032  0.53072004E-032  0.53072004E-032  0.53072004E-032  0.53072004E-032  0.53072004E-032  0.53072004E-032  0.53072004E-032  0.53072004E-032  0.53072004E-032  0.53072004E-032  0.53072004E-032  0.53072004E-032  0.53072004E-032
  0.73202717E-030  0.73202717E-030  0.73202717E-030  0.73202717E-030  0.73202717E-030  0.73202717E-030  0.73202717E-030  0.73202717E-030  0.73202717E-030  0.73202717E-030  0.73202717E-030  0.73202717E-030  0.73202717E-030  0.73202717E-030  0.73202717E-030  0.73202717E-030  0.73202717E-030  0.73202717E-030  0.73202717E-030  0.73202717E-030  0.73202717E-030  0.73202717E-030  0.73202717E-030  0.73202717E-030  0.73202717E-030  0.73202717E-030  0.73202717E-030  0.73202717E-030  0.73202717E-030  0.73202717E-030  0.73202717E-030  0.73202717E-030  0.73202717E-030  0.73202717E-030  0.73202717E-030
  0.79581218E-028  0.79581218E-028  0.79581218E-028  0.79581218E-028  0.79581218E-028  0.79581218E-028  0.79581218E-028  0.79581218E-028  0.79581218E-028  0.79581218E-028  0.79581218E-028  0.79581218E-028  0.79581218E-028  0.79581218E-028  0.79581218E-028  0.79581218E-028  0.79581218E-028  0.79581218E-028  0.79581218E-028  0.79581218E-028  0.79581218E-028  0.79581218E-028  0.79581218E-028  0.79581218E-028  0.79581218E-028  0.79581218E-028  0.79581218E-028  0.79581218E-028  0.79581218E-028  0.79581218E-028  0.79581218E-028  0.79581218E-028  0.79581218E-028  0.79581218E-028  0.79581218E-028
  0.69832760E-026  0.69832760E-026  0.69832760E-026  0.69832760E-026  0.69832760E-026  0.69832760E-026  0.69832760E-026  0.69832760E-026  0.69832760E-026  0.69832760E-026  0.69832760E-026  0.69832760E-026  0.69832760E-026  0.69832760E-026  0.69832760E-026  0.69832760E-026  0.69832760E-026  0.69832760E-026  0.69832760E-026  0.69832760E-026  0.69832760E-026  0.69832760E-026  0.69832760E-026  0.69832760E-026  0.69832760E-026  0.69832760E-026  0.69832760E-026  0.69832760E-026  0.69832760E-026  0.69832760E-026  0.69832760E-026  0.69832760E-026  0.69832760E-026  0.69832760E-026  0.69832760E-026
  0.50240854E-024  0.50240854E-024  0.50240854E-024  0.50240854E-024  0.50240854E-024  0.50240854E-024  0.50240854E-024  0.50240854E-024  0.50240854E-024  0.50240854E-024  0.50240854E-024  0.50240854E-024  0.50240854E-024  0.50240854E-024  0.50240854E-024  0.50240854E-024  0.50240854E-024  0.50240854E-024  0.50240854E-024  0.50240854E-024  0.50240854E-024  0.50240854E-024  0.50240854E-024  0.50240854E-024  0.50240854E-024  0.50240854E-024  0.50240854E-024  0.50240854E-024  0.50240854E-024  0.50240854E-024  0.50240854E-024  0.50240854E-024  0.50240854E-024  0.50240854E-024  0.50240854E-024
  0.27028935E-021  0.27028935E-021  0.27028935E-021  0.27028935E-021  0.27028935E-021  0.27028935E-021  0.27028935E-021  0.27028935E-021  0.27028935E-021  0.27028935E-021  0.27028935E-021  0.27028935E-021  0.27028935E-021  0.27028935E-021  0.27028935E-021  0.27028935E-021  0.27028935E-021  0.27028935E-021  0.27028935E-021  0.27028935E-021  0.27028935E-021  0.27028935E-021  0.27028935E-021  0.27028935E-021  0.27028935E-021  0.27028935E-021  0.27028935E-021  0.27028935E-021  0.27028935E-021  0.27028935E-021  0.27028935E-021  0.27028935E-021  0.27028935E-021  0.27028935E-021  0.27028935E-021
  0.11676947E-018  0.11676947E-018  0.11676947E-018  0.11676947E-018  0.11676947E-018  0.11676947E-018  0.11676947E-018  0.11676947E-018  0.11676947E-018  0.11676947E-018  0.11676947E-018  0.11676947E-018  0.11676947E-018  0.11676947E-018  0.11676947E-018  0.11676947E-018  0.11676947E-018  0.11676947E-018  0.11676947E-018  0.11676947E-018  0.11676947E-018  0.11676947E-018  0.11676947E-018  0.11676947E-018  0.11676947E-018  0.11676947E-018  0.11676947E-018  0.11676947E-018  0.11676947E-018  0.11676947E-018  0.11676947E-018  0.11676947E-018  0.11676947E-018  0.11676947E-018  0.11676947E-018
  0.40777459E-016  0.40777459E-016  0.40777459E-016  0.40777459E-016  0.40777459E-016  0.40777459E-016  0.40777459E-016  0.40777459E-016  0.40777459E-016  0.40777459E-016  0.40777459E-016  0.40777459E-016  0.40777459E-016  0.40777459E-016  0.40777459E-016  0.40777459E-016  0.40777459E-016  0.40777459E-016  0.40777459E-016  0.40777459E-016  0.40777459E-016  0.40777459E-016  0.40777459E-016  0.40777459E-016  0.40777459E-016  0.40777459E-016  0.40777459E-016  0.40777459E-016  0.40777459E-016  0.40777459E-016  0.40777459E-016  0.40777459E-016  0.40777459E-016  0.40777459E-016  0.40777459E-016
  0.11523839E-013  0.11523839E-013  0.11523839E-013  0.11523839E-013  0.11523839E-013  0.11523839E-013  0.11523839E-013  0.11523839E-013  0.11523839E-013  0.11523839E-013  0.11523839E-013  0.11523839E-013  0.11523839E-013  0.11523839E-013  0.11523839E-013  0.11523839E-013  0.11523839E-013  0.11523839E-013  0.11523839E-013  0.11523839E-013  0.11523839E-013  0.11523839E-013  0.11523839E-013  0.11523839E-013  0.11523839E-013  0.11523839E-013  0.11523839E-013  0.11523839E-013  0.11523839E-013  0.11523839E-013  0.11523839E-013  0.11523839E-013  0.11523839E-013  0.11523839E-013  0.11523839E-013
  0.26240286E-011  0.26240286E-011  0.26240286E-011  0.26240286E-011  0.26240286E-011  0.26240286E-011  0.26240286E-011  0.26240286E-011  0.26240286E-011  0.26240286E-011  0.26240286E-011  0.26240286E-011  0.26240286E-011  0.26240286E-011  0.26240286E-011  0.26240286E-011  0.26240286E-011  0.26240286E-011  0.26240286E-011  0.26240286E-011  0.26240286E-011  0.26240286E-011  0.26240286E-011  0.26240286E-011  0.26240286E-011  0.26240286E-011  0.26240286E-011  0.26240286E-011  0.26240286E-011  0.26240286E-011  0.26240286E-011  0.26240286E-011  0.26240286E-011  0.26240286E-011  0.26240286E-011
  0.47626695E-009  0.47626695E-009  0.47626695E-009  0.47626695E-009  0.47626695E-009  0.47626695E-009  0.47626695E-009  0.47626695E-009  0.47626695E-009  0.47626695E-009  0.47626695E-009  0.47626695E-009  0.47626695E-009  0.47626695E-009  0.47626695E-009  0.47626695E-009  0.47626695E-009  0.47626695E-009  0.47626695E-009  0.47626695E-009  0.47626695E-009  0.47626695E-009  0.47626695E-009  0.47626695E-009  0.47626695E-009  0.47626695E-009  0.47626695E-009  0.47626695E-009  0.47626695E-009  0.47626695E-009  0.47626695E-009  0.47626695E-009  0.47626695E-009  0.47626695E-009  0.47626695E-009
  0.67574157E-007  0.67574157E-007  0.67574157E-007  0.67574157E-007  0.67574157E-007  0.67574157E-007  0.67574157E-007  0.67574157E-007  0.67574157E-007  0.67574157E-007  0.67574157E-007  0.67574157E-007  0.67574157E-007  0.67574157E-007  0.67574157E-007  0.67574157E-007  0.67574157E-007  0.67574157E-007  0.67574157E-007  0.67574157E-007  0.67574157E-007  0.67574157E-007  0.67574157E-007  0.67574157E-007  0.67574157E-007  0.67574157E-007  0.67574157E-007  0.67574157E-007  0.67574157E-007  0.67574157E-007  0.67574157E-007  0.67574157E-007  0.67574157E-007  0.67574157E-007  0.67574157E-007
  0.72500764E-005  0.72500764E-005  0.72500764E-005  0.72500764E-005  0.72500764E-005  0.72500764E-005  0.72500764E-005  0.72500764E-005  0.72500764E-005  0.72500764E-005  0.72500764E-005  0.72500764E-005  0.72500764E-005  0.72500764E-005  0.72500764E-005  0.72500764E-005  0.72500764E-005  0.72500764E-005  0.72500764E-005  0.72500764E-005  0.72500764E-005  0.72500764E-005  0.72500764E-005  0.72500764E-005  0.72500764E-005  0.72500764E-005  0.72500764E-005  0.72500764E-005  0.72500764E-005  0.72500764E-005  0.72500764E-005  0.72500764E-005  0.72500764E-005  0.72500764E-005  0.72500764E-005
  0.55463961E-003  0.55463961E-003  0.55463961E-003  0.55463961E-003  0.55463961E-003  0.55463961E-003  0.55463961E-003  0.55463961E-003  0.55463961E-003  0.55463961E-003  0.55463961E-003  0.55463961E-003  0.55463961E-003  0.55463961E-003  0.55463961E-003  0.55463961E-003  0.55463961E-003  0.55463961E-003  0.55463961E-003  0.55463961E-003  0.55463961E-003  0.55463961E-003  0.55463961E-003  0.55463961E-003  0.55463961E-003  0.55463961E-003  0.55463961E-003  0.55463961E-003  0.55463961E-003  0.55463961E-003  0.55463961E-003  0.55463961E-003  0.55463961E-003  0.55463961E-003  0.55463961E-003
  0.26848683E-001  0.26848683E-001  0.26848683E-001  0.26848683E-001  0.26848683E-001  0.26848683E-001  0.26848683E-001  0.26848683E-001  0.26848683E-001  0.26848683E-001  0.26848683E-001  0.26848683E-001  0.26848683E-001  0.26848683E-001  0.26848683E-001  0.26848683E-001  0.26848683E-001  0.26848683E-001  0.26848683E-001  0.26848683E-001  0.26848683E-001  0.26848683E-001  0.26848683E-001  0.26848683E-001  0.26848683E-001  0.26848683E-001  0.26848683E-001  0.26848683E-001  0.26848683E-001  0.26848683E-001  0.26848683E-001  0.26848683E-001  0.26848683E-001  0.26848683E-001  0.26848683E-001
  0.58010373E+000  0.58010373E+000  0.58010373E+000  0.58010372E+000  0.58010372E+000  0.58010372E+000  0.58010372E+000  0.58010372E+000  0.58010372E+000  0.58010372E+000  0.58010372E+000  0.58010372E+000  0.58010372E+000  0.58010372E+000  0.58010372E+000  0.58010372E+000  0.58010372E+000  0.58010372E+000  0.58010372E+000  0.58010372E+000  0.58010372E+000  0.58010372E+000  0.58010372E+000  0.58010372E+000  0.58010372E+000  0.58010372E+000  0.58010372E+000  0.58010372E+000  0.58010372E+000  0.58010372E+000  0.58010372E+000  0.58010372E+000  0.58010372E+000  0.58010372E+000  0.58010371E+000
 -0.46395132E+001 -0.46395132E+001 -0.46395132E+001 -0.46395132E+001 -0.46395132E+001 -0.46395132E+001 -0.46395132E+001 -0.46395132E+001 -0.46395132E+001 -0.46395132E+001 -0.46395132E+001 -0.46395132E+001 -0.46395132E+001 -0.46395132E+001 -0.46395132E+001 -0.46395132E+001 -0.46395132E+001 -0.46395132E+001 -0.46395132E+001 -0.46395132E+001 -0.46395132E+001 -0.46395132E+001 -0.46395132E+001 -0.46395132E+001 -0.46395132E+001 -0.46395132E+001 -0.46395132E+001 -0.46395132E+001 -0.46395132E+001 -0.46395132E+001 -0.46395132E+001 -0.46395132E+001 -0.46395132E+001 -0.46395132E+001 -0.46395132E+001
 -0.18970732E+001 -0.18970732E+001 -0.18970732E+001 -0.18970732E+001 -0.18970732E+001 -0.18970732E+001 -0.18970732E+001 -0.18970732E+001 -0.18970732E+001 -0.18970732E+001 -0.18970732E+001 -0.18970732E+001 -0.18970732E+001 -0.18970732E+001 -0.18970732E+001 -0.18970732E+001 -0.18970732E+001 -0.18970732E+001 -0.18970732E+001 -0.18970734E+001 -0.18970736E+001 -0.18970739E+001 -0.18970742E+001 -0.18970746E+001 -0.18970750E+001 -0.18970755E+001 -0.18970760E+001 -0.18970766E+001 -0.18970773E+001 -0.18970780E+001 -0.18970789E+001 -0.18970798E+001 -0.18970807E+001 -0.18970818E+001 -0.18970830E+001
  0.15157748E+001  0.15157748E+001  0.15157748E+001  0.15157748E+001  0.15157748E+001  0.15157748E+001  0.15157748E+001  0.15157748E+001  0.15157748E+001  0.15157748E+001  0.15157748E+001  0.15157748E+001  0.15157748E+001  0.15157748E+001  0.15157748E+001  0.15157748E+001  0.15157748E+001  0.15157748E+001  0.15157748E+001 -0.44335734E+003 -0.44335308E+003 -0.44334792E+003 -0.44334355E+003 -0.44333845E+003 -0.44333256E+003 -0.44332585E+003 -0.44331824E+003 -0.44330970E+003 -0.44330018E+003 -0.44329239E+003 -0.44328371E+003 -0.44327408E+003 -0.44326331E+003 -0.44325145E+003 -0.44323841E+003
  0.39441543E+000  0.39441543E+000  0.39441543E+000  0.39441543E+000  0.39441543E+000  0.39441543E+000  0.39441543E+000  0.39441543E+000  0.39441543E+000  0.39441543E+000  0.39441543E+000  0.39441543E+000  0.39441543E+000  0.39441543E+000  0.39441543E+000  0.39441543E+000  0.39441543E+000  0.39441543E+000  0.39441543E+000 -0.12994761E+002 -0.71744537E+001 -0.38235782E+000 -0.37928975E+000 -0.38201337E+000 -0.39181675E+000 -0.18296246E+000  0.30511915E-001 -0.68992272E-001 -0.75189015E+000 -0.24594200E+003 -0.23876910E+003 -0.23107979E+003 -0.21445081E+003 -0.20519697E+003 -0.19545198E+003
