  0.00000000E+000  0.00000000E+000  0.00000000E+000  0.00000000E+000  0.00000000E+000  0.00000000E+000  0.00000000E+000  0.00000000E+000  0.00000000E+000  0.00000000E+000  0.00000000E+000  0.00000000E+000  0.00000000E+000  0.00000000E+000  0.00000000E+000  0.00000000E+000  0.00000000E+000  0.00000000E+000  0.00000000E+000  0.00000000E+000  0.00000000E+000  0.00000000E+000  0.00000000E+000  0.00000000E+000  0.00000000E+000  0.00000000E+000  0.00000000E+000  0.00000000E+000  0.00000000E+000  0.00000000E+000  0.00000000E+000  0.00000000E+000  0.00000000E+000  0.00000000E+000  0.00000000E+000
 -0.27685222E-035 -0.27685222E-035 -0.27685222E-035 -0.27685222E-035 -0.27685222E-035 -0.27685222E-035 -0.27685222E-035 -0.27685222E-035 -0.27685222E-035 -0.27685222E-035 -0.27685222E-035 -0.27685222E-035 -0.27685222E-035 -0.27685222E-035 -0.27685222E-035 -0.27685222E-035 -0.27685222E-035 -0.27685222E-035 -0.27685222E-035 -0.27685222E-035 -0.27685222E-035 -0.27685222E-035 -0.27685222E-035 -0.27685222E-035 -0.27685222E-035 -0.27685222E-035 -0.27685222E-035 -0.27685222E-035 -0.27685222E-035 -0.27685222E-035 -0.27685222E-035 -0.27685222E-035 -0.27685222E-035 -0.27685222E-035 -0.27685222E-035
 -0.12632387E-032 -0.12632387E-032 -0.12632387E-032 -0.12632387E-032 -0.12632387E-032 -0.12632387E-032 -0.12632387E-032 -0.12632387E-032 -0.12632387E-032 -0.12632387E-032 -0.12632387E-032 -0.12632387E-032 -0.12632387E-032 -0.12632387E-032 -0.12632387E-032 -0.12632387E-032 -0.12632387E-032 -0.12632387E-032 -0.12632387E-032 -0.12632387E-032 -0.12632387E-032 -0.12632387E-032 -0.12632387E-032 -0.12632387E-032 -0.12632387E-032 -0.12632387E-032 -0.12632387E-032 -0.12632387E-032 -0.12632387E-032 -0.12632387E-032 -0.12632387E-032 -0.12632387E-032 -0.12632387E-032 -0.12632387E-032 -0.12632387E-032
 -0.27540059E-030 -0.27540059E-030 -0.27540059E-030 -0.27540059E-030 -0.27540059E-030 -0.27540059E-030 -0.27540059E-030 -0.27540059E-030 -0.27540059E-030 -0.27540059E-030 -0.27540059E-030 -0.27540059E-030 -0.27540059E-030 -0.27540059E-030 -0.27540059E-030 -0.27540059E-030 -0.27540059E-030 -0.27540059E-030 -0.27540059E-030 -0.27540059E-030 -0.27540059E-030 -0.27540059E-030 -0.27540059E-030 -0.27540059E-030 -0.27540059E-030 -0.27540059E-030 -0.27540059E-030 -0.27540059E-030 -0.27540059E-030 -0.27540059E-030 -0.27540059E-030 -0.27540059E-030 -0.27540059E-030 -0.27540059E-030 -0.27540059E-030
 -0.38151895E-028 -0.38151895E-028 -0.38151895E-028 -0.38151895E-028 -0.38151895E-028 -0.38151895E-028 -0.38151895E-028 -0.38151895E-028 -0.38151895E-028 -0.38151895E-028 -0.38151895E-028 -0.38151895E-028 -0.38151895E-028 -0.38151895E-028 -0.38151895E-028 -0.38151895E-028 -0.38151895E-028 -0.38151895E-028 -0.38151895E-028 -0.38151895E-028 -0.38151895E-028 -0.38151895E-028 -0.38151895E-028 -0.38151895E-028 -0.38151895E-028 -0.38151895E-028 -0.38151895E-028 -0.38151895E-028 -0.38151895E-028 -0.38151895E-028 -0.38151895E-028 -0.38151895E-028 -0.38151895E-028 -0.38151895E-028 -0.38151895E-028
 -0.37676173E-026 -0.37676173E-026 -0.37676173E-026 -0.37676173E-026 -0.37676173E-026 -0.37676173E-026 -0.37676173E-026 -0.37676173E-026 -0.37676173E-026 -0.37676173E-026 -0.37676173E-026 -0.37676173E-026 -0.37676173E-026 -0.37676173E-026 -0.37676173E-026 -0.37676173E-026 -0.37676173E-026 -0.37676173E-026 -0.37676173E-026 -0.37676173E-026 -0.37676173E-026 -0.37676173E-026 -0.37676173E-026 -0.37676173E-026 -0.37676173E-026 -0.37676173E-026 -0.37676173E-026 -0.37676173E-026 -0.37676173E-026 -0.37676173E-026 -0.37676173E-026 -0.37676173E-026 -0.37676173E-026 -0.37676173E-026 -0.37676173E-026
 -0.28202435E-024 -0.28202435E-024 -0.28202435E-024 -0.28202435E-024 -0.28202435E-024 -0.28202435E-024 -0.28202435E-024 -0.28202435E-024 -0.28202435E-024 -0.28202435E-024 -0.28202435E-024 -0.28202435E-024 -0.28202435E-024 -0.28202435E-024 -0.28202435E-024 -0.28202435E-024 -0.28202435E-024 -0.28202435E-024 -0.28202435E-024 -0.28202435E-024 -0.28202435E-024 -0.28202435E-024 -0.28202435E-024 -0.28202435E-024 -0.28202435E-024 -0.28202435E-024 -0.28202435E-024 -0.28202435E-024 -0.28202435E-024 -0.28202435E-024 -0.28202435E-024 -0.28202435E-024 -0.28202435E-024 -0.28202435E-024 -0.28202435E-024
 -0.16610765E-022 -0.16610765E-022 -0.16610765E-022 -0.16610765E-022 -0.16610765E-022 -0.16610765E-022 -0.16610765E-022 -0.16610765E-022 -0.16610765E-022 -0.16610765E-022 -0.16610765E-022 -0.16610765E-022 -0.16610765E-022 -0.16610765E-022 -0.16610765E-022 -0.16610765E-022 -0.16610765E-022 -0.16610765E-022 -0.16610765E-022 -0.16610765E-022 -0.16610765E-022 -0.16610765E-022 -0.16610765E-022 -0.16610765E-022 -0.16610765E-022 -0.16610765E-022 -0.16610765E-022 -0.16610765E-022 -0.16610765E-022 -0.16610765E-022 -0.16610765E-022 -0.16610765E-022 -0.16610765E-022 -0.16610765E-022 -0.16610765E-022
 -0.78870316E-021 -0.78870316E-021 -0.78870316E-021 -0.78870316E-021 -0.78870316E-021 -0.78870316E-021 -0.78870316E-021 -0.78870316E-021 -0.78870316E-021 -0.78870316E-021 -0.78870316E-021 -0.78870316E-021 -0.78870316E-021 -0.78870316E-021 -0.78870316E-021 -0.78870316E-021 -0.78870316E-021 -0.78870316E-021 -0.78870316E-021 -0.78870316E-021 -0.78870316E-021 -0.78870316E-021 -0.78870316E-021 -0.78870316E-021 -0.78870316E-021 -0.78870316E-021 -0.78870316E-021 -0.78870316E-021 -0.78870316E-021 -0.78870316E-021 -0.78870316E-021 -0.78870316E-021 -0.78870316E-021 -0.78870316E-021 -0.78870316E-021
 -0.30683357E-019 -0.30683357E-019 -0.30683357E-019 -0.30683357E-019 -0.30683357E-019 -0.30683357E-019 -0.30683357E-019 -0.30683357E-019 -0.30683357E-019 -0.30683357E-019 -0.30683357E-019 -0.30683357E-019 -0.30683357E-019 -0.30683357E-019 -0.30683357E-019 -0.30683357E-019 -0.30683357E-019 -0.30683357E-019 -0.30683357E-019 -0.30683357E-019 -0.30683357E-019 -0.30683357E-019 -0.30683357E-019 -0.30683357E-019 -0.30683357E-019 -0.30683357E-019 -0.30683357E-019 -0.30683357E-019 -0.30683357E-019 -0.30683357E-019 -0.30683357E-019 -0.30683357E-019 -0.30683357E-019 -0.30683357E-019 -0.30683357E-019
 -0.88125572E-017 -0.88125572E-017 -0.88125572E-017 -0.88125572E-017 -0.88125572E-017 -0.88125572E-017 -0.88125572E-017 -0.88125572E-017 -0.88125572E-017 -0.88125572E-017 -0.88125572E-017 -0.88125572E-017 -0.88125572E-017 -0.88125572E-017 -0.88125572E-017 -0.88125572E-017 -0.88125572E-017 -0.88125572E-017 -0.88125572E-017 -0.88125572E-017 -0.88125572E-017 -0.88125572E-017 -0.88125572E-017 -0.88125572E-017 -0.88125572E-017 -0.88125572E-017 -0.88125572E-017 -0.88125572E-017 -0.88125572E-017 -0.88125572E-017 -0.88125572E-017 -0.88125572E-017 -0.88125572E-017 -0.88125572E-017 -0.88125572E-017
 -0.20275207E-014 -0.20275207E-014 -0.20275207E-014 -0.20275207E-014 -0.20275207E-014 -0.20275207E-014 -0.20275207E-014 -0.20275207E-014 -0.20275207E-014 -0.20275207E-014 -0.20275207E-014 -0.20275207E-014 -0.20275207E-014 -0.20275207E-014 -0.20275207E-014 -0.20275207E-014 -0.20275207E-014 -0.20275207E-014 -0.20275207E-014 -0.20275207E-014 -0.20275207E-014 -0.20275207E-014 -0.20275207E-014 -0.20275207E-014 -0.20275207E-014 -0.20275207E-014 -0.20275207E-014 -0.20275207E-014 -0.20275207E-014 -0.20275207E-014 -0.20275207E-014 -0.20275207E-014 -0.20275207E-014 -0.20275207E-014 -0.20275207E-014
 -0.37635748E-012 -0.37635748E-012 -0.37635748E-012 -0.37635748E-012 -0.37635748E-012 -0.37635748E-012 -0.37635748E-012 -0.37635748E-012 -0.37635748E-012 -0.37635748E-012 -0.37635748E-012 -0.37635748E-012 -0.37635748E-012 -0.37635748E-012 -0.37635748E-012 -0.37635748E-012 -0.37635748E-012 -0.37635748E-012 -0.37635748E-012 -0.37635748E-012 -0.37635748E-012 -0.37635748E-012 -0.37635748E-012 -0.37635748E-012 -0.37635748E-012 -0.37635748E-012 -0.37635748E-012 -0.37635748E-012 -0.37635748E-012 -0.37635748E-012 -0.37635748E-012 -0.37635748E-012 -0.37635748E-012 -0.37635748E-012 -0.37635748E-012
 -0.56478714E-010 -0.56478714E-010 -0.56478714E-010 -0.56478714E-010 -0.56478714E-010 -0.56478714E-010 -0.56478714E-010 -0.56478714E-010 -0.56478714E-010 -0.56478714E-010 -0.56478714E-010 -0.56478714E-010 -0.56478714E-010 -0.56478714E-010 -0.56478714E-010 -0.56478714E-010 -0.56478714E-010 -0.56478714E-010 -0.56478714E-010 -0.56478714E-010 -0.56478714E-010 -0.56478714E-010 -0.56478714E-010 -0.56478714E-010 -0.56478714E-010 -0.56478714E-010 -0.56478714E-010 -0.56478714E-010 -0.56478714E-010 -0.56478714E-010 -0.56478714E-010 -0.56478714E-010 -0.56478714E-010 -0.56478714E-010 -0.56478714E-010
 -0.68318344E-008 -0.68318344E-008 -0.68318344E-008 -0.68318344E-008 -0.68318344E-008 -0.68318344E-008 -0.68318344E-008 -0.68318344E-008 -0.68318344E-008 -0.68318344E-008 -0.68318344E-008 -0.68318344E-008 -0.68318344E-008 -0.68318344E-008 -0.68318344E-008 -0.68318344E-008 -0.68318344E-008 -0.68318344E-008 -0.68318344E-008 -0.68318344E-008 -0.68318344E-008 -0.68318344E-008 -0.68318344E-008 -0.68318344E-008 -0.68318344E-008 -0.68318344E-008 -0.68318344E-008 -0.68318344E-008 -0.68318344E-008 -0.68318344E-008 -0.68318344E-008 -0.68318344E-008 -0.68318344E-008 -0.68318344E-008 -0.68318344E-008
 -0.66053629E-006 -0.66053629E-006 -0.66053629E-006 -0.66053629E-006 -0.66053629E-006 -0.66053629E-006 -0.66053629E-006 -0.66053629E-006 -0.66053629E-006 -0.66053629E-006 -0.66053629E-006 -0.66053629E-006 -0.66053629E-006 -0.66053629E-006 -0.66053629E-006 -0.66053629E-006 -0.66053629E-006 -0.66053629E-006 -0.66053629E-006 -0.66053629E-006 -0.66053629E-006 -0.66053629E-006 -0.66053629E-006 -0.66053629E-006 -0.66053629E-006 -0.66053629E-006 -0.66053629E-006 -0.66053629E-006 -0.66053629E-006 -0.66053629E-006 -0.66053629E-006 -0.66053629E-006 -0.66053629E-006 -0.66053629E-006 -0.66053629E-006
 -0.50270738E-004 -0.50270738E-004 -0.50270738E-004 -0.50270738E-004 -0.50270738E-004 -0.50270738E-004 -0.50270738E-004 -0.50270738E-004 -0.50270738E-004 -0.50270738E-004 -0.50270738E-004 -0.50270738E-004 -0.50270738E-004 -0.50270738E-004 -0.50270738E-004 -0.50270738E-004 -0.50270738E-004 -0.50270738E-004 -0.50270738E-004 -0.50270738E-004 -0.50270738E-004 -0.50270738E-004 -0.50270738E-004 -0.50270738E-004 -0.50270738E-004 -0.50270738E-004 -0.50270738E-004 -0.50270738E-004 -0.50270738E-004 -0.50270738E-004 -0.50270738E-004 -0.50270738E-004 -0.50270738E-004 -0.50270738E-004 -0.50270738E-004
 -0.29368217E-002 -0.29368217E-002 -0.29368217E-002 -0.29368217E-002 -0.29368217E-002 -0.29368217E-002 -0.29368217E-002 -0.29368217E-002 -0.29368217E-002 -0.29368217E-002 -0.29368217E-002 -0.29368217E-002 -0.29368217E-002 -0.29368217E-002 -0.29368217E-002 -0.29368217E-002 -0.29368217E-002 -0.29368217E-002 -0.29368217E-002 -0.29368217E-002 -0.29368217E-002 -0.29368217E-002 -0.29368217E-002 -0.29368217E-002 -0.29368217E-002 -0.29368217E-002 -0.29368217E-002 -0.29368217E-002 -0.29368217E-002 -0.29368217E-002 -0.29368217E-002 -0.29368217E-002 -0.29368217E-002 -0.29368217E-002 -0.29368217E-002
 -0.12638918E+000 -0.12638918E+000 -0.12638918E+000 -0.12638918E+000 -0.12638918E+000 -0.12638918E+000 -0.12638918E+000 -0.12638918E+000 -0.12638918E+000 -0.12638918E+000 -0.12638918E+000 -0.12638918E+000 -0.12638918E+000 -0.12638918E+000 -0.12638918E+000 -0.12638918E+000 -0.12638918E+000 -0.12638918E+000 -0.12638918E+000 -0.12638918E+000 -0.12638918E+000 -0.12638918E+000 -0.12638918E+000 -0.12638918E+000 -0.12638918E+000 -0.12638918E+000 -0.12638918E+000 -0.12638918E+000 -0.12638918E+000 -0.12638918E+000 -0.12638918E+000 -0.12638918E+000 -0.12638918E+000 -0.12638918E+000 -0.12638918E+000
 -0.37286836E+001 -0.37286836E+001 -0.37286836E+001 -0.37286836E+001 -0.37286836E+001 -0.37286836E+001 -0.37286836E+001 -0.37286836E+001 -0.37286836E+001 -0.37286836E+001 -0.37286836E+001 -0.37286836E+001 -0.37286836E+001 -0.37286836E+001 -0.37286836E+001 -0.37286836E+001 -0.37286836E+001 -0.37286836E+001 -0.37286836E+001 -0.37286836E+001 -0.37286836E+001 -0.37286836E+001 -0.37286836E+001 -0.37286836E+001 -0.37286836E+001 -0.37286836E+001 -0.37286836E+001 -0.37286836E+001 -0.37286836E+001 -0.37286836E+001 -0.37286836E+001 -0.37286836E+001 -0.37286836E+001 -0.37286836E+001 -0.37286836E+001
 -0.64995520E+002 -0.64995520E+002 -0.64995520E+002 -0.64995520E+002 -0.64995520E+002 -0.64995520E+002 -0.64995520E+002 -0.64995520E+002 -0.64995520E+002 -0.64995520E+002 -0.64995520E+002 -0.64995520E+002 -0.64995520E+002 -0.64995520E+002 -0.64995520E+002 -0.64995520E+002 -0.64995520E+002 -0.64995520E+002 -0.64995520E+002 -0.64995520E+002 -0.64995520E+002 -0.64995520E+002 -0.64995520E+002 -0.64995520E+002 -0.64995520E+002 -0.64995520E+002 -0.64995520E+002 -0.64995520E+002 -0.64995520E+002 -0.64995520E+002 -0.64995520E+002 -0.64995520E+002 -0.64995520E+002 -0.64995520E+002 -0.64995520E+002
 -0.41104508E+003 -0.41104499E+003 -0.41104469E+003 -0.41104382E+003 -0.41104237E+003 -0.41104237E+003 -0.41104237E+003 -0.41104237E+003 -0.41104237E+003 -0.41104237E+003 -0.41104237E+003 -0.41104237E+003 -0.41104237E+003 -0.41104237E+003 -0.41104237E+003 -0.41104237E+003 -0.41104237E+003 -0.41104237E+003 -0.41104238E+003 -0.41104238E+003 -0.41104238E+003 -0.41104238E+003 -0.41104238E+003 -0.41104238E+003 -0.41104239E+003 -0.41104239E+003 -0.41104239E+003 -0.41104239E+003 -0.41104240E+003 -0.41104240E+003 -0.41104241E+003 -0.41104241E+003 -0.41104242E+003 -0.41104242E+003 -0.41104243E+003
  0.11062517E+002  0.11077272E+002  0.11145501E+002  0.11290691E+002  0.11290691E+002  0.11290691E+002  0.11290691E+002  0.11290691E+002  0.11290691E+002  0.11290691E+002  0.11290691E+002  0.11290691E+002  0.11290691E+002  0.11290691E+002  0.11290691E+002  0.11290691E+002  0.11290691E+002  0.11290691E+002  0.11290691E+002  0.11290691E+002  0.11290691E+002  0.11290691E+002  0.11290691E+002  0.11290691E+002  0.11290691E+002  0.11290691E+002  0.11290691E+002  0.11290691E+002  0.11290691E+002  0.11290691E+002  0.11290691E+002  0.11290691E+002  0.11290691E+002  0.11290691E+002  0.11290692E+002
  0.14261218E+003  0.14261996E+003  0.14261996E+003  0.14261996E+003  0.14261996E+003  0.14261996E+003  0.16830432E+003  0.16903758E+003  0.16903758E+003  0.16903758E+003  0.16901373E+003  0.16903651E+003  0.16903651E+003  0.16816380E+003  0.16883323E+003  0.16883323E+003  0.16883323E+003  0.16883323E+003  0.16883323E+003  0.16883323E+003  0.16883323E+003  0.16883323E+003  0.16883323E+003  0.16883323E+003  0.16883323E+003  0.16883323E+003  0.16883323E+003  0.16883323E+003  0.16883323E+003  0.16883323E+003  0.16883323E+003  0.16883323E+003  0.16883323E+003  0.16883323E+003  0.16883323E+003
  0.18644320E+001  0.18644320E+001  0.18644320E+001  0.18644320E+001  0.18644320E+001  0.15183284E+001  0.20751440E+001  0.20751440E+001  0.20751440E+001  0.20751440E+001  0.20751440E+001  0.20751440E+001  0.20751440E+001  0.20751440E+001  0.15346778E+001  0.20490857E+001  0.20490857E+001  0.33216325E+001  0.46520357E+001  0.46520357E+001  0.46520357E+001  0.46520357E+001  0.46520357E+001  0.46520357E+001  0.46520337E+001 -0.99289435E+001 -0.50394089E+001 -0.50394092E+001 -0.15103550E+003 -0.14734391E+003 -0.14734391E+003 -0.15264051E+003 -0.14735246E+003  0.10521611E+001  0.17397213E+002
