  0.00000000E+000  0.00000000E+000  0.00000000E+000  0.00000000E+000  0.00000000E+000  0.00000000E+000  0.00000000E+000  0.00000000E+000  0.00000000E+000  0.00000000E+000  0.00000000E+000  0.00000000E+000  0.00000000E+000  0.00000000E+000  0.00000000E+000  0.00000000E+000  0.00000000E+000  0.00000000E+000  0.00000000E+000  0.00000000E+000  0.00000000E+000  0.00000000E+000  0.00000000E+000  0.00000000E+000  0.00000000E+000  0.00000000E+000  0.00000000E+000  0.00000000E+000  0.00000000E+000  0.00000000E+000  0.00000000E+000  0.00000000E+000  0.00000000E+000  0.00000000E+000  0.00000000E+000
  0.63983728E-035  0.63983728E-035  0.63983728E-035  0.63983728E-035  0.63983728E-035  0.63983728E-035  0.63983728E-035  0.63983728E-035  0.63983728E-035  0.63983728E-035  0.63983728E-035  0.63983728E-035  0.63983728E-035  0.63983728E-035  0.63983728E-035  0.63983728E-035  0.63983728E-035  0.63983728E-035  0.63983728E-035  0.63983728E-035  0.63983728E-035  0.63983728E-035  0.63983728E-035  0.63983728E-035  0.63983728E-035  0.63983728E-035  0.63983728E-035  0.63983728E-035  0.63983728E-035  0.63983728E-035  0.63983728E-035  0.63983728E-035  0.63983728E-035  0.63983728E-035  0.63983728E-035
  0.29225033E-032  0.29225033E-032  0.29225033E-032  0.29225033E-032  0.29225033E-032  0.29225033E-032  0.29225033E-032  0.29225033E-032  0.29225033E-032  0.29225033E-032  0.29225033E-032  0.29225033E-032  0.29225033E-032  0.29225033E-032  0.29225033E-032  0.29225033E-032  0.29225033E-032  0.29225033E-032  0.29225033E-032  0.29225033E-032  0.29225033E-032  0.29225033E-032  0.29225033E-032  0.29225033E-032  0.29225033E-032  0.29225033E-032  0.29225033E-032  0.29225033E-032  0.29225033E-032  0.29225033E-032  0.29225033E-032  0.29225033E-032  0.29225033E-032  0.29225033E-032  0.29225033E-032
  0.63762475E-030  0.63762475E-030  0.63762475E-030  0.63762475E-030  0.63762475E-030  0.63762475E-030  0.63762475E-030  0.63762475E-030  0.63762475E-030  0.63762475E-030  0.63762475E-030  0.63762475E-030  0.63762475E-030  0.63762475E-030  0.63762475E-030  0.63762475E-030  0.63762475E-030  0.63762475E-030  0.63762475E-030  0.63762475E-030  0.63762475E-030  0.63762475E-030  0.63762475E-030  0.63762475E-030  0.63762475E-030  0.63762475E-030  0.63762475E-030  0.63762475E-030  0.63762475E-030  0.63762475E-030  0.63762475E-030  0.63762475E-030  0.63762475E-030  0.63762475E-030  0.63762475E-030
  0.88370367E-028  0.88370367E-028  0.88370367E-028  0.88370367E-028  0.88370367E-028  0.88370367E-028  0.88370367E-028  0.88370367E-028  0.88370367E-028  0.88370367E-028  0.88370367E-028  0.88370367E-028  0.88370367E-028  0.88370367E-028  0.88370367E-028  0.88370367E-028  0.88370367E-028  0.88370367E-028  0.88370367E-028  0.88370367E-028  0.88370367E-028  0.88370367E-028  0.88370367E-028  0.88370367E-028  0.88370367E-028  0.88370367E-028  0.88370367E-028  0.88370367E-028  0.88370367E-028  0.88370367E-028  0.88370367E-028  0.88370367E-028  0.88370367E-028  0.88370367E-028  0.88370367E-028
  0.87272619E-026  0.87272619E-026  0.87272619E-026  0.87272619E-026  0.87272619E-026  0.87272619E-026  0.87272619E-026  0.87272619E-026  0.87272619E-026  0.87272619E-026  0.87272619E-026  0.87272619E-026  0.87272619E-026  0.87272619E-026  0.87272619E-026  0.87272619E-026  0.87272619E-026  0.87272619E-026  0.87272619E-026  0.87272619E-026  0.87272619E-026  0.87272619E-026  0.87272619E-026  0.87272619E-026  0.87272619E-026  0.87272619E-026  0.87272619E-026  0.87272619E-026  0.87272619E-026  0.87272619E-026  0.87272619E-026  0.87272619E-026  0.87272619E-026  0.87272619E-026  0.87272619E-026
  0.65299828E-024  0.65299828E-024  0.65299828E-024  0.65299828E-024  0.65299828E-024  0.65299828E-024  0.65299828E-024  0.65299828E-024  0.65299828E-024  0.65299828E-024  0.65299828E-024  0.65299828E-024  0.65299828E-024  0.65299828E-024  0.65299828E-024  0.65299828E-024  0.65299828E-024  0.65299828E-024  0.65299828E-024  0.65299828E-024  0.65299828E-024  0.65299828E-024  0.65299828E-024  0.65299828E-024  0.65299828E-024  0.65299828E-024  0.65299828E-024  0.65299828E-024  0.65299828E-024  0.65299828E-024  0.65299828E-024  0.65299828E-024  0.65299828E-024  0.65299828E-024  0.65299828E-024
  0.38421594E-022  0.38421594E-022  0.38421594E-022  0.38421594E-022  0.38421594E-022  0.38421594E-022  0.38421594E-022  0.38421594E-022  0.38421594E-022  0.38421594E-022  0.38421594E-022  0.38421594E-022  0.38421594E-022  0.38421594E-022  0.38421594E-022  0.38421594E-022  0.38421594E-022  0.38421594E-022  0.38421594E-022  0.38421594E-022  0.38421594E-022  0.38421594E-022  0.38421594E-022  0.38421594E-022  0.38421594E-022  0.38421594E-022  0.38421594E-022  0.38421594E-022  0.38421594E-022  0.38421594E-022  0.38421594E-022  0.38421594E-022  0.38421594E-022  0.38421594E-022  0.38421594E-022
  0.18211437E-020  0.18211437E-020  0.18211437E-020  0.18211437E-020  0.18211437E-020  0.18211437E-020  0.18211437E-020  0.18211437E-020  0.18211437E-020  0.18211437E-020  0.18211437E-020  0.18211437E-020  0.18211437E-020  0.18211437E-020  0.18211437E-020  0.18211437E-020  0.18211437E-020  0.18211437E-020  0.18211437E-020  0.18211437E-020  0.18211437E-020  0.18211437E-020  0.18211437E-020  0.18211437E-020  0.18211437E-020  0.18211437E-020  0.18211437E-020  0.18211437E-020  0.18211437E-020  0.18211437E-020  0.18211437E-020  0.18211437E-020  0.18211437E-020  0.18211437E-020  0.18211437E-020
  0.70661357E-019  0.70661357E-019  0.70661357E-019  0.70661357E-019  0.70661357E-019  0.70661357E-019  0.70661357E-019  0.70661357E-019  0.70661357E-019  0.70661357E-019  0.70661357E-019  0.70661357E-019  0.70661357E-019  0.70661357E-019  0.70661357E-019  0.70661357E-019  0.70661357E-019  0.70661357E-019  0.70661357E-019  0.70661357E-019  0.70661357E-019  0.70661357E-019  0.70661357E-019  0.70661357E-019  0.70661357E-019  0.70661357E-019  0.70661357E-019  0.70661357E-019  0.70661357E-019  0.70661357E-019  0.70661357E-019  0.70661357E-019  0.70661357E-019  0.70661357E-019  0.70661357E-019
  0.20215194E-016  0.20215194E-016  0.20215194E-016  0.20215194E-016  0.20215194E-016  0.20215194E-016  0.20215194E-016  0.20215194E-016  0.20215194E-016  0.20215194E-016  0.20215194E-016  0.20215194E-016  0.20215194E-016  0.20215194E-016  0.20215194E-016  0.20215194E-016  0.20215194E-016  0.20215194E-016  0.20215194E-016  0.20215194E-016  0.20215194E-016  0.20215194E-016  0.20215194E-016  0.20215194E-016  0.20215194E-016  0.20215194E-016  0.20215194E-016  0.20215194E-016  0.20215194E-016  0.20215194E-016  0.20215194E-016  0.20215194E-016  0.20215194E-016  0.20215194E-016  0.20215194E-016
  0.46251989E-014  0.46251989E-014  0.46251989E-014  0.46251989E-014  0.46251989E-014  0.46251989E-014  0.46251989E-014  0.46251989E-014  0.46251989E-014  0.46251989E-014  0.46251989E-014  0.46251989E-014  0.46251989E-014  0.46251989E-014  0.46251989E-014  0.46251989E-014  0.46251989E-014  0.46251989E-014  0.46251989E-014  0.46251989E-014  0.46251989E-014  0.46251989E-014  0.46251989E-014  0.46251989E-014  0.46251989E-014  0.46251989E-014  0.46251989E-014  0.46251989E-014  0.46251989E-014  0.46251989E-014  0.46251989E-014  0.46251989E-014  0.46251989E-014  0.46251989E-014  0.46251989E-014
  0.85191809E-012  0.85191809E-012  0.85191809E-012  0.85191809E-012  0.85191809E-012  0.85191809E-012  0.85191809E-012  0.85191809E-012  0.85191809E-012  0.85191809E-012  0.85191809E-012  0.85191809E-012  0.85191809E-012  0.85191809E-012  0.85191809E-012  0.85191809E-012  0.85191809E-012  0.85191809E-012  0.85191809E-012  0.85191809E-012  0.85191809E-012  0.85191809E-012  0.85191809E-012  0.85191809E-012  0.85191809E-012  0.85191809E-012  0.85191809E-012  0.85191809E-012  0.85191809E-012  0.85191809E-012  0.85191809E-012  0.85191809E-012  0.85191809E-012  0.85191809E-012  0.85191809E-012
  0.12646943E-009  0.12646943E-009  0.12646943E-009  0.12646943E-009  0.12646943E-009  0.12646943E-009  0.12646943E-009  0.12646943E-009  0.12646943E-009  0.12646943E-009  0.12646943E-009  0.12646943E-009  0.12646943E-009  0.12646943E-009  0.12646943E-009  0.12646943E-009  0.12646943E-009  0.12646943E-009  0.12646943E-009  0.12646943E-009  0.12646943E-009  0.12646943E-009  0.12646943E-009  0.12646943E-009  0.12646943E-009  0.12646943E-009  0.12646943E-009  0.12646943E-009  0.12646943E-009  0.12646943E-009  0.12646943E-009  0.12646943E-009  0.12646943E-009  0.12646943E-009  0.12646943E-009
  0.15067334E-007  0.15067334E-007  0.15067334E-007  0.15067334E-007  0.15067334E-007  0.15067334E-007  0.15067334E-007  0.15067334E-007  0.15067334E-007  0.15067334E-007  0.15067334E-007  0.15067334E-007  0.15067334E-007  0.15067334E-007  0.15067334E-007  0.15067334E-007  0.15067334E-007  0.15067334E-007  0.15067334E-007  0.15067334E-007  0.15067334E-007  0.15067334E-007  0.15067334E-007  0.15067334E-007  0.15067334E-007  0.15067334E-007  0.15067334E-007  0.15067334E-007  0.15067334E-007  0.15067334E-007  0.15067334E-007  0.15067334E-007  0.15067334E-007  0.15067334E-007  0.15067334E-007
  0.14254471E-005  0.14254471E-005  0.14254471E-005  0.14254471E-005  0.14254471E-005  0.14254471E-005  0.14254471E-005  0.14254471E-005  0.14254471E-005  0.14254471E-005  0.14254471E-005  0.14254471E-005  0.14254471E-005  0.14254471E-005  0.14254471E-005  0.14254471E-005  0.14254471E-005  0.14254471E-005  0.14254471E-005  0.14254471E-005  0.14254471E-005  0.14254471E-005  0.14254471E-005  0.14254471E-005  0.14254471E-005  0.14254471E-005  0.14254471E-005  0.14254471E-005  0.14254471E-005  0.14254471E-005  0.14254471E-005  0.14254471E-005  0.14254471E-005  0.14254471E-005  0.14254471E-005
  0.10506512E-003  0.10506512E-003  0.10506512E-003  0.10506512E-003  0.10506512E-003  0.10506512E-003  0.10506512E-003  0.10506512E-003  0.10506512E-003  0.10506512E-003  0.10506512E-003  0.10506512E-003  0.10506512E-003  0.10506512E-003  0.10506512E-003  0.10506512E-003  0.10506512E-003  0.10506512E-003  0.10506512E-003  0.10506512E-003  0.10506512E-003  0.10506512E-003  0.10506512E-003  0.10506512E-003  0.10506512E-003  0.10506512E-003  0.10506512E-003  0.10506512E-003  0.10506512E-003  0.10506512E-003  0.10506512E-003  0.10506512E-003  0.10506512E-003  0.10506512E-003  0.10506512E-003
  0.58423502E-002  0.58423502E-002  0.58423502E-002  0.58423502E-002  0.58423502E-002  0.58423502E-002  0.58423502E-002  0.58423502E-002  0.58423502E-002  0.58423502E-002  0.58423502E-002  0.58423502E-002  0.58423502E-002  0.58423502E-002  0.58423502E-002  0.58423502E-002  0.58423502E-002  0.58423502E-002  0.58423502E-002  0.58423502E-002  0.58423502E-002  0.58423502E-002  0.58423502E-002  0.58423502E-002  0.58423502E-002  0.58423502E-002  0.58423502E-002  0.58423502E-002  0.58423502E-002  0.58423502E-002  0.58423502E-002  0.58423502E-002  0.58423502E-002  0.58423502E-002  0.58423502E-002
  0.23172549E+000  0.23172549E+000  0.23172549E+000  0.23172549E+000  0.23172549E+000  0.23172549E+000  0.23172549E+000  0.23172549E+000  0.23172549E+000  0.23172549E+000  0.23172549E+000  0.23172549E+000  0.23172549E+000  0.23172549E+000  0.23172549E+000  0.23172549E+000  0.23172549E+000  0.23172549E+000  0.23172549E+000  0.23172549E+000  0.23172549E+000  0.23172549E+000  0.23172549E+000  0.23172549E+000  0.23172549E+000  0.23172549E+000  0.23172549E+000  0.23172549E+000  0.23172549E+000  0.23172549E+000  0.23172549E+000  0.23172549E+000  0.23172549E+000  0.23172549E+000  0.23172549E+000
  0.58692344E+001  0.58692344E+001  0.58692344E+001  0.58692344E+001  0.58692344E+001  0.58692344E+001  0.58692344E+001  0.58692344E+001  0.58692344E+001  0.58692344E+001  0.58692344E+001  0.58692344E+001  0.58692344E+001  0.58692344E+001  0.58692344E+001  0.58692344E+001  0.58692344E+001  0.58692344E+001  0.58692344E+001  0.58692344E+001  0.58692344E+001  0.58692344E+001  0.58692344E+001  0.58692344E+001  0.58692344E+001  0.58692344E+001  0.58692344E+001  0.58692344E+001  0.58692344E+001  0.58692344E+001  0.58692344E+001  0.58692344E+001  0.58692344E+001  0.58692344E+001  0.58692344E+001
  0.70477572E+002  0.70477572E+002  0.70477572E+002  0.70477572E+002  0.70477572E+002  0.70477572E+002  0.70477572E+002  0.70477572E+002  0.70477572E+002  0.70477572E+002  0.70477572E+002  0.70477572E+002  0.70477572E+002  0.70477572E+002  0.70477572E+002  0.70477572E+002  0.70477572E+002  0.70477572E+002  0.70477572E+002  0.70477572E+002  0.70477572E+002  0.70477572E+002  0.70477572E+002  0.70477572E+002  0.70477572E+002  0.70477572E+002  0.70477572E+002  0.70477572E+002  0.70477572E+002  0.70477572E+002  0.70477572E+002  0.70477572E+002  0.70477572E+002  0.70477572E+002  0.70477572E+002
 -0.10757278E+003 -0.10757278E+003 -0.10757278E+003 -0.10757278E+003 -0.10757278E+003 -0.10757278E+003 -0.10757278E+003 -0.10757278E+003 -0.10757278E+003 -0.10757278E+003 -0.10757278E+003 -0.10757278E+003 -0.10757278E+003 -0.10757278E+003 -0.10757278E+003 -0.10757278E+003 -0.10757278E+003 -0.10757278E+003 -0.10757278E+003 -0.10757278E+003 -0.10757278E+003 -0.10757278E+003 -0.10757278E+003 -0.10757278E+003 -0.10757278E+003 -0.10757278E+003 -0.10757278E+003 -0.10757278E+003 -0.10757278E+003 -0.10757278E+003 -0.10757278E+003 -0.10757278E+003 -0.10757278E+003 -0.10757278E+003 -0.10757278E+003
 -0.27262151E+002 -0.27262151E+002 -0.27262151E+002 -0.27262151E+002 -0.27262151E+002 -0.27262151E+002 -0.27262151E+002 -0.27262151E+002 -0.27262151E+002 -0.27262151E+002 -0.27262151E+002 -0.27262151E+002 -0.27262151E+002 -0.27262151E+002 -0.27262151E+002 -0.27262151E+002 -0.27262151E+002 -0.27262151E+002 -0.27262151E+002 -0.27262151E+002 -0.27262151E+002 -0.27262151E+002 -0.27262151E+002 -0.27262151E+002 -0.27262150E+002 -0.27262150E+002 -0.27262150E+002 -0.27262150E+002 -0.27262150E+002 -0.27262149E+002 -0.27262149E+002 -0.27262149E+002 -0.27262148E+002 -0.27262148E+002 -0.27262147E+002
 -0.34952630E+003 -0.34952630E+003 -0.34952630E+003 -0.34952630E+003 -0.34952630E+003 -0.34952630E+003 -0.34952630E+003 -0.34952630E+003 -0.34952630E+003 -0.34952630E+003 -0.34952630E+003 -0.34952630E+003 -0.34952630E+003 -0.34952630E+003 -0.34952630E+003 -0.34952630E+003 -0.34952630E+003 -0.34952630E+003 -0.34952630E+003 -0.34952629E+003 -0.34952629E+003 -0.34952629E+003 -0.34952629E+003 -0.34952629E+003 -0.34952628E+003 -0.34952628E+003 -0.34952628E+003 -0.34952628E+003 -0.34952628E+003 -0.34952627E+003 -0.34952627E+003 -0.34952627E+003 -0.34952627E+003 -0.34952627E+003 -0.34952626E+003
 -0.24185488E+001 -0.24185488E+001 -0.24185488E+001 -0.24185488E+001 -0.24185488E+001 -0.24185488E+001 -0.24185488E+001 -0.24185488E+001 -0.24185488E+001 -0.24185488E+001 -0.24185488E+001 -0.24185488E+001 -0.24185488E+001 -0.24185488E+001 -0.24185488E+001 -0.24185489E+001 -0.24185491E+001 -0.24185493E+001 -0.24185495E+001 -0.24185498E+001 -0.24185501E+001 -0.24185505E+001 -0.24185509E+001 -0.24185513E+001 -0.24185517E+001 -0.24185521E+001 -0.24185526E+001 -0.24185532E+001 -0.32390970E+003 -0.31502122E+003 -0.30476549E+003 -0.29324878E+003 -0.28034433E+003 -0.26591046E+003 -0.24978342E+003
