  0.00000000E+000  0.00000000E+000  0.00000000E+000  0.00000000E+000  0.00000000E+000  0.00000000E+000  0.00000000E+000  0.00000000E+000  0.00000000E+000  0.00000000E+000  0.00000000E+000  0.00000000E+000  0.00000000E+000  0.00000000E+000  0.00000000E+000  0.00000000E+000  0.00000000E+000  0.00000000E+000  0.00000000E+000  0.00000000E+000  0.00000000E+000  0.00000000E+000  0.00000000E+000  0.00000000E+000  0.00000000E+000  0.00000000E+000  0.00000000E+000  0.00000000E+000  0.00000000E+000  0.00000000E+000  0.00000000E+000  0.00000000E+000  0.00000000E+000  0.00000000E+000  0.00000000E+000
 -0.39342517E-037 -0.39342517E-037 -0.39342517E-037 -0.39342517E-037 -0.39342517E-037 -0.39342517E-037 -0.39342517E-037 -0.39342517E-037 -0.39342517E-037 -0.39342517E-037 -0.39342517E-037 -0.39342517E-037 -0.39342517E-037 -0.39342517E-037 -0.39342517E-037 -0.39342517E-037 -0.39342517E-037 -0.39342517E-037 -0.39342517E-037 -0.39342517E-037 -0.39342517E-037 -0.39342517E-037 -0.39342517E-037 -0.39342517E-037 -0.39342517E-037 -0.39342517E-037 -0.39342517E-037 -0.39342517E-037 -0.39342517E-037 -0.39342517E-037 -0.39342517E-037 -0.39342517E-037 -0.39342517E-037 -0.39342517E-037 -0.39342517E-037
 -0.17752980E-034 -0.17752980E-034 -0.17752980E-034 -0.17752980E-034 -0.17752980E-034 -0.17752980E-034 -0.17752980E-034 -0.17752980E-034 -0.17752980E-034 -0.17752980E-034 -0.17752980E-034 -0.17752980E-034 -0.17752980E-034 -0.17752980E-034 -0.17752980E-034 -0.17752980E-034 -0.17752980E-034 -0.17752980E-034 -0.17752980E-034 -0.17752980E-034 -0.17752980E-034 -0.17752980E-034 -0.17752980E-034 -0.17752980E-034 -0.17752980E-034 -0.17752980E-034 -0.17752980E-034 -0.17752980E-034 -0.17752980E-034 -0.17752980E-034 -0.17752980E-034 -0.17752980E-034 -0.17752980E-034 -0.17752980E-034 -0.17752980E-034
 -0.38160043E-032 -0.38160043E-032 -0.38160043E-032 -0.38160043E-032 -0.38160043E-032 -0.38160043E-032 -0.38160043E-032 -0.38160043E-032 -0.38160043E-032 -0.38160043E-032 -0.38160043E-032 -0.38160043E-032 -0.38160043E-032 -0.38160043E-032 -0.38160043E-032 -0.38160043E-032 -0.38160043E-032 -0.38160043E-032 -0.38160043E-032 -0.38160043E-032 -0.38160043E-032 -0.38160043E-032 -0.38160043E-032 -0.38160043E-032 -0.38160043E-032 -0.38160043E-032 -0.38160043E-032 -0.38160043E-032 -0.38160043E-032 -0.38160043E-032 -0.38160043E-032 -0.38160043E-032 -0.38160043E-032 -0.38160043E-032 -0.38160043E-032
 -0.51931734E-030 -0.51931734E-030 -0.51931734E-030 -0.51931734E-030 -0.51931734E-030 -0.51931734E-030 -0.51931734E-030 -0.51931734E-030 -0.51931734E-030 -0.51931734E-030 -0.51931734E-030 -0.51931734E-030 -0.51931734E-030 -0.51931734E-030 -0.51931734E-030 -0.51931734E-030 -0.51931734E-030 -0.51931734E-030 -0.51931734E-030 -0.51931734E-030 -0.51931734E-030 -0.51931734E-030 -0.51931734E-030 -0.51931734E-030 -0.51931734E-030 -0.51931734E-030 -0.51931734E-030 -0.51931734E-030 -0.51931734E-030 -0.51931734E-030 -0.51931734E-030 -0.51931734E-030 -0.51931734E-030 -0.51931734E-030 -0.51931734E-030
 -0.50155266E-028 -0.50155266E-028 -0.50155266E-028 -0.50155266E-028 -0.50155266E-028 -0.50155266E-028 -0.50155266E-028 -0.50155266E-028 -0.50155266E-028 -0.50155266E-028 -0.50155266E-028 -0.50155266E-028 -0.50155266E-028 -0.50155266E-028 -0.50155266E-028 -0.50155266E-028 -0.50155266E-028 -0.50155266E-028 -0.50155266E-028 -0.50155266E-028 -0.50155266E-028 -0.50155266E-028 -0.50155266E-028 -0.50155266E-028 -0.50155266E-028 -0.50155266E-028 -0.50155266E-028 -0.50155266E-028 -0.50155266E-028 -0.50155266E-028 -0.50155266E-028 -0.50155266E-028 -0.50155266E-028 -0.50155266E-028 -0.50155266E-028
 -0.36514006E-026 -0.36514006E-026 -0.36514006E-026 -0.36514006E-026 -0.36514006E-026 -0.36514006E-026 -0.36514006E-026 -0.36514006E-026 -0.36514006E-026 -0.36514006E-026 -0.36514006E-026 -0.36514006E-026 -0.36514006E-026 -0.36514006E-026 -0.36514006E-026 -0.36514006E-026 -0.36514006E-026 -0.36514006E-026 -0.36514006E-026 -0.36514006E-026 -0.36514006E-026 -0.36514006E-026 -0.36514006E-026 -0.36514006E-026 -0.36514006E-026 -0.36514006E-026 -0.36514006E-026 -0.36514006E-026 -0.36514006E-026 -0.36514006E-026 -0.36514006E-026 -0.36514006E-026 -0.36514006E-026 -0.36514006E-026 -0.36514006E-026
 -0.20770049E-024 -0.20770049E-024 -0.20770049E-024 -0.20770049E-024 -0.20770049E-024 -0.20770049E-024 -0.20770049E-024 -0.20770049E-024 -0.20770049E-024 -0.20770049E-024 -0.20770049E-024 -0.20770049E-024 -0.20770049E-024 -0.20770049E-024 -0.20770049E-024 -0.20770049E-024 -0.20770049E-024 -0.20770049E-024 -0.20770049E-024 -0.20770049E-024 -0.20770049E-024 -0.20770049E-024 -0.20770049E-024 -0.20770049E-024 -0.20770049E-024 -0.20770049E-024 -0.20770049E-024 -0.20770049E-024 -0.20770049E-024 -0.20770049E-024 -0.20770049E-024 -0.20770049E-024 -0.20770049E-024 -0.20770049E-024 -0.20770049E-024
 -0.94384217E-023 -0.94384217E-023 -0.94384217E-023 -0.94384217E-023 -0.94384217E-023 -0.94384217E-023 -0.94384217E-023 -0.94384217E-023 -0.94384217E-023 -0.94384217E-023 -0.94384217E-023 -0.94384217E-023 -0.94384217E-023 -0.94384217E-023 -0.94384217E-023 -0.94384217E-023 -0.94384217E-023 -0.94384217E-023 -0.94384217E-023 -0.94384217E-023 -0.94384217E-023 -0.94384217E-023 -0.94384217E-023 -0.94384217E-023 -0.94384217E-023 -0.94384217E-023 -0.94384217E-023 -0.94384217E-023 -0.94384217E-023 -0.94384217E-023 -0.94384217E-023 -0.94384217E-023 -0.94384217E-023 -0.94384217E-023 -0.94384217E-023
 -0.34722496E-021 -0.34722496E-021 -0.34722496E-021 -0.34722496E-021 -0.34722496E-021 -0.34722496E-021 -0.34722496E-021 -0.34722496E-021 -0.34722496E-021 -0.34722496E-021 -0.34722496E-021 -0.34722496E-021 -0.34722496E-021 -0.34722496E-021 -0.34722496E-021 -0.34722496E-021 -0.34722496E-021 -0.34722496E-021 -0.34722496E-021 -0.34722496E-021 -0.34722496E-021 -0.34722496E-021 -0.34722496E-021 -0.34722496E-021 -0.34722496E-021 -0.34722496E-021 -0.34722496E-021 -0.34722496E-021 -0.34722496E-021 -0.34722496E-021 -0.34722496E-021 -0.34722496E-021 -0.34722496E-021 -0.34722496E-021 -0.34722496E-021
 -0.92571226E-019 -0.92571226E-019 -0.92571226E-019 -0.92571226E-019 -0.92571226E-019 -0.92571226E-019 -0.92571226E-019 -0.92571226E-019 -0.92571226E-019 -0.92571226E-019 -0.92571226E-019 -0.92571226E-019 -0.92571226E-019 -0.92571226E-019 -0.92571226E-019 -0.92571226E-019 -0.92571226E-019 -0.92571226E-019 -0.92571226E-019 -0.92571226E-019 -0.92571226E-019 -0.92571226E-019 -0.92571226E-019 -0.92571226E-019 -0.92571226E-019 -0.92571226E-019 -0.92571226E-019 -0.92571226E-019 -0.92571226E-019 -0.92571226E-019 -0.92571226E-019 -0.92571226E-019 -0.92571226E-019 -0.92571226E-019 -0.92571226E-019
 -0.19268680E-016 -0.19268680E-016 -0.19268680E-016 -0.19268680E-016 -0.19268680E-016 -0.19268680E-016 -0.19268680E-016 -0.19268680E-016 -0.19268680E-016 -0.19268680E-016 -0.19268680E-016 -0.19268680E-016 -0.19268680E-016 -0.19268680E-016 -0.19268680E-016 -0.19268680E-016 -0.19268680E-016 -0.19268680E-016 -0.19268680E-016 -0.19268680E-016 -0.19268680E-016 -0.19268680E-016 -0.19268680E-016 -0.19268680E-016 -0.19268680E-016 -0.19268680E-016 -0.19268680E-016 -0.19268680E-016 -0.19268680E-016 -0.19268680E-016 -0.19268680E-016 -0.19268680E-016 -0.19268680E-016 -0.19268680E-016 -0.19268680E-016
 -0.31088453E-014 -0.31088453E-014 -0.31088453E-014 -0.31088453E-014 -0.31088453E-014 -0.31088453E-014 -0.31088453E-014 -0.31088453E-014 -0.31088453E-014 -0.31088453E-014 -0.31088453E-014 -0.31088453E-014 -0.31088453E-014 -0.31088453E-014 -0.31088453E-014 -0.31088453E-014 -0.31088453E-014 -0.31088453E-014 -0.31088453E-014 -0.31088453E-014 -0.31088453E-014 -0.31088453E-014 -0.31088453E-014 -0.31088453E-014 -0.31088453E-014 -0.31088453E-014 -0.31088453E-014 -0.31088453E-014 -0.31088453E-014 -0.31088453E-014 -0.31088453E-014 -0.31088453E-014 -0.31088453E-014 -0.31088453E-014 -0.31088453E-014
 -0.37848292E-012 -0.37848292E-012 -0.37848292E-012 -0.37848292E-012 -0.37848292E-012 -0.37848292E-012 -0.37848292E-012 -0.37848292E-012 -0.37848292E-012 -0.37848292E-012 -0.37848292E-012 -0.37848292E-012 -0.37848292E-012 -0.37848292E-012 -0.37848292E-012 -0.37848292E-012 -0.37848292E-012 -0.37848292E-012 -0.37848292E-012 -0.37848292E-012 -0.37848292E-012 -0.37848292E-012 -0.37848292E-012 -0.37848292E-012 -0.37848292E-012 -0.37848292E-012 -0.37848292E-012 -0.37848292E-012 -0.37848292E-012 -0.37848292E-012 -0.37848292E-012 -0.37848292E-012 -0.37848292E-012 -0.37848292E-012 -0.37848292E-012
 -0.32272259E-010 -0.32272259E-010 -0.32272259E-010 -0.32272259E-010 -0.32272259E-010 -0.32272259E-010 -0.32272259E-010 -0.32272259E-010 -0.32272259E-010 -0.32272259E-010 -0.32272259E-010 -0.32272259E-010 -0.32272259E-010 -0.32272259E-010 -0.32272259E-010 -0.32272259E-010 -0.32272259E-010 -0.32272259E-010 -0.32272259E-010 -0.32272259E-010 -0.32272259E-010 -0.32272259E-010 -0.32272259E-010 -0.32272259E-010 -0.32272259E-010 -0.32272259E-010 -0.32272259E-010 -0.32272259E-010 -0.32272259E-010 -0.32272259E-010 -0.32272259E-010 -0.32272259E-010 -0.32272259E-010 -0.32272259E-010 -0.32272259E-010
 -0.14420309E-008 -0.14420309E-008 -0.14420309E-008 -0.14420309E-008 -0.14420309E-008 -0.14420309E-008 -0.14420309E-008 -0.14420309E-008 -0.14420309E-008 -0.14420309E-008 -0.14420309E-008 -0.14420309E-008 -0.14420309E-008 -0.14420309E-008 -0.14420309E-008 -0.14420309E-008 -0.14420309E-008 -0.14420309E-008 -0.14420309E-008 -0.14420309E-008 -0.14420309E-008 -0.14420309E-008 -0.14420309E-008 -0.14420309E-008 -0.14420309E-008 -0.14420309E-008 -0.14420309E-008 -0.14420309E-008 -0.14420309E-008 -0.14420309E-008 -0.14420309E-008 -0.14420309E-008 -0.14420309E-008 -0.14420309E-008 -0.14420309E-008
  0.56368254E-007  0.56368254E-007  0.56368254E-007  0.56368254E-007  0.56368254E-007  0.56368254E-007  0.56368254E-007  0.56368254E-007  0.56368254E-007  0.56368254E-007  0.56368254E-007  0.56368254E-007  0.56368254E-007  0.56368254E-007  0.56368254E-007  0.56368254E-007  0.56368254E-007  0.56368254E-007  0.56368254E-007  0.56368254E-007  0.56368254E-007  0.56368254E-007  0.56368254E-007  0.56368254E-007  0.56368254E-007  0.56368254E-007  0.56368254E-007  0.56368254E-007  0.56368254E-007  0.56368254E-007  0.56368254E-007  0.56368254E-007  0.56368254E-007  0.56368254E-007  0.56368254E-007
  0.15982112E-004  0.15982112E-004  0.15982112E-004  0.15982112E-004  0.15982112E-004  0.15982112E-004  0.15982112E-004  0.15982112E-004  0.15982112E-004  0.15982112E-004  0.15982112E-004  0.15982112E-004  0.15982112E-004  0.15982112E-004  0.15982112E-004  0.15982112E-004  0.15982112E-004  0.15982112E-004  0.15982112E-004  0.15982112E-004  0.15982112E-004  0.15982112E-004  0.15982112E-004  0.15982112E-004  0.15982112E-004  0.15982112E-004  0.15982112E-004  0.15982112E-004  0.15982112E-004  0.15982112E-004  0.15982112E-004  0.15982112E-004  0.15982112E-004  0.15982112E-004  0.15982112E-004
  0.13835436E-002  0.13835436E-002  0.13835436E-002  0.13835436E-002  0.13835436E-002  0.13835436E-002  0.13835436E-002  0.13835436E-002  0.13835436E-002  0.13835436E-002  0.13835436E-002  0.13835436E-002  0.13835436E-002  0.13835436E-002  0.13835436E-002  0.13835436E-002  0.13835436E-002  0.13835436E-002  0.13835436E-002  0.13835436E-002  0.13835436E-002  0.13835436E-002  0.13835436E-002  0.13835436E-002  0.13835436E-002  0.13835436E-002  0.13835436E-002  0.13835436E-002  0.13835436E-002  0.13835436E-002  0.13835436E-002  0.13835436E-002  0.13835436E-002  0.13835436E-002  0.13835436E-002
  0.62320833E-001  0.62320833E-001  0.62320833E-001  0.62320833E-001  0.62320833E-001  0.62320833E-001  0.62320833E-001  0.62320833E-001  0.62320833E-001  0.62320833E-001  0.62320833E-001  0.62320833E-001  0.62320833E-001  0.62320833E-001  0.62320833E-001  0.62320833E-001  0.62320833E-001  0.62320833E-001  0.62320832E-001  0.62320832E-001  0.62320832E-001  0.62320831E-001  0.62320831E-001  0.62320831E-001  0.62320830E-001  0.62320830E-001  0.62320830E-001  0.62320829E-001  0.62320829E-001  0.62320828E-001  0.62320828E-001  0.62320827E-001  0.62320826E-001  0.62320825E-001  0.62320824E-001
  0.80655016E+000  0.80655016E+000  0.80655016E+000  0.80655016E+000  0.80655016E+000  0.80655016E+000  0.80655016E+000  0.80655016E+000  0.80655016E+000  0.80655016E+000  0.80655016E+000  0.80655016E+000  0.80655016E+000  0.80655016E+000  0.80655016E+000  0.80655015E+000  0.80655014E+000  0.80655014E+000 -0.19832630E+001  0.40177037E+000  0.40177037E+000  0.40177037E+000  0.40177037E+000  0.40177037E+000  0.40177037E+000  0.40177037E+000  0.40177037E+000  0.40177037E+000  0.40177037E+000  0.40177037E+000  0.40177037E+000  0.40177037E+000  0.40177037E+000  0.40177037E+000  0.40177037E+000
 -0.70220283E+002 -0.70220250E+002 -0.70220143E+002 -0.70266251E+002 -0.70265874E+002 -0.70265324E+002 -0.70264774E+002 -0.70264397E+002 -0.70264168E+002 -0.70264061E+002 -0.70264038E+002 -0.70264027E+002 -0.70263954E+002 -0.70263768E+002 -0.70263423E+002 -0.70262875E+002 -0.70262080E+002 -0.70260561E+002 -0.70258582E+002 -0.70256085E+002 -0.70253016E+002 -0.70249320E+002 -0.70244945E+002 -0.70239837E+002 -0.70233945E+002 -0.70227217E+002 -0.70219602E+002 -0.70211051E+002 -0.70201512E+002 -0.70190937E+002 -0.70179275E+002 -0.70161361E+002 -0.70147383E+002 -0.70132173E+002 -0.70115685E+002
 -0.36025551E+000 -0.34818582E+000 -0.29195733E+000 -0.13185000E+000 -0.13150534E+000 -0.13100281E+000 -0.13050028E+000 -0.13021168E+000 -0.13003702E+000 -0.12995512E+000 -0.12993754E+000 -0.12992857E+000 -0.12987259E+000 -0.12973067E+000 -0.12946693E+000 -0.12904722E+000 -0.12843863E+000 -0.12760917E+000 -0.12652764E+000 -0.12555375E+000 -0.12431825E+000 -0.12281972E+000 -0.12103037E+000 -0.11892096E+000 -0.11646065E+000 -0.11361764E+000 -0.11036162E+000 -0.10667190E+000 -0.10255630E+000 -0.97993429E-001 -0.92962101E-001 -0.87018102E-001 -0.80524594E-001 -0.73459257E-001 -0.65799878E-001
 -0.13411974E+001 -0.13411974E+001 -0.13411974E+001 -0.13410288E+001 -0.17159326E+001 -0.12754274E+001 -0.12754274E+001 -0.64266721E+002 -0.64258370E+002 -0.64258370E+002 -0.64258370E+002 -0.64062679E+002 -0.64061827E+002 -0.64061827E+002 -0.64061827E+002 -0.64061827E+002 -0.64061827E+002 -0.64061827E+002 -0.64061827E+002 -0.64061827E+002 -0.53727366E+002 -0.51298168E+002 -0.48431176E+002 -0.45105224E+002 -0.41326316E+002 -0.37186386E+002 -0.33029982E+002 -0.29843994E+002 -0.29843993E+002 -0.29843993E+002 -0.29843993E+002 -0.25210180E+001 -0.25210180E+001 -0.25210180E+001 -0.25210013E+001
 -0.30676796E-001 -0.30676796E-001 -0.30676796E-001 -0.63229624E+000 -0.32255864E+000 -0.25002730E+000 -0.25002730E+000 -0.25002730E+000 -0.25002730E+000 -0.25002730E+000 -0.25002730E+000 -0.25002730E+000 -0.25002730E+000 -0.25002730E+000 -0.25002730E+000 -0.25002730E+000 -0.25002730E+000 -0.25002730E+000 -0.87030512E+001 -0.59040661E+001 -0.59040661E+001 -0.59040661E+001 -0.59040659E+001 -0.59040657E+001 -0.59040655E+001 -0.59040653E+001 -0.59040650E+001 -0.59040647E+001 -0.59040643E+001 -0.59040638E+001 -0.59040640E+001 -0.59040637E+001 -0.59040630E+001 -0.59040623E+001 -0.59040614E+001
