  0.00000000E+000  0.00000000E+000  0.00000000E+000  0.00000000E+000  0.00000000E+000  0.00000000E+000  0.00000000E+000  0.00000000E+000  0.00000000E+000  0.00000000E+000  0.00000000E+000  0.00000000E+000  0.00000000E+000  0.00000000E+000  0.00000000E+000  0.00000000E+000  0.00000000E+000  0.00000000E+000  0.00000000E+000  0.00000000E+000  0.00000000E+000  0.00000000E+000  0.00000000E+000  0.00000000E+000  0.00000000E+000  0.00000000E+000  0.00000000E+000  0.00000000E+000  0.00000000E+000  0.00000000E+000  0.00000000E+000  0.00000000E+000  0.00000000E+000  0.00000000E+000  0.00000000E+000
  0.56430410E-030  0.56430410E-030  0.56430410E-030  0.56430410E-030  0.56430410E-030  0.56430410E-030  0.56430410E-030  0.56430410E-030  0.56430410E-030  0.56430410E-030  0.56430410E-030  0.56430410E-030  0.56430410E-030  0.56430410E-030  0.56430410E-030  0.56430410E-030  0.56430410E-030  0.56430410E-030  0.56430410E-030  0.56430410E-030  0.56430410E-030  0.56430410E-030  0.56430410E-030  0.56430410E-030  0.56430410E-030  0.56430410E-030  0.56430410E-030  0.56430410E-030  0.56430410E-030  0.56430410E-030  0.56430410E-030  0.56430410E-030  0.56430410E-030  0.56430410E-030  0.56430410E-030
  0.13472218E-027  0.13472218E-027  0.13472218E-027  0.13472218E-027  0.13472218E-027  0.13472218E-027  0.13472218E-027  0.13472218E-027  0.13472218E-027  0.13472218E-027  0.13472218E-027  0.13472218E-027  0.13472218E-027  0.13472218E-027  0.13472218E-027  0.13472218E-027  0.13472218E-027  0.13472218E-027  0.13472218E-027  0.13472218E-027  0.13472218E-027  0.13472218E-027  0.13472218E-027  0.13472218E-027  0.13472218E-027  0.13472218E-027  0.13472218E-027  0.13472218E-027  0.13472218E-027  0.13472218E-027  0.13472218E-027  0.13472218E-027  0.13472218E-027  0.13472218E-027  0.13472218E-027
  0.15370997E-025  0.15370997E-025  0.15370997E-025  0.15370997E-025  0.15370997E-025  0.15370997E-025  0.15370997E-025  0.15370997E-025  0.15370997E-025  0.15370997E-025  0.15370997E-025  0.15370997E-025  0.15370997E-025  0.15370997E-025  0.15370997E-025  0.15370997E-025  0.15370997E-025  0.15370997E-025  0.15370997E-025  0.15370997E-025  0.15370997E-025  0.15370997E-025  0.15370997E-025  0.15370997E-025  0.15370997E-025  0.15370997E-025  0.15370997E-025  0.15370997E-025  0.15370997E-025  0.15370997E-025  0.15370997E-025  0.15370997E-025  0.15370997E-025  0.15370997E-025  0.15370997E-025
  0.11150510E-023  0.11150510E-023  0.11150510E-023  0.11150510E-023  0.11150510E-023  0.11150510E-023  0.11150510E-023  0.11150510E-023  0.11150510E-023  0.11150510E-023  0.11150510E-023  0.11150510E-023  0.11150510E-023  0.11150510E-023  0.11150510E-023  0.11150510E-023  0.11150510E-023  0.11150510E-023  0.11150510E-023  0.11150510E-023  0.11150510E-023  0.11150510E-023  0.11150510E-023  0.11150510E-023  0.11150510E-023  0.11150510E-023  0.11150510E-023  0.11150510E-023  0.11150510E-023  0.11150510E-023  0.11150510E-023  0.11150510E-023  0.11150510E-023  0.11150510E-023  0.11150510E-023
  0.57722460E-022  0.57722460E-022  0.57722460E-022  0.57722460E-022  0.57722460E-022  0.57722460E-022  0.57722460E-022  0.57722460E-022  0.57722460E-022  0.57722460E-022  0.57722460E-022  0.57722460E-022  0.57722460E-022  0.57722460E-022  0.57722460E-022  0.57722460E-022  0.57722460E-022  0.57722460E-022  0.57722460E-022  0.57722460E-022  0.57722460E-022  0.57722460E-022  0.57722460E-022  0.57722460E-022  0.57722460E-022  0.57722460E-022  0.57722460E-022  0.57722460E-022  0.57722460E-022  0.57722460E-022  0.57722460E-022  0.57722460E-022  0.57722460E-022  0.57722460E-022  0.57722460E-022
  0.22686607E-020  0.22686607E-020  0.22686607E-020  0.22686607E-020  0.22686607E-020  0.22686607E-020  0.22686607E-020  0.22686607E-020  0.22686607E-020  0.22686607E-020  0.22686607E-020  0.22686607E-020  0.22686607E-020  0.22686607E-020  0.22686607E-020  0.22686607E-020  0.22686607E-020  0.22686607E-020  0.22686607E-020  0.22686607E-020  0.22686607E-020  0.22686607E-020  0.22686607E-020  0.22686607E-020  0.22686607E-020  0.22686607E-020  0.22686607E-020  0.22686607E-020  0.22686607E-020  0.22686607E-020  0.22686607E-020  0.22686607E-020  0.22686607E-020  0.22686607E-020  0.22686607E-020
  0.70322033E-019  0.70322033E-019  0.70322033E-019  0.70322033E-019  0.70322033E-019  0.70322033E-019  0.70322033E-019  0.70322033E-019  0.70322033E-019  0.70322033E-019  0.70322033E-019  0.70322033E-019  0.70322033E-019  0.70322033E-019  0.70322033E-019  0.70322033E-019  0.70322033E-019  0.70322033E-019  0.70322033E-019  0.70322033E-019  0.70322033E-019  0.70322033E-019  0.70322033E-019  0.70322033E-019  0.70322033E-019  0.70322033E-019  0.70322033E-019  0.70322033E-019  0.70322033E-019  0.70322033E-019  0.70322033E-019  0.70322033E-019  0.70322033E-019  0.70322033E-019  0.70322033E-019
  0.17629340E-017  0.17629340E-017  0.17629340E-017  0.17629340E-017  0.17629340E-017  0.17629340E-017  0.17629340E-017  0.17629340E-017  0.17629340E-017  0.17629340E-017  0.17629340E-017  0.17629340E-017  0.17629340E-017  0.17629340E-017  0.17629340E-017  0.17629340E-017  0.17629340E-017  0.17629340E-017  0.17629340E-017  0.17629340E-017  0.17629340E-017  0.17629340E-017  0.17629340E-017  0.17629340E-017  0.17629340E-017  0.17629340E-017  0.17629340E-017  0.17629340E-017  0.17629340E-017  0.17629340E-017  0.17629340E-017  0.17629340E-017  0.17629340E-017  0.17629340E-017  0.17629340E-017
  0.36369698E-016  0.36369698E-016  0.36369698E-016  0.36369698E-016  0.36369698E-016  0.36369698E-016  0.36369698E-016  0.36369698E-016  0.36369698E-016  0.36369698E-016  0.36369698E-016  0.36369698E-016  0.36369698E-016  0.36369698E-016  0.36369698E-016  0.36369698E-016  0.36369698E-016  0.36369698E-016  0.36369698E-016  0.36369698E-016  0.36369698E-016  0.36369698E-016  0.36369698E-016  0.36369698E-016  0.36369698E-016  0.36369698E-016  0.36369698E-016  0.36369698E-016  0.36369698E-016  0.36369698E-016  0.36369698E-016  0.36369698E-016  0.36369698E-016  0.36369698E-016  0.36369698E-016
  0.54329468E-014  0.54329468E-014  0.54329468E-014  0.54329468E-014  0.54329468E-014  0.54329468E-014  0.54329468E-014  0.54329468E-014  0.54329468E-014  0.54329468E-014  0.54329468E-014  0.54329468E-014  0.54329468E-014  0.54329468E-014  0.54329468E-014  0.54329468E-014  0.54329468E-014  0.54329468E-014  0.54329468E-014  0.54329468E-014  0.54329468E-014  0.54329468E-014  0.54329468E-014  0.54329468E-014  0.54329468E-014  0.54329468E-014  0.54329468E-014  0.54329468E-014  0.54329468E-014  0.54329468E-014  0.54329468E-014  0.54329468E-014  0.54329468E-014  0.54329468E-014  0.54329468E-014
  0.65072947E-012  0.65072947E-012  0.65072947E-012  0.65072947E-012  0.65072947E-012  0.65072947E-012  0.65072947E-012  0.65072947E-012  0.65072947E-012  0.65072947E-012  0.65072947E-012  0.65072947E-012  0.65072947E-012  0.65072947E-012  0.65072947E-012  0.65072947E-012  0.65072947E-012  0.65072947E-012  0.65072947E-012  0.65072947E-012  0.65072947E-012  0.65072947E-012  0.65072947E-012  0.65072947E-012  0.65072947E-012  0.65072947E-012  0.65072947E-012  0.65072947E-012  0.65072947E-012  0.65072947E-012  0.65072947E-012  0.65072947E-012  0.65072947E-012  0.65072947E-012  0.65072947E-012
  0.63000780E-010  0.63000780E-010  0.63000780E-010  0.63000780E-010  0.63000780E-010  0.63000780E-010  0.63000780E-010  0.63000780E-010  0.63000780E-010  0.63000780E-010  0.63000780E-010  0.63000780E-010  0.63000780E-010  0.63000780E-010  0.63000780E-010  0.63000780E-010  0.63000780E-010  0.63000780E-010  0.63000780E-010  0.63000780E-010  0.63000780E-010  0.63000780E-010  0.63000780E-010  0.63000780E-010  0.63000780E-010  0.63000780E-010  0.63000780E-010  0.63000780E-010  0.63000780E-010  0.63000780E-010  0.63000780E-010  0.63000780E-010  0.63000780E-010  0.63000780E-010  0.63000780E-010
  0.49467274E-008  0.49467274E-008  0.49467274E-008  0.49467274E-008  0.49467274E-008  0.49467274E-008  0.49467274E-008  0.49467274E-008  0.49467274E-008  0.49467274E-008  0.49467274E-008  0.49467274E-008  0.49467274E-008  0.49467274E-008  0.49467274E-008  0.49467274E-008  0.49467274E-008  0.49467274E-008  0.49467274E-008  0.49467274E-008  0.49467274E-008  0.49467274E-008  0.49467274E-008  0.49467274E-008  0.49467274E-008  0.49467274E-008  0.49467274E-008  0.49467274E-008  0.49467274E-008  0.49467274E-008  0.49467274E-008  0.49467274E-008  0.49467274E-008  0.49467274E-008  0.49467274E-008
  0.31467222E-006  0.31467222E-006  0.31467222E-006  0.31467222E-006  0.31467222E-006  0.31467222E-006  0.31467222E-006  0.31467222E-006  0.31467222E-006  0.31467222E-006  0.31467222E-006  0.31467222E-006  0.31467222E-006  0.31467222E-006  0.31467222E-006  0.31467222E-006  0.31467222E-006  0.31467222E-006  0.31467222E-006  0.31467222E-006  0.31467222E-006  0.31467222E-006  0.31467222E-006  0.31467222E-006  0.31467222E-006  0.31467222E-006  0.31467222E-006  0.31467222E-006  0.31467222E-006  0.31467222E-006  0.31467222E-006  0.31467222E-006  0.31467222E-006  0.31467222E-006  0.31467222E-006
  0.16126037E-004  0.16126037E-004  0.16126037E-004  0.16126037E-004  0.16126037E-004  0.16126037E-004  0.16126037E-004  0.16126037E-004  0.16126037E-004  0.16126037E-004  0.16126037E-004  0.16126037E-004  0.16126037E-004  0.16126037E-004  0.16126037E-004  0.16126037E-004  0.16126037E-004  0.16126037E-004  0.16126037E-004  0.16126037E-004  0.16126037E-004  0.16126037E-004  0.16126037E-004  0.16126037E-004  0.16126037E-004  0.16126037E-004  0.16126037E-004  0.16126037E-004  0.16126037E-004  0.16126037E-004  0.16126037E-004  0.16126037E-004  0.16126037E-004  0.16126037E-004  0.16126037E-004
  0.65848870E-003  0.65848870E-003  0.65848870E-003  0.65848870E-003  0.65848870E-003  0.65848870E-003  0.65848870E-003  0.65848870E-003  0.65848870E-003  0.65848870E-003  0.65848870E-003  0.65848870E-003  0.65848870E-003  0.65848870E-003  0.65848870E-003  0.65848870E-003  0.65848870E-003  0.65848870E-003  0.65848870E-003  0.65848870E-003  0.65848870E-003  0.65848870E-003  0.65848870E-003  0.65848870E-003  0.65848870E-003  0.65848870E-003  0.65848870E-003  0.65848870E-003  0.65848870E-003  0.65848870E-003  0.65848870E-003  0.65848870E-003  0.65848870E-003  0.65848870E-003  0.65848870E-003
  0.21035581E-001  0.21035581E-001  0.21035581E-001  0.21035581E-001  0.21035581E-001  0.21035581E-001  0.21035581E-001  0.21035581E-001  0.21035581E-001  0.21035581E-001  0.21035581E-001  0.21035581E-001  0.21035581E-001  0.21035581E-001  0.21035581E-001  0.21035581E-001  0.21035581E-001  0.21035581E-001  0.21035581E-001  0.21035581E-001  0.21035581E-001  0.21035581E-001  0.21035581E-001  0.21035581E-001  0.21035581E-001  0.21035581E-001  0.21035581E-001  0.21035581E-001  0.21035581E-001  0.21035581E-001  0.21035581E-001  0.21035581E-001  0.21035581E-001  0.21035581E-001  0.21035581E-001
  0.51005668E+000  0.51005668E+000  0.51005668E+000  0.51005668E+000  0.51005668E+000  0.51005668E+000  0.51005668E+000  0.51005668E+000  0.51005668E+000  0.51005668E+000  0.51005668E+000  0.51005668E+000  0.51005668E+000  0.51005668E+000  0.51005668E+000  0.51005668E+000  0.51005668E+000  0.51005668E+000  0.51005668E+000  0.51005668E+000  0.51005668E+000  0.51005668E+000  0.51005668E+000  0.51005668E+000  0.51005668E+000  0.51005668E+000  0.51005668E+000  0.51005668E+000  0.51005668E+000  0.51005668E+000  0.51005668E+000  0.51005668E+000  0.51005668E+000  0.51005668E+000  0.51005668E+000
  0.88849870E+001  0.88849870E+001  0.88849870E+001  0.88849870E+001  0.88849870E+001  0.88849870E+001  0.88849870E+001  0.88849870E+001  0.88849870E+001  0.88849870E+001  0.88849870E+001  0.88849870E+001  0.88849870E+001  0.88849870E+001  0.88849870E+001  0.88849870E+001  0.88849870E+001  0.88849870E+001  0.88849870E+001  0.88849870E+001  0.88849870E+001  0.88849870E+001  0.88849870E+001  0.88849870E+001  0.88849870E+001  0.88849870E+001  0.88849870E+001  0.88849870E+001  0.88849870E+001  0.88849870E+001  0.88849870E+001  0.88849870E+001  0.88849870E+001  0.88849869E+001  0.88849869E+001
  0.97283254E+002  0.97283254E+002  0.97283254E+002  0.97283254E+002  0.97283254E+002  0.97283254E+002  0.97283254E+002  0.97283254E+002  0.97283254E+002  0.97283254E+002  0.97283254E+002  0.97283254E+002  0.97283254E+002  0.97283254E+002  0.97283254E+002  0.97283254E+002  0.97283254E+002  0.97283254E+002  0.89800233E+002  0.93437143E+002  0.93437143E+002  0.93437143E+002  0.93437143E+002  0.93437143E+002  0.93437143E+002  0.93437143E+002  0.93437143E+002  0.93437143E+002  0.93437143E+002  0.93437143E+002  0.93437143E+002  0.93437143E+002  0.93437143E+002  0.93437143E+002  0.93437143E+002
  0.29178374E+003  0.29178374E+003  0.29178374E+003  0.29177088E+003  0.29177088E+003  0.29177089E+003  0.29177089E+003  0.29177090E+003  0.29177090E+003  0.29177090E+003  0.29177090E+003  0.29177090E+003  0.29177090E+003  0.29177090E+003  0.29177091E+003  0.29177091E+003  0.29177092E+003  0.29177093E+003  0.29177095E+003  0.29177097E+003  0.29177100E+003  0.29177103E+003  0.29177107E+003  0.29177112E+003  0.29177117E+003  0.29177123E+003  0.29177130E+003  0.29177138E+003  0.29177147E+003  0.29177157E+003  0.29177167E+003  0.29177184E+003  0.29177197E+003  0.29177211E+003  0.29177226E+003
 -0.35519380E+001 -0.35441306E+001 -0.35075984E+001 -0.34698946E+001 -0.34695649E+001 -0.34690841E+001 -0.34686033E+001 -0.34682006E+001 -0.34679569E+001 -0.34678426E+001 -0.34678181E+001 -0.34678056E+001 -0.34677275E+001 -0.34675297E+001 -0.34671621E+001 -0.34665771E+001 -0.34657288E+001 -0.34645727E+001 -0.34630653E+001 -0.34617078E+001 -0.34600595E+001 -0.34580854E+001 -0.34557636E+001 -0.34530752E+001 -0.34500047E+001 -0.34465411E+001 -0.34426773E+001 -0.34383999E+001 -0.34336288E+001 -0.34283391E+001 -0.34225064E+001 -0.34167514E+001 -0.34104643E+001 -0.34036236E+001 -0.33962077E+001
 -0.21940297E+002 -0.21940297E+002 -0.21940297E+002 -0.21940120E+002 -0.21677638E+002 -0.21255739E+002 -0.21255739E+002  0.59728729E+002  0.59702029E+002  0.59702029E+002  0.59702029E+002  0.59532727E+002  0.59529793E+002  0.59529793E+002  0.59529793E+002  0.59529793E+002  0.59529793E+002  0.59529793E+002  0.59529793E+002  0.59529792E+002  0.54077230E+002  0.51696572E+002  0.48781215E+002  0.45230154E+002  0.40913867E+002  0.35693091E+002  0.29584074E+002  0.23606074E+002  0.23606074E+002  0.23606072E+002  0.23606070E+002 -0.18052528E+002 -0.18052528E+002 -0.18052528E+002 -0.18052511E+002
 -0.27317489E+000 -0.27317489E+000 -0.27317489E+000  0.77823938E+000  0.11017758E+001  0.11799474E+001  0.11799474E+001  0.11799474E+001  0.11799474E+001  0.11799474E+001  0.11799474E+001  0.11799474E+001  0.11799474E+001  0.11799474E+001  0.11799474E+001  0.11799474E+001  0.11799473E+001  0.11799473E+001  0.35993726E+002  0.38580833E+002  0.38580833E+002  0.38580833E+002  0.38580833E+002  0.38580833E+002  0.38580833E+002  0.38580834E+002  0.38580835E+002  0.38580837E+002  0.38580838E+002  0.38580840E+002  0.38580841E+002  0.38580843E+002  0.38580846E+002  0.38580850E+002  0.38580853E+002
