  0.00000000E+000  0.00000000E+000  0.00000000E+000  0.00000000E+000  0.00000000E+000  0.00000000E+000  0.00000000E+000  0.00000000E+000  0.00000000E+000  0.00000000E+000  0.00000000E+000  0.00000000E+000  0.00000000E+000  0.00000000E+000  0.00000000E+000  0.00000000E+000  0.00000000E+000  0.00000000E+000  0.00000000E+000  0.00000000E+000  0.00000000E+000  0.00000000E+000  0.00000000E+000  0.00000000E+000  0.00000000E+000  0.00000000E+000  0.00000000E+000  0.00000000E+000  0.00000000E+000  0.00000000E+000  0.00000000E+000  0.00000000E+000  0.00000000E+000  0.00000000E+000  0.00000000E+000
 -0.79149857E-035 -0.79149857E-035 -0.79149857E-035 -0.79149857E-035 -0.79149857E-035 -0.79149857E-035 -0.79149857E-035 -0.79149857E-035 -0.79149857E-035 -0.79149857E-035 -0.79149857E-035 -0.79149857E-035 -0.79149857E-035 -0.79149857E-035 -0.79149857E-035 -0.79149857E-035 -0.79149857E-035 -0.79149857E-035 -0.79149857E-035 -0.79149857E-035 -0.79149857E-035 -0.79149857E-035 -0.79149857E-035 -0.79149857E-035 -0.79149857E-035 -0.79149857E-035 -0.79149857E-035 -0.79149857E-035 -0.79149857E-035 -0.79149857E-035 -0.79149857E-035 -0.79149857E-035 -0.79149857E-035 -0.79149857E-035 -0.79149857E-035
 -0.36224708E-032 -0.36224708E-032 -0.36224708E-032 -0.36224708E-032 -0.36224708E-032 -0.36224708E-032 -0.36224708E-032 -0.36224708E-032 -0.36224708E-032 -0.36224708E-032 -0.36224708E-032 -0.36224708E-032 -0.36224708E-032 -0.36224708E-032 -0.36224708E-032 -0.36224708E-032 -0.36224708E-032 -0.36224708E-032 -0.36224708E-032 -0.36224708E-032 -0.36224708E-032 -0.36224708E-032 -0.36224708E-032 -0.36224708E-032 -0.36224708E-032 -0.36224708E-032 -0.36224708E-032 -0.36224708E-032 -0.36224708E-032 -0.36224708E-032 -0.36224708E-032 -0.36224708E-032 -0.36224708E-032 -0.36224708E-032 -0.36224708E-032
 -0.79221919E-030 -0.79221919E-030 -0.79221919E-030 -0.79221919E-030 -0.79221919E-030 -0.79221919E-030 -0.79221919E-030 -0.79221919E-030 -0.79221919E-030 -0.79221919E-030 -0.79221919E-030 -0.79221919E-030 -0.79221919E-030 -0.79221919E-030 -0.79221919E-030 -0.79221919E-030 -0.79221919E-030 -0.79221919E-030 -0.79221919E-030 -0.79221919E-030 -0.79221919E-030 -0.79221919E-030 -0.79221919E-030 -0.79221919E-030 -0.79221919E-030 -0.79221919E-030 -0.79221919E-030 -0.79221919E-030 -0.79221919E-030 -0.79221919E-030 -0.79221919E-030 -0.79221919E-030 -0.79221919E-030 -0.79221919E-030 -0.79221919E-030
 -0.11010393E-027 -0.11010393E-027 -0.11010393E-027 -0.11010393E-027 -0.11010393E-027 -0.11010393E-027 -0.11010393E-027 -0.11010393E-027 -0.11010393E-027 -0.11010393E-027 -0.11010393E-027 -0.11010393E-027 -0.11010393E-027 -0.11010393E-027 -0.11010393E-027 -0.11010393E-027 -0.11010393E-027 -0.11010393E-027 -0.11010393E-027 -0.11010393E-027 -0.11010393E-027 -0.11010393E-027 -0.11010393E-027 -0.11010393E-027 -0.11010393E-027 -0.11010393E-027 -0.11010393E-027 -0.11010393E-027 -0.11010393E-027 -0.11010393E-027 -0.11010393E-027 -0.11010393E-027 -0.11010393E-027 -0.11010393E-027 -0.11010393E-027
 -0.10909521E-025 -0.10909521E-025 -0.10909521E-025 -0.10909521E-025 -0.10909521E-025 -0.10909521E-025 -0.10909521E-025 -0.10909521E-025 -0.10909521E-025 -0.10909521E-025 -0.10909521E-025 -0.10909521E-025 -0.10909521E-025 -0.10909521E-025 -0.10909521E-025 -0.10909521E-025 -0.10909521E-025 -0.10909521E-025 -0.10909521E-025 -0.10909521E-025 -0.10909521E-025 -0.10909521E-025 -0.10909521E-025 -0.10909521E-025 -0.10909521E-025 -0.10909521E-025 -0.10909521E-025 -0.10909521E-025 -0.10909521E-025 -0.10909521E-025 -0.10909521E-025 -0.10909521E-025 -0.10909521E-025 -0.10909521E-025 -0.10909521E-025
 -0.81945141E-024 -0.81945141E-024 -0.81945141E-024 -0.81945141E-024 -0.81945141E-024 -0.81945141E-024 -0.81945141E-024 -0.81945141E-024 -0.81945141E-024 -0.81945141E-024 -0.81945141E-024 -0.81945141E-024 -0.81945141E-024 -0.81945141E-024 -0.81945141E-024 -0.81945141E-024 -0.81945141E-024 -0.81945141E-024 -0.81945141E-024 -0.81945141E-024 -0.81945141E-024 -0.81945141E-024 -0.81945141E-024 -0.81945141E-024 -0.81945141E-024 -0.81945141E-024 -0.81945141E-024 -0.81945141E-024 -0.81945141E-024 -0.81945141E-024 -0.81945141E-024 -0.81945141E-024 -0.81945141E-024 -0.81945141E-024 -0.81945141E-024
 -0.48435870E-022 -0.48435870E-022 -0.48435870E-022 -0.48435870E-022 -0.48435870E-022 -0.48435870E-022 -0.48435870E-022 -0.48435870E-022 -0.48435870E-022 -0.48435870E-022 -0.48435870E-022 -0.48435870E-022 -0.48435870E-022 -0.48435870E-022 -0.48435870E-022 -0.48435870E-022 -0.48435870E-022 -0.48435870E-022 -0.48435870E-022 -0.48435870E-022 -0.48435870E-022 -0.48435870E-022 -0.48435870E-022 -0.48435870E-022 -0.48435870E-022 -0.48435870E-022 -0.48435870E-022 -0.48435870E-022 -0.48435870E-022 -0.48435870E-022 -0.48435870E-022 -0.48435870E-022 -0.48435870E-022 -0.48435870E-022 -0.48435870E-022
 -0.23081808E-020 -0.23081808E-020 -0.23081808E-020 -0.23081808E-020 -0.23081808E-020 -0.23081808E-020 -0.23081808E-020 -0.23081808E-020 -0.23081808E-020 -0.23081808E-020 -0.23081808E-020 -0.23081808E-020 -0.23081808E-020 -0.23081808E-020 -0.23081808E-020 -0.23081808E-020 -0.23081808E-020 -0.23081808E-020 -0.23081808E-020 -0.23081808E-020 -0.23081808E-020 -0.23081808E-020 -0.23081808E-020 -0.23081808E-020 -0.23081808E-020 -0.23081808E-020 -0.23081808E-020 -0.23081808E-020 -0.23081808E-020 -0.23081808E-020 -0.23081808E-020 -0.23081808E-020 -0.23081808E-020 -0.23081808E-020 -0.23081808E-020
 -0.90129270E-019 -0.90129270E-019 -0.90129270E-019 -0.90129270E-019 -0.90129270E-019 -0.90129270E-019 -0.90129270E-019 -0.90129270E-019 -0.90129270E-019 -0.90129270E-019 -0.90129270E-019 -0.90129270E-019 -0.90129270E-019 -0.90129270E-019 -0.90129270E-019 -0.90129270E-019 -0.90129270E-019 -0.90129270E-019 -0.90129270E-019 -0.90129270E-019 -0.90129270E-019 -0.90129270E-019 -0.90129270E-019 -0.90129270E-019 -0.90129270E-019 -0.90129270E-019 -0.90129270E-019 -0.90129270E-019 -0.90129270E-019 -0.90129270E-019 -0.90129270E-019 -0.90129270E-019 -0.90129270E-019 -0.90129270E-019 -0.90129270E-019
 -0.25985343E-016 -0.25985343E-016 -0.25985343E-016 -0.25985343E-016 -0.25985343E-016 -0.25985343E-016 -0.25985343E-016 -0.25985343E-016 -0.25985343E-016 -0.25985343E-016 -0.25985343E-016 -0.25985343E-016 -0.25985343E-016 -0.25985343E-016 -0.25985343E-016 -0.25985343E-016 -0.25985343E-016 -0.25985343E-016 -0.25985343E-016 -0.25985343E-016 -0.25985343E-016 -0.25985343E-016 -0.25985343E-016 -0.25985343E-016 -0.25985343E-016 -0.25985343E-016 -0.25985343E-016 -0.25985343E-016 -0.25985343E-016 -0.25985343E-016 -0.25985343E-016 -0.25985343E-016 -0.25985343E-016 -0.25985343E-016 -0.25985343E-016
 -0.60013716E-014 -0.60013716E-014 -0.60013716E-014 -0.60013716E-014 -0.60013716E-014 -0.60013716E-014 -0.60013716E-014 -0.60013716E-014 -0.60013716E-014 -0.60013716E-014 -0.60013716E-014 -0.60013716E-014 -0.60013716E-014 -0.60013716E-014 -0.60013716E-014 -0.60013716E-014 -0.60013716E-014 -0.60013716E-014 -0.60013716E-014 -0.60013716E-014 -0.60013716E-014 -0.60013716E-014 -0.60013716E-014 -0.60013716E-014 -0.60013716E-014 -0.60013716E-014 -0.60013716E-014 -0.60013716E-014 -0.60013716E-014 -0.60013716E-014 -0.60013716E-014 -0.60013716E-014 -0.60013716E-014 -0.60013716E-014 -0.60013716E-014
 -0.11181307E-011 -0.11181307E-011 -0.11181307E-011 -0.11181307E-011 -0.11181307E-011 -0.11181307E-011 -0.11181307E-011 -0.11181307E-011 -0.11181307E-011 -0.11181307E-011 -0.11181307E-011 -0.11181307E-011 -0.11181307E-011 -0.11181307E-011 -0.11181307E-011 -0.11181307E-011 -0.11181307E-011 -0.11181307E-011 -0.11181307E-011 -0.11181307E-011 -0.11181307E-011 -0.11181307E-011 -0.11181307E-011 -0.11181307E-011 -0.11181307E-011 -0.11181307E-011 -0.11181307E-011 -0.11181307E-011 -0.11181307E-011 -0.11181307E-011 -0.11181307E-011 -0.11181307E-011 -0.11181307E-011 -0.11181307E-011 -0.11181307E-011
 -0.16836449E-009 -0.16836449E-009 -0.16836449E-009 -0.16836449E-009 -0.16836449E-009 -0.16836449E-009 -0.16836449E-009 -0.16836449E-009 -0.16836449E-009 -0.16836449E-009 -0.16836449E-009 -0.16836449E-009 -0.16836449E-009 -0.16836449E-009 -0.16836449E-009 -0.16836449E-009 -0.16836449E-009 -0.16836449E-009 -0.16836449E-009 -0.16836449E-009 -0.16836449E-009 -0.16836449E-009 -0.16836449E-009 -0.16836449E-009 -0.16836449E-009 -0.16836449E-009 -0.16836449E-009 -0.16836449E-009 -0.16836449E-009 -0.16836449E-009 -0.16836449E-009 -0.16836449E-009 -0.16836449E-009 -0.16836449E-009 -0.16836449E-009
 -0.20422190E-007 -0.20422190E-007 -0.20422190E-007 -0.20422190E-007 -0.20422190E-007 -0.20422190E-007 -0.20422190E-007 -0.20422190E-007 -0.20422190E-007 -0.20422190E-007 -0.20422190E-007 -0.20422190E-007 -0.20422190E-007 -0.20422190E-007 -0.20422190E-007 -0.20422190E-007 -0.20422190E-007 -0.20422190E-007 -0.20422190E-007 -0.20422190E-007 -0.20422190E-007 -0.20422190E-007 -0.20422190E-007 -0.20422190E-007 -0.20422190E-007 -0.20422190E-007 -0.20422190E-007 -0.20422190E-007 -0.20422190E-007 -0.20422190E-007 -0.20422190E-007 -0.20422190E-007 -0.20422190E-007 -0.20422190E-007 -0.20422190E-007
 -0.19775833E-005 -0.19775833E-005 -0.19775833E-005 -0.19775833E-005 -0.19775833E-005 -0.19775833E-005 -0.19775833E-005 -0.19775833E-005 -0.19775833E-005 -0.19775833E-005 -0.19775833E-005 -0.19775833E-005 -0.19775833E-005 -0.19775833E-005 -0.19775833E-005 -0.19775833E-005 -0.19775833E-005 -0.19775833E-005 -0.19775833E-005 -0.19775833E-005 -0.19775833E-005 -0.19775833E-005 -0.19775833E-005 -0.19775833E-005 -0.19775833E-005 -0.19775833E-005 -0.19775833E-005 -0.19775833E-005 -0.19775833E-005 -0.19775833E-005 -0.19775833E-005 -0.19775833E-005 -0.19775833E-005 -0.19775833E-005 -0.19775833E-005
 -0.15039535E-003 -0.15039535E-003 -0.15039535E-003 -0.15039535E-003 -0.15039535E-003 -0.15039535E-003 -0.15039535E-003 -0.15039535E-003 -0.15039535E-003 -0.15039535E-003 -0.15039535E-003 -0.15039535E-003 -0.15039535E-003 -0.15039535E-003 -0.15039535E-003 -0.15039535E-003 -0.15039535E-003 -0.15039535E-003 -0.15039535E-003 -0.15039535E-003 -0.15039535E-003 -0.15039535E-003 -0.15039535E-003 -0.15039535E-003 -0.15039535E-003 -0.15039535E-003 -0.15039535E-003 -0.15039535E-003 -0.15039535E-003 -0.15039535E-003 -0.15039535E-003 -0.15039535E-003 -0.15039535E-003 -0.15039535E-003 -0.15039535E-003
 -0.87412670E-002 -0.87412670E-002 -0.87412670E-002 -0.87412670E-002 -0.87412670E-002 -0.87412670E-002 -0.87412670E-002 -0.87412670E-002 -0.87412670E-002 -0.87412670E-002 -0.87412670E-002 -0.87412670E-002 -0.87412670E-002 -0.87412670E-002 -0.87412670E-002 -0.87412670E-002 -0.87412670E-002 -0.87412670E-002 -0.87412670E-002 -0.87412670E-002 -0.87412670E-002 -0.87412670E-002 -0.87412670E-002 -0.87412670E-002 -0.87412670E-002 -0.87412670E-002 -0.87412670E-002 -0.87412670E-002 -0.87412670E-002 -0.87412670E-002 -0.87412670E-002 -0.87412670E-002 -0.87412670E-002 -0.87412670E-002 -0.87412670E-002
 -0.37097478E+000 -0.37097478E+000 -0.37097478E+000 -0.37097478E+000 -0.37097478E+000 -0.37097478E+000 -0.37097478E+000 -0.37097478E+000 -0.37097478E+000 -0.37097478E+000 -0.37097478E+000 -0.37097478E+000 -0.37097478E+000 -0.37097478E+000 -0.37097478E+000 -0.37097478E+000 -0.37097478E+000 -0.37097478E+000 -0.37097478E+000 -0.37097478E+000 -0.37097478E+000 -0.37097478E+000 -0.37097478E+000 -0.37097478E+000 -0.37097478E+000 -0.37097478E+000 -0.37097478E+000 -0.37097478E+000 -0.37097478E+000 -0.37097478E+000 -0.37097478E+000 -0.37097478E+000 -0.37097478E+000 -0.37097478E+000 -0.37097478E+000
 -0.10582819E+002 -0.10582819E+002 -0.10582819E+002 -0.10582819E+002 -0.10582819E+002 -0.10582819E+002 -0.10582819E+002 -0.10582819E+002 -0.10582819E+002 -0.10582819E+002 -0.10582819E+002 -0.10582819E+002 -0.10582819E+002 -0.10582819E+002 -0.10582819E+002 -0.10582819E+002 -0.10582819E+002 -0.10582819E+002 -0.10582819E+002 -0.10582819E+002 -0.10582819E+002 -0.10582819E+002 -0.10582819E+002 -0.10582819E+002 -0.10582819E+002 -0.10582819E+002 -0.10582819E+002 -0.10582819E+002 -0.10582819E+002 -0.10582819E+002 -0.10582819E+002 -0.10582819E+002 -0.10582819E+002 -0.10582819E+002 -0.10582819E+002
 -0.16919927E+003 -0.16919924E+003 -0.16919924E+003 -0.16919924E+003 -0.16919924E+003 -0.16919924E+003 -0.16919924E+003 -0.16919924E+003 -0.16919924E+003 -0.16919924E+003 -0.16919924E+003 -0.16919924E+003 -0.16919924E+003 -0.16919924E+003 -0.16919924E+003 -0.16919924E+003 -0.16919924E+003 -0.16919924E+003 -0.16919924E+003 -0.16919924E+003 -0.16919924E+003 -0.16919924E+003 -0.16919924E+003 -0.16919924E+003 -0.16919924E+003 -0.16919924E+003 -0.16919924E+003 -0.16919923E+003 -0.16919923E+003 -0.16919923E+003 -0.16919923E+003 -0.16919923E+003 -0.16919923E+003 -0.16919923E+003 -0.16919922E+003
  0.29230182E+001  0.29230360E+001  0.29231190E+001  0.29267597E+001  0.29270521E+001  0.29274780E+001  0.29277820E+001  0.29280744E+001  0.29280744E+001  0.29280744E+001  0.29280744E+001  0.29280744E+001  0.29280744E+001  0.29280744E+001  0.29280744E+001  0.29280744E+001  0.29280744E+001  0.29280744E+001  0.29280744E+001  0.29280744E+001  0.29280744E+001  0.29280744E+001  0.29280744E+001  0.29280744E+001  0.29280744E+001  0.29280744E+001  0.29280744E+001  0.29280744E+001  0.29280744E+001  0.29280744E+001  0.29280743E+001  0.29280743E+001  0.29280743E+001  0.29280743E+001  0.29280730E+001
 -0.99736965E+001 -0.99736749E+001 -0.99735743E+001 -0.99733598E+001 -0.99730054E+001 -0.99724892E+001 -0.99719730E+001 -0.99716186E+001 -0.99714041E+001 -0.99713035E+001 -0.99712819E+001 -0.99712709E+001 -0.99712022E+001 -0.99710280E+001 -0.99707043E+001 -0.99701892E+001 -0.99694423E+001 -0.99694423E+001 -0.99694422E+001 -0.99694422E+001 -0.99694422E+001 -0.99694421E+001 -0.99694421E+001 -0.99694421E+001 -0.99694420E+001 -0.99694419E+001 -0.99694418E+001 -0.99694417E+001 -0.99694416E+001 -0.99694415E+001 -0.99694413E+001 -0.99694411E+001 -0.99694409E+001 -0.99694406E+001 -0.99694403E+001
 -0.63700246E+000 -0.63697870E+000 -0.63686805E+000 -0.63663199E+000 -0.63624192E+000 -0.63567473E+000 -0.63510719E+000 -0.63471732E+000 -0.63448132E+000 -0.63437064E+000 -0.63434688E+000 -0.63433477E+000 -0.63425915E+000 -0.63406741E+000 -0.63336882E+000 -0.63296390E+000 -0.63237676E+000 -0.63237677E+000 -0.63237677E+000 -0.63237682E+000 -0.63237688E+000 -0.63237696E+000 -0.63237704E+000 -0.63237714E+000 -0.63237726E+000 -0.63237739E+000 -0.63237753E+000 -0.63237769E+000 -0.63237787E+000 -0.63237806E+000 -0.63237826E+000 -0.63237849E+000 -0.63237873E+000 -0.63237899E+000 -0.63237879E+000
 -0.43742612E+000 -0.40526073E+000 -0.31844978E+000 -0.17777169E+000 -0.17777169E+000 -0.97466909E+000 -0.65688440E+000 -0.43354572E+000 -0.29734587E+000 -0.23350817E+000 -0.21979877E+000 -0.21255385E+000 -0.16714399E+000 -0.52006541E-001  0.16080542E+000  0.32631877E-001  0.27983393E-001  0.27983393E-001  0.27983393E-001  0.27983393E-001  0.27983393E-001  0.27983401E-001  0.27983411E-001  0.27983421E-001  0.27983432E-001  0.27983443E-001  0.27983460E-001  0.27983487E-001  0.27983504E-001  0.27983324E-001  0.27983101E-001  0.27982869E-001  0.27982637E-001  0.27982392E-001  0.27982138E-001
