  0.00000000E+000  0.00000000E+000  0.00000000E+000  0.00000000E+000  0.00000000E+000  0.00000000E+000  0.00000000E+000  0.00000000E+000  0.00000000E+000  0.00000000E+000  0.00000000E+000  0.00000000E+000  0.00000000E+000  0.00000000E+000  0.00000000E+000  0.00000000E+000  0.00000000E+000  0.00000000E+000  0.00000000E+000  0.00000000E+000  0.00000000E+000  0.00000000E+000  0.00000000E+000  0.00000000E+000  0.00000000E+000  0.00000000E+000  0.00000000E+000  0.00000000E+000  0.00000000E+000  0.00000000E+000  0.00000000E+000  0.00000000E+000  0.00000000E+000  0.00000000E+000  0.00000000E+000
  0.88667468E-031  0.88667468E-031  0.88667468E-031  0.88667468E-031  0.88667468E-031  0.88667468E-031  0.88667468E-031  0.88667468E-031  0.88667468E-031  0.88667468E-031  0.88667468E-031  0.88667468E-031  0.88667468E-031  0.88667468E-031  0.88667468E-031  0.88667468E-031  0.88667468E-031  0.88667468E-031  0.88667468E-031  0.88667468E-031  0.88667468E-031  0.88667468E-031  0.88667468E-031  0.88667468E-031  0.88667468E-031  0.88667468E-031  0.88667468E-031  0.88667468E-031  0.88667468E-031  0.88667468E-031  0.88667468E-031  0.88667468E-031  0.88667468E-031  0.88667468E-031  0.88667468E-031
  0.20853254E-028  0.20853254E-028  0.20853254E-028  0.20853254E-028  0.20853254E-028  0.20853254E-028  0.20853254E-028  0.20853254E-028  0.20853254E-028  0.20853254E-028  0.20853254E-028  0.20853254E-028  0.20853254E-028  0.20853254E-028  0.20853254E-028  0.20853254E-028  0.20853254E-028  0.20853254E-028  0.20853254E-028  0.20853254E-028  0.20853254E-028  0.20853254E-028  0.20853254E-028  0.20853254E-028  0.20853254E-028  0.20853254E-028  0.20853254E-028  0.20853254E-028  0.20853254E-028  0.20853254E-028  0.20853254E-028  0.20853254E-028  0.20853254E-028  0.20853254E-028  0.20853254E-028
  0.23403219E-026  0.23403219E-026  0.23403219E-026  0.23403219E-026  0.23403219E-026  0.23403219E-026  0.23403219E-026  0.23403219E-026  0.23403219E-026  0.23403219E-026  0.23403219E-026  0.23403219E-026  0.23403219E-026  0.23403219E-026  0.23403219E-026  0.23403219E-026  0.23403219E-026  0.23403219E-026  0.23403219E-026  0.23403219E-026  0.23403219E-026  0.23403219E-026  0.23403219E-026  0.23403219E-026  0.23403219E-026  0.23403219E-026  0.23403219E-026  0.23403219E-026  0.23403219E-026  0.23403219E-026  0.23403219E-026  0.23403219E-026  0.23403219E-026  0.23403219E-026  0.23403219E-026
  0.16671137E-024  0.16671137E-024  0.16671137E-024  0.16671137E-024  0.16671137E-024  0.16671137E-024  0.16671137E-024  0.16671137E-024  0.16671137E-024  0.16671137E-024  0.16671137E-024  0.16671137E-024  0.16671137E-024  0.16671137E-024  0.16671137E-024  0.16671137E-024  0.16671137E-024  0.16671137E-024  0.16671137E-024  0.16671137E-024  0.16671137E-024  0.16671137E-024  0.16671137E-024  0.16671137E-024  0.16671137E-024  0.16671137E-024  0.16671137E-024  0.16671137E-024  0.16671137E-024  0.16671137E-024  0.16671137E-024  0.16671137E-024  0.16671137E-024  0.16671137E-024  0.16671137E-024
  0.84577295E-023  0.84577295E-023  0.84577295E-023  0.84577295E-023  0.84577295E-023  0.84577295E-023  0.84577295E-023  0.84577295E-023  0.84577295E-023  0.84577295E-023  0.84577295E-023  0.84577295E-023  0.84577295E-023  0.84577295E-023  0.84577295E-023  0.84577295E-023  0.84577295E-023  0.84577295E-023  0.84577295E-023  0.84577295E-023  0.84577295E-023  0.84577295E-023  0.84577295E-023  0.84577295E-023  0.84577295E-023  0.84577295E-023  0.84577295E-023  0.84577295E-023  0.84577295E-023  0.84577295E-023  0.84577295E-023  0.84577295E-023  0.84577295E-023  0.84577295E-023  0.84577295E-023
  0.32502588E-021  0.32502588E-021  0.32502588E-021  0.32502588E-021  0.32502588E-021  0.32502588E-021  0.32502588E-021  0.32502588E-021  0.32502588E-021  0.32502588E-021  0.32502588E-021  0.32502588E-021  0.32502588E-021  0.32502588E-021  0.32502588E-021  0.32502588E-021  0.32502588E-021  0.32502588E-021  0.32502588E-021  0.32502588E-021  0.32502588E-021  0.32502588E-021  0.32502588E-021  0.32502588E-021  0.32502588E-021  0.32502588E-021  0.32502588E-021  0.32502588E-021  0.32502588E-021  0.32502588E-021  0.32502588E-021  0.32502588E-021  0.32502588E-021  0.32502588E-021  0.32502588E-021
  0.98244814E-020  0.98244814E-020  0.98244814E-020  0.98244814E-020  0.98244814E-020  0.98244814E-020  0.98244814E-020  0.98244814E-020  0.98244814E-020  0.98244814E-020  0.98244814E-020  0.98244814E-020  0.98244814E-020  0.98244814E-020  0.98244814E-020  0.98244814E-020  0.98244814E-020  0.98244814E-020  0.98244814E-020  0.98244814E-020  0.98244814E-020  0.98244814E-020  0.98244814E-020  0.98244814E-020  0.98244814E-020  0.98244814E-020  0.98244814E-020  0.98244814E-020  0.98244814E-020  0.98244814E-020  0.98244814E-020  0.98244814E-020  0.98244814E-020  0.98244814E-020  0.98244814E-020
  0.23941228E-018  0.23941228E-018  0.23941228E-018  0.23941228E-018  0.23941228E-018  0.23941228E-018  0.23941228E-018  0.23941228E-018  0.23941228E-018  0.23941228E-018  0.23941228E-018  0.23941228E-018  0.23941228E-018  0.23941228E-018  0.23941228E-018  0.23941228E-018  0.23941228E-018  0.23941228E-018  0.23941228E-018  0.23941228E-018  0.23941228E-018  0.23941228E-018  0.23941228E-018  0.23941228E-018  0.23941228E-018  0.23941228E-018  0.23941228E-018  0.23941228E-018  0.23941228E-018  0.23941228E-018  0.23941228E-018  0.23941228E-018  0.23941228E-018  0.23941228E-018  0.23941228E-018
  0.47831030E-017  0.47831030E-017  0.47831030E-017  0.47831030E-017  0.47831030E-017  0.47831030E-017  0.47831030E-017  0.47831030E-017  0.47831030E-017  0.47831030E-017  0.47831030E-017  0.47831030E-017  0.47831030E-017  0.47831030E-017  0.47831030E-017  0.47831030E-017  0.47831030E-017  0.47831030E-017  0.47831030E-017  0.47831030E-017  0.47831030E-017  0.47831030E-017  0.47831030E-017  0.47831030E-017  0.47831030E-017  0.47831030E-017  0.47831030E-017  0.47831030E-017  0.47831030E-017  0.47831030E-017  0.47831030E-017  0.47831030E-017  0.47831030E-017  0.47831030E-017  0.47831030E-017
  0.68743878E-015  0.68743878E-015  0.68743878E-015  0.68743878E-015  0.68743878E-015  0.68743878E-015  0.68743878E-015  0.68743878E-015  0.68743878E-015  0.68743878E-015  0.68743878E-015  0.68743878E-015  0.68743878E-015  0.68743878E-015  0.68743878E-015  0.68743878E-015  0.68743878E-015  0.68743878E-015  0.68743878E-015  0.68743878E-015  0.68743878E-015  0.68743878E-015  0.68743878E-015  0.68743878E-015  0.68743878E-015  0.68743878E-015  0.68743878E-015  0.68743878E-015  0.68743878E-015  0.68743878E-015  0.68743878E-015  0.68743878E-015  0.68743878E-015  0.68743878E-015  0.68743878E-015
  0.78689824E-013  0.78689824E-013  0.78689824E-013  0.78689824E-013  0.78689824E-013  0.78689824E-013  0.78689824E-013  0.78689824E-013  0.78689824E-013  0.78689824E-013  0.78689824E-013  0.78689824E-013  0.78689824E-013  0.78689824E-013  0.78689824E-013  0.78689824E-013  0.78689824E-013  0.78689824E-013  0.78689824E-013  0.78689824E-013  0.78689824E-013  0.78689824E-013  0.78689824E-013  0.78689824E-013  0.78689824E-013  0.78689824E-013  0.78689824E-013  0.78689824E-013  0.78689824E-013  0.78689824E-013  0.78689824E-013  0.78689824E-013  0.78689824E-013  0.78689824E-013  0.78689824E-013
  0.72185936E-011  0.72185936E-011  0.72185936E-011  0.72185936E-011  0.72185936E-011  0.72185936E-011  0.72185936E-011  0.72185936E-011  0.72185936E-011  0.72185936E-011  0.72185936E-011  0.72185936E-011  0.72185936E-011  0.72185936E-011  0.72185936E-011  0.72185936E-011  0.72185936E-011  0.72185936E-011  0.72185936E-011  0.72185936E-011  0.72185936E-011  0.72185936E-011  0.72185936E-011  0.72185936E-011  0.72185936E-011  0.72185936E-011  0.72185936E-011  0.72185936E-011  0.72185936E-011  0.72185936E-011  0.72185936E-011  0.72185936E-011  0.72185936E-011  0.72185936E-011  0.72185936E-011
  0.53103585E-009  0.53103585E-009  0.53103585E-009  0.53103585E-009  0.53103585E-009  0.53103585E-009  0.53103585E-009  0.53103585E-009  0.53103585E-009  0.53103585E-009  0.53103585E-009  0.53103585E-009  0.53103585E-009  0.53103585E-009  0.53103585E-009  0.53103585E-009  0.53103585E-009  0.53103585E-009  0.53103585E-009  0.53103585E-009  0.53103585E-009  0.53103585E-009  0.53103585E-009  0.53103585E-009  0.53103585E-009  0.53103585E-009  0.53103585E-009  0.53103585E-009  0.53103585E-009  0.53103585E-009  0.53103585E-009  0.53103585E-009  0.53103585E-009  0.53103585E-009  0.53103585E-009
  0.31173860E-007  0.31173860E-007  0.31173860E-007  0.31173860E-007  0.31173860E-007  0.31173860E-007  0.31173860E-007  0.31173860E-007  0.31173860E-007  0.31173860E-007  0.31173860E-007  0.31173860E-007  0.31173860E-007  0.31173860E-007  0.31173860E-007  0.31173860E-007  0.31173860E-007  0.31173860E-007  0.31173860E-007  0.31173860E-007  0.31173860E-007  0.31173860E-007  0.31173860E-007  0.31173860E-007  0.31173860E-007  0.31173860E-007  0.31173860E-007  0.31173860E-007  0.31173860E-007  0.31173860E-007  0.31173860E-007  0.31173860E-007  0.31173860E-007  0.31173860E-007  0.31173860E-007
  0.14436953E-005  0.14436953E-005  0.14436953E-005  0.14436953E-005  0.14436953E-005  0.14436953E-005  0.14436953E-005  0.14436953E-005  0.14436953E-005  0.14436953E-005  0.14436953E-005  0.14436953E-005  0.14436953E-005  0.14436953E-005  0.14436953E-005  0.14436953E-005  0.14436953E-005  0.14436953E-005  0.14436953E-005  0.14436953E-005  0.14436953E-005  0.14436953E-005  0.14436953E-005  0.14436953E-005  0.14436953E-005  0.14436953E-005  0.14436953E-005  0.14436953E-005  0.14436953E-005  0.14436953E-005  0.14436953E-005  0.14436953E-005  0.14436953E-005  0.14436953E-005  0.14436953E-005
  0.51689441E-004  0.51689441E-004  0.51689441E-004  0.51689441E-004  0.51689441E-004  0.51689441E-004  0.51689441E-004  0.51689441E-004  0.51689441E-004  0.51689441E-004  0.51689441E-004  0.51689441E-004  0.51689441E-004  0.51689441E-004  0.51689441E-004  0.51689441E-004  0.51689441E-004  0.51689441E-004  0.51689441E-004  0.51689441E-004  0.51689441E-004  0.51689441E-004  0.51689441E-004  0.51689441E-004  0.51689441E-004  0.51689441E-004  0.51689441E-004  0.51689441E-004  0.51689441E-004  0.51689441E-004  0.51689441E-004  0.51689441E-004  0.51689441E-004  0.51689441E-004  0.51689441E-004
  0.13833709E-002  0.13833709E-002  0.13833709E-002  0.13833709E-002  0.13833709E-002  0.13833709E-002  0.13833709E-002  0.13833709E-002  0.13833709E-002  0.13833709E-002  0.13833709E-002  0.13833709E-002  0.13833709E-002  0.13833709E-002  0.13833709E-002  0.13833709E-002  0.13833709E-002  0.13833709E-002  0.13833709E-002  0.13833709E-002  0.13833709E-002  0.13833709E-002  0.13833709E-002  0.13833709E-002  0.13833709E-002  0.13833709E-002  0.13833709E-002  0.13833709E-002  0.13833709E-002  0.13833709E-002  0.13833709E-002  0.13833709E-002  0.13833709E-002  0.13833709E-002  0.13833709E-002
  0.26122220E-001  0.26122220E-001  0.26122220E-001  0.26122220E-001  0.26122220E-001  0.26122220E-001  0.26122220E-001  0.26122220E-001  0.26122220E-001  0.26122220E-001  0.26122220E-001  0.26122220E-001  0.26122220E-001  0.26122220E-001  0.26122220E-001  0.26122220E-001  0.26122220E-001  0.26122220E-001  0.26122220E-001  0.26122220E-001  0.26122220E-001  0.26122220E-001  0.26122220E-001  0.26122220E-001  0.26122220E-001  0.26122220E-001  0.26122220E-001  0.26122220E-001  0.26122220E-001  0.26122220E-001  0.26122220E-001  0.26122220E-001  0.26122220E-001  0.26122220E-001  0.26122220E-001
  0.31187726E+000  0.31187726E+000  0.31187726E+000  0.31187726E+000  0.31187726E+000  0.31187726E+000  0.31187726E+000  0.31187726E+000  0.31187726E+000  0.31187726E+000  0.31187726E+000  0.31187726E+000  0.31187726E+000  0.31187726E+000  0.31187726E+000  0.31187726E+000  0.31187726E+000  0.31187726E+000  0.31187726E+000  0.31187726E+000  0.31187726E+000  0.31187726E+000  0.31187726E+000  0.31187726E+000  0.31187726E+000  0.31187726E+000  0.31187726E+000  0.31187726E+000  0.31187726E+000  0.31187726E+000  0.31187726E+000  0.31187726E+000  0.31187726E+000  0.31187726E+000  0.31187726E+000
  0.18118790E+001  0.18118790E+001  0.18118790E+001  0.18118790E+001  0.18118790E+001  0.18118790E+001  0.18118790E+001  0.18118790E+001  0.18118790E+001  0.18118790E+001  0.18118790E+001  0.18118790E+001  0.18118790E+001  0.18118790E+001  0.18118790E+001  0.18118790E+001  0.18118790E+001  0.18118790E+001  0.18118790E+001  0.18118790E+001  0.18118790E+001  0.18118790E+001  0.18118790E+001  0.18118790E+001  0.18118790E+001  0.18118790E+001  0.18118790E+001  0.18118790E+001  0.18118790E+001  0.18118790E+001  0.18118790E+001  0.18118790E+001  0.18118790E+001  0.18118790E+001  0.18118790E+001
  0.16810508E+001  0.16810508E+001  0.16810508E+001  0.16810508E+001  0.16810508E+001  0.16810508E+001  0.16810508E+001  0.16810508E+001  0.16810508E+001  0.16810508E+001  0.16810508E+001  0.16810508E+001  0.16810508E+001  0.16810508E+001  0.16810508E+001  0.16810508E+001  0.16810508E+001  0.16810508E+001  0.16810508E+001  0.16810508E+001  0.16810508E+001  0.16810508E+001  0.16810508E+001  0.16810508E+001  0.16810508E+001  0.16810508E+001  0.16810508E+001  0.16810508E+001  0.16810508E+001  0.16810508E+001  0.16810508E+001  0.16810508E+001  0.16810508E+001  0.16810508E+001  0.16810508E+001
  0.32206509E+002  0.32206509E+002  0.32206509E+002  0.32206509E+002  0.32206509E+002  0.32206509E+002  0.32206509E+002  0.32206509E+002  0.32206509E+002  0.32206509E+002  0.32206509E+002  0.32206509E+002  0.32206509E+002  0.32206509E+002  0.32206509E+002  0.32206509E+002  0.32206509E+002  0.32206509E+002  0.32206509E+002  0.32206509E+002  0.32206509E+002  0.32206509E+002  0.32206509E+002  0.32206509E+002  0.32206509E+002  0.32206509E+002  0.32206509E+002  0.32206509E+002  0.32206509E+002  0.32206509E+002  0.32206509E+002  0.32206509E+002  0.32206509E+002  0.32206509E+002  0.32206509E+002
  0.16373059E+003  0.16373059E+003  0.16373059E+003  0.16373059E+003  0.16373059E+003  0.16373059E+003  0.16373059E+003  0.16373059E+003  0.16373059E+003  0.16373059E+003  0.16373059E+003  0.16373059E+003  0.16373059E+003  0.16373059E+003  0.16373059E+003  0.16373059E+003  0.16373059E+003  0.16373059E+003  0.16373059E+003  0.16373059E+003  0.16373059E+003  0.16373059E+003  0.16373059E+003  0.16373059E+003  0.16373059E+003  0.16373059E+003  0.16373059E+003  0.16373059E+003  0.16373059E+003  0.16373059E+003  0.16373059E+003  0.16373059E+003  0.16373059E+003  0.16373059E+003  0.16373059E+003
  0.32827629E+001  0.32827629E+001  0.32827629E+001  0.32827629E+001  0.32827629E+001  0.32827629E+001  0.32827629E+001  0.32827629E+001  0.32827629E+001  0.32827629E+001  0.32827629E+001  0.32827629E+001  0.32827629E+001  0.32827629E+001  0.32827629E+001  0.32827629E+001  0.32827629E+001  0.32827629E+001  0.32827629E+001  0.32827629E+001  0.32827629E+001  0.32827629E+001  0.32827629E+001  0.32827629E+001  0.32827629E+001  0.32827629E+001  0.32827628E+001  0.32827628E+001  0.32827628E+001  0.32827627E+001  0.32827626E+001  0.32827625E+001  0.32827624E+001  0.32827624E+001  0.32827624E+001
