  0.00000000E+000  0.00000000E+000  0.00000000E+000  0.00000000E+000  0.00000000E+000  0.00000000E+000  0.00000000E+000  0.00000000E+000  0.00000000E+000  0.00000000E+000  0.00000000E+000  0.00000000E+000  0.00000000E+000  0.00000000E+000  0.00000000E+000  0.00000000E+000  0.00000000E+000  0.00000000E+000  0.00000000E+000  0.00000000E+000  0.00000000E+000  0.00000000E+000  0.00000000E+000  0.00000000E+000  0.00000000E+000  0.00000000E+000  0.00000000E+000  0.00000000E+000  0.00000000E+000  0.00000000E+000  0.00000000E+000  0.00000000E+000  0.00000000E+000  0.00000000E+000  0.00000000E+000
  0.40064104E-029  0.40064104E-029  0.40064104E-029  0.40064104E-029  0.40064104E-029  0.40064104E-029  0.40064104E-029  0.40064104E-029  0.40064104E-029  0.40064104E-029  0.40064104E-029  0.40064104E-029  0.40064104E-029  0.40064104E-029  0.40064104E-029  0.40064104E-029  0.40064104E-029  0.40064104E-029  0.40064104E-029  0.40064104E-029  0.40064104E-029  0.40064104E-029  0.40064104E-029  0.40064104E-029  0.40064104E-029  0.40064104E-029  0.40064104E-029  0.40064104E-029  0.40064104E-029  0.40064104E-029  0.40064104E-029  0.40064104E-029  0.40064104E-029  0.40064104E-029  0.40064104E-029
  0.95206408E-027  0.95206408E-027  0.95206408E-027  0.95206408E-027  0.95206408E-027  0.95206408E-027  0.95206408E-027  0.95206408E-027  0.95206408E-027  0.95206408E-027  0.95206408E-027  0.95206408E-027  0.95206408E-027  0.95206408E-027  0.95206408E-027  0.95206408E-027  0.95206408E-027  0.95206408E-027  0.95206408E-027  0.95206408E-027  0.95206408E-027  0.95206408E-027  0.95206408E-027  0.95206408E-027  0.95206408E-027  0.95206408E-027  0.95206408E-027  0.95206408E-027  0.95206408E-027  0.95206408E-027  0.95206408E-027  0.95206408E-027  0.95206408E-027  0.95206408E-027  0.95206408E-027
  0.10800988E-024  0.10800988E-024  0.10800988E-024  0.10800988E-024  0.10800988E-024  0.10800988E-024  0.10800988E-024  0.10800988E-024  0.10800988E-024  0.10800988E-024  0.10800988E-024  0.10800988E-024  0.10800988E-024  0.10800988E-024  0.10800988E-024  0.10800988E-024  0.10800988E-024  0.10800988E-024  0.10800988E-024  0.10800988E-024  0.10800988E-024  0.10800988E-024  0.10800988E-024  0.10800988E-024  0.10800988E-024  0.10800988E-024  0.10800988E-024  0.10800988E-024  0.10800988E-024  0.10800988E-024  0.10800988E-024  0.10800988E-024  0.10800988E-024  0.10800988E-024  0.10800988E-024
  0.77815719E-023  0.77815719E-023  0.77815719E-023  0.77815719E-023  0.77815719E-023  0.77815719E-023  0.77815719E-023  0.77815719E-023  0.77815719E-023  0.77815719E-023  0.77815719E-023  0.77815719E-023  0.77815719E-023  0.77815719E-023  0.77815719E-023  0.77815719E-023  0.77815719E-023  0.77815719E-023  0.77815719E-023  0.77815719E-023  0.77815719E-023  0.77815719E-023  0.77815719E-023  0.77815719E-023  0.77815719E-023  0.77815719E-023  0.77815719E-023  0.77815719E-023  0.77815719E-023  0.77815719E-023  0.77815719E-023  0.77815719E-023  0.77815719E-023  0.77815719E-023  0.77815719E-023
  0.39950040E-021  0.39950040E-021  0.39950040E-021  0.39950040E-021  0.39950040E-021  0.39950040E-021  0.39950040E-021  0.39950040E-021  0.39950040E-021  0.39950040E-021  0.39950040E-021  0.39950040E-021  0.39950040E-021  0.39950040E-021  0.39950040E-021  0.39950040E-021  0.39950040E-021  0.39950040E-021  0.39950040E-021  0.39950040E-021  0.39950040E-021  0.39950040E-021  0.39950040E-021  0.39950040E-021  0.39950040E-021  0.39950040E-021  0.39950040E-021  0.39950040E-021  0.39950040E-021  0.39950040E-021  0.39950040E-021  0.39950040E-021  0.39950040E-021  0.39950040E-021  0.39950040E-021
  0.15546151E-019  0.15546151E-019  0.15546151E-019  0.15546151E-019  0.15546151E-019  0.15546151E-019  0.15546151E-019  0.15546151E-019  0.15546151E-019  0.15546151E-019  0.15546151E-019  0.15546151E-019  0.15546151E-019  0.15546151E-019  0.15546151E-019  0.15546151E-019  0.15546151E-019  0.15546151E-019  0.15546151E-019  0.15546151E-019  0.15546151E-019  0.15546151E-019  0.15546151E-019  0.15546151E-019  0.15546151E-019  0.15546151E-019  0.15546151E-019  0.15546151E-019  0.15546151E-019  0.15546151E-019  0.15546151E-019  0.15546151E-019  0.15546151E-019  0.15546151E-019  0.15546151E-019
  0.47618421E-018  0.47618421E-018  0.47618421E-018  0.47618421E-018  0.47618421E-018  0.47618421E-018  0.47618421E-018  0.47618421E-018  0.47618421E-018  0.47618421E-018  0.47618421E-018  0.47618421E-018  0.47618421E-018  0.47618421E-018  0.47618421E-018  0.47618421E-018  0.47618421E-018  0.47618421E-018  0.47618421E-018  0.47618421E-018  0.47618421E-018  0.47618421E-018  0.47618421E-018  0.47618421E-018  0.47618421E-018  0.47618421E-018  0.47618421E-018  0.47618421E-018  0.47618421E-018  0.47618421E-018  0.47618421E-018  0.47618421E-018  0.47618421E-018  0.47618421E-018  0.47618421E-018
  0.11768916E-016  0.11768916E-016  0.11768916E-016  0.11768916E-016  0.11768916E-016  0.11768916E-016  0.11768916E-016  0.11768916E-016  0.11768916E-016  0.11768916E-016  0.11768916E-016  0.11768916E-016  0.11768916E-016  0.11768916E-016  0.11768916E-016  0.11768916E-016  0.11768916E-016  0.11768916E-016  0.11768916E-016  0.11768916E-016  0.11768916E-016  0.11768916E-016  0.11768916E-016  0.11768916E-016  0.11768916E-016  0.11768916E-016  0.11768916E-016  0.11768916E-016  0.11768916E-016  0.11768916E-016  0.11768916E-016  0.11768916E-016  0.11768916E-016  0.11768916E-016  0.11768916E-016
  0.23869413E-015  0.23869413E-015  0.23869413E-015  0.23869413E-015  0.23869413E-015  0.23869413E-015  0.23869413E-015  0.23869413E-015  0.23869413E-015  0.23869413E-015  0.23869413E-015  0.23869413E-015  0.23869413E-015  0.23869413E-015  0.23869413E-015  0.23869413E-015  0.23869413E-015  0.23869413E-015  0.23869413E-015  0.23869413E-015  0.23869413E-015  0.23869413E-015  0.23869413E-015  0.23869413E-015  0.23869413E-015  0.23869413E-015  0.23869413E-015  0.23869413E-015  0.23869413E-015  0.23869413E-015  0.23869413E-015  0.23869413E-015  0.23869413E-015  0.23869413E-015  0.23869413E-015
  0.34896560E-013  0.34896560E-013  0.34896560E-013  0.34896560E-013  0.34896560E-013  0.34896560E-013  0.34896560E-013  0.34896560E-013  0.34896560E-013  0.34896560E-013  0.34896560E-013  0.34896560E-013  0.34896560E-013  0.34896560E-013  0.34896560E-013  0.34896560E-013  0.34896560E-013  0.34896560E-013  0.34896560E-013  0.34896560E-013  0.34896560E-013  0.34896560E-013  0.34896560E-013  0.34896560E-013  0.34896560E-013  0.34896560E-013  0.34896560E-013  0.34896560E-013  0.34896560E-013  0.34896560E-013  0.34896560E-013  0.34896560E-013  0.34896560E-013  0.34896560E-013  0.34896560E-013
  0.40703427E-011  0.40703427E-011  0.40703427E-011  0.40703427E-011  0.40703427E-011  0.40703427E-011  0.40703427E-011  0.40703427E-011  0.40703427E-011  0.40703427E-011  0.40703427E-011  0.40703427E-011  0.40703427E-011  0.40703427E-011  0.40703427E-011  0.40703427E-011  0.40703427E-011  0.40703427E-011  0.40703427E-011  0.40703427E-011  0.40703427E-011  0.40703427E-011  0.40703427E-011  0.40703427E-011  0.40703427E-011  0.40703427E-011  0.40703427E-011  0.40703427E-011  0.40703427E-011  0.40703427E-011  0.40703427E-011  0.40703427E-011  0.40703427E-011  0.40703427E-011  0.40703427E-011
  0.38128890E-009  0.38128890E-009  0.38128890E-009  0.38128890E-009  0.38128890E-009  0.38128890E-009  0.38128890E-009  0.38128890E-009  0.38128890E-009  0.38128890E-009  0.38128890E-009  0.38128890E-009  0.38128890E-009  0.38128890E-009  0.38128890E-009  0.38128890E-009  0.38128890E-009  0.38128890E-009  0.38128890E-009  0.38128890E-009  0.38128890E-009  0.38128890E-009  0.38128890E-009  0.38128890E-009  0.38128890E-009  0.38128890E-009  0.38128890E-009  0.38128890E-009  0.38128890E-009  0.38128890E-009  0.38128890E-009  0.38128890E-009  0.38128890E-009  0.38128890E-009  0.38128890E-009
  0.28719882E-007  0.28719882E-007  0.28719882E-007  0.28719882E-007  0.28719882E-007  0.28719882E-007  0.28719882E-007  0.28719882E-007  0.28719882E-007  0.28719882E-007  0.28719882E-007  0.28719882E-007  0.28719882E-007  0.28719882E-007  0.28719882E-007  0.28719882E-007  0.28719882E-007  0.28719882E-007  0.28719882E-007  0.28719882E-007  0.28719882E-007  0.28719882E-007  0.28719882E-007  0.28719882E-007  0.28719882E-007  0.28719882E-007  0.28719882E-007  0.28719882E-007  0.28719882E-007  0.28719882E-007  0.28719882E-007  0.28719882E-007  0.28719882E-007  0.28719882E-007  0.28719882E-007
  0.17322684E-005  0.17322684E-005  0.17322684E-005  0.17322684E-005  0.17322684E-005  0.17322684E-005  0.17322684E-005  0.17322684E-005  0.17322684E-005  0.17322684E-005  0.17322684E-005  0.17322684E-005  0.17322684E-005  0.17322684E-005  0.17322684E-005  0.17322684E-005  0.17322684E-005  0.17322684E-005  0.17322684E-005  0.17322684E-005  0.17322684E-005  0.17322684E-005  0.17322684E-005  0.17322684E-005  0.17322684E-005  0.17322684E-005  0.17322684E-005  0.17322684E-005  0.17322684E-005  0.17322684E-005  0.17322684E-005  0.17322684E-005  0.17322684E-005  0.17322684E-005  0.17322684E-005
  0.82807397E-004  0.82807397E-004  0.82807397E-004  0.82807397E-004  0.82807397E-004  0.82807397E-004  0.82807397E-004  0.82807397E-004  0.82807397E-004  0.82807397E-004  0.82807397E-004  0.82807397E-004  0.82807397E-004  0.82807397E-004  0.82807397E-004  0.82807397E-004  0.82807397E-004  0.82807397E-004  0.82807397E-004  0.82807397E-004  0.82807397E-004  0.82807397E-004  0.82807397E-004  0.82807397E-004  0.82807397E-004  0.82807397E-004  0.82807397E-004  0.82807397E-004  0.82807397E-004  0.82807397E-004  0.82807397E-004  0.82807397E-004  0.82807397E-004  0.82807397E-004  0.82807397E-004
  0.30797524E-002  0.30797524E-002  0.30797524E-002  0.30797524E-002  0.30797524E-002  0.30797524E-002  0.30797524E-002  0.30797524E-002  0.30797524E-002  0.30797524E-002  0.30797524E-002  0.30797524E-002  0.30797524E-002  0.30797524E-002  0.30797524E-002  0.30797524E-002  0.30797524E-002  0.30797524E-002  0.30797524E-002  0.30797524E-002  0.30797524E-002  0.30797524E-002  0.30797524E-002  0.30797524E-002  0.30797524E-002  0.30797524E-002  0.30797524E-002  0.30797524E-002  0.30797524E-002  0.30797524E-002  0.30797524E-002  0.30797524E-002  0.30797524E-002  0.30797524E-002  0.30797524E-002
  0.86398104E-001  0.86398104E-001  0.86398104E-001  0.86398104E-001  0.86398104E-001  0.86398104E-001  0.86398104E-001  0.86398104E-001  0.86398104E-001  0.86398104E-001  0.86398104E-001  0.86398104E-001  0.86398104E-001  0.86398104E-001  0.86398104E-001  0.86398104E-001  0.86398104E-001  0.86398104E-001  0.86398104E-001  0.86398104E-001  0.86398104E-001  0.86398104E-001  0.86398104E-001  0.86398104E-001  0.86398104E-001  0.86398104E-001  0.86398104E-001  0.86398104E-001  0.86398104E-001  0.86398104E-001  0.86398104E-001  0.86398104E-001  0.86398104E-001  0.86398104E-001  0.86398104E-001
  0.17332213E+001  0.17332213E+001  0.17332213E+001  0.17332213E+001  0.17332213E+001  0.17332213E+001  0.17332213E+001  0.17332213E+001  0.17332213E+001  0.17332213E+001  0.17332213E+001  0.17332213E+001  0.17332213E+001  0.17332213E+001  0.17332213E+001  0.17332213E+001  0.17332213E+001  0.17332213E+001  0.17332213E+001  0.17332213E+001  0.17332213E+001  0.17332213E+001  0.17332213E+001  0.17332213E+001  0.17332213E+001  0.17332213E+001  0.17332213E+001  0.17332213E+001  0.17332213E+001  0.17332213E+001  0.17332213E+001  0.17332213E+001  0.17332213E+001  0.17332213E+001  0.17332213E+001
  0.22408326E+002  0.22408326E+002  0.22408326E+002  0.22408326E+002  0.22408326E+002  0.22408326E+002  0.22408326E+002  0.22408326E+002  0.22408326E+002  0.22408326E+002  0.22408326E+002  0.22408326E+002  0.22408326E+002  0.22408326E+002  0.22408326E+002  0.22408326E+002  0.22408326E+002  0.22408326E+002  0.22408326E+002  0.22408326E+002  0.22408326E+002  0.22408326E+002  0.22408326E+002  0.22408326E+002  0.22408326E+002  0.22408326E+002  0.22408326E+002  0.22408326E+002  0.22408326E+002  0.22408326E+002  0.22408326E+002  0.22408326E+002  0.22408326E+002  0.22408326E+002  0.22408326E+002
  0.14041446E+003  0.14041446E+003  0.14041446E+003  0.14041446E+003  0.14041446E+003  0.14041446E+003  0.14041446E+003  0.14041446E+003  0.14041446E+003  0.14041446E+003  0.14041446E+003  0.14041446E+003  0.14041446E+003  0.14041446E+003  0.14041446E+003  0.14041446E+003  0.14041446E+003  0.14041446E+003  0.14041446E+003  0.14041446E+003  0.14041446E+003  0.14041446E+003  0.14041446E+003  0.14041446E+003  0.14041446E+003  0.14041446E+003  0.14041446E+003  0.14041446E+003  0.14041446E+003  0.14041446E+003  0.14041446E+003  0.14041446E+003  0.14041446E+003  0.14041446E+003  0.14041446E+003
 -0.24600924E+003 -0.24600924E+003 -0.24600924E+003 -0.24600924E+003 -0.24600924E+003 -0.24600924E+003 -0.24600924E+003 -0.24600924E+003 -0.24600924E+003 -0.24600924E+003 -0.24600924E+003 -0.24600924E+003 -0.24600924E+003 -0.24600924E+003 -0.24600924E+003 -0.24600924E+003 -0.24600924E+003 -0.24600924E+003 -0.24600924E+003 -0.24600924E+003 -0.24600924E+003 -0.24600924E+003 -0.24600924E+003 -0.24600924E+003 -0.24600924E+003 -0.24600924E+003 -0.24600924E+003 -0.24600924E+003 -0.24600924E+003 -0.24600924E+003 -0.24600924E+003 -0.24600924E+003 -0.24599923E+003 -0.24598398E+003 -0.24597698E+003
 -0.39398058E+002 -0.39398058E+002 -0.39398058E+002 -0.39398058E+002 -0.39398058E+002 -0.39398058E+002 -0.39398058E+002 -0.39398058E+002 -0.39398058E+002 -0.39174782E+002 -0.39122520E+002 -0.27006646E+002 -0.26834732E+002 -0.26834732E+002 -0.26834732E+002 -0.26834732E+002 -0.26834732E+002 -0.26834732E+002 -0.26834732E+002 -0.26834732E+002 -0.26834732E+002 -0.26834732E+002 -0.26834732E+002 -0.26834732E+002 -0.26834732E+002 -0.26834732E+002 -0.26834732E+002 -0.26834732E+002 -0.26834734E+002 -0.26834736E+002 -0.26834738E+002 -0.26834740E+002 -0.26834742E+002 -0.26834744E+002 -0.26834747E+002
 -0.40382275E+003 -0.40382270E+003 -0.40382250E+003 -0.40382208E+003 -0.40382137E+003 -0.40382034E+003 -0.40381931E+003 -0.40381861E+003 -0.40381818E+003 -0.40381798E+003 -0.40381793E+003 -0.40381791E+003 -0.25519731E+003 -0.25519731E+003 -0.25519731E+003 -0.25519731E+003 -0.25519731E+003 -0.25519731E+003 -0.25519731E+003 -0.25519731E+003 -0.25519731E+003 -0.25519731E+003 -0.25519731E+003 -0.25519731E+003 -0.25519731E+003 -0.25519731E+003 -0.25519732E+003 -0.33091290E+003 -0.32398573E+003 -0.31603666E+003 -0.30693103E+003 -0.29651162E+003 -0.28459419E+003 -0.27096189E+003 -0.25535843E+003
 -0.41732062E+001 -0.41149190E+001 -0.38434565E+001 -0.32648955E+001 -0.28716233E+001 -0.22177480E+001 -0.20529085E+001 -0.18943632E+001 -0.13213811E+001 -0.13129173E+001 -0.32785487E+001 -0.32491401E+001 -0.32883391E+001 -0.32883391E+001 -0.96012906E+002 -0.95070836E+002 -0.93704138E+002 -0.91835214E+002 -0.89387166E+002 -0.86280912E+002 -0.82433946E+002 -0.77759001E+002 -0.72162587E+002 -0.65543337E+002 -0.57790159E+002 -0.57790159E+002 -0.57790159E+002 -0.57790158E+002 -0.57790158E+002 -0.57790157E+002 -0.57790156E+002 -0.57790155E+002 -0.57790154E+002 -0.57790153E+002 -0.57790152E+002
