  0.00000000E+000  0.00000000E+000  0.00000000E+000  0.00000000E+000  0.00000000E+000  0.00000000E+000  0.00000000E+000  0.00000000E+000  0.00000000E+000  0.00000000E+000  0.00000000E+000  0.00000000E+000  0.00000000E+000  0.00000000E+000  0.00000000E+000  0.00000000E+000  0.00000000E+000  0.00000000E+000  0.00000000E+000  0.00000000E+000  0.00000000E+000  0.00000000E+000  0.00000000E+000  0.00000000E+000  0.00000000E+000  0.00000000E+000  0.00000000E+000  0.00000000E+000  0.00000000E+000  0.00000000E+000  0.00000000E+000  0.00000000E+000  0.00000000E+000  0.00000000E+000  0.00000000E+000
  0.66070132E-035  0.66070132E-035  0.66070132E-035  0.66070132E-035  0.66070132E-035  0.66070132E-035  0.66070132E-035  0.66070132E-035  0.66070132E-035  0.66070132E-035  0.66070132E-035  0.66070132E-035  0.66070132E-035  0.66070132E-035  0.66070132E-035  0.66070132E-035  0.66070132E-035  0.66070132E-035  0.66070132E-035  0.66070132E-035  0.66070132E-035  0.66070132E-035  0.66070132E-035  0.66070132E-035  0.66070132E-035  0.66070132E-035  0.66070132E-035  0.66070132E-035  0.66070132E-035  0.66070132E-035  0.66070132E-035  0.66070132E-035  0.66070132E-035  0.66070132E-035  0.66070132E-035
  0.30284463E-032  0.30284463E-032  0.30284463E-032  0.30284463E-032  0.30284463E-032  0.30284463E-032  0.30284463E-032  0.30284463E-032  0.30284463E-032  0.30284463E-032  0.30284463E-032  0.30284463E-032  0.30284463E-032  0.30284463E-032  0.30284463E-032  0.30284463E-032  0.30284463E-032  0.30284463E-032  0.30284463E-032  0.30284463E-032  0.30284463E-032  0.30284463E-032  0.30284463E-032  0.30284463E-032  0.30284463E-032  0.30284463E-032  0.30284463E-032  0.30284463E-032  0.30284463E-032  0.30284463E-032  0.30284463E-032  0.30284463E-032  0.30284463E-032  0.30284463E-032  0.30284463E-032
  0.66322048E-030  0.66322048E-030  0.66322048E-030  0.66322048E-030  0.66322048E-030  0.66322048E-030  0.66322048E-030  0.66322048E-030  0.66322048E-030  0.66322048E-030  0.66322048E-030  0.66322048E-030  0.66322048E-030  0.66322048E-030  0.66322048E-030  0.66322048E-030  0.66322048E-030  0.66322048E-030  0.66322048E-030  0.66322048E-030  0.66322048E-030  0.66322048E-030  0.66322048E-030  0.66322048E-030  0.66322048E-030  0.66322048E-030  0.66322048E-030  0.66322048E-030  0.66322048E-030  0.66322048E-030  0.66322048E-030  0.66322048E-030  0.66322048E-030  0.66322048E-030  0.66322048E-030
  0.92286937E-028  0.92286937E-028  0.92286937E-028  0.92286937E-028  0.92286937E-028  0.92286937E-028  0.92286937E-028  0.92286937E-028  0.92286937E-028  0.92286937E-028  0.92286937E-028  0.92286937E-028  0.92286937E-028  0.92286937E-028  0.92286937E-028  0.92286937E-028  0.92286937E-028  0.92286937E-028  0.92286937E-028  0.92286937E-028  0.92286937E-028  0.92286937E-028  0.92286937E-028  0.92286937E-028  0.92286937E-028  0.92286937E-028  0.92286937E-028  0.92286937E-028  0.92286937E-028  0.92286937E-028  0.92286937E-028  0.92286937E-028  0.92286937E-028  0.92286937E-028  0.92286937E-028
  0.91533999E-026  0.91533999E-026  0.91533999E-026  0.91533999E-026  0.91533999E-026  0.91533999E-026  0.91533999E-026  0.91533999E-026  0.91533999E-026  0.91533999E-026  0.91533999E-026  0.91533999E-026  0.91533999E-026  0.91533999E-026  0.91533999E-026  0.91533999E-026  0.91533999E-026  0.91533999E-026  0.91533999E-026  0.91533999E-026  0.91533999E-026  0.91533999E-026  0.91533999E-026  0.91533999E-026  0.91533999E-026  0.91533999E-026  0.91533999E-026  0.91533999E-026  0.91533999E-026  0.91533999E-026  0.91533999E-026  0.91533999E-026  0.91533999E-026  0.91533999E-026  0.91533999E-026
  0.68807870E-024  0.68807870E-024  0.68807870E-024  0.68807870E-024  0.68807870E-024  0.68807870E-024  0.68807870E-024  0.68807870E-024  0.68807870E-024  0.68807870E-024  0.68807870E-024  0.68807870E-024  0.68807870E-024  0.68807870E-024  0.68807870E-024  0.68807870E-024  0.68807870E-024  0.68807870E-024  0.68807870E-024  0.68807870E-024  0.68807870E-024  0.68807870E-024  0.68807870E-024  0.68807870E-024  0.68807870E-024  0.68807870E-024  0.68807870E-024  0.68807870E-024  0.68807870E-024  0.68807870E-024  0.68807870E-024  0.68807870E-024  0.68807870E-024  0.68807870E-024  0.68807870E-024
  0.40691084E-022  0.40691084E-022  0.40691084E-022  0.40691084E-022  0.40691084E-022  0.40691084E-022  0.40691084E-022  0.40691084E-022  0.40691084E-022  0.40691084E-022  0.40691084E-022  0.40691084E-022  0.40691084E-022  0.40691084E-022  0.40691084E-022  0.40691084E-022  0.40691084E-022  0.40691084E-022  0.40691084E-022  0.40691084E-022  0.40691084E-022  0.40691084E-022  0.40691084E-022  0.40691084E-022  0.40691084E-022  0.40691084E-022  0.40691084E-022  0.40691084E-022  0.40691084E-022  0.40691084E-022  0.40691084E-022  0.40691084E-022  0.40691084E-022  0.40691084E-022  0.40691084E-022
  0.19394265E-020  0.19394265E-020  0.19394265E-020  0.19394265E-020  0.19394265E-020  0.19394265E-020  0.19394265E-020  0.19394265E-020  0.19394265E-020  0.19394265E-020  0.19394265E-020  0.19394265E-020  0.19394265E-020  0.19394265E-020  0.19394265E-020  0.19394265E-020  0.19394265E-020  0.19394265E-020  0.19394265E-020  0.19394265E-020  0.19394265E-020  0.19394265E-020  0.19394265E-020  0.19394265E-020  0.19394265E-020  0.19394265E-020  0.19394265E-020  0.19394265E-020  0.19394265E-020  0.19394265E-020  0.19394265E-020  0.19394265E-020  0.19394265E-020  0.19394265E-020  0.19394265E-020
  0.75711640E-019  0.75711640E-019  0.75711640E-019  0.75711640E-019  0.75711640E-019  0.75711640E-019  0.75711640E-019  0.75711640E-019  0.75711640E-019  0.75711640E-019  0.75711640E-019  0.75711640E-019  0.75711640E-019  0.75711640E-019  0.75711640E-019  0.75711640E-019  0.75711640E-019  0.75711640E-019  0.75711640E-019  0.75711640E-019  0.75711640E-019  0.75711640E-019  0.75711640E-019  0.75711640E-019  0.75711640E-019  0.75711640E-019  0.75711640E-019  0.75711640E-019  0.75711640E-019  0.75711640E-019  0.75711640E-019  0.75711640E-019  0.75711640E-019  0.75711640E-019  0.75711640E-019
  0.21811693E-016  0.21811693E-016  0.21811693E-016  0.21811693E-016  0.21811693E-016  0.21811693E-016  0.21811693E-016  0.21811693E-016  0.21811693E-016  0.21811693E-016  0.21811693E-016  0.21811693E-016  0.21811693E-016  0.21811693E-016  0.21811693E-016  0.21811693E-016  0.21811693E-016  0.21811693E-016  0.21811693E-016  0.21811693E-016  0.21811693E-016  0.21811693E-016  0.21811693E-016  0.21811693E-016  0.21811693E-016  0.21811693E-016  0.21811693E-016  0.21811693E-016  0.21811693E-016  0.21811693E-016  0.21811693E-016  0.21811693E-016  0.21811693E-016  0.21811693E-016  0.21811693E-016
  0.50301281E-014  0.50301281E-014  0.50301281E-014  0.50301281E-014  0.50301281E-014  0.50301281E-014  0.50301281E-014  0.50301281E-014  0.50301281E-014  0.50301281E-014  0.50301281E-014  0.50301281E-014  0.50301281E-014  0.50301281E-014  0.50301281E-014  0.50301281E-014  0.50301281E-014  0.50301281E-014  0.50301281E-014  0.50301281E-014  0.50301281E-014  0.50301281E-014  0.50301281E-014  0.50301281E-014  0.50301281E-014  0.50301281E-014  0.50301281E-014  0.50301281E-014  0.50301281E-014  0.50301281E-014  0.50301281E-014  0.50301281E-014  0.50301281E-014  0.50301281E-014  0.50301281E-014
  0.93497213E-012  0.93497213E-012  0.93497213E-012  0.93497213E-012  0.93497213E-012  0.93497213E-012  0.93497213E-012  0.93497213E-012  0.93497213E-012  0.93497213E-012  0.93497213E-012  0.93497213E-012  0.93497213E-012  0.93497213E-012  0.93497213E-012  0.93497213E-012  0.93497213E-012  0.93497213E-012  0.93497213E-012  0.93497213E-012  0.93497213E-012  0.93497213E-012  0.93497213E-012  0.93497213E-012  0.93497213E-012  0.93497213E-012  0.93497213E-012  0.93497213E-012  0.93497213E-012  0.93497213E-012  0.93497213E-012  0.93497213E-012  0.93497213E-012  0.93497213E-012  0.93497213E-012
  0.14028335E-009  0.14028335E-009  0.14028335E-009  0.14028335E-009  0.14028335E-009  0.14028335E-009  0.14028335E-009  0.14028335E-009  0.14028335E-009  0.14028335E-009  0.14028335E-009  0.14028335E-009  0.14028335E-009  0.14028335E-009  0.14028335E-009  0.14028335E-009  0.14028335E-009  0.14028335E-009  0.14028335E-009  0.14028335E-009  0.14028335E-009  0.14028335E-009  0.14028335E-009  0.14028335E-009  0.14028335E-009  0.14028335E-009  0.14028335E-009  0.14028335E-009  0.14028335E-009  0.14028335E-009  0.14028335E-009  0.14028335E-009  0.14028335E-009  0.14028335E-009  0.14028335E-009
  0.16926462E-007  0.16926462E-007  0.16926462E-007  0.16926462E-007  0.16926462E-007  0.16926462E-007  0.16926462E-007  0.16926462E-007  0.16926462E-007  0.16926462E-007  0.16926462E-007  0.16926462E-007  0.16926462E-007  0.16926462E-007  0.16926462E-007  0.16926462E-007  0.16926462E-007  0.16926462E-007  0.16926462E-007  0.16926462E-007  0.16926462E-007  0.16926462E-007  0.16926462E-007  0.16926462E-007  0.16926462E-007  0.16926462E-007  0.16926462E-007  0.16926462E-007  0.16926462E-007  0.16926462E-007  0.16926462E-007  0.16926462E-007  0.16926462E-007  0.16926462E-007  0.16926462E-007
  0.16263604E-005  0.16263604E-005  0.16263604E-005  0.16263604E-005  0.16263604E-005  0.16263604E-005  0.16263604E-005  0.16263604E-005  0.16263604E-005  0.16263604E-005  0.16263604E-005  0.16263604E-005  0.16263604E-005  0.16263604E-005  0.16263604E-005  0.16263604E-005  0.16263604E-005  0.16263604E-005  0.16263604E-005  0.16263604E-005  0.16263604E-005  0.16263604E-005  0.16263604E-005  0.16263604E-005  0.16263604E-005  0.16263604E-005  0.16263604E-005  0.16263604E-005  0.16263604E-005  0.16263604E-005  0.16263604E-005  0.16263604E-005  0.16263604E-005  0.16263604E-005  0.16263604E-005
  0.12224441E-003  0.12224441E-003  0.12224441E-003  0.12224441E-003  0.12224441E-003  0.12224441E-003  0.12224441E-003  0.12224441E-003  0.12224441E-003  0.12224441E-003  0.12224441E-003  0.12224441E-003  0.12224441E-003  0.12224441E-003  0.12224441E-003  0.12224441E-003  0.12224441E-003  0.12224441E-003  0.12224441E-003  0.12224441E-003  0.12224441E-003  0.12224441E-003  0.12224441E-003  0.12224441E-003  0.12224441E-003  0.12224441E-003  0.12224441E-003  0.12224441E-003  0.12224441E-003  0.12224441E-003  0.12224441E-003  0.12224441E-003  0.12224441E-003  0.12224441E-003  0.12224441E-003
  0.69754316E-002  0.69754316E-002  0.69754316E-002  0.69754316E-002  0.69754316E-002  0.69754316E-002  0.69754316E-002  0.69754316E-002  0.69754316E-002  0.69754316E-002  0.69754316E-002  0.69754316E-002  0.69754316E-002  0.69754316E-002  0.69754316E-002  0.69754316E-002  0.69754316E-002  0.69754316E-002  0.69754316E-002  0.69754316E-002  0.69754316E-002  0.69754316E-002  0.69754316E-002  0.69754316E-002  0.69754316E-002  0.69754316E-002  0.69754316E-002  0.69754316E-002  0.69754316E-002  0.69754316E-002  0.69754316E-002  0.69754316E-002  0.69754316E-002  0.69754316E-002  0.69754316E-002
  0.28687124E+000  0.28687124E+000  0.28687124E+000  0.28687124E+000  0.28687124E+000  0.28687124E+000  0.28687124E+000  0.28687124E+000  0.28687124E+000  0.28687124E+000  0.28687124E+000  0.28687124E+000  0.28687124E+000  0.28687124E+000  0.28687124E+000  0.28687124E+000  0.28687124E+000  0.28687124E+000  0.28687124E+000  0.28687124E+000  0.28687124E+000  0.28687124E+000  0.28687124E+000  0.28687124E+000  0.28687124E+000  0.28687124E+000  0.28687124E+000  0.28687124E+000  0.28687124E+000  0.28687124E+000  0.28687124E+000  0.28687124E+000  0.28687124E+000  0.28687124E+000  0.28687124E+000
  0.76848685E+001  0.76848685E+001  0.76848685E+001  0.76848685E+001  0.76848685E+001  0.76848685E+001  0.76848685E+001  0.76848685E+001  0.76848685E+001  0.76848685E+001  0.76848685E+001  0.76848685E+001  0.76848685E+001  0.76848685E+001  0.76848685E+001  0.76848685E+001  0.76848685E+001  0.76848685E+001  0.76848685E+001  0.76848685E+001  0.76848685E+001  0.76848685E+001  0.76848685E+001  0.76848685E+001  0.76848685E+001  0.76848685E+001  0.76848685E+001  0.76848685E+001  0.76848685E+001  0.76848685E+001  0.76848685E+001  0.76848685E+001  0.76848685E+001  0.76848685E+001  0.76848685E+001
  0.10249852E+003  0.10249852E+003  0.10249852E+003  0.10249852E+003  0.10249852E+003  0.10249852E+003  0.10249852E+003  0.10249852E+003  0.10249852E+003  0.10249852E+003  0.10249852E+003  0.10249852E+003  0.10249852E+003  0.10249852E+003  0.10249852E+003  0.10249852E+003  0.10249852E+003  0.10249852E+003  0.10249852E+003  0.10249852E+003  0.10249852E+003  0.10249852E+003  0.10249852E+003  0.10249852E+003  0.10249852E+003  0.10249852E+003  0.10249852E+003  0.10249852E+003  0.10249852E+003  0.10249852E+003  0.10249852E+003  0.10249852E+003  0.10249852E+003  0.10249852E+003  0.10249852E+003
 -0.15010275E+003 -0.15010275E+003 -0.15010275E+003 -0.15010275E+003 -0.15010275E+003 -0.15010275E+003 -0.15010275E+003 -0.15010275E+003 -0.15010275E+003 -0.15010275E+003 -0.15010275E+003 -0.15010275E+003 -0.15010275E+003 -0.15010275E+003 -0.15010275E+003 -0.15010275E+003 -0.15010275E+003 -0.15010275E+003 -0.15010275E+003 -0.15010275E+003 -0.15010275E+003 -0.15010275E+003 -0.15010275E+003 -0.15010275E+003 -0.15010275E+003 -0.15010275E+003 -0.15010275E+003 -0.15010275E+003 -0.15010275E+003 -0.15010275E+003 -0.15010275E+003 -0.15010275E+003 -0.15009417E+003 -0.15008108E+003 -0.15007643E+003
 -0.16899930E+002 -0.16899930E+002 -0.16899930E+002 -0.16899930E+002 -0.16899930E+002 -0.16899930E+002 -0.16899930E+002 -0.16899930E+002 -0.16899930E+002 -0.16966278E+002 -0.16921443E+002 -0.46100134E+001 -0.44606427E+001 -0.44606427E+001 -0.44606427E+001 -0.44606427E+001 -0.44606427E+001 -0.44606428E+001 -0.44606429E+001 -0.44606430E+001 -0.44606431E+001 -0.44606432E+001 -0.44606433E+001 -0.44606433E+001 -0.44606433E+001 -0.44606433E+001 -0.44606433E+001 -0.44606435E+001 -0.44606444E+001 -0.44606454E+001 -0.44606464E+001 -0.44606475E+001 -0.44606487E+001 -0.44606500E+001 -0.44606513E+001
 -0.33414226E+003 -0.33414222E+003 -0.33414204E+003 -0.33414164E+003 -0.33414099E+003 -0.33414004E+003 -0.33413909E+003 -0.33413844E+003 -0.33413804E+003 -0.33413786E+003 -0.33413782E+003 -0.33413780E+003 -0.10150767E+003 -0.10150767E+003 -0.10150767E+003 -0.10150767E+003 -0.10150767E+003 -0.10150767E+003 -0.10150767E+003 -0.10150767E+003 -0.10150767E+003 -0.10150767E+003 -0.10150767E+003 -0.10150767E+003 -0.10150767E+003 -0.10150768E+003 -0.10150769E+003 -0.25375126E+003 -0.24682409E+003 -0.23887499E+003 -0.22976934E+003 -0.21934992E+003 -0.20743248E+003 -0.19380016E+003 -0.17819669E+003
 -0.25721012E+001 -0.25182574E+001 -0.22674885E+001 -0.17330265E+001 -0.13698113E+001 -0.76581865E+000 -0.67825599E+000 -0.57370766E+000 -0.27725339E+000 -0.27334802E+000 -0.15347570E+001 -0.15075770E+001 -0.15385025E+001 -0.15385025E+001 -0.63196649E+002 -0.62419058E+002 -0.61290932E+002 -0.59748123E+002 -0.57727016E+002 -0.55162120E+002 -0.51985018E+002 -0.48123236E+002 -0.43499006E+002 -0.38027858E+002 -0.31617046E+002 -0.31617046E+002 -0.31617046E+002 -0.31617046E+002 -0.31617045E+002 -0.31617044E+002 -0.31617043E+002 -0.31617042E+002 -0.31617041E+002 -0.31617040E+002 -0.31617038E+002
