  0.00000000E+000  0.00000000E+000  0.00000000E+000  0.00000000E+000  0.00000000E+000  0.00000000E+000  0.00000000E+000  0.00000000E+000  0.00000000E+000  0.00000000E+000  0.00000000E+000  0.00000000E+000  0.00000000E+000  0.00000000E+000  0.00000000E+000  0.00000000E+000  0.00000000E+000  0.00000000E+000  0.00000000E+000  0.00000000E+000  0.00000000E+000  0.00000000E+000  0.00000000E+000  0.00000000E+000  0.00000000E+000  0.00000000E+000  0.00000000E+000  0.00000000E+000  0.00000000E+000  0.00000000E+000  0.00000000E+000  0.00000000E+000  0.00000000E+000  0.00000000E+000  0.00000000E+000
 -0.33250807E-037 -0.33250807E-037 -0.33250807E-037 -0.33250807E-037 -0.33250807E-037 -0.33250807E-037 -0.33250807E-037 -0.33250807E-037 -0.33250807E-037 -0.33250807E-037 -0.33250807E-037 -0.33250807E-037 -0.33250807E-037 -0.33250807E-037 -0.33250807E-037 -0.33250807E-037 -0.33250807E-037 -0.33250807E-037 -0.33250807E-037 -0.33250807E-037 -0.33250807E-037 -0.33250807E-037 -0.33250807E-037 -0.33250807E-037 -0.33250807E-037 -0.33250807E-037 -0.33250807E-037 -0.33250807E-037 -0.33250807E-037 -0.33250807E-037 -0.33250807E-037 -0.33250807E-037 -0.33250807E-037 -0.33250807E-037 -0.33250807E-037
 -0.15364259E-034 -0.15364259E-034 -0.15364259E-034 -0.15364259E-034 -0.15364259E-034 -0.15364259E-034 -0.15364259E-034 -0.15364259E-034 -0.15364259E-034 -0.15364259E-034 -0.15364259E-034 -0.15364259E-034 -0.15364259E-034 -0.15364259E-034 -0.15364259E-034 -0.15364259E-034 -0.15364259E-034 -0.15364259E-034 -0.15364259E-034 -0.15364259E-034 -0.15364259E-034 -0.15364259E-034 -0.15364259E-034 -0.15364259E-034 -0.15364259E-034 -0.15364259E-034 -0.15364259E-034 -0.15364259E-034 -0.15364259E-034 -0.15364259E-034 -0.15364259E-034 -0.15364259E-034 -0.15364259E-034 -0.15364259E-034 -0.15364259E-034
 -0.33950147E-032 -0.33950147E-032 -0.33950147E-032 -0.33950147E-032 -0.33950147E-032 -0.33950147E-032 -0.33950147E-032 -0.33950147E-032 -0.33950147E-032 -0.33950147E-032 -0.33950147E-032 -0.33950147E-032 -0.33950147E-032 -0.33950147E-032 -0.33950147E-032 -0.33950147E-032 -0.33950147E-032 -0.33950147E-032 -0.33950147E-032 -0.33950147E-032 -0.33950147E-032 -0.33950147E-032 -0.33950147E-032 -0.33950147E-032 -0.33950147E-032 -0.33950147E-032 -0.33950147E-032 -0.33950147E-032 -0.33950147E-032 -0.33950147E-032 -0.33950147E-032 -0.33950147E-032 -0.33950147E-032 -0.33950147E-032 -0.33950147E-032
 -0.47716867E-030 -0.47716867E-030 -0.47716867E-030 -0.47716867E-030 -0.47716867E-030 -0.47716867E-030 -0.47716867E-030 -0.47716867E-030 -0.47716867E-030 -0.47716867E-030 -0.47716867E-030 -0.47716867E-030 -0.47716867E-030 -0.47716867E-030 -0.47716867E-030 -0.47716867E-030 -0.47716867E-030 -0.47716867E-030 -0.47716867E-030 -0.47716867E-030 -0.47716867E-030 -0.47716867E-030 -0.47716867E-030 -0.47716867E-030 -0.47716867E-030 -0.47716867E-030 -0.47716867E-030 -0.47716867E-030 -0.47716867E-030 -0.47716867E-030 -0.47716867E-030 -0.47716867E-030 -0.47716867E-030 -0.47716867E-030 -0.47716867E-030
 -0.47861773E-028 -0.47861773E-028 -0.47861773E-028 -0.47861773E-028 -0.47861773E-028 -0.47861773E-028 -0.47861773E-028 -0.47861773E-028 -0.47861773E-028 -0.47861773E-028 -0.47861773E-028 -0.47861773E-028 -0.47861773E-028 -0.47861773E-028 -0.47861773E-028 -0.47861773E-028 -0.47861773E-028 -0.47861773E-028 -0.47861773E-028 -0.47861773E-028 -0.47861773E-028 -0.47861773E-028 -0.47861773E-028 -0.47861773E-028 -0.47861773E-028 -0.47861773E-028 -0.47861773E-028 -0.47861773E-028 -0.47861773E-028 -0.47861773E-028 -0.47861773E-028 -0.47861773E-028 -0.47861773E-028 -0.47861773E-028 -0.47861773E-028
 -0.36436095E-026 -0.36436095E-026 -0.36436095E-026 -0.36436095E-026 -0.36436095E-026 -0.36436095E-026 -0.36436095E-026 -0.36436095E-026 -0.36436095E-026 -0.36436095E-026 -0.36436095E-026 -0.36436095E-026 -0.36436095E-026 -0.36436095E-026 -0.36436095E-026 -0.36436095E-026 -0.36436095E-026 -0.36436095E-026 -0.36436095E-026 -0.36436095E-026 -0.36436095E-026 -0.36436095E-026 -0.36436095E-026 -0.36436095E-026 -0.36436095E-026 -0.36436095E-026 -0.36436095E-026 -0.36436095E-026 -0.36436095E-026 -0.36436095E-026 -0.36436095E-026 -0.36436095E-026 -0.36436095E-026 -0.36436095E-026 -0.36436095E-026
 -0.21857404E-024 -0.21857404E-024 -0.21857404E-024 -0.21857404E-024 -0.21857404E-024 -0.21857404E-024 -0.21857404E-024 -0.21857404E-024 -0.21857404E-024 -0.21857404E-024 -0.21857404E-024 -0.21857404E-024 -0.21857404E-024 -0.21857404E-024 -0.21857404E-024 -0.21857404E-024 -0.21857404E-024 -0.21857404E-024 -0.21857404E-024 -0.21857404E-024 -0.21857404E-024 -0.21857404E-024 -0.21857404E-024 -0.21857404E-024 -0.21857404E-024 -0.21857404E-024 -0.21857404E-024 -0.21857404E-024 -0.21857404E-024 -0.21857404E-024 -0.21857404E-024 -0.21857404E-024 -0.21857404E-024 -0.21857404E-024 -0.21857404E-024
 -0.10588326E-022 -0.10588326E-022 -0.10588326E-022 -0.10588326E-022 -0.10588326E-022 -0.10588326E-022 -0.10588326E-022 -0.10588326E-022 -0.10588326E-022 -0.10588326E-022 -0.10588326E-022 -0.10588326E-022 -0.10588326E-022 -0.10588326E-022 -0.10588326E-022 -0.10588326E-022 -0.10588326E-022 -0.10588326E-022 -0.10588326E-022 -0.10588326E-022 -0.10588326E-022 -0.10588326E-022 -0.10588326E-022 -0.10588326E-022 -0.10588326E-022 -0.10588326E-022 -0.10588326E-022 -0.10588326E-022 -0.10588326E-022 -0.10588326E-022 -0.10588326E-022 -0.10588326E-022 -0.10588326E-022 -0.10588326E-022 -0.10588326E-022
 -0.42109903E-021 -0.42109903E-021 -0.42109903E-021 -0.42109903E-021 -0.42109903E-021 -0.42109903E-021 -0.42109903E-021 -0.42109903E-021 -0.42109903E-021 -0.42109903E-021 -0.42109903E-021 -0.42109903E-021 -0.42109903E-021 -0.42109903E-021 -0.42109903E-021 -0.42109903E-021 -0.42109903E-021 -0.42109903E-021 -0.42109903E-021 -0.42109903E-021 -0.42109903E-021 -0.42109903E-021 -0.42109903E-021 -0.42109903E-021 -0.42109903E-021 -0.42109903E-021 -0.42109903E-021 -0.42109903E-021 -0.42109903E-021 -0.42109903E-021 -0.42109903E-021 -0.42109903E-021 -0.42109903E-021 -0.42109903E-021 -0.42109903E-021
 -0.12401084E-018 -0.12401084E-018 -0.12401084E-018 -0.12401084E-018 -0.12401084E-018 -0.12401084E-018 -0.12401084E-018 -0.12401084E-018 -0.12401084E-018 -0.12401084E-018 -0.12401084E-018 -0.12401084E-018 -0.12401084E-018 -0.12401084E-018 -0.12401084E-018 -0.12401084E-018 -0.12401084E-018 -0.12401084E-018 -0.12401084E-018 -0.12401084E-018 -0.12401084E-018 -0.12401084E-018 -0.12401084E-018 -0.12401084E-018 -0.12401084E-018 -0.12401084E-018 -0.12401084E-018 -0.12401084E-018 -0.12401084E-018 -0.12401084E-018 -0.12401084E-018 -0.12401084E-018 -0.12401084E-018 -0.12401084E-018 -0.12401084E-018
 -0.29346651E-016 -0.29346651E-016 -0.29346651E-016 -0.29346651E-016 -0.29346651E-016 -0.29346651E-016 -0.29346651E-016 -0.29346651E-016 -0.29346651E-016 -0.29346651E-016 -0.29346651E-016 -0.29346651E-016 -0.29346651E-016 -0.29346651E-016 -0.29346651E-016 -0.29346651E-016 -0.29346651E-016 -0.29346651E-016 -0.29346651E-016 -0.29346651E-016 -0.29346651E-016 -0.29346651E-016 -0.29346651E-016 -0.29346651E-016 -0.29346651E-016 -0.29346651E-016 -0.29346651E-016 -0.29346651E-016 -0.29346651E-016 -0.29346651E-016 -0.29346651E-016 -0.29346651E-016 -0.29346651E-016 -0.29346651E-016 -0.29346651E-016
 -0.56247442E-014 -0.56247442E-014 -0.56247442E-014 -0.56247442E-014 -0.56247442E-014 -0.56247442E-014 -0.56247442E-014 -0.56247442E-014 -0.56247442E-014 -0.56247442E-014 -0.56247442E-014 -0.56247442E-014 -0.56247442E-014 -0.56247442E-014 -0.56247442E-014 -0.56247442E-014 -0.56247442E-014 -0.56247442E-014 -0.56247442E-014 -0.56247442E-014 -0.56247442E-014 -0.56247442E-014 -0.56247442E-014 -0.56247442E-014 -0.56247442E-014 -0.56247442E-014 -0.56247442E-014 -0.56247442E-014 -0.56247442E-014 -0.56247442E-014 -0.56247442E-014 -0.56247442E-014 -0.56247442E-014 -0.56247442E-014 -0.56247442E-014
 -0.87577717E-012 -0.87577717E-012 -0.87577717E-012 -0.87577717E-012 -0.87577717E-012 -0.87577717E-012 -0.87577717E-012 -0.87577717E-012 -0.87577717E-012 -0.87577717E-012 -0.87577717E-012 -0.87577717E-012 -0.87577717E-012 -0.87577717E-012 -0.87577717E-012 -0.87577717E-012 -0.87577717E-012 -0.87577717E-012 -0.87577717E-012 -0.87577717E-012 -0.87577717E-012 -0.87577717E-012 -0.87577717E-012 -0.87577717E-012 -0.87577717E-012 -0.87577717E-012 -0.87577717E-012 -0.87577717E-012 -0.87577717E-012 -0.87577717E-012 -0.87577717E-012 -0.87577717E-012 -0.87577717E-012 -0.87577717E-012 -0.87577717E-012
 -0.11059616E-009 -0.11059616E-009 -0.11059616E-009 -0.11059616E-009 -0.11059616E-009 -0.11059616E-009 -0.11059616E-009 -0.11059616E-009 -0.11059616E-009 -0.11059616E-009 -0.11059616E-009 -0.11059616E-009 -0.11059616E-009 -0.11059616E-009 -0.11059616E-009 -0.11059616E-009 -0.11059616E-009 -0.11059616E-009 -0.11059616E-009 -0.11059616E-009 -0.11059616E-009 -0.11059616E-009 -0.11059616E-009 -0.11059616E-009 -0.11059616E-009 -0.11059616E-009 -0.11059616E-009 -0.11059616E-009 -0.11059616E-009 -0.11059616E-009 -0.11059616E-009 -0.11059616E-009 -0.11059616E-009 -0.11059616E-009 -0.11059616E-009
 -0.11254628E-007 -0.11254628E-007 -0.11254628E-007 -0.11254628E-007 -0.11254628E-007 -0.11254628E-007 -0.11254628E-007 -0.11254628E-007 -0.11254628E-007 -0.11254628E-007 -0.11254628E-007 -0.11254628E-007 -0.11254628E-007 -0.11254628E-007 -0.11254628E-007 -0.11254628E-007 -0.11254628E-007 -0.11254628E-007 -0.11254628E-007 -0.11254628E-007 -0.11254628E-007 -0.11254628E-007 -0.11254628E-007 -0.11254628E-007 -0.11254628E-007 -0.11254628E-007 -0.11254628E-007 -0.11254628E-007 -0.11254628E-007 -0.11254628E-007 -0.11254628E-007 -0.11254628E-007 -0.11254628E-007 -0.11254628E-007 -0.11254628E-007
 -0.91160273E-006 -0.91160273E-006 -0.91160273E-006 -0.91160273E-006 -0.91160273E-006 -0.91160273E-006 -0.91160273E-006 -0.91160273E-006 -0.91160273E-006 -0.91160273E-006 -0.91160273E-006 -0.91160273E-006 -0.91160273E-006 -0.91160273E-006 -0.91160273E-006 -0.91160273E-006 -0.91160273E-006 -0.91160273E-006 -0.91160273E-006 -0.91160273E-006 -0.91160273E-006 -0.91160273E-006 -0.91160273E-006 -0.91160273E-006 -0.91160273E-006 -0.91160273E-006 -0.91160273E-006 -0.91160273E-006 -0.91160273E-006 -0.91160273E-006 -0.91160273E-006 -0.91160273E-006 -0.91160273E-006 -0.91160273E-006 -0.91160273E-006
 -0.57586807E-004 -0.57586807E-004 -0.57586807E-004 -0.57586807E-004 -0.57586807E-004 -0.57586807E-004 -0.57586807E-004 -0.57586807E-004 -0.57586807E-004 -0.57586807E-004 -0.57586807E-004 -0.57586807E-004 -0.57586807E-004 -0.57586807E-004 -0.57586807E-004 -0.57586807E-004 -0.57586807E-004 -0.57586807E-004 -0.57586807E-004 -0.57586807E-004 -0.57586807E-004 -0.57586807E-004 -0.57586807E-004 -0.57586807E-004 -0.57586807E-004 -0.57586807E-004 -0.57586807E-004 -0.57586807E-004 -0.57586807E-004 -0.57586807E-004 -0.57586807E-004 -0.57586807E-004 -0.57586807E-004 -0.57586807E-004 -0.57586807E-004
 -0.27458933E-002 -0.27458933E-002 -0.27458933E-002 -0.27458933E-002 -0.27458933E-002 -0.27458933E-002 -0.27458933E-002 -0.27458933E-002 -0.27458933E-002 -0.27458933E-002 -0.27458933E-002 -0.27458933E-002 -0.27458933E-002 -0.27458933E-002 -0.27458933E-002 -0.27458933E-002 -0.27458933E-002 -0.27458933E-002 -0.27458933E-002 -0.27458933E-002 -0.27458933E-002 -0.27458933E-002 -0.27458933E-002 -0.27458933E-002 -0.27458933E-002 -0.27458933E-002 -0.27458933E-002 -0.27458933E-002 -0.27458933E-002 -0.27458933E-002 -0.27458933E-002 -0.27458933E-002 -0.27458933E-002 -0.27458933E-002 -0.27458933E-002
 -0.93577168E-001 -0.93577168E-001 -0.93577168E-001 -0.93577168E-001 -0.93577168E-001 -0.93577168E-001 -0.93577168E-001 -0.93577168E-001 -0.93577168E-001 -0.93577168E-001 -0.93577168E-001 -0.93577168E-001 -0.93577168E-001 -0.93577168E-001 -0.93577168E-001 -0.93577168E-001 -0.93577168E-001 -0.93577168E-001 -0.93577168E-001 -0.93577168E-001 -0.93577168E-001 -0.93577168E-001 -0.93577168E-001 -0.93577168E-001 -0.93577168E-001 -0.93577168E-001 -0.93577168E-001 -0.93577168E-001 -0.93577168E-001 -0.93577168E-001 -0.93577168E-001 -0.93577168E-001 -0.93577168E-001 -0.93577168E-001 -0.93577168E-001
 -0.20582417E+001 -0.20582417E+001 -0.20582417E+001 -0.20582417E+001 -0.20582417E+001 -0.20582417E+001 -0.20582417E+001 -0.20582417E+001 -0.20582417E+001 -0.20582417E+001 -0.20582417E+001 -0.20582417E+001 -0.20582417E+001 -0.20582417E+001 -0.20582417E+001 -0.20582417E+001 -0.20582417E+001 -0.20582417E+001 -0.20582417E+001 -0.20582417E+001 -0.20582417E+001 -0.20582417E+001 -0.20582417E+001 -0.20582417E+001 -0.20582417E+001 -0.20582417E+001 -0.20582417E+001 -0.20582417E+001 -0.20582417E+001 -0.20582417E+001 -0.20582417E+001 -0.20582417E+001 -0.20582417E+001 -0.20582417E+001 -0.20582417E+001
 -0.22842042E+002 -0.22842042E+002 -0.22842042E+002 -0.22842042E+002 -0.22842042E+002 -0.22842042E+002 -0.22842042E+002 -0.22842042E+002 -0.22841914E+002 -0.22841914E+002 -0.22841914E+002 -0.22841907E+002 -0.22841866E+002 -0.22841866E+002 -0.22841866E+002 -0.22841866E+002 -0.22841866E+002 -0.22841866E+002 -0.22841866E+002 -0.22841866E+002 -0.22841866E+002 -0.22841866E+002 -0.22841866E+002 -0.22841866E+002 -0.22841866E+002 -0.22841866E+002 -0.22841866E+002 -0.22841866E+002 -0.22841866E+002 -0.22841866E+002 -0.22841866E+002 -0.22841866E+002 -0.22841866E+002 -0.22841866E+002 -0.22841866E+002
 -0.32208090E+002 -0.32208090E+002 -0.32208090E+002 -0.32208090E+002 -0.32208090E+002 -0.32208090E+002 -0.32208090E+002 -0.32208090E+002 -0.32208090E+002 -0.32208090E+002 -0.32208073E+002 -0.32208062E+002 -0.32207987E+002 -0.32207987E+002 -0.32207987E+002 -0.32207987E+002 -0.32207987E+002 -0.32207987E+002 -0.32207987E+002 -0.32207987E+002 -0.32207987E+002 -0.32207987E+002 -0.32207988E+002 -0.32207988E+002 -0.32207988E+002 -0.32207988E+002 -0.32207989E+002 -0.32207989E+002 -0.32207989E+002 -0.32207990E+002 -0.32207990E+002 -0.32207991E+002 -0.32207992E+002 -0.32207993E+002 -0.32207994E+002
 -0.40798194E+003 -0.40798190E+003 -0.40798170E+003 -0.40798127E+003  0.98120889E+001  0.98124854E+001  0.98130412E+001  0.98135759E+001  0.98138995E+001  0.98140513E+001  0.98140839E+001  0.98141005E+001  0.98142042E+001  0.98144671E+001  0.98149558E+001  0.98157335E+001  0.98168615E+001  0.98183954E+001 -0.40414396E+003 -0.40414157E+003 -0.40413863E+003 -0.40413863E+003 -0.40413863E+003 -0.40413863E+003 -0.40413863E+003 -0.40413863E+003 -0.40413863E+003 -0.40413862E+003 -0.40413862E+003 -0.40413862E+003 -0.40413862E+003 -0.40413862E+003 -0.40413862E+003 -0.40413861E+003 -0.40413861E+003
 -0.20093239E+001 -0.19746129E+001 -0.18496039E+001 -0.15829311E+001 -0.11457582E+001 -0.82588090E+000 -0.38166135E+000 -0.14680557E+000 -0.25197570E-001  0.31822095E-001  0.44066345E-001  0.50302306E-001  0.15190346E+000  0.16671050E+000  0.20414913E+000  0.26975728E+000  0.37601084E+000 -0.70091471E+000 -0.10342396E+001  0.29707899E+000  0.16706559E+000  0.16706559E+000  0.16706559E+000  0.16706557E+000  0.16706555E+000  0.16706555E+000  0.16706553E+000  0.16706550E+000  0.16706547E+000  0.16706497E+000  0.16706450E+000  0.16706394E+000  0.16706358E+000  0.16706322E+000  0.16706285E+000
