  0.00000000E+000  0.00000000E+000  0.00000000E+000  0.00000000E+000  0.00000000E+000  0.00000000E+000  0.00000000E+000  0.00000000E+000  0.00000000E+000  0.00000000E+000  0.00000000E+000  0.00000000E+000  0.00000000E+000  0.00000000E+000  0.00000000E+000  0.00000000E+000  0.00000000E+000  0.00000000E+000  0.00000000E+000  0.00000000E+000  0.00000000E+000  0.00000000E+000  0.00000000E+000  0.00000000E+000  0.00000000E+000  0.00000000E+000  0.00000000E+000  0.00000000E+000  0.00000000E+000  0.00000000E+000  0.00000000E+000  0.00000000E+000  0.00000000E+000  0.00000000E+000  0.00000000E+000
 -0.94797468E-030 -0.94797468E-030 -0.94797468E-030 -0.94797468E-030 -0.94797468E-030 -0.94797468E-030 -0.94797468E-030 -0.94797468E-030 -0.94797468E-030 -0.94797468E-030 -0.94797468E-030 -0.94797468E-030 -0.94797468E-030 -0.94797468E-030 -0.94797468E-030 -0.94797468E-030 -0.94797468E-030 -0.94797468E-030 -0.94797468E-030 -0.94797468E-030 -0.94797468E-030 -0.94797468E-030 -0.94797468E-030 -0.94797468E-030 -0.94797468E-030 -0.94797468E-030 -0.94797468E-030 -0.94797468E-030 -0.94797468E-030 -0.94797468E-030 -0.94797468E-030 -0.94797468E-030 -0.94797468E-030 -0.94797468E-030 -0.94797468E-030
 -0.22413776E-027 -0.22413776E-027 -0.22413776E-027 -0.22413776E-027 -0.22413776E-027 -0.22413776E-027 -0.22413776E-027 -0.22413776E-027 -0.22413776E-027 -0.22413776E-027 -0.22413776E-027 -0.22413776E-027 -0.22413776E-027 -0.22413776E-027 -0.22413776E-027 -0.22413776E-027 -0.22413776E-027 -0.22413776E-027 -0.22413776E-027 -0.22413776E-027 -0.22413776E-027 -0.22413776E-027 -0.22413776E-027 -0.22413776E-027 -0.22413776E-027 -0.22413776E-027 -0.22413776E-027 -0.22413776E-027 -0.22413776E-027 -0.22413776E-027 -0.22413776E-027 -0.22413776E-027 -0.22413776E-027 -0.22413776E-027 -0.22413776E-027
 -0.25291297E-025 -0.25291297E-025 -0.25291297E-025 -0.25291297E-025 -0.25291297E-025 -0.25291297E-025 -0.25291297E-025 -0.25291297E-025 -0.25291297E-025 -0.25291297E-025 -0.25291297E-025 -0.25291297E-025 -0.25291297E-025 -0.25291297E-025 -0.25291297E-025 -0.25291297E-025 -0.25291297E-025 -0.25291297E-025 -0.25291297E-025 -0.25291297E-025 -0.25291297E-025 -0.25291297E-025 -0.25291297E-025 -0.25291297E-025 -0.25291297E-025 -0.25291297E-025 -0.25291297E-025 -0.25291297E-025 -0.25291297E-025 -0.25291297E-025 -0.25291297E-025 -0.25291297E-025 -0.25291297E-025 -0.25291297E-025 -0.25291297E-025
 -0.18116125E-023 -0.18116125E-023 -0.18116125E-023 -0.18116125E-023 -0.18116125E-023 -0.18116125E-023 -0.18116125E-023 -0.18116125E-023 -0.18116125E-023 -0.18116125E-023 -0.18116125E-023 -0.18116125E-023 -0.18116125E-023 -0.18116125E-023 -0.18116125E-023 -0.18116125E-023 -0.18116125E-023 -0.18116125E-023 -0.18116125E-023 -0.18116125E-023 -0.18116125E-023 -0.18116125E-023 -0.18116125E-023 -0.18116125E-023 -0.18116125E-023 -0.18116125E-023 -0.18116125E-023 -0.18116125E-023 -0.18116125E-023 -0.18116125E-023 -0.18116125E-023 -0.18116125E-023 -0.18116125E-023 -0.18116125E-023 -0.18116125E-023
 -0.92430250E-022 -0.92430250E-022 -0.92430250E-022 -0.92430250E-022 -0.92430250E-022 -0.92430250E-022 -0.92430250E-022 -0.92430250E-022 -0.92430250E-022 -0.92430250E-022 -0.92430250E-022 -0.92430250E-022 -0.92430250E-022 -0.92430250E-022 -0.92430250E-022 -0.92430250E-022 -0.92430250E-022 -0.92430250E-022 -0.92430250E-022 -0.92430250E-022 -0.92430250E-022 -0.92430250E-022 -0.92430250E-022 -0.92430250E-022 -0.92430250E-022 -0.92430250E-022 -0.92430250E-022 -0.92430250E-022 -0.92430250E-022 -0.92430250E-022 -0.92430250E-022 -0.92430250E-022 -0.92430250E-022 -0.92430250E-022 -0.92430250E-022
 -0.35727279E-020 -0.35727279E-020 -0.35727279E-020 -0.35727279E-020 -0.35727279E-020 -0.35727279E-020 -0.35727279E-020 -0.35727279E-020 -0.35727279E-020 -0.35727279E-020 -0.35727279E-020 -0.35727279E-020 -0.35727279E-020 -0.35727279E-020 -0.35727279E-020 -0.35727279E-020 -0.35727279E-020 -0.35727279E-020 -0.35727279E-020 -0.35727279E-020 -0.35727279E-020 -0.35727279E-020 -0.35727279E-020 -0.35727279E-020 -0.35727279E-020 -0.35727279E-020 -0.35727279E-020 -0.35727279E-020 -0.35727279E-020 -0.35727279E-020 -0.35727279E-020 -0.35727279E-020 -0.35727279E-020 -0.35727279E-020 -0.35727279E-020
 -0.10863779E-018 -0.10863779E-018 -0.10863779E-018 -0.10863779E-018 -0.10863779E-018 -0.10863779E-018 -0.10863779E-018 -0.10863779E-018 -0.10863779E-018 -0.10863779E-018 -0.10863779E-018 -0.10863779E-018 -0.10863779E-018 -0.10863779E-018 -0.10863779E-018 -0.10863779E-018 -0.10863779E-018 -0.10863779E-018 -0.10863779E-018 -0.10863779E-018 -0.10863779E-018 -0.10863779E-018 -0.10863779E-018 -0.10863779E-018 -0.10863779E-018 -0.10863779E-018 -0.10863779E-018 -0.10863779E-018 -0.10863779E-018 -0.10863779E-018 -0.10863779E-018 -0.10863779E-018 -0.10863779E-018 -0.10863779E-018 -0.10863779E-018
 -0.26636741E-017 -0.26636741E-017 -0.26636741E-017 -0.26636741E-017 -0.26636741E-017 -0.26636741E-017 -0.26636741E-017 -0.26636741E-017 -0.26636741E-017 -0.26636741E-017 -0.26636741E-017 -0.26636741E-017 -0.26636741E-017 -0.26636741E-017 -0.26636741E-017 -0.26636741E-017 -0.26636741E-017 -0.26636741E-017 -0.26636741E-017 -0.26636741E-017 -0.26636741E-017 -0.26636741E-017 -0.26636741E-017 -0.26636741E-017 -0.26636741E-017 -0.26636741E-017 -0.26636741E-017 -0.26636741E-017 -0.26636741E-017 -0.26636741E-017 -0.26636741E-017 -0.26636741E-017 -0.26636741E-017 -0.26636741E-017 -0.26636741E-017
 -0.53553535E-016 -0.53553535E-016 -0.53553535E-016 -0.53553535E-016 -0.53553535E-016 -0.53553535E-016 -0.53553535E-016 -0.53553535E-016 -0.53553535E-016 -0.53553535E-016 -0.53553535E-016 -0.53553535E-016 -0.53553535E-016 -0.53553535E-016 -0.53553535E-016 -0.53553535E-016 -0.53553535E-016 -0.53553535E-016 -0.53553535E-016 -0.53553535E-016 -0.53553535E-016 -0.53553535E-016 -0.53553535E-016 -0.53553535E-016 -0.53553535E-016 -0.53553535E-016 -0.53553535E-016 -0.53553535E-016 -0.53553535E-016 -0.53553535E-016 -0.53553535E-016 -0.53553535E-016 -0.53553535E-016 -0.53553535E-016 -0.53553535E-016
 -0.77500108E-014 -0.77500108E-014 -0.77500108E-014 -0.77500108E-014 -0.77500108E-014 -0.77500108E-014 -0.77500108E-014 -0.77500108E-014 -0.77500108E-014 -0.77500108E-014 -0.77500108E-014 -0.77500108E-014 -0.77500108E-014 -0.77500108E-014 -0.77500108E-014 -0.77500108E-014 -0.77500108E-014 -0.77500108E-014 -0.77500108E-014 -0.77500108E-014 -0.77500108E-014 -0.77500108E-014 -0.77500108E-014 -0.77500108E-014 -0.77500108E-014 -0.77500108E-014 -0.77500108E-014 -0.77500108E-014 -0.77500108E-014 -0.77500108E-014 -0.77500108E-014 -0.77500108E-014 -0.77500108E-014 -0.77500108E-014 -0.77500108E-014
 -0.89356948E-012 -0.89356948E-012 -0.89356948E-012 -0.89356948E-012 -0.89356948E-012 -0.89356948E-012 -0.89356948E-012 -0.89356948E-012 -0.89356948E-012 -0.89356948E-012 -0.89356948E-012 -0.89356948E-012 -0.89356948E-012 -0.89356948E-012 -0.89356948E-012 -0.89356948E-012 -0.89356948E-012 -0.89356948E-012 -0.89356948E-012 -0.89356948E-012 -0.89356948E-012 -0.89356948E-012 -0.89356948E-012 -0.89356948E-012 -0.89356948E-012 -0.89356948E-012 -0.89356948E-012 -0.89356948E-012 -0.89356948E-012 -0.89356948E-012 -0.89356948E-012 -0.89356948E-012 -0.89356948E-012 -0.89356948E-012 -0.89356948E-012
 -0.82599474E-010 -0.82599474E-010 -0.82599474E-010 -0.82599474E-010 -0.82599474E-010 -0.82599474E-010 -0.82599474E-010 -0.82599474E-010 -0.82599474E-010 -0.82599474E-010 -0.82599474E-010 -0.82599474E-010 -0.82599474E-010 -0.82599474E-010 -0.82599474E-010 -0.82599474E-010 -0.82599474E-010 -0.82599474E-010 -0.82599474E-010 -0.82599474E-010 -0.82599474E-010 -0.82599474E-010 -0.82599474E-010 -0.82599474E-010 -0.82599474E-010 -0.82599474E-010 -0.82599474E-010 -0.82599474E-010 -0.82599474E-010 -0.82599474E-010 -0.82599474E-010 -0.82599474E-010 -0.82599474E-010 -0.82599474E-010 -0.82599474E-010
 -0.61257475E-008 -0.61257475E-008 -0.61257475E-008 -0.61257475E-008 -0.61257475E-008 -0.61257475E-008 -0.61257475E-008 -0.61257475E-008 -0.61257475E-008 -0.61257475E-008 -0.61257475E-008 -0.61257475E-008 -0.61257475E-008 -0.61257475E-008 -0.61257475E-008 -0.61257475E-008 -0.61257475E-008 -0.61257475E-008 -0.61257475E-008 -0.61257475E-008 -0.61257475E-008 -0.61257475E-008 -0.61257475E-008 -0.61257475E-008 -0.61257475E-008 -0.61257475E-008 -0.61257475E-008 -0.61257475E-008 -0.61257475E-008 -0.61257475E-008 -0.61257475E-008 -0.61257475E-008 -0.61257475E-008 -0.61257475E-008 -0.61257475E-008
 -0.36270104E-006 -0.36270104E-006 -0.36270104E-006 -0.36270104E-006 -0.36270104E-006 -0.36270104E-006 -0.36270104E-006 -0.36270104E-006 -0.36270104E-006 -0.36270104E-006 -0.36270104E-006 -0.36270104E-006 -0.36270104E-006 -0.36270104E-006 -0.36270104E-006 -0.36270104E-006 -0.36270104E-006 -0.36270104E-006 -0.36270104E-006 -0.36270104E-006 -0.36270104E-006 -0.36270104E-006 -0.36270104E-006 -0.36270104E-006 -0.36270104E-006 -0.36270104E-006 -0.36270104E-006 -0.36270104E-006 -0.36270104E-006 -0.36270104E-006 -0.36270104E-006 -0.36270104E-006 -0.36270104E-006 -0.36270104E-006 -0.36270104E-006
 -0.16949800E-004 -0.16949800E-004 -0.16949800E-004 -0.16949800E-004 -0.16949800E-004 -0.16949800E-004 -0.16949800E-004 -0.16949800E-004 -0.16949800E-004 -0.16949800E-004 -0.16949800E-004 -0.16949800E-004 -0.16949800E-004 -0.16949800E-004 -0.16949800E-004 -0.16949800E-004 -0.16949800E-004 -0.16949800E-004 -0.16949800E-004 -0.16949800E-004 -0.16949800E-004 -0.16949800E-004 -0.16949800E-004 -0.16949800E-004 -0.16949800E-004 -0.16949800E-004 -0.16949800E-004 -0.16949800E-004 -0.16949800E-004 -0.16949800E-004 -0.16949800E-004 -0.16949800E-004 -0.16949800E-004 -0.16949800E-004 -0.16949800E-004
 -0.61257232E-003 -0.61257232E-003 -0.61257232E-003 -0.61257232E-003 -0.61257232E-003 -0.61257232E-003 -0.61257232E-003 -0.61257232E-003 -0.61257232E-003 -0.61257232E-003 -0.61257232E-003 -0.61257232E-003 -0.61257232E-003 -0.61257232E-003 -0.61257232E-003 -0.61257232E-003 -0.61257232E-003 -0.61257232E-003 -0.61257232E-003 -0.61257232E-003 -0.61257232E-003 -0.61257232E-003 -0.61257232E-003 -0.61257232E-003 -0.61257232E-003 -0.61257232E-003 -0.61257232E-003 -0.61257232E-003 -0.61257232E-003 -0.61257232E-003 -0.61257232E-003 -0.61257232E-003 -0.61257232E-003 -0.61257232E-003 -0.61257232E-003
 -0.16542833E-001 -0.16542833E-001 -0.16542833E-001 -0.16542833E-001 -0.16542833E-001 -0.16542833E-001 -0.16542833E-001 -0.16542833E-001 -0.16542833E-001 -0.16542833E-001 -0.16542833E-001 -0.16542833E-001 -0.16542833E-001 -0.16542833E-001 -0.16542833E-001 -0.16542833E-001 -0.16542833E-001 -0.16542833E-001 -0.16542833E-001 -0.16542833E-001 -0.16542833E-001 -0.16542833E-001 -0.16542833E-001 -0.16542833E-001 -0.16542833E-001 -0.16542833E-001 -0.16542833E-001 -0.16542833E-001 -0.16542833E-001 -0.16542833E-001 -0.16542833E-001 -0.16542833E-001 -0.16542833E-001 -0.16542833E-001 -0.16542833E-001
 -0.31433881E+000 -0.31433881E+000 -0.31433881E+000 -0.31433881E+000 -0.31433881E+000 -0.31433881E+000 -0.31433881E+000 -0.31433881E+000 -0.31433881E+000 -0.31433881E+000 -0.31433881E+000 -0.31433881E+000 -0.31433881E+000 -0.31433881E+000 -0.31433881E+000 -0.31433881E+000 -0.31433881E+000 -0.31433881E+000 -0.31433881E+000 -0.31433881E+000 -0.31433881E+000 -0.31433881E+000 -0.31433881E+000 -0.31433881E+000 -0.31433881E+000 -0.31433881E+000 -0.31433881E+000 -0.31433881E+000 -0.31433881E+000 -0.31433881E+000 -0.31433881E+000 -0.31433881E+000 -0.31433881E+000 -0.31433881E+000 -0.31433881E+000
 -0.37269372E+001 -0.37269372E+001 -0.37269372E+001 -0.37269372E+001 -0.37269372E+001 -0.37269372E+001 -0.37269372E+001 -0.37269372E+001 -0.37269372E+001 -0.37269372E+001 -0.37269372E+001 -0.37269372E+001 -0.37269372E+001 -0.37269372E+001 -0.37269372E+001 -0.37269372E+001 -0.37269372E+001 -0.37269372E+001 -0.37269372E+001 -0.37269372E+001 -0.37269372E+001 -0.37269372E+001 -0.37269372E+001 -0.37269372E+001 -0.37269372E+001 -0.37269372E+001 -0.37269372E+001 -0.37269372E+001 -0.37269372E+001 -0.37269372E+001 -0.37269372E+001 -0.37269372E+001 -0.37269372E+001 -0.37269372E+001 -0.37269372E+001
 -0.19681783E+002 -0.19681783E+002 -0.19681783E+002 -0.19681783E+002 -0.19681783E+002 -0.19681783E+002 -0.19681783E+002 -0.19681783E+002 -0.19681783E+002 -0.19681783E+002 -0.19681783E+002 -0.19681783E+002 -0.19681783E+002 -0.19681783E+002 -0.19681783E+002 -0.19681783E+002 -0.19681783E+002 -0.19681783E+002 -0.19681783E+002 -0.19681783E+002 -0.19681783E+002 -0.19681783E+002 -0.19681783E+002 -0.19681783E+002 -0.19681783E+002 -0.19681783E+002 -0.19681783E+002 -0.19681783E+002 -0.19681783E+002 -0.19681783E+002 -0.19681783E+002 -0.19681783E+002 -0.19681783E+002 -0.19681783E+002 -0.19681783E+002
  0.27301314E+002  0.27301314E+002  0.27301314E+002  0.27301314E+002  0.27301314E+002  0.27301314E+002  0.27301314E+002  0.27301314E+002  0.27301314E+002  0.27301314E+002  0.27301314E+002  0.27301314E+002  0.27301314E+002  0.27301314E+002  0.27301484E+002  0.27301863E+002  0.27303725E+002  0.27303725E+002  0.27303725E+002  0.27303725E+002  0.27303725E+002  0.27303725E+002  0.27303725E+002  0.27303725E+002  0.27303725E+002  0.27303725E+002  0.27303725E+002  0.50757708E+001  0.15377841E+002  0.27281010E+002  0.27281010E+002  0.11427828E+002  0.26913226E+002  0.26913226E+002  0.26913226E+002
 -0.16401109E+002 -0.16401109E+002 -0.16401109E+002 -0.16401109E+002 -0.18183321E+002 -0.17520974E+002 -0.16857107E+002 -0.16400231E+002 -0.16400231E+002 -0.16400231E+002 -0.16400231E+002 -0.16400231E+002 -0.16400231E+002 -0.16817358E+002 -0.16400080E+002 -0.16399664E+002 -0.16400071E+002 -0.16400071E+002 -0.16400071E+002 -0.16400071E+002 -0.16400071E+002 -0.16400071E+002 -0.16400071E+002 -0.16400071E+002 -0.16400071E+002 -0.16400071E+002 -0.16400071E+002 -0.16400071E+002 -0.16400071E+002 -0.16400071E+002 -0.16400071E+002 -0.16400071E+002 -0.16400071E+002 -0.16400071E+002 -0.16400071E+002
  0.44882466E+002  0.44882466E+002  0.44882466E+002  0.44882466E+002  0.44882719E+002  0.44883088E+002  0.44883456E+002  0.44883710E+002  0.44883863E+002  0.44883935E+002  0.44883935E+002  0.44883935E+002  0.44883935E+002  0.44883935E+002  0.44883935E+002  0.44883935E+002  0.44883935E+002  0.44883935E+002  0.44883935E+002  0.44883935E+002  0.44883935E+002  0.44883935E+002  0.44883935E+002  0.44883935E+002  0.44883935E+002  0.44883935E+002  0.44883935E+002  0.44883935E+002  0.44883935E+002  0.44883935E+002  0.44883935E+002  0.44883935E+002  0.44883936E+002  0.44883936E+002  0.44883936E+002
  0.31588109E+000  0.31588109E+000  0.31588109E+000  0.31588109E+000 -0.64855515E-002  0.40123600E+000  0.40354480E+000  0.40322316E+000  0.40322316E+000  0.40322316E+000  0.40322316E+000  0.40322316E+000  0.40322316E+000  0.40322316E+000  0.40322316E+000  0.40322316E+000  0.40322316E+000  0.40322316E+000  0.40322316E+000  0.40322316E+000  0.40322316E+000  0.40322316E+000  0.40322316E+000  0.40322316E+000  0.40322316E+000  0.40322316E+000  0.40322315E+000  0.40322315E+000  0.40322438E+000  0.40322567E+000  0.40322708E+000  0.40322862E+000  0.40323029E+000  0.40323194E+000  0.40323371E+000
