  0.00000000E+000  0.00000000E+000  0.00000000E+000  0.00000000E+000  0.00000000E+000  0.00000000E+000  0.00000000E+000  0.00000000E+000  0.00000000E+000  0.00000000E+000  0.00000000E+000  0.00000000E+000  0.00000000E+000  0.00000000E+000  0.00000000E+000  0.00000000E+000  0.00000000E+000  0.00000000E+000  0.00000000E+000  0.00000000E+000  0.00000000E+000  0.00000000E+000  0.00000000E+000  0.00000000E+000  0.00000000E+000  0.00000000E+000  0.00000000E+000  0.00000000E+000  0.00000000E+000  0.00000000E+000  0.00000000E+000  0.00000000E+000  0.00000000E+000  0.00000000E+000  0.00000000E+000
 -0.29363147E-036 -0.29363147E-036 -0.29363147E-036 -0.29363147E-036 -0.29363147E-036 -0.29363147E-036 -0.29363147E-036 -0.29363147E-036 -0.29363147E-036 -0.29363147E-036 -0.29363147E-036 -0.29363147E-036 -0.29363147E-036 -0.29363147E-036 -0.29363147E-036 -0.29363147E-036 -0.29363147E-036 -0.29363147E-036 -0.29363147E-036 -0.29363147E-036 -0.29363147E-036 -0.29363147E-036 -0.29363147E-036 -0.29363147E-036 -0.29363147E-036 -0.29363147E-036 -0.29363147E-036 -0.29363147E-036 -0.29363147E-036 -0.29363147E-036 -0.29363147E-036 -0.29363147E-036 -0.29363147E-036 -0.29363147E-036 -0.29363147E-036
 -0.13381048E-033 -0.13381048E-033 -0.13381048E-033 -0.13381048E-033 -0.13381048E-033 -0.13381048E-033 -0.13381048E-033 -0.13381048E-033 -0.13381048E-033 -0.13381048E-033 -0.13381048E-033 -0.13381048E-033 -0.13381048E-033 -0.13381048E-033 -0.13381048E-033 -0.13381048E-033 -0.13381048E-033 -0.13381048E-033 -0.13381048E-033 -0.13381048E-033 -0.13381048E-033 -0.13381048E-033 -0.13381048E-033 -0.13381048E-033 -0.13381048E-033 -0.13381048E-033 -0.13381048E-033 -0.13381048E-033 -0.13381048E-033 -0.13381048E-033 -0.13381048E-033 -0.13381048E-033 -0.13381048E-033 -0.13381048E-033 -0.13381048E-033
 -0.29122707E-031 -0.29122707E-031 -0.29122707E-031 -0.29122707E-031 -0.29122707E-031 -0.29122707E-031 -0.29122707E-031 -0.29122707E-031 -0.29122707E-031 -0.29122707E-031 -0.29122707E-031 -0.29122707E-031 -0.29122707E-031 -0.29122707E-031 -0.29122707E-031 -0.29122707E-031 -0.29122707E-031 -0.29122707E-031 -0.29122707E-031 -0.29122707E-031 -0.29122707E-031 -0.29122707E-031 -0.29122707E-031 -0.29122707E-031 -0.29122707E-031 -0.29122707E-031 -0.29122707E-031 -0.29122707E-031 -0.29122707E-031 -0.29122707E-031 -0.29122707E-031 -0.29122707E-031 -0.29122707E-031 -0.29122707E-031 -0.29122707E-031
 -0.40255429E-029 -0.40255429E-029 -0.40255429E-029 -0.40255429E-029 -0.40255429E-029 -0.40255429E-029 -0.40255429E-029 -0.40255429E-029 -0.40255429E-029 -0.40255429E-029 -0.40255429E-029 -0.40255429E-029 -0.40255429E-029 -0.40255429E-029 -0.40255429E-029 -0.40255429E-029 -0.40255429E-029 -0.40255429E-029 -0.40255429E-029 -0.40255429E-029 -0.40255429E-029 -0.40255429E-029 -0.40255429E-029 -0.40255429E-029 -0.40255429E-029 -0.40255429E-029 -0.40255429E-029 -0.40255429E-029 -0.40255429E-029 -0.40255429E-029 -0.40255429E-029 -0.40255429E-029 -0.40255429E-029 -0.40255429E-029 -0.40255429E-029
 -0.39641990E-027 -0.39641990E-027 -0.39641990E-027 -0.39641990E-027 -0.39641990E-027 -0.39641990E-027 -0.39641990E-027 -0.39641990E-027 -0.39641990E-027 -0.39641990E-027 -0.39641990E-027 -0.39641990E-027 -0.39641990E-027 -0.39641990E-027 -0.39641990E-027 -0.39641990E-027 -0.39641990E-027 -0.39641990E-027 -0.39641990E-027 -0.39641990E-027 -0.39641990E-027 -0.39641990E-027 -0.39641990E-027 -0.39641990E-027 -0.39641990E-027 -0.39641990E-027 -0.39641990E-027 -0.39641990E-027 -0.39641990E-027 -0.39641990E-027 -0.39641990E-027 -0.39641990E-027 -0.39641990E-027 -0.39641990E-027 -0.39641990E-027
 -0.29569497E-025 -0.29569497E-025 -0.29569497E-025 -0.29569497E-025 -0.29569497E-025 -0.29569497E-025 -0.29569497E-025 -0.29569497E-025 -0.29569497E-025 -0.29569497E-025 -0.29569497E-025 -0.29569497E-025 -0.29569497E-025 -0.29569497E-025 -0.29569497E-025 -0.29569497E-025 -0.29569497E-025 -0.29569497E-025 -0.29569497E-025 -0.29569497E-025 -0.29569497E-025 -0.29569497E-025 -0.29569497E-025 -0.29569497E-025 -0.29569497E-025 -0.29569497E-025 -0.29569497E-025 -0.29569497E-025 -0.29569497E-025 -0.29569497E-025 -0.29569497E-025 -0.29569497E-025 -0.29569497E-025 -0.29569497E-025 -0.29569497E-025
 -0.17339647E-023 -0.17339647E-023 -0.17339647E-023 -0.17339647E-023 -0.17339647E-023 -0.17339647E-023 -0.17339647E-023 -0.17339647E-023 -0.17339647E-023 -0.17339647E-023 -0.17339647E-023 -0.17339647E-023 -0.17339647E-023 -0.17339647E-023 -0.17339647E-023 -0.17339647E-023 -0.17339647E-023 -0.17339647E-023 -0.17339647E-023 -0.17339647E-023 -0.17339647E-023 -0.17339647E-023 -0.17339647E-023 -0.17339647E-023 -0.17339647E-023 -0.17339647E-023 -0.17339647E-023 -0.17339647E-023 -0.17339647E-023 -0.17339647E-023 -0.17339647E-023 -0.17339647E-023 -0.17339647E-023 -0.17339647E-023 -0.17339647E-023
 -0.81884341E-022 -0.81884341E-022 -0.81884341E-022 -0.81884341E-022 -0.81884341E-022 -0.81884341E-022 -0.81884341E-022 -0.81884341E-022 -0.81884341E-022 -0.81884341E-022 -0.81884341E-022 -0.81884341E-022 -0.81884341E-022 -0.81884341E-022 -0.81884341E-022 -0.81884341E-022 -0.81884341E-022 -0.81884341E-022 -0.81884341E-022 -0.81884341E-022 -0.81884341E-022 -0.81884341E-022 -0.81884341E-022 -0.81884341E-022 -0.81884341E-022 -0.81884341E-022 -0.81884341E-022 -0.81884341E-022 -0.81884341E-022 -0.81884341E-022 -0.81884341E-022 -0.81884341E-022 -0.81884341E-022 -0.81884341E-022 -0.81884341E-022
 -0.31642088E-020 -0.31642088E-020 -0.31642088E-020 -0.31642088E-020 -0.31642088E-020 -0.31642088E-020 -0.31642088E-020 -0.31642088E-020 -0.31642088E-020 -0.31642088E-020 -0.31642088E-020 -0.31642088E-020 -0.31642088E-020 -0.31642088E-020 -0.31642088E-020 -0.31642088E-020 -0.31642088E-020 -0.31642088E-020 -0.31642088E-020 -0.31642088E-020 -0.31642088E-020 -0.31642088E-020 -0.31642088E-020 -0.31642088E-020 -0.31642088E-020 -0.31642088E-020 -0.31642088E-020 -0.31642088E-020 -0.31642088E-020 -0.31642088E-020 -0.31642088E-020 -0.31642088E-020 -0.31642088E-020 -0.31642088E-020 -0.31642088E-020
 -0.90102459E-018 -0.90102459E-018 -0.90102459E-018 -0.90102459E-018 -0.90102459E-018 -0.90102459E-018 -0.90102459E-018 -0.90102459E-018 -0.90102459E-018 -0.90102459E-018 -0.90102459E-018 -0.90102459E-018 -0.90102459E-018 -0.90102459E-018 -0.90102459E-018 -0.90102459E-018 -0.90102459E-018 -0.90102459E-018 -0.90102459E-018 -0.90102459E-018 -0.90102459E-018 -0.90102459E-018 -0.90102459E-018 -0.90102459E-018 -0.90102459E-018 -0.90102459E-018 -0.90102459E-018 -0.90102459E-018 -0.90102459E-018 -0.90102459E-018 -0.90102459E-018 -0.90102459E-018 -0.90102459E-018 -0.90102459E-018 -0.90102459E-018
 -0.20506974E-015 -0.20506974E-015 -0.20506974E-015 -0.20506974E-015 -0.20506974E-015 -0.20506974E-015 -0.20506974E-015 -0.20506974E-015 -0.20506974E-015 -0.20506974E-015 -0.20506974E-015 -0.20506974E-015 -0.20506974E-015 -0.20506974E-015 -0.20506974E-015 -0.20506974E-015 -0.20506974E-015 -0.20506974E-015 -0.20506974E-015 -0.20506974E-015 -0.20506974E-015 -0.20506974E-015 -0.20506974E-015 -0.20506974E-015 -0.20506974E-015 -0.20506974E-015 -0.20506974E-015 -0.20506974E-015 -0.20506974E-015 -0.20506974E-015 -0.20506974E-015 -0.20506974E-015 -0.20506974E-015 -0.20506974E-015 -0.20506974E-015
 -0.37545310E-013 -0.37545310E-013 -0.37545310E-013 -0.37545310E-013 -0.37545310E-013 -0.37545310E-013 -0.37545310E-013 -0.37545310E-013 -0.37545310E-013 -0.37545310E-013 -0.37545310E-013 -0.37545310E-013 -0.37545310E-013 -0.37545310E-013 -0.37545310E-013 -0.37545310E-013 -0.37545310E-013 -0.37545310E-013 -0.37545310E-013 -0.37545310E-013 -0.37545310E-013 -0.37545310E-013 -0.37545310E-013 -0.37545310E-013 -0.37545310E-013 -0.37545310E-013 -0.37545310E-013 -0.37545310E-013 -0.37545310E-013 -0.37545310E-013 -0.37545310E-013 -0.37545310E-013 -0.37545310E-013 -0.37545310E-013 -0.37545310E-013
 -0.55350271E-011 -0.55350271E-011 -0.55350271E-011 -0.55350271E-011 -0.55350271E-011 -0.55350271E-011 -0.55350271E-011 -0.55350271E-011 -0.55350271E-011 -0.55350271E-011 -0.55350271E-011 -0.55350271E-011 -0.55350271E-011 -0.55350271E-011 -0.55350271E-011 -0.55350271E-011 -0.55350271E-011 -0.55350271E-011 -0.55350271E-011 -0.55350271E-011 -0.55350271E-011 -0.55350271E-011 -0.55350271E-011 -0.55350271E-011 -0.55350271E-011 -0.55350271E-011 -0.55350271E-011 -0.55350271E-011 -0.55350271E-011 -0.55350271E-011 -0.55350271E-011 -0.55350271E-011 -0.55350271E-011 -0.55350271E-011 -0.55350271E-011
 -0.65406264E-009 -0.65406264E-009 -0.65406264E-009 -0.65406264E-009 -0.65406264E-009 -0.65406264E-009 -0.65406264E-009 -0.65406264E-009 -0.65406264E-009 -0.65406264E-009 -0.65406264E-009 -0.65406264E-009 -0.65406264E-009 -0.65406264E-009 -0.65406264E-009 -0.65406264E-009 -0.65406264E-009 -0.65406264E-009 -0.65406264E-009 -0.65406264E-009 -0.65406264E-009 -0.65406264E-009 -0.65406264E-009 -0.65406264E-009 -0.65406264E-009 -0.65406264E-009 -0.65406264E-009 -0.65406264E-009 -0.65406264E-009 -0.65406264E-009 -0.65406264E-009 -0.65406264E-009 -0.65406264E-009 -0.65406264E-009 -0.65406264E-009
 -0.61275613E-007 -0.61275613E-007 -0.61275613E-007 -0.61275613E-007 -0.61275613E-007 -0.61275613E-007 -0.61275613E-007 -0.61275613E-007 -0.61275613E-007 -0.61275613E-007 -0.61275613E-007 -0.61275613E-007 -0.61275613E-007 -0.61275613E-007 -0.61275613E-007 -0.61275613E-007 -0.61275613E-007 -0.61275613E-007 -0.61275613E-007 -0.61275613E-007 -0.61275613E-007 -0.61275613E-007 -0.61275613E-007 -0.61275613E-007 -0.61275613E-007 -0.61275613E-007 -0.61275613E-007 -0.61275613E-007 -0.61275613E-007 -0.61275613E-007 -0.61275613E-007 -0.61275613E-007 -0.61275613E-007 -0.61275613E-007 -0.61275613E-007
 -0.44627840E-005 -0.44627840E-005 -0.44627840E-005 -0.44627840E-005 -0.44627840E-005 -0.44627840E-005 -0.44627840E-005 -0.44627840E-005 -0.44627840E-005 -0.44627840E-005 -0.44627840E-005 -0.44627840E-005 -0.44627840E-005 -0.44627840E-005 -0.44627840E-005 -0.44627840E-005 -0.44627840E-005 -0.44627840E-005 -0.44627840E-005 -0.44627840E-005 -0.44627840E-005 -0.44627840E-005 -0.44627840E-005 -0.44627840E-005 -0.44627840E-005 -0.44627840E-005 -0.44627840E-005 -0.44627840E-005 -0.44627840E-005 -0.44627840E-005 -0.44627840E-005 -0.44627840E-005 -0.44627840E-005 -0.44627840E-005 -0.44627840E-005
 -0.24446808E-003 -0.24446808E-003 -0.24446808E-003 -0.24446808E-003 -0.24446808E-003 -0.24446808E-003 -0.24446808E-003 -0.24446808E-003 -0.24446808E-003 -0.24446808E-003 -0.24446808E-003 -0.24446808E-003 -0.24446808E-003 -0.24446808E-003 -0.24446808E-003 -0.24446808E-003 -0.24446808E-003 -0.24446808E-003 -0.24446808E-003 -0.24446808E-003 -0.24446808E-003 -0.24446808E-003 -0.24446808E-003 -0.24446808E-003 -0.24446808E-003 -0.24446808E-003 -0.24446808E-003 -0.24446808E-003 -0.24446808E-003 -0.24446808E-003 -0.24446808E-003 -0.24446808E-003 -0.24446808E-003 -0.24446808E-003 -0.24446808E-003
 -0.95097120E-002 -0.95097120E-002 -0.95097120E-002 -0.95097120E-002 -0.95097120E-002 -0.95097120E-002 -0.95097120E-002 -0.95097120E-002 -0.95097120E-002 -0.95097120E-002 -0.95097120E-002 -0.95097120E-002 -0.95097120E-002 -0.95097120E-002 -0.95097120E-002 -0.95097120E-002 -0.95097120E-002 -0.95097120E-002 -0.95097120E-002 -0.95097120E-002 -0.95097120E-002 -0.95097120E-002 -0.95097120E-002 -0.95097120E-002 -0.95097120E-002 -0.95097120E-002 -0.95097120E-002 -0.95097120E-002 -0.95097120E-002 -0.95097120E-002 -0.95097120E-002 -0.95097120E-002 -0.95097120E-002 -0.95097120E-002 -0.95097120E-002
 -0.23468073E+000 -0.23468073E+000 -0.23468073E+000 -0.23468073E+000 -0.23468073E+000 -0.23468073E+000 -0.23468073E+000 -0.23468073E+000 -0.23468073E+000 -0.23468073E+000 -0.23468073E+000 -0.23468073E+000 -0.23468073E+000 -0.23468073E+000 -0.23468073E+000 -0.23468073E+000 -0.23468073E+000 -0.23468073E+000 -0.23468073E+000 -0.23468073E+000 -0.23468073E+000 -0.23468073E+000 -0.23468073E+000 -0.23468073E+000 -0.23468073E+000 -0.23468073E+000 -0.23468073E+000 -0.23468073E+000 -0.23468073E+000 -0.23468073E+000 -0.23468073E+000 -0.23468073E+000 -0.23468073E+000 -0.23468073E+000 -0.23468073E+000
 -0.27267034E+001 -0.27267034E+001 -0.27267034E+001 -0.27267034E+001 -0.27267034E+001 -0.27267034E+001 -0.27267034E+001 -0.27267034E+001 -0.27267034E+001 -0.27267034E+001 -0.27267034E+001 -0.27267034E+001 -0.27267034E+001 -0.27267034E+001 -0.27267034E+001 -0.27267034E+001 -0.27267034E+001 -0.27267034E+001 -0.27267034E+001 -0.27267034E+001 -0.27267034E+001 -0.27267034E+001 -0.27267034E+001 -0.27267034E+001 -0.27267034E+001 -0.27267034E+001 -0.27267034E+001 -0.27267034E+001 -0.27267035E+001 -0.27267035E+001 -0.27267035E+001 -0.27267035E+001 -0.27267035E+001 -0.27267035E+001 -0.27267035E+001
  0.28220647E+001  0.28220647E+001  0.28220647E+001  0.28220647E+001  0.28220647E+001  0.28220647E+001  0.28220647E+001  0.28220647E+001  0.28220647E+001  0.28220647E+001  0.28220647E+001  0.28220647E+001  0.28220647E+001  0.28220647E+001  0.28222556E+001  0.28226813E+001  0.28247714E+001  0.28247714E+001  0.28247714E+001  0.28247714E+001  0.28247714E+001  0.28247714E+001  0.28247714E+001  0.28247714E+001  0.28247714E+001  0.28247714E+001  0.28247714E+001 -0.16302360E+002 -0.74231667E+001  0.28159435E+001  0.28159435E+001 -0.10600642E+002  0.27440794E+001  0.27440794E+001  0.27440794E+001
 -0.96295290E+001 -0.96295290E+001 -0.96295290E+001 -0.96295290E+001 -0.11605271E+002 -0.10871272E+002 -0.10135545E+002 -0.96291846E+001 -0.96291846E+001 -0.96291846E+001 -0.96291846E+001 -0.96291846E+001 -0.96291846E+001 -0.10091589E+002 -0.96291138E+001 -0.96287436E+001 -0.96291102E+001 -0.96291102E+001 -0.96291102E+001 -0.96291102E+001 -0.96291102E+001 -0.96291102E+001 -0.96291102E+001 -0.96291102E+001 -0.96291102E+001 -0.96291102E+001 -0.96291102E+001 -0.96291102E+001 -0.96291102E+001 -0.96291102E+001 -0.96291102E+001 -0.96291102E+001 -0.96291102E+001 -0.96291102E+001 -0.96291102E+001
  0.23042327E+001  0.23042327E+001  0.23042327E+001  0.23042327E+001  0.23045094E+001  0.23049128E+001  0.23053161E+001  0.23055931E+001  0.23057607E+001  0.23058393E+001  0.23058393E+001  0.23058393E+001  0.23058393E+001  0.23058393E+001  0.23058393E+001  0.23058393E+001  0.23058393E+001  0.23058393E+001  0.23058394E+001  0.23058394E+001  0.23058394E+001  0.23058395E+001  0.23058395E+001  0.23058396E+001  0.23058397E+001  0.23058398E+001  0.23058399E+001  0.23058400E+001  0.23058401E+001  0.23058402E+001  0.23058404E+001  0.23058406E+001  0.23058407E+001  0.23058409E+001  0.23058411E+001
  0.10484594E-002  0.10484594E-002  0.10484594E-002  0.10484594E-002 -0.40819556E+000  0.37778210E-001  0.39949914E-001  0.39586496E-001  0.39586496E-001  0.39586496E-001  0.39586496E-001  0.39586496E-001  0.39586496E-001  0.39586496E-001  0.39586496E-001  0.39586496E-001  0.39586496E-001  0.39586496E-001  0.39586496E-001  0.39586496E-001  0.39586496E-001  0.39586496E-001  0.39586496E-001  0.39586496E-001  0.39586496E-001  0.39586496E-001  0.39586493E-001  0.39586493E-001  0.39587019E-001  0.39587552E-001  0.39588129E-001  0.39588751E-001  0.39589404E-001  0.39589985E-001  0.39590577E-001
