  0.00000000E+000  0.00000000E+000  0.00000000E+000  0.00000000E+000  0.00000000E+000  0.00000000E+000  0.00000000E+000  0.00000000E+000  0.00000000E+000  0.00000000E+000  0.00000000E+000  0.00000000E+000  0.00000000E+000  0.00000000E+000  0.00000000E+000  0.00000000E+000  0.00000000E+000  0.00000000E+000  0.00000000E+000  0.00000000E+000  0.00000000E+000  0.00000000E+000  0.00000000E+000  0.00000000E+000  0.00000000E+000  0.00000000E+000  0.00000000E+000  0.00000000E+000  0.00000000E+000  0.00000000E+000  0.00000000E+000  0.00000000E+000  0.00000000E+000  0.00000000E+000  0.00000000E+000
 -0.25709034E-043 -0.25709034E-043 -0.25709034E-043 -0.25709034E-043 -0.25709034E-043 -0.25709034E-043 -0.25709034E-043 -0.25709034E-043 -0.25709034E-043 -0.25709034E-043 -0.25709034E-043 -0.25709034E-043 -0.25709034E-043 -0.25709034E-043 -0.25709034E-043 -0.25709034E-043 -0.25709034E-043 -0.25709034E-043 -0.25709034E-043 -0.25709034E-043 -0.25709034E-043 -0.25709034E-043 -0.25709034E-043 -0.25709034E-043 -0.25709034E-043 -0.25709034E-043 -0.25709034E-043 -0.25709034E-043 -0.25709034E-043 -0.25709034E-043 -0.25709034E-043 -0.25709034E-043 -0.25709034E-043 -0.25709034E-043 -0.25709034E-043
 -0.21706894E-040 -0.21706894E-040 -0.21706894E-040 -0.21706894E-040 -0.21706894E-040 -0.21706894E-040 -0.21706894E-040 -0.21706894E-040 -0.21706894E-040 -0.21706894E-040 -0.21706894E-040 -0.21706894E-040 -0.21706894E-040 -0.21706894E-040 -0.21706894E-040 -0.21706894E-040 -0.21706894E-040 -0.21706894E-040 -0.21706894E-040 -0.21706894E-040 -0.21706894E-040 -0.21706894E-040 -0.21706894E-040 -0.21706894E-040 -0.21706894E-040 -0.21706894E-040 -0.21706894E-040 -0.21706894E-040 -0.21706894E-040 -0.21706894E-040 -0.21706894E-040 -0.21706894E-040 -0.21706894E-040 -0.21706894E-040 -0.21706894E-040
 -0.87839252E-038 -0.87839252E-038 -0.87839252E-038 -0.87839252E-038 -0.87839252E-038 -0.87839252E-038 -0.87839252E-038 -0.87839252E-038 -0.87839252E-038 -0.87839252E-038 -0.87839252E-038 -0.87839252E-038 -0.87839252E-038 -0.87839252E-038 -0.87839252E-038 -0.87839252E-038 -0.87839252E-038 -0.87839252E-038 -0.87839252E-038 -0.87839252E-038 -0.87839252E-038 -0.87839252E-038 -0.87839252E-038 -0.87839252E-038 -0.87839252E-038 -0.87839252E-038 -0.87839252E-038 -0.87839252E-038 -0.87839252E-038 -0.87839252E-038 -0.87839252E-038 -0.87839252E-038 -0.87839252E-038 -0.87839252E-038 -0.87839252E-038
 -0.22654127E-035 -0.22654127E-035 -0.22654127E-035 -0.22654127E-035 -0.22654127E-035 -0.22654127E-035 -0.22654127E-035 -0.22654127E-035 -0.22654127E-035 -0.22654127E-035 -0.22654127E-035 -0.22654127E-035 -0.22654127E-035 -0.22654127E-035 -0.22654127E-035 -0.22654127E-035 -0.22654127E-035 -0.22654127E-035 -0.22654127E-035 -0.22654127E-035 -0.22654127E-035 -0.22654127E-035 -0.22654127E-035 -0.22654127E-035 -0.22654127E-035 -0.22654127E-035 -0.22654127E-035 -0.22654127E-035 -0.22654127E-035 -0.22654127E-035 -0.22654127E-035 -0.22654127E-035 -0.22654127E-035 -0.22654127E-035 -0.22654127E-035
 -0.41768114E-033 -0.41768114E-033 -0.41768114E-033 -0.41768114E-033 -0.41768114E-033 -0.41768114E-033 -0.41768114E-033 -0.41768114E-033 -0.41768114E-033 -0.41768114E-033 -0.41768114E-033 -0.41768114E-033 -0.41768114E-033 -0.41768114E-033 -0.41768114E-033 -0.41768114E-033 -0.41768114E-033 -0.41768114E-033 -0.41768114E-033 -0.41768114E-033 -0.41768114E-033 -0.41768114E-033 -0.41768114E-033 -0.41768114E-033 -0.41768114E-033 -0.41768114E-033 -0.41768114E-033 -0.41768114E-033 -0.41768114E-033 -0.41768114E-033 -0.41768114E-033 -0.41768114E-033 -0.41768114E-033 -0.41768114E-033 -0.41768114E-033
 -0.58529379E-031 -0.58529379E-031 -0.58529379E-031 -0.58529379E-031 -0.58529379E-031 -0.58529379E-031 -0.58529379E-031 -0.58529379E-031 -0.58529379E-031 -0.58529379E-031 -0.58529379E-031 -0.58529379E-031 -0.58529379E-031 -0.58529379E-031 -0.58529379E-031 -0.58529379E-031 -0.58529379E-031 -0.58529379E-031 -0.58529379E-031 -0.58529379E-031 -0.58529379E-031 -0.58529379E-031 -0.58529379E-031 -0.58529379E-031 -0.58529379E-031 -0.58529379E-031 -0.58529379E-031 -0.58529379E-031 -0.58529379E-031 -0.58529379E-031 -0.58529379E-031 -0.58529379E-031 -0.58529379E-031 -0.58529379E-031 -0.58529379E-031
 -0.64690986E-029 -0.64690986E-029 -0.64690986E-029 -0.64690986E-029 -0.64690986E-029 -0.64690986E-029 -0.64690986E-029 -0.64690986E-029 -0.64690986E-029 -0.64690986E-029 -0.64690986E-029 -0.64690986E-029 -0.64690986E-029 -0.64690986E-029 -0.64690986E-029 -0.64690986E-029 -0.64690986E-029 -0.64690986E-029 -0.64690986E-029 -0.64690986E-029 -0.64690986E-029 -0.64690986E-029 -0.64690986E-029 -0.64690986E-029 -0.64690986E-029 -0.64690986E-029 -0.64690986E-029 -0.64690986E-029 -0.64690986E-029 -0.64690986E-029 -0.64690986E-029 -0.64690986E-029 -0.64690986E-029 -0.64690986E-029 -0.64690986E-029
 -0.57762981E-027 -0.57762981E-027 -0.57762981E-027 -0.57762981E-027 -0.57762981E-027 -0.57762981E-027 -0.57762981E-027 -0.57762981E-027 -0.57762981E-027 -0.57762981E-027 -0.57762981E-027 -0.57762981E-027 -0.57762981E-027 -0.57762981E-027 -0.57762981E-027 -0.57762981E-027 -0.57762981E-027 -0.57762981E-027 -0.57762981E-027 -0.57762981E-027 -0.57762981E-027 -0.57762981E-027 -0.57762981E-027 -0.57762981E-027 -0.57762981E-027 -0.57762981E-027 -0.57762981E-027 -0.57762981E-027 -0.57762981E-027 -0.57762981E-027 -0.57762981E-027 -0.57762981E-027 -0.57762981E-027 -0.57762981E-027 -0.57762981E-027
 -0.42329259E-025 -0.42329259E-025 -0.42329259E-025 -0.42329259E-025 -0.42329259E-025 -0.42329259E-025 -0.42329259E-025 -0.42329259E-025 -0.42329259E-025 -0.42329259E-025 -0.42329259E-025 -0.42329259E-025 -0.42329259E-025 -0.42329259E-025 -0.42329259E-025 -0.42329259E-025 -0.42329259E-025 -0.42329259E-025 -0.42329259E-025 -0.42329259E-025 -0.42329259E-025 -0.42329259E-025 -0.42329259E-025 -0.42329259E-025 -0.42329259E-025 -0.42329259E-025 -0.42329259E-025 -0.42329259E-025 -0.42329259E-025 -0.42329259E-025 -0.42329259E-025 -0.42329259E-025 -0.42329259E-025 -0.42329259E-025 -0.42329259E-025
 -0.23230257E-022 -0.23230257E-022 -0.23230257E-022 -0.23230257E-022 -0.23230257E-022 -0.23230257E-022 -0.23230257E-022 -0.23230257E-022 -0.23230257E-022 -0.23230257E-022 -0.23230257E-022 -0.23230257E-022 -0.23230257E-022 -0.23230257E-022 -0.23230257E-022 -0.23230257E-022 -0.23230257E-022 -0.23230257E-022 -0.23230257E-022 -0.23230257E-022 -0.23230257E-022 -0.23230257E-022 -0.23230257E-022 -0.23230257E-022 -0.23230257E-022 -0.23230257E-022 -0.23230257E-022 -0.23230257E-022 -0.23230257E-022 -0.23230257E-022 -0.23230257E-022 -0.23230257E-022 -0.23230257E-022 -0.23230257E-022 -0.23230257E-022
 -0.10253805E-019 -0.10253805E-019 -0.10253805E-019 -0.10253805E-019 -0.10253805E-019 -0.10253805E-019 -0.10253805E-019 -0.10253805E-019 -0.10253805E-019 -0.10253805E-019 -0.10253805E-019 -0.10253805E-019 -0.10253805E-019 -0.10253805E-019 -0.10253805E-019 -0.10253805E-019 -0.10253805E-019 -0.10253805E-019 -0.10253805E-019 -0.10253805E-019 -0.10253805E-019 -0.10253805E-019 -0.10253805E-019 -0.10253805E-019 -0.10253805E-019 -0.10253805E-019 -0.10253805E-019 -0.10253805E-019 -0.10253805E-019 -0.10253805E-019 -0.10253805E-019 -0.10253805E-019 -0.10253805E-019 -0.10253805E-019 -0.10253805E-019
 -0.36658453E-017 -0.36658453E-017 -0.36658453E-017 -0.36658453E-017 -0.36658453E-017 -0.36658453E-017 -0.36658453E-017 -0.36658453E-017 -0.36658453E-017 -0.36658453E-017 -0.36658453E-017 -0.36658453E-017 -0.36658453E-017 -0.36658453E-017 -0.36658453E-017 -0.36658453E-017 -0.36658453E-017 -0.36658453E-017 -0.36658453E-017 -0.36658453E-017 -0.36658453E-017 -0.36658453E-017 -0.36658453E-017 -0.36658453E-017 -0.36658453E-017 -0.36658453E-017 -0.36658453E-017 -0.36658453E-017 -0.36658453E-017 -0.36658453E-017 -0.36658453E-017 -0.36658453E-017 -0.36658453E-017 -0.36658453E-017 -0.36658453E-017
 -0.10633392E-014 -0.10633392E-014 -0.10633392E-014 -0.10633392E-014 -0.10633392E-014 -0.10633392E-014 -0.10633392E-014 -0.10633392E-014 -0.10633392E-014 -0.10633392E-014 -0.10633392E-014 -0.10633392E-014 -0.10633392E-014 -0.10633392E-014 -0.10633392E-014 -0.10633392E-014 -0.10633392E-014 -0.10633392E-014 -0.10633392E-014 -0.10633392E-014 -0.10633392E-014 -0.10633392E-014 -0.10633392E-014 -0.10633392E-014 -0.10633392E-014 -0.10633392E-014 -0.10633392E-014 -0.10633392E-014 -0.10633392E-014 -0.10633392E-014 -0.10633392E-014 -0.10633392E-014 -0.10633392E-014 -0.10633392E-014 -0.10633392E-014
 -0.24938239E-012 -0.24938239E-012 -0.24938239E-012 -0.24938239E-012 -0.24938239E-012 -0.24938239E-012 -0.24938239E-012 -0.24938239E-012 -0.24938239E-012 -0.24938239E-012 -0.24938239E-012 -0.24938239E-012 -0.24938239E-012 -0.24938239E-012 -0.24938239E-012 -0.24938239E-012 -0.24938239E-012 -0.24938239E-012 -0.24938239E-012 -0.24938239E-012 -0.24938239E-012 -0.24938239E-012 -0.24938239E-012 -0.24938239E-012 -0.24938239E-012 -0.24938239E-012 -0.24938239E-012 -0.24938239E-012 -0.24938239E-012 -0.24938239E-012 -0.24938239E-012 -0.24938239E-012 -0.24938239E-012 -0.24938239E-012 -0.24938239E-012
 -0.46845491E-010 -0.46845491E-010 -0.46845491E-010 -0.46845491E-010 -0.46845491E-010 -0.46845491E-010 -0.46845491E-010 -0.46845491E-010 -0.46845491E-010 -0.46845491E-010 -0.46845491E-010 -0.46845491E-010 -0.46845491E-010 -0.46845491E-010 -0.46845491E-010 -0.46845491E-010 -0.46845491E-010 -0.46845491E-010 -0.46845491E-010 -0.46845491E-010 -0.46845491E-010 -0.46845491E-010 -0.46845491E-010 -0.46845491E-010 -0.46845491E-010 -0.46845491E-010 -0.46845491E-010 -0.46845491E-010 -0.46845491E-010 -0.46845491E-010 -0.46845491E-010 -0.46845491E-010 -0.46845491E-010 -0.46845491E-010 -0.46845491E-010
 -0.69281268E-008 -0.69281268E-008 -0.69281268E-008 -0.69281268E-008 -0.69281268E-008 -0.69281268E-008 -0.69281268E-008 -0.69281268E-008 -0.69281268E-008 -0.69281268E-008 -0.69281268E-008 -0.69281268E-008 -0.69281268E-008 -0.69281268E-008 -0.69281268E-008 -0.69281268E-008 -0.69281268E-008 -0.69281268E-008 -0.69281268E-008 -0.69281268E-008 -0.69281268E-008 -0.69281268E-008 -0.69281268E-008 -0.69281268E-008 -0.69281268E-008 -0.69281268E-008 -0.69281268E-008 -0.69281268E-008 -0.69281268E-008 -0.69281268E-008 -0.69281268E-008 -0.69281268E-008 -0.69281268E-008 -0.69281268E-008 -0.69281268E-008
 -0.78368162E-006 -0.78368162E-006 -0.78368162E-006 -0.78368162E-006 -0.78368162E-006 -0.78368162E-006 -0.78368162E-006 -0.78368162E-006 -0.78368162E-006 -0.78368162E-006 -0.78368162E-006 -0.78368162E-006 -0.78368162E-006 -0.78368162E-006 -0.78368162E-006 -0.78368162E-006 -0.78368162E-006 -0.78368162E-006 -0.78368162E-006 -0.78368162E-006 -0.78368162E-006 -0.78368162E-006 -0.78368162E-006 -0.78368162E-006 -0.78368162E-006 -0.78368162E-006 -0.78368162E-006 -0.78368162E-006 -0.78368162E-006 -0.78368162E-006 -0.78368162E-006 -0.78368162E-006 -0.78368162E-006 -0.78368162E-006 -0.78368162E-006
 -0.64511517E-004 -0.64511517E-004 -0.64511517E-004 -0.64511517E-004 -0.64511517E-004 -0.64511517E-004 -0.64511517E-004 -0.64511517E-004 -0.64511517E-004 -0.64511517E-004 -0.64511517E-004 -0.64511517E-004 -0.64511517E-004 -0.64511517E-004 -0.64511517E-004 -0.64511517E-004 -0.64511517E-004 -0.64511517E-004 -0.64511517E-004 -0.64511517E-004 -0.64511517E-004 -0.64511517E-004 -0.64511517E-004 -0.64511517E-004 -0.64511517E-004 -0.64511517E-004 -0.64511517E-004 -0.64511517E-004 -0.64511517E-004 -0.64511517E-004 -0.64511517E-004 -0.64511517E-004 -0.64511517E-004 -0.64511517E-004 -0.64511517E-004
 -0.35142469E-002 -0.35142469E-002 -0.35142469E-002 -0.35142469E-002 -0.35142469E-002 -0.35142469E-002 -0.35142469E-002 -0.35142469E-002 -0.35142469E-002 -0.35142469E-002 -0.35142469E-002 -0.35142469E-002 -0.35142469E-002 -0.35142469E-002 -0.35142469E-002 -0.35142469E-002 -0.35142469E-002 -0.35142469E-002 -0.35142469E-002 -0.35142469E-002 -0.35142469E-002 -0.35142469E-002 -0.35142469E-002 -0.35142469E-002 -0.35142469E-002 -0.35142469E-002 -0.35142469E-002 -0.35142469E-002 -0.35142469E-002 -0.35142469E-002 -0.35142469E-002 -0.35142469E-002 -0.35142469E-002 -0.35142469E-002 -0.35142469E-002
 -0.99915213E-001 -0.99915213E-001 -0.99915213E-001 -0.99915213E-001 -0.99915213E-001 -0.99915213E-001 -0.99915213E-001 -0.99915213E-001 -0.99915213E-001 -0.99915213E-001 -0.99915213E-001 -0.99915213E-001 -0.99915213E-001 -0.99915213E-001 -0.99915213E-001 -0.99915213E-001 -0.99915213E-001 -0.99915213E-001 -0.99915213E-001 -0.99915213E-001 -0.99915213E-001 -0.99915213E-001 -0.99915213E-001 -0.99915213E-001 -0.99915213E-001 -0.99915213E-001 -0.99915213E-001 -0.99915213E-001 -0.99915213E-001 -0.99915213E-001 -0.99915213E-001 -0.99915213E-001 -0.99915213E-001 -0.99915213E-001 -0.99915213E-001
 -0.15953255E+000 -0.15953255E+000 -0.15953255E+000 -0.15953255E+000 -0.15953255E+000 -0.15953255E+000 -0.15953255E+000 -0.15953255E+000 -0.15953255E+000 -0.15953255E+000 -0.15953255E+000 -0.15953255E+000 -0.15953255E+000 -0.15953255E+000 -0.15953255E+000 -0.15953255E+000 -0.15953255E+000 -0.15953255E+000 -0.15953255E+000 -0.15953255E+000 -0.15953255E+000 -0.15953255E+000 -0.15953255E+000 -0.15953255E+000 -0.15953255E+000 -0.15953255E+000 -0.15953255E+000 -0.15953255E+000 -0.15953255E+000 -0.15953255E+000 -0.15953255E+000 -0.15953255E+000 -0.15953255E+000 -0.15953255E+000 -0.15953254E+000
 -0.22007825E+000 -0.22007825E+000 -0.22007825E+000 -0.22007825E+000 -0.22007825E+000 -0.22007825E+000 -0.22007825E+000 -0.22007825E+000 -0.22007825E+000 -0.22007825E+000 -0.22007825E+000 -0.22007825E+000 -0.22007825E+000 -0.22007825E+000 -0.22007825E+000 -0.22007825E+000 -0.22007825E+000 -0.22007825E+000 -0.22007825E+000 -0.22007825E+000 -0.22007825E+000 -0.22007825E+000 -0.22007825E+000 -0.22007825E+000 -0.22007825E+000 -0.22007825E+000 -0.22007825E+000 -0.22007826E+000 -0.22007826E+000 -0.22007827E+000 -0.22007827E+000 -0.22007828E+000 -0.22007828E+000 -0.22007829E+000 -0.22007830E+000
 -0.53784127E+001 -0.53784127E+001 -0.53784127E+001 -0.53784127E+001 -0.53784127E+001 -0.53784127E+001 -0.53784127E+001 -0.53784127E+001 -0.53784127E+001 -0.53784127E+001 -0.53784127E+001 -0.53784127E+001 -0.53784127E+001 -0.53784127E+001 -0.53784127E+001 -0.53784127E+001 -0.53784127E+001 -0.53784127E+001 -0.53784127E+001 -0.53784127E+001 -0.53784127E+001 -0.53784127E+001 -0.53784127E+001 -0.53784127E+001 -0.53784127E+001 -0.53784127E+001 -0.53784127E+001 -0.53784128E+001 -0.53784128E+001 -0.53784128E+001 -0.53784128E+001 -0.53784128E+001 -0.53784129E+001 -0.53784129E+001 -0.53784129E+001
 -0.90857695E-001 -0.90857695E-001 -0.90857695E-001 -0.90857695E-001 -0.90857695E-001 -0.90857695E-001 -0.90857695E-001 -0.90857695E-001 -0.90857695E-001 -0.90857695E-001 -0.90857695E-001 -0.90857695E-001 -0.90857695E-001 -0.90857695E-001 -0.90857694E-001 -0.90857694E-001 -0.90857694E-001 -0.90857693E-001 -0.90857693E-001 -0.90857693E-001 -0.90857692E-001 -0.90857691E-001 -0.90857690E-001 -0.90857689E-001 -0.90857688E-001 -0.90857687E-001 -0.90857695E-001 -0.90857693E-001 -0.90857691E-001 -0.90857693E-001 -0.90857696E-001 -0.90857699E-001 -0.90857701E-001 -0.90857909E-001 -0.90858110E-001
