  0.00000000E+000  0.00000000E+000  0.00000000E+000  0.00000000E+000  0.00000000E+000  0.00000000E+000  0.00000000E+000  0.00000000E+000  0.00000000E+000  0.00000000E+000  0.00000000E+000  0.00000000E+000  0.00000000E+000  0.00000000E+000  0.00000000E+000  0.00000000E+000  0.00000000E+000  0.00000000E+000  0.00000000E+000  0.00000000E+000  0.00000000E+000  0.00000000E+000  0.00000000E+000  0.00000000E+000  0.00000000E+000  0.00000000E+000  0.00000000E+000  0.00000000E+000  0.00000000E+000  0.00000000E+000  0.00000000E+000  0.00000000E+000  0.00000000E+000  0.00000000E+000  0.00000000E+000
 -0.60470349E-037 -0.60470349E-037 -0.60470349E-037 -0.60470349E-037 -0.60470349E-037 -0.60470349E-037 -0.60470349E-037 -0.60470349E-037 -0.60470349E-037 -0.60470349E-037 -0.60470349E-037 -0.60470349E-037 -0.60470349E-037 -0.60470349E-037 -0.60470349E-037 -0.60470349E-037 -0.60470349E-037 -0.60470349E-037 -0.60470349E-037 -0.60470349E-037 -0.60470349E-037 -0.60470349E-037 -0.60470349E-037 -0.60470349E-037 -0.60470349E-037 -0.60470349E-037 -0.60470349E-037 -0.60470349E-037 -0.60470349E-037 -0.60470349E-037 -0.60470349E-037 -0.60470349E-037 -0.60470349E-037 -0.60470349E-037 -0.60470349E-037
 -0.28945544E-034 -0.28945544E-034 -0.28945544E-034 -0.28945544E-034 -0.28945544E-034 -0.28945544E-034 -0.28945544E-034 -0.28945544E-034 -0.28945544E-034 -0.28945544E-034 -0.28945544E-034 -0.28945544E-034 -0.28945544E-034 -0.28945544E-034 -0.28945544E-034 -0.28945544E-034 -0.28945544E-034 -0.28945544E-034 -0.28945544E-034 -0.28945544E-034 -0.28945544E-034 -0.28945544E-034 -0.28945544E-034 -0.28945544E-034 -0.28945544E-034 -0.28945544E-034 -0.28945544E-034 -0.28945544E-034 -0.28945544E-034 -0.28945544E-034 -0.28945544E-034 -0.28945544E-034 -0.28945544E-034 -0.28945544E-034 -0.28945544E-034
 -0.66365910E-032 -0.66365910E-032 -0.66365910E-032 -0.66365910E-032 -0.66365910E-032 -0.66365910E-032 -0.66365910E-032 -0.66365910E-032 -0.66365910E-032 -0.66365910E-032 -0.66365910E-032 -0.66365910E-032 -0.66365910E-032 -0.66365910E-032 -0.66365910E-032 -0.66365910E-032 -0.66365910E-032 -0.66365910E-032 -0.66365910E-032 -0.66365910E-032 -0.66365910E-032 -0.66365910E-032 -0.66365910E-032 -0.66365910E-032 -0.66365910E-032 -0.66365910E-032 -0.66365910E-032 -0.66365910E-032 -0.66365910E-032 -0.66365910E-032 -0.66365910E-032 -0.66365910E-032 -0.66365910E-032 -0.66365910E-032 -0.66365910E-032
 -0.96955956E-030 -0.96955956E-030 -0.96955956E-030 -0.96955956E-030 -0.96955956E-030 -0.96955956E-030 -0.96955956E-030 -0.96955956E-030 -0.96955956E-030 -0.96955956E-030 -0.96955956E-030 -0.96955956E-030 -0.96955956E-030 -0.96955956E-030 -0.96955956E-030 -0.96955956E-030 -0.96955956E-030 -0.96955956E-030 -0.96955956E-030 -0.96955956E-030 -0.96955956E-030 -0.96955956E-030 -0.96955956E-030 -0.96955956E-030 -0.96955956E-030 -0.96955956E-030 -0.96955956E-030 -0.96955956E-030 -0.96955956E-030 -0.96955956E-030 -0.96955956E-030 -0.96955956E-030 -0.96955956E-030 -0.96955956E-030 -0.96955956E-030
 -0.10128069E-027 -0.10128069E-027 -0.10128069E-027 -0.10128069E-027 -0.10128069E-027 -0.10128069E-027 -0.10128069E-027 -0.10128069E-027 -0.10128069E-027 -0.10128069E-027 -0.10128069E-027 -0.10128069E-027 -0.10128069E-027 -0.10128069E-027 -0.10128069E-027 -0.10128069E-027 -0.10128069E-027 -0.10128069E-027 -0.10128069E-027 -0.10128069E-027 -0.10128069E-027 -0.10128069E-027 -0.10128069E-027 -0.10128069E-027 -0.10128069E-027 -0.10128069E-027 -0.10128069E-027 -0.10128069E-027 -0.10128069E-027 -0.10128069E-027 -0.10128069E-027 -0.10128069E-027 -0.10128069E-027 -0.10128069E-027 -0.10128069E-027
 -0.80467469E-026 -0.80467469E-026 -0.80467469E-026 -0.80467469E-026 -0.80467469E-026 -0.80467469E-026 -0.80467469E-026 -0.80467469E-026 -0.80467469E-026 -0.80467469E-026 -0.80467469E-026 -0.80467469E-026 -0.80467469E-026 -0.80467469E-026 -0.80467469E-026 -0.80467469E-026 -0.80467469E-026 -0.80467469E-026 -0.80467469E-026 -0.80467469E-026 -0.80467469E-026 -0.80467469E-026 -0.80467469E-026 -0.80467469E-026 -0.80467469E-026 -0.80467469E-026 -0.80467469E-026 -0.80467469E-026 -0.80467469E-026 -0.80467469E-026 -0.80467469E-026 -0.80467469E-026 -0.80467469E-026 -0.80467469E-026 -0.80467469E-026
 -0.50494348E-024 -0.50494348E-024 -0.50494348E-024 -0.50494348E-024 -0.50494348E-024 -0.50494348E-024 -0.50494348E-024 -0.50494348E-024 -0.50494348E-024 -0.50494348E-024 -0.50494348E-024 -0.50494348E-024 -0.50494348E-024 -0.50494348E-024 -0.50494348E-024 -0.50494348E-024 -0.50494348E-024 -0.50494348E-024 -0.50494348E-024 -0.50494348E-024 -0.50494348E-024 -0.50494348E-024 -0.50494348E-024 -0.50494348E-024 -0.50494348E-024 -0.50494348E-024 -0.50494348E-024 -0.50494348E-024 -0.50494348E-024 -0.50494348E-024 -0.50494348E-024 -0.50494348E-024 -0.50494348E-024 -0.50494348E-024 -0.50494348E-024
 -0.25652745E-022 -0.25652745E-022 -0.25652745E-022 -0.25652745E-022 -0.25652745E-022 -0.25652745E-022 -0.25652745E-022 -0.25652745E-022 -0.25652745E-022 -0.25652745E-022 -0.25652745E-022 -0.25652745E-022 -0.25652745E-022 -0.25652745E-022 -0.25652745E-022 -0.25652745E-022 -0.25652745E-022 -0.25652745E-022 -0.25652745E-022 -0.25652745E-022 -0.25652745E-022 -0.25652745E-022 -0.25652745E-022 -0.25652745E-022 -0.25652745E-022 -0.25652745E-022 -0.25652745E-022 -0.25652745E-022 -0.25652745E-022 -0.25652745E-022 -0.25652745E-022 -0.25652745E-022 -0.25652745E-022 -0.25652745E-022 -0.25652745E-022
 -0.10729394E-020 -0.10729394E-020 -0.10729394E-020 -0.10729394E-020 -0.10729394E-020 -0.10729394E-020 -0.10729394E-020 -0.10729394E-020 -0.10729394E-020 -0.10729394E-020 -0.10729394E-020 -0.10729394E-020 -0.10729394E-020 -0.10729394E-020 -0.10729394E-020 -0.10729394E-020 -0.10729394E-020 -0.10729394E-020 -0.10729394E-020 -0.10729394E-020 -0.10729394E-020 -0.10729394E-020 -0.10729394E-020 -0.10729394E-020 -0.10729394E-020 -0.10729394E-020 -0.10729394E-020 -0.10729394E-020 -0.10729394E-020 -0.10729394E-020 -0.10729394E-020 -0.10729394E-020 -0.10729394E-020 -0.10729394E-020 -0.10729394E-020
 -0.33382206E-018 -0.33382206E-018 -0.33382206E-018 -0.33382206E-018 -0.33382206E-018 -0.33382206E-018 -0.33382206E-018 -0.33382206E-018 -0.33382206E-018 -0.33382206E-018 -0.33382206E-018 -0.33382206E-018 -0.33382206E-018 -0.33382206E-018 -0.33382206E-018 -0.33382206E-018 -0.33382206E-018 -0.33382206E-018 -0.33382206E-018 -0.33382206E-018 -0.33382206E-018 -0.33382206E-018 -0.33382206E-018 -0.33382206E-018 -0.33382206E-018 -0.33382206E-018 -0.33382206E-018 -0.33382206E-018 -0.33382206E-018 -0.33382206E-018 -0.33382206E-018 -0.33382206E-018 -0.33382206E-018 -0.33382206E-018 -0.33382206E-018
 -0.83801434E-016 -0.83801434E-016 -0.83801434E-016 -0.83801434E-016 -0.83801434E-016 -0.83801434E-016 -0.83801434E-016 -0.83801434E-016 -0.83801434E-016 -0.83801434E-016 -0.83801434E-016 -0.83801434E-016 -0.83801434E-016 -0.83801434E-016 -0.83801434E-016 -0.83801434E-016 -0.83801434E-016 -0.83801434E-016 -0.83801434E-016 -0.83801434E-016 -0.83801434E-016 -0.83801434E-016 -0.83801434E-016 -0.83801434E-016 -0.83801434E-016 -0.83801434E-016 -0.83801434E-016 -0.83801434E-016 -0.83801434E-016 -0.83801434E-016 -0.83801434E-016 -0.83801434E-016 -0.83801434E-016 -0.83801434E-016 -0.83801434E-016
 -0.17119225E-013 -0.17119225E-013 -0.17119225E-013 -0.17119225E-013 -0.17119225E-013 -0.17119225E-013 -0.17119225E-013 -0.17119225E-013 -0.17119225E-013 -0.17119225E-013 -0.17119225E-013 -0.17119225E-013 -0.17119225E-013 -0.17119225E-013 -0.17119225E-013 -0.17119225E-013 -0.17119225E-013 -0.17119225E-013 -0.17119225E-013 -0.17119225E-013 -0.17119225E-013 -0.17119225E-013 -0.17119225E-013 -0.17119225E-013 -0.17119225E-013 -0.17119225E-013 -0.17119225E-013 -0.17119225E-013 -0.17119225E-013 -0.17119225E-013 -0.17119225E-013 -0.17119225E-013 -0.17119225E-013 -0.17119225E-013 -0.17119225E-013
 -0.28567024E-011 -0.28567024E-011 -0.28567024E-011 -0.28567024E-011 -0.28567024E-011 -0.28567024E-011 -0.28567024E-011 -0.28567024E-011 -0.28567024E-011 -0.28567024E-011 -0.28567024E-011 -0.28567024E-011 -0.28567024E-011 -0.28567024E-011 -0.28567024E-011 -0.28567024E-011 -0.28567024E-011 -0.28567024E-011 -0.28567024E-011 -0.28567024E-011 -0.28567024E-011 -0.28567024E-011 -0.28567024E-011 -0.28567024E-011 -0.28567024E-011 -0.28567024E-011 -0.28567024E-011 -0.28567024E-011 -0.28567024E-011 -0.28567024E-011 -0.28567024E-011 -0.28567024E-011 -0.28567024E-011 -0.28567024E-011 -0.28567024E-011
 -0.38918533E-009 -0.38918533E-009 -0.38918533E-009 -0.38918533E-009 -0.38918533E-009 -0.38918533E-009 -0.38918533E-009 -0.38918533E-009 -0.38918533E-009 -0.38918533E-009 -0.38918533E-009 -0.38918533E-009 -0.38918533E-009 -0.38918533E-009 -0.38918533E-009 -0.38918533E-009 -0.38918533E-009 -0.38918533E-009 -0.38918533E-009 -0.38918533E-009 -0.38918533E-009 -0.38918533E-009 -0.38918533E-009 -0.38918533E-009 -0.38918533E-009 -0.38918533E-009 -0.38918533E-009 -0.38918533E-009 -0.38918533E-009 -0.38918533E-009 -0.38918533E-009 -0.38918533E-009 -0.38918533E-009 -0.38918533E-009 -0.38918533E-009
 -0.43067648E-007 -0.43067648E-007 -0.43067648E-007 -0.43067648E-007 -0.43067648E-007 -0.43067648E-007 -0.43067648E-007 -0.43067648E-007 -0.43067648E-007 -0.43067648E-007 -0.43067648E-007 -0.43067648E-007 -0.43067648E-007 -0.43067648E-007 -0.43067648E-007 -0.43067648E-007 -0.43067648E-007 -0.43067648E-007 -0.43067648E-007 -0.43067648E-007 -0.43067648E-007 -0.43067648E-007 -0.43067648E-007 -0.43067648E-007 -0.43067648E-007 -0.43067648E-007 -0.43067648E-007 -0.43067648E-007 -0.43067648E-007 -0.43067648E-007 -0.43067648E-007 -0.43067648E-007 -0.43067648E-007 -0.43067648E-007 -0.43067648E-007
 -0.38311038E-005 -0.38311038E-005 -0.38311038E-005 -0.38311038E-005 -0.38311038E-005 -0.38311038E-005 -0.38311038E-005 -0.38311038E-005 -0.38311038E-005 -0.38311038E-005 -0.38311038E-005 -0.38311038E-005 -0.38311038E-005 -0.38311038E-005 -0.38311038E-005 -0.38311038E-005 -0.38311038E-005 -0.38311038E-005 -0.38311038E-005 -0.38311038E-005 -0.38311038E-005 -0.38311038E-005 -0.38311038E-005 -0.38311038E-005 -0.38311038E-005 -0.38311038E-005 -0.38311038E-005 -0.38311038E-005 -0.38311038E-005 -0.38311038E-005 -0.38311038E-005 -0.38311038E-005 -0.38311038E-005 -0.38311038E-005 -0.38311038E-005
 -0.26918904E-003 -0.26918904E-003 -0.26918904E-003 -0.26918904E-003 -0.26918904E-003 -0.26918904E-003 -0.26918904E-003 -0.26918904E-003 -0.26918904E-003 -0.26918904E-003 -0.26918904E-003 -0.26918904E-003 -0.26918904E-003 -0.26918904E-003 -0.26918904E-003 -0.26918904E-003 -0.26918904E-003 -0.26918904E-003 -0.26918904E-003 -0.26918904E-003 -0.26918904E-003 -0.26918904E-003 -0.26918904E-003 -0.26918904E-003 -0.26918904E-003 -0.26918904E-003 -0.26918904E-003 -0.26918904E-003 -0.26918904E-003 -0.26918904E-003 -0.26918904E-003 -0.26918904E-003 -0.26918904E-003 -0.26918904E-003 -0.26918904E-003
 -0.14524153E-001 -0.14524153E-001 -0.14524153E-001 -0.14524153E-001 -0.14524153E-001 -0.14524153E-001 -0.14524153E-001 -0.14524153E-001 -0.14524153E-001 -0.14524153E-001 -0.14524153E-001 -0.14524153E-001 -0.14524153E-001 -0.14524153E-001 -0.14524153E-001 -0.14524153E-001 -0.14524153E-001 -0.14524153E-001 -0.14524153E-001 -0.14524153E-001 -0.14524153E-001 -0.14524153E-001 -0.14524153E-001 -0.14524153E-001 -0.14524153E-001 -0.14524153E-001 -0.14524153E-001 -0.14524153E-001 -0.14524153E-001 -0.14524153E-001 -0.14524153E-001 -0.14524153E-001 -0.14524153E-001 -0.14524153E-001 -0.14524153E-001
 -0.57437687E+000 -0.57437687E+000 -0.57437687E+000 -0.57437687E+000 -0.57437687E+000 -0.57437687E+000 -0.57437687E+000 -0.57437687E+000 -0.57437687E+000 -0.57437687E+000 -0.57437687E+000 -0.57437687E+000 -0.57437687E+000 -0.57437687E+000 -0.57437687E+000 -0.57437687E+000 -0.57437687E+000 -0.57437687E+000 -0.57437687E+000 -0.57437687E+000 -0.57437687E+000 -0.57437687E+000 -0.57437687E+000 -0.57437687E+000 -0.57437687E+000 -0.57437687E+000 -0.57437687E+000 -0.57437687E+000 -0.57437687E+000 -0.57437687E+000 -0.57437687E+000 -0.57437687E+000 -0.57437687E+000 -0.57437687E+000 -0.57437687E+000
 -0.15307573E+002 -0.15307573E+002 -0.15307573E+002 -0.15307573E+002 -0.15307573E+002 -0.15307573E+002 -0.15307573E+002 -0.15307573E+002 -0.15307573E+002 -0.15307573E+002 -0.15307573E+002 -0.15307573E+002 -0.15307573E+002 -0.15307573E+002 -0.15307573E+002 -0.15307573E+002 -0.15307573E+002 -0.15307573E+002 -0.15307573E+002 -0.15307573E+002 -0.15307573E+002 -0.15307572E+002 -0.15307572E+002 -0.15307572E+002 -0.15307572E+002 -0.15307572E+002 -0.15307572E+002 -0.15307572E+002 -0.15307572E+002 -0.15307572E+002 -0.15307572E+002 -0.15307572E+002 -0.15307572E+002 -0.15307572E+002 -0.15307572E+002
 -0.22856822E+003 -0.22856820E+003 -0.22856820E+003 -0.22856820E+003 -0.22856781E+003 -0.22852046E+003 -0.22850605E+003 -0.22850566E+003 -0.22850543E+003 -0.22850532E+003 -0.22850530E+003 -0.22850529E+003 -0.22850521E+003 -0.22850502E+003 -0.22850467E+003 -0.22850411E+003 -0.22850330E+003 -0.16900107E+003 -0.16848079E+003 -0.16781913E+003 -0.16699734E+003 -0.16620230E+003 -0.16550358E+003 -0.16503693E+003 -0.22857330E+003 -0.22856841E+003 -0.22856287E+003 -0.22855664E+003 -0.22705360E+003 -0.22703347E+003 -0.22702552E+003 -0.22701678E+003 -0.22700724E+003 -0.22699686E+003 -0.22698560E+003
 -0.69743673E+000 -0.66610208E+000 -0.66610208E+000 -0.66610208E+000 -0.21987861E+001 -0.14514327E+001 -0.70309741E+000 -0.70309741E+000 -0.70309741E+000 -0.70309741E+000 -0.71062809E+000 -0.69465921E+000 -0.69465921E+000 -0.69465921E+000 -0.69465921E+000 -0.69465921E+000 -0.69414636E+000 -0.23052501E+002 -0.21414422E+002 -0.19342827E+002 -0.16788013E+002 -0.13699369E+002 -0.10023402E+002 -0.57032699E+001 -0.67702643E+000 -0.67702685E+000 -0.67702732E+000 -0.67711019E+000 -0.31881254E+002 -0.31881254E+002 -0.31881254E+002 -0.31881254E+002 -0.31881254E+002 -0.31881254E+002 -0.31881254E+002
 -0.64869052E+001 -0.64869052E+001 -0.64869052E+001 -0.64869052E+001 -0.64869052E+001 -0.64869052E+001 -0.64869052E+001 -0.64869052E+001 -0.64869052E+001 -0.64869052E+001 -0.64869052E+001 -0.64869052E+001 -0.64869052E+001 -0.64869052E+001 -0.64869052E+001 -0.64869052E+001 -0.64869052E+001 -0.64869052E+001 -0.64869052E+001 -0.64869053E+001 -0.64869054E+001 -0.64869054E+001 -0.64869055E+001 -0.64869057E+001 -0.64869058E+001 -0.39493987E+003 -0.39492614E+003 -0.39491058E+003 -0.39489309E+003 -0.39487356E+003 -0.39485205E+003 -0.39482848E+003 -0.39480276E+003 -0.39477476E+003 -0.39474440E+003
 -0.80167585E-001 -0.80167585E-001 -0.80167585E-001 -0.80167585E-001 -0.80167585E-001 -0.80167585E-001 -0.80167585E-001 -0.80167585E-001 -0.80167585E-001 -0.61034587E-001 -0.28183134E-001 -0.28183134E-001 -0.28183134E-001 -0.13525291E+001 -0.86143028E+000 -0.79122682E-001 -0.79122682E-001 -0.79122682E-001 -0.79122683E-001 -0.79122686E-001 -0.79122688E-001 -0.79122690E-001 -0.79122692E-001 -0.79122694E-001 -0.45170517E+002 -0.38999748E+002 -0.25887446E+002 -0.18606270E+002 -0.11430367E+002 -0.51012387E+001 -0.63222684E+001 -0.75222596E+001 -0.83264340E+001 -0.79421884E+001 -0.77319860E+001
