  0.00000000E+000  0.00000000E+000  0.00000000E+000  0.00000000E+000  0.00000000E+000  0.00000000E+000  0.00000000E+000  0.00000000E+000  0.00000000E+000  0.00000000E+000  0.00000000E+000  0.00000000E+000  0.00000000E+000  0.00000000E+000  0.00000000E+000  0.00000000E+000  0.00000000E+000  0.00000000E+000  0.00000000E+000  0.00000000E+000  0.00000000E+000  0.00000000E+000  0.00000000E+000  0.00000000E+000  0.00000000E+000  0.00000000E+000  0.00000000E+000  0.00000000E+000  0.00000000E+000  0.00000000E+000  0.00000000E+000  0.00000000E+000  0.00000000E+000  0.00000000E+000  0.00000000E+000
 -0.22054090E-040 -0.22054090E-040 -0.22054090E-040 -0.22054090E-040 -0.22054090E-040 -0.22054090E-040 -0.22054090E-040 -0.22054090E-040 -0.22054090E-040 -0.22054090E-040 -0.22054090E-040 -0.22054090E-040 -0.22054090E-040 -0.22054090E-040 -0.22054090E-040 -0.22054090E-040 -0.22054090E-040 -0.22054090E-040 -0.22054090E-040 -0.22054090E-040 -0.22054090E-040 -0.22054090E-040 -0.22054090E-040 -0.22054090E-040 -0.22054090E-040 -0.22054090E-040 -0.22054090E-040 -0.22054090E-040 -0.22054090E-040 -0.22054090E-040 -0.22054090E-040 -0.22054090E-040 -0.22054090E-040 -0.22054090E-040 -0.22054090E-040
 -0.18657148E-037 -0.18657148E-037 -0.18657148E-037 -0.18657148E-037 -0.18657148E-037 -0.18657148E-037 -0.18657148E-037 -0.18657148E-037 -0.18657148E-037 -0.18657148E-037 -0.18657148E-037 -0.18657148E-037 -0.18657148E-037 -0.18657148E-037 -0.18657148E-037 -0.18657148E-037 -0.18657148E-037 -0.18657148E-037 -0.18657148E-037 -0.18657148E-037 -0.18657148E-037 -0.18657148E-037 -0.18657148E-037 -0.18657148E-037 -0.18657148E-037 -0.18657148E-037 -0.18657148E-037 -0.18657148E-037 -0.18657148E-037 -0.18657148E-037 -0.18657148E-037 -0.18657148E-037 -0.18657148E-037 -0.18657148E-037 -0.18657148E-037
 -0.75663692E-035 -0.75663692E-035 -0.75663692E-035 -0.75663692E-035 -0.75663692E-035 -0.75663692E-035 -0.75663692E-035 -0.75663692E-035 -0.75663692E-035 -0.75663692E-035 -0.75663692E-035 -0.75663692E-035 -0.75663692E-035 -0.75663692E-035 -0.75663692E-035 -0.75663692E-035 -0.75663692E-035 -0.75663692E-035 -0.75663692E-035 -0.75663692E-035 -0.75663692E-035 -0.75663692E-035 -0.75663692E-035 -0.75663692E-035 -0.75663692E-035 -0.75663692E-035 -0.75663692E-035 -0.75663692E-035 -0.75663692E-035 -0.75663692E-035 -0.75663692E-035 -0.75663692E-035 -0.75663692E-035 -0.75663692E-035 -0.75663692E-035
 -0.19562390E-032 -0.19562390E-032 -0.19562390E-032 -0.19562390E-032 -0.19562390E-032 -0.19562390E-032 -0.19562390E-032 -0.19562390E-032 -0.19562390E-032 -0.19562390E-032 -0.19562390E-032 -0.19562390E-032 -0.19562390E-032 -0.19562390E-032 -0.19562390E-032 -0.19562390E-032 -0.19562390E-032 -0.19562390E-032 -0.19562390E-032 -0.19562390E-032 -0.19562390E-032 -0.19562390E-032 -0.19562390E-032 -0.19562390E-032 -0.19562390E-032 -0.19562390E-032 -0.19562390E-032 -0.19562390E-032 -0.19562390E-032 -0.19562390E-032 -0.19562390E-032 -0.19562390E-032 -0.19562390E-032 -0.19562390E-032 -0.19562390E-032
 -0.36169336E-030 -0.36169336E-030 -0.36169336E-030 -0.36169336E-030 -0.36169336E-030 -0.36169336E-030 -0.36169336E-030 -0.36169336E-030 -0.36169336E-030 -0.36169336E-030 -0.36169336E-030 -0.36169336E-030 -0.36169336E-030 -0.36169336E-030 -0.36169336E-030 -0.36169336E-030 -0.36169336E-030 -0.36169336E-030 -0.36169336E-030 -0.36169336E-030 -0.36169336E-030 -0.36169336E-030 -0.36169336E-030 -0.36169336E-030 -0.36169336E-030 -0.36169336E-030 -0.36169336E-030 -0.36169336E-030 -0.36169336E-030 -0.36169336E-030 -0.36169336E-030 -0.36169336E-030 -0.36169336E-030 -0.36169336E-030 -0.36169336E-030
 -0.50846628E-028 -0.50846628E-028 -0.50846628E-028 -0.50846628E-028 -0.50846628E-028 -0.50846628E-028 -0.50846628E-028 -0.50846628E-028 -0.50846628E-028 -0.50846628E-028 -0.50846628E-028 -0.50846628E-028 -0.50846628E-028 -0.50846628E-028 -0.50846628E-028 -0.50846628E-028 -0.50846628E-028 -0.50846628E-028 -0.50846628E-028 -0.50846628E-028 -0.50846628E-028 -0.50846628E-028 -0.50846628E-028 -0.50846628E-028 -0.50846628E-028 -0.50846628E-028 -0.50846628E-028 -0.50846628E-028 -0.50846628E-028 -0.50846628E-028 -0.50846628E-028 -0.50846628E-028 -0.50846628E-028 -0.50846628E-028 -0.50846628E-028
 -0.56406434E-026 -0.56406434E-026 -0.56406434E-026 -0.56406434E-026 -0.56406434E-026 -0.56406434E-026 -0.56406434E-026 -0.56406434E-026 -0.56406434E-026 -0.56406434E-026 -0.56406434E-026 -0.56406434E-026 -0.56406434E-026 -0.56406434E-026 -0.56406434E-026 -0.56406434E-026 -0.56406434E-026 -0.56406434E-026 -0.56406434E-026 -0.56406434E-026 -0.56406434E-026 -0.56406434E-026 -0.56406434E-026 -0.56406434E-026 -0.56406434E-026 -0.56406434E-026 -0.56406434E-026 -0.56406434E-026 -0.56406434E-026 -0.56406434E-026 -0.56406434E-026 -0.56406434E-026 -0.56406434E-026 -0.56406434E-026 -0.56406434E-026
 -0.50579722E-024 -0.50579722E-024 -0.50579722E-024 -0.50579722E-024 -0.50579722E-024 -0.50579722E-024 -0.50579722E-024 -0.50579722E-024 -0.50579722E-024 -0.50579722E-024 -0.50579722E-024 -0.50579722E-024 -0.50579722E-024 -0.50579722E-024 -0.50579722E-024 -0.50579722E-024 -0.50579722E-024 -0.50579722E-024 -0.50579722E-024 -0.50579722E-024 -0.50579722E-024 -0.50579722E-024 -0.50579722E-024 -0.50579722E-024 -0.50579722E-024 -0.50579722E-024 -0.50579722E-024 -0.50579722E-024 -0.50579722E-024 -0.50579722E-024 -0.50579722E-024 -0.50579722E-024 -0.50579722E-024 -0.50579722E-024 -0.50579722E-024
 -0.37248422E-022 -0.37248422E-022 -0.37248422E-022 -0.37248422E-022 -0.37248422E-022 -0.37248422E-022 -0.37248422E-022 -0.37248422E-022 -0.37248422E-022 -0.37248422E-022 -0.37248422E-022 -0.37248422E-022 -0.37248422E-022 -0.37248422E-022 -0.37248422E-022 -0.37248422E-022 -0.37248422E-022 -0.37248422E-022 -0.37248422E-022 -0.37248422E-022 -0.37248422E-022 -0.37248422E-022 -0.37248422E-022 -0.37248422E-022 -0.37248422E-022 -0.37248422E-022 -0.37248422E-022 -0.37248422E-022 -0.37248422E-022 -0.37248422E-022 -0.37248422E-022 -0.37248422E-022 -0.37248422E-022 -0.37248422E-022 -0.37248422E-022
 -0.20562057E-019 -0.20562057E-019 -0.20562057E-019 -0.20562057E-019 -0.20562057E-019 -0.20562057E-019 -0.20562057E-019 -0.20562057E-019 -0.20562057E-019 -0.20562057E-019 -0.20562057E-019 -0.20562057E-019 -0.20562057E-019 -0.20562057E-019 -0.20562057E-019 -0.20562057E-019 -0.20562057E-019 -0.20562057E-019 -0.20562057E-019 -0.20562057E-019 -0.20562057E-019 -0.20562057E-019 -0.20562057E-019 -0.20562057E-019 -0.20562057E-019 -0.20562057E-019 -0.20562057E-019 -0.20562057E-019 -0.20562057E-019 -0.20562057E-019 -0.20562057E-019 -0.20562057E-019 -0.20562057E-019 -0.20562057E-019 -0.20562057E-019
 -0.91396426E-017 -0.91396426E-017 -0.91396426E-017 -0.91396426E-017 -0.91396426E-017 -0.91396426E-017 -0.91396426E-017 -0.91396426E-017 -0.91396426E-017 -0.91396426E-017 -0.91396426E-017 -0.91396426E-017 -0.91396426E-017 -0.91396426E-017 -0.91396426E-017 -0.91396426E-017 -0.91396426E-017 -0.91396426E-017 -0.91396426E-017 -0.91396426E-017 -0.91396426E-017 -0.91396426E-017 -0.91396426E-017 -0.91396426E-017 -0.91396426E-017 -0.91396426E-017 -0.91396426E-017 -0.91396426E-017 -0.91396426E-017 -0.91396426E-017 -0.91396426E-017 -0.91396426E-017 -0.91396426E-017 -0.91396426E-017 -0.91396426E-017
 -0.32951802E-014 -0.32951802E-014 -0.32951802E-014 -0.32951802E-014 -0.32951802E-014 -0.32951802E-014 -0.32951802E-014 -0.32951802E-014 -0.32951802E-014 -0.32951802E-014 -0.32951802E-014 -0.32951802E-014 -0.32951802E-014 -0.32951802E-014 -0.32951802E-014 -0.32951802E-014 -0.32951802E-014 -0.32951802E-014 -0.32951802E-014 -0.32951802E-014 -0.32951802E-014 -0.32951802E-014 -0.32951802E-014 -0.32951802E-014 -0.32951802E-014 -0.32951802E-014 -0.32951802E-014 -0.32951802E-014 -0.32951802E-014 -0.32951802E-014 -0.32951802E-014 -0.32951802E-014 -0.32951802E-014 -0.32951802E-014 -0.32951802E-014
 -0.96576877E-012 -0.96576877E-012 -0.96576877E-012 -0.96576877E-012 -0.96576877E-012 -0.96576877E-012 -0.96576877E-012 -0.96576877E-012 -0.96576877E-012 -0.96576877E-012 -0.96576877E-012 -0.96576877E-012 -0.96576877E-012 -0.96576877E-012 -0.96576877E-012 -0.96576877E-012 -0.96576877E-012 -0.96576877E-012 -0.96576877E-012 -0.96576877E-012 -0.96576877E-012 -0.96576877E-012 -0.96576877E-012 -0.96576877E-012 -0.96576877E-012 -0.96576877E-012 -0.96576877E-012 -0.96576877E-012 -0.96576877E-012 -0.96576877E-012 -0.96576877E-012 -0.96576877E-012 -0.96576877E-012 -0.96576877E-012 -0.96576877E-012
 -0.22946059E-009 -0.22946059E-009 -0.22946059E-009 -0.22946059E-009 -0.22946059E-009 -0.22946059E-009 -0.22946059E-009 -0.22946059E-009 -0.22946059E-009 -0.22946059E-009 -0.22946059E-009 -0.22946059E-009 -0.22946059E-009 -0.22946059E-009 -0.22946059E-009 -0.22946059E-009 -0.22946059E-009 -0.22946059E-009 -0.22946059E-009 -0.22946059E-009 -0.22946059E-009 -0.22946059E-009 -0.22946059E-009 -0.22946059E-009 -0.22946059E-009 -0.22946059E-009 -0.22946059E-009 -0.22946059E-009 -0.22946059E-009 -0.22946059E-009 -0.22946059E-009 -0.22946059E-009 -0.22946059E-009 -0.22946059E-009 -0.22946059E-009
 -0.43831181E-007 -0.43831181E-007 -0.43831181E-007 -0.43831181E-007 -0.43831181E-007 -0.43831181E-007 -0.43831181E-007 -0.43831181E-007 -0.43831181E-007 -0.43831181E-007 -0.43831181E-007 -0.43831181E-007 -0.43831181E-007 -0.43831181E-007 -0.43831181E-007 -0.43831181E-007 -0.43831181E-007 -0.43831181E-007 -0.43831181E-007 -0.43831181E-007 -0.43831181E-007 -0.43831181E-007 -0.43831181E-007 -0.43831181E-007 -0.43831181E-007 -0.43831181E-007 -0.43831181E-007 -0.43831181E-007 -0.43831181E-007 -0.43831181E-007 -0.43831181E-007 -0.43831181E-007 -0.43831181E-007 -0.43831181E-007 -0.43831181E-007
 -0.66291306E-005 -0.66291306E-005 -0.66291306E-005 -0.66291306E-005 -0.66291306E-005 -0.66291306E-005 -0.66291306E-005 -0.66291306E-005 -0.66291306E-005 -0.66291306E-005 -0.66291306E-005 -0.66291306E-005 -0.66291306E-005 -0.66291306E-005 -0.66291306E-005 -0.66291306E-005 -0.66291306E-005 -0.66291306E-005 -0.66291306E-005 -0.66291306E-005 -0.66291306E-005 -0.66291306E-005 -0.66291306E-005 -0.66291306E-005 -0.66291306E-005 -0.66291306E-005 -0.66291306E-005 -0.66291306E-005 -0.66291306E-005 -0.66291306E-005 -0.66291306E-005 -0.66291306E-005 -0.66291306E-005 -0.66291306E-005 -0.66291306E-005
 -0.77386558E-003 -0.77386558E-003 -0.77386558E-003 -0.77386558E-003 -0.77386558E-003 -0.77386558E-003 -0.77386558E-003 -0.77386558E-003 -0.77386558E-003 -0.77386558E-003 -0.77386558E-003 -0.77386558E-003 -0.77386558E-003 -0.77386558E-003 -0.77386558E-003 -0.77386558E-003 -0.77386558E-003 -0.77386558E-003 -0.77386558E-003 -0.77386558E-003 -0.77386558E-003 -0.77386558E-003 -0.77386558E-003 -0.77386558E-003 -0.77386558E-003 -0.77386558E-003 -0.77386558E-003 -0.77386558E-003 -0.77386558E-003 -0.77386558E-003 -0.77386558E-003 -0.77386558E-003 -0.77386558E-003 -0.77386558E-003 -0.77386558E-003
 -0.66828015E-001 -0.66828015E-001 -0.66828015E-001 -0.66828015E-001 -0.66828015E-001 -0.66828015E-001 -0.66828015E-001 -0.66828015E-001 -0.66828015E-001 -0.66828015E-001 -0.66828015E-001 -0.66828015E-001 -0.66828015E-001 -0.66828015E-001 -0.66828015E-001 -0.66828015E-001 -0.66828015E-001 -0.66828015E-001 -0.66828015E-001 -0.66828015E-001 -0.66828015E-001 -0.66828015E-001 -0.66828015E-001 -0.66828015E-001 -0.66828015E-001 -0.66828015E-001 -0.66828015E-001 -0.66828015E-001 -0.66828015E-001 -0.66828015E-001 -0.66828015E-001 -0.66828015E-001 -0.66828015E-001 -0.66828015E-001 -0.66828015E-001
 -0.39550825E+001 -0.39550825E+001 -0.39550825E+001 -0.39550825E+001 -0.39550825E+001 -0.39550825E+001 -0.39550825E+001 -0.39550825E+001 -0.39550825E+001 -0.39550825E+001 -0.39550825E+001 -0.39550825E+001 -0.39550825E+001 -0.39550825E+001 -0.39550825E+001 -0.39550825E+001 -0.39550825E+001 -0.39550825E+001 -0.39550825E+001 -0.39550825E+001 -0.39550825E+001 -0.39550825E+001 -0.39550825E+001 -0.39550825E+001 -0.39550825E+001 -0.39550825E+001 -0.39550825E+001 -0.39550825E+001 -0.39550825E+001 -0.39550825E+001 -0.39550825E+001 -0.39550825E+001 -0.39550825E+001 -0.39550825E+001 -0.39550825E+001
 -0.13593859E+003 -0.13593857E+003 -0.13593845E+003 -0.13593819E+003 -0.13593776E+003 -0.13593714E+003 -0.13593652E+003 -0.13593609E+003 -0.13593583E+003 -0.13593571E+003 -0.13593568E+003 -0.13593568E+003 -0.13593568E+003 -0.13593568E+003 -0.13593568E+003 -0.13593568E+003 -0.13593568E+003 -0.13593568E+003 -0.13593568E+003 -0.13593568E+003 -0.13593568E+003 -0.13593568E+003 -0.13593568E+003 -0.13593568E+003 -0.13593568E+003 -0.13593568E+003 -0.13593567E+003 -0.13593567E+003 -0.13593567E+003 -0.13593567E+003 -0.13593567E+003 -0.13593566E+003 -0.13593566E+003 -0.13593566E+003 -0.13593565E+003
 -0.75394567E+000 -0.75394567E+000 -0.75394567E+000 -0.75394567E+000 -0.75394567E+000 -0.75394567E+000 -0.75394567E+000 -0.75394567E+000 -0.75394567E+000 -0.75394567E+000 -0.75394567E+000 -0.75394567E+000 -0.75394567E+000 -0.75394567E+000 -0.75394567E+000 -0.75394567E+000 -0.75394567E+000 -0.75394567E+000 -0.75394567E+000 -0.75394567E+000 -0.75394567E+000 -0.75394567E+000 -0.75394567E+000 -0.75394567E+000 -0.75394567E+000 -0.75394567E+000 -0.75394567E+000 -0.75394567E+000 -0.75394567E+000 -0.75394567E+000 -0.75394567E+000 -0.75394567E+000 -0.75394567E+000 -0.75394567E+000 -0.75394566E+000
 -0.22621770E+000 -0.22620278E+000 -0.19820975E+000 -0.19344813E+000 -0.18738068E+000 -0.16617785E+000 -0.16547820E+000 -0.16499780E+000 -0.16470708E+000 -0.16457076E+000 -0.16454149E+000 -0.16452658E+000 -0.16443345E+000 -0.16419737E+000 -0.16375864E+000 -0.16306046E+000 -0.16204807E+000 -0.16066828E+000 -0.15886916E+000 -0.15659985E+000 -0.15381040E+000 -0.15045163E+000 -0.14647509E+000 -0.14183296E+000 -0.13647798E+000 -0.13036343E+000 -0.12344305E+000 -0.11567106E+000 -0.10700208E+000 -0.97391101E-001 -0.86793538E-001 -0.75165083E-001 -0.62461810E-001 -0.48640111E-001 -0.33656595E-001
 -0.36582837E+001 -0.36582503E+001 -0.36580946E+001 -0.36577624E+001 -0.36572131E+001 -0.35403032E+001 -0.35403032E+001 -0.35403032E+001 -0.35403032E+001 -0.35403032E+001 -0.35403032E+001 -0.35403032E+001 -0.35403032E+001 -0.35403032E+001 -0.35403032E+001 -0.35403032E+001 -0.35403032E+001 -0.35403031E+001 -0.35403031E+001 -0.35403031E+001 -0.35403030E+001 -0.35403030E+001 -0.35403029E+001 -0.35403029E+001 -0.35403028E+001 -0.35403027E+001 -0.35403026E+001 -0.35403025E+001 -0.35403025E+001 -0.35403024E+001 -0.35403024E+001 -0.35403023E+001 -0.35403022E+001 -0.35403020E+001 -0.35403019E+001
 -0.92251231E+000 -0.90574725E+000 -0.82757538E+000 -0.65970344E+000 -0.39283554E+000 -0.31602160E-002 -0.31602160E-002 -0.31602160E-002 -0.31602160E-002 -0.58449622E-001 -0.25804944E-001 -0.91745279E-002 -0.91745279E-002 -0.91745279E-002 -0.91745292E-002 -0.33434499E+001 -0.22219335E+001 -0.68992669E+000 -0.68992669E+000 -0.68992669E+000 -0.68992668E+000 -0.68992668E+000 -0.68992668E+000 -0.68992667E+000 -0.68992666E+000 -0.68992665E+000 -0.87364908E+001 -0.22738930E+000 -0.10703087E+002 -0.22488251E+000 -0.22488251E+000 -0.22488251E+000 -0.15118013E+002 -0.19602316E+000 -0.19602316E+000
