  0.00000000E+000  0.00000000E+000  0.00000000E+000  0.00000000E+000  0.00000000E+000  0.00000000E+000  0.00000000E+000  0.00000000E+000  0.00000000E+000  0.00000000E+000  0.00000000E+000  0.00000000E+000  0.00000000E+000  0.00000000E+000  0.00000000E+000  0.00000000E+000  0.00000000E+000  0.00000000E+000  0.00000000E+000  0.00000000E+000  0.00000000E+000  0.00000000E+000  0.00000000E+000  0.00000000E+000  0.00000000E+000  0.00000000E+000  0.00000000E+000  0.00000000E+000  0.00000000E+000  0.00000000E+000  0.00000000E+000  0.00000000E+000  0.00000000E+000  0.00000000E+000  0.00000000E+000
  0.46937280E-036  0.46937280E-036  0.46937280E-036  0.46937280E-036  0.46937280E-036  0.46937280E-036  0.46937280E-036  0.46937280E-036  0.46937280E-036  0.46937280E-036  0.46937280E-036  0.46937280E-036  0.46937280E-036  0.46937280E-036  0.46937280E-036  0.46937280E-036  0.46937280E-036  0.46937280E-036  0.46937280E-036  0.46937280E-036  0.46937280E-036  0.46937280E-036  0.46937280E-036  0.46937280E-036  0.46937280E-036  0.46937280E-036  0.46937280E-036  0.46937280E-036  0.46937280E-036  0.46937280E-036  0.46937280E-036  0.46937280E-036  0.46937280E-036  0.46937280E-036  0.46937280E-036
  0.21591081E-033  0.21591081E-033  0.21591081E-033  0.21591081E-033  0.21591081E-033  0.21591081E-033  0.21591081E-033  0.21591081E-033  0.21591081E-033  0.21591081E-033  0.21591081E-033  0.21591081E-033  0.21591081E-033  0.21591081E-033  0.21591081E-033  0.21591081E-033  0.21591081E-033  0.21591081E-033  0.21591081E-033  0.21591081E-033  0.21591081E-033  0.21591081E-033  0.21591081E-033  0.21591081E-033  0.21591081E-033  0.21591081E-033  0.21591081E-033  0.21591081E-033  0.21591081E-033  0.21591081E-033  0.21591081E-033  0.21591081E-033  0.21591081E-033  0.21591081E-033  0.21591081E-033
  0.47493043E-031  0.47493043E-031  0.47493043E-031  0.47493043E-031  0.47493043E-031  0.47493043E-031  0.47493043E-031  0.47493043E-031  0.47493043E-031  0.47493043E-031  0.47493043E-031  0.47493043E-031  0.47493043E-031  0.47493043E-031  0.47493043E-031  0.47493043E-031  0.47493043E-031  0.47493043E-031  0.47493043E-031  0.47493043E-031  0.47493043E-031  0.47493043E-031  0.47493043E-031  0.47493043E-031  0.47493043E-031  0.47493043E-031  0.47493043E-031  0.47493043E-031  0.47493043E-031  0.47493043E-031  0.47493043E-031  0.47493043E-031  0.47493043E-031  0.47493043E-031  0.47493043E-031
  0.66445353E-029  0.66445353E-029  0.66445353E-029  0.66445353E-029  0.66445353E-029  0.66445353E-029  0.66445353E-029  0.66445353E-029  0.66445353E-029  0.66445353E-029  0.66445353E-029  0.66445353E-029  0.66445353E-029  0.66445353E-029  0.66445353E-029  0.66445353E-029  0.66445353E-029  0.66445353E-029  0.66445353E-029  0.66445353E-029  0.66445353E-029  0.66445353E-029  0.66445353E-029  0.66445353E-029  0.66445353E-029  0.66445353E-029  0.66445353E-029  0.66445353E-029  0.66445353E-029  0.66445353E-029  0.66445353E-029  0.66445353E-029  0.66445353E-029  0.66445353E-029  0.66445353E-029
  0.66338496E-027  0.66338496E-027  0.66338496E-027  0.66338496E-027  0.66338496E-027  0.66338496E-027  0.66338496E-027  0.66338496E-027  0.66338496E-027  0.66338496E-027  0.66338496E-027  0.66338496E-027  0.66338496E-027  0.66338496E-027  0.66338496E-027  0.66338496E-027  0.66338496E-027  0.66338496E-027  0.66338496E-027  0.66338496E-027  0.66338496E-027  0.66338496E-027  0.66338496E-027  0.66338496E-027  0.66338496E-027  0.66338496E-027  0.66338496E-027  0.66338496E-027  0.66338496E-027  0.66338496E-027  0.66338496E-027  0.66338496E-027  0.66338496E-027  0.66338496E-027  0.66338496E-027
  0.50266047E-025  0.50266047E-025  0.50266047E-025  0.50266047E-025  0.50266047E-025  0.50266047E-025  0.50266047E-025  0.50266047E-025  0.50266047E-025  0.50266047E-025  0.50266047E-025  0.50266047E-025  0.50266047E-025  0.50266047E-025  0.50266047E-025  0.50266047E-025  0.50266047E-025  0.50266047E-025  0.50266047E-025  0.50266047E-025  0.50266047E-025  0.50266047E-025  0.50266047E-025  0.50266047E-025  0.50266047E-025  0.50266047E-025  0.50266047E-025  0.50266047E-025  0.50266047E-025  0.50266047E-025  0.50266047E-025  0.50266047E-025  0.50266047E-025  0.50266047E-025  0.50266047E-025
  0.30011882E-023  0.30011882E-023  0.30011882E-023  0.30011882E-023  0.30011882E-023  0.30011882E-023  0.30011882E-023  0.30011882E-023  0.30011882E-023  0.30011882E-023  0.30011882E-023  0.30011882E-023  0.30011882E-023  0.30011882E-023  0.30011882E-023  0.30011882E-023  0.30011882E-023  0.30011882E-023  0.30011882E-023  0.30011882E-023  0.30011882E-023  0.30011882E-023  0.30011882E-023  0.30011882E-023  0.30011882E-023  0.30011882E-023  0.30011882E-023  0.30011882E-023  0.30011882E-023  0.30011882E-023  0.30011882E-023  0.30011882E-023  0.30011882E-023  0.30011882E-023  0.30011882E-023
  0.14469902E-021  0.14469902E-021  0.14469902E-021  0.14469902E-021  0.14469902E-021  0.14469902E-021  0.14469902E-021  0.14469902E-021  0.14469902E-021  0.14469902E-021  0.14469902E-021  0.14469902E-021  0.14469902E-021  0.14469902E-021  0.14469902E-021  0.14469902E-021  0.14469902E-021  0.14469902E-021  0.14469902E-021  0.14469902E-021  0.14469902E-021  0.14469902E-021  0.14469902E-021  0.14469902E-021  0.14469902E-021  0.14469902E-021  0.14469902E-021  0.14469902E-021  0.14469902E-021  0.14469902E-021  0.14469902E-021  0.14469902E-021  0.14469902E-021  0.14469902E-021  0.14469902E-021
  0.57275371E-020  0.57275371E-020  0.57275371E-020  0.57275371E-020  0.57275371E-020  0.57275371E-020  0.57275371E-020  0.57275371E-020  0.57275371E-020  0.57275371E-020  0.57275371E-020  0.57275371E-020  0.57275371E-020  0.57275371E-020  0.57275371E-020  0.57275371E-020  0.57275371E-020  0.57275371E-020  0.57275371E-020  0.57275371E-020  0.57275371E-020  0.57275371E-020  0.57275371E-020  0.57275371E-020  0.57275371E-020  0.57275371E-020  0.57275371E-020  0.57275371E-020  0.57275371E-020  0.57275371E-020  0.57275371E-020  0.57275371E-020  0.57275371E-020  0.57275371E-020  0.57275371E-020
  0.16786073E-017  0.16786073E-017  0.16786073E-017  0.16786073E-017  0.16786073E-017  0.16786073E-017  0.16786073E-017  0.16786073E-017  0.16786073E-017  0.16786073E-017  0.16786073E-017  0.16786073E-017  0.16786073E-017  0.16786073E-017  0.16786073E-017  0.16786073E-017  0.16786073E-017  0.16786073E-017  0.16786073E-017  0.16786073E-017  0.16786073E-017  0.16786073E-017  0.16786073E-017  0.16786073E-017  0.16786073E-017  0.16786073E-017  0.16786073E-017  0.16786073E-017  0.16786073E-017  0.16786073E-017  0.16786073E-017  0.16786073E-017  0.16786073E-017  0.16786073E-017  0.16786073E-017
  0.39534899E-015  0.39534899E-015  0.39534899E-015  0.39534899E-015  0.39534899E-015  0.39534899E-015  0.39534899E-015  0.39534899E-015  0.39534899E-015  0.39534899E-015  0.39534899E-015  0.39534899E-015  0.39534899E-015  0.39534899E-015  0.39534899E-015  0.39534899E-015  0.39534899E-015  0.39534899E-015  0.39534899E-015  0.39534899E-015  0.39534899E-015  0.39534899E-015  0.39534899E-015  0.39534899E-015  0.39534899E-015  0.39534899E-015  0.39534899E-015  0.39534899E-015  0.39534899E-015  0.39534899E-015  0.39534899E-015  0.39534899E-015  0.39534899E-015  0.39534899E-015  0.39534899E-015
  0.75425937E-013  0.75425937E-013  0.75425937E-013  0.75425937E-013  0.75425937E-013  0.75425937E-013  0.75425937E-013  0.75425937E-013  0.75425937E-013  0.75425937E-013  0.75425937E-013  0.75425937E-013  0.75425937E-013  0.75425937E-013  0.75425937E-013  0.75425937E-013  0.75425937E-013  0.75425937E-013  0.75425937E-013  0.75425937E-013  0.75425937E-013  0.75425937E-013  0.75425937E-013  0.75425937E-013  0.75425937E-013  0.75425937E-013  0.75425937E-013  0.75425937E-013  0.75425937E-013  0.75425937E-013  0.75425937E-013  0.75425937E-013  0.75425937E-013  0.75425937E-013  0.75425937E-013
  0.11693125E-010  0.11693125E-010  0.11693125E-010  0.11693125E-010  0.11693125E-010  0.11693125E-010  0.11693125E-010  0.11693125E-010  0.11693125E-010  0.11693125E-010  0.11693125E-010  0.11693125E-010  0.11693125E-010  0.11693125E-010  0.11693125E-010  0.11693125E-010  0.11693125E-010  0.11693125E-010  0.11693125E-010  0.11693125E-010  0.11693125E-010  0.11693125E-010  0.11693125E-010  0.11693125E-010  0.11693125E-010  0.11693125E-010  0.11693125E-010  0.11693125E-010  0.11693125E-010  0.11693125E-010  0.11693125E-010  0.11693125E-010  0.11693125E-010  0.11693125E-010  0.11693125E-010
  0.14710231E-008  0.14710231E-008  0.14710231E-008  0.14710231E-008  0.14710231E-008  0.14710231E-008  0.14710231E-008  0.14710231E-008  0.14710231E-008  0.14710231E-008  0.14710231E-008  0.14710231E-008  0.14710231E-008  0.14710231E-008  0.14710231E-008  0.14710231E-008  0.14710231E-008  0.14710231E-008  0.14710231E-008  0.14710231E-008  0.14710231E-008  0.14710231E-008  0.14710231E-008  0.14710231E-008  0.14710231E-008  0.14710231E-008  0.14710231E-008  0.14710231E-008  0.14710231E-008  0.14710231E-008  0.14710231E-008  0.14710231E-008  0.14710231E-008  0.14710231E-008  0.14710231E-008
  0.14926169E-006  0.14926169E-006  0.14926169E-006  0.14926169E-006  0.14926169E-006  0.14926169E-006  0.14926169E-006  0.14926169E-006  0.14926169E-006  0.14926169E-006  0.14926169E-006  0.14926169E-006  0.14926169E-006  0.14926169E-006  0.14926169E-006  0.14926169E-006  0.14926169E-006  0.14926169E-006  0.14926169E-006  0.14926169E-006  0.14926169E-006  0.14926169E-006  0.14926169E-006  0.14926169E-006  0.14926169E-006  0.14926169E-006  0.14926169E-006  0.14926169E-006  0.14926169E-006  0.14926169E-006  0.14926169E-006  0.14926169E-006  0.14926169E-006  0.14926169E-006  0.14926169E-006
  0.12074271E-004  0.12074271E-004  0.12074271E-004  0.12074271E-004  0.12074271E-004  0.12074271E-004  0.12074271E-004  0.12074271E-004  0.12074271E-004  0.12074271E-004  0.12074271E-004  0.12074271E-004  0.12074271E-004  0.12074271E-004  0.12074271E-004  0.12074271E-004  0.12074271E-004  0.12074271E-004  0.12074271E-004  0.12074271E-004  0.12074271E-004  0.12074271E-004  0.12074271E-004  0.12074271E-004  0.12074271E-004  0.12074271E-004  0.12074271E-004  0.12074271E-004  0.12074271E-004  0.12074271E-004  0.12074271E-004  0.12074271E-004  0.12074271E-004  0.12074271E-004  0.12074271E-004
  0.76398199E-003  0.76398199E-003  0.76398199E-003  0.76398199E-003  0.76398199E-003  0.76398199E-003  0.76398199E-003  0.76398199E-003  0.76398199E-003  0.76398199E-003  0.76398199E-003  0.76398199E-003  0.76398199E-003  0.76398199E-003  0.76398199E-003  0.76398199E-003  0.76398199E-003  0.76398199E-003  0.76398199E-003  0.76398199E-003  0.76398199E-003  0.76398199E-003  0.76398199E-003  0.76398199E-003  0.76398199E-003  0.76398199E-003  0.76398199E-003  0.76398199E-003  0.76398199E-003  0.76398199E-003  0.76398199E-003  0.76398199E-003  0.76398199E-003  0.76398199E-003  0.76398199E-003
  0.36688525E-001  0.36688525E-001  0.36688525E-001  0.36688525E-001  0.36688525E-001  0.36688525E-001  0.36688525E-001  0.36688525E-001  0.36688525E-001  0.36688525E-001  0.36688525E-001  0.36688525E-001  0.36688525E-001  0.36688525E-001  0.36688525E-001  0.36688525E-001  0.36688525E-001  0.36688525E-001  0.36688525E-001  0.36688525E-001  0.36688525E-001  0.36688525E-001  0.36688525E-001  0.36688525E-001  0.36688525E-001  0.36688525E-001  0.36688525E-001  0.36688525E-001  0.36688525E-001  0.36688525E-001  0.36688525E-001  0.36688525E-001  0.36688525E-001  0.36688525E-001  0.36688525E-001
  0.12730533E+001  0.12730533E+001  0.12730533E+001  0.12730533E+001  0.12730533E+001  0.12730533E+001  0.12730533E+001  0.12730533E+001  0.12730533E+001  0.12730533E+001  0.12730533E+001  0.12730533E+001  0.12730533E+001  0.12730533E+001  0.12730533E+001  0.12730533E+001  0.12730533E+001  0.12730533E+001  0.12730533E+001  0.12730533E+001  0.12730533E+001  0.12730533E+001  0.12730533E+001  0.12730533E+001  0.12730533E+001  0.12730533E+001  0.12730533E+001  0.12730533E+001  0.12730533E+001  0.12730533E+001  0.12730533E+001  0.12730533E+001  0.12730533E+001  0.12730533E+001  0.12730533E+001
  0.29185580E+002  0.29185580E+002  0.29185580E+002  0.29185580E+002  0.29185580E+002  0.29185580E+002  0.29185580E+002  0.29185580E+002  0.29185580E+002  0.29185580E+002  0.29185580E+002  0.29185580E+002  0.29185580E+002  0.29185580E+002  0.23714603E+002  0.24641639E+002  0.25989154E+002  0.27832176E+002  0.27832176E+002  0.27832176E+002  0.27832176E+002  0.27832176E+002  0.27832176E+002  0.27832176E+002  0.27832176E+002  0.27832176E+002  0.27832176E+002  0.27832176E+002  0.27832176E+002  0.27832176E+002  0.27832176E+002  0.27832176E+002  0.27832176E+002  0.27832176E+002  0.27832176E+002
  0.35522284E+003  0.35522284E+003  0.35522284E+003  0.35522284E+003  0.35522284E+003  0.35522284E+003  0.35522284E+003  0.35522284E+003  0.33793445E+003  0.33827701E+003  0.33827701E+003  0.33827701E+003  0.33827701E+003  0.33827701E+003  0.33827701E+003  0.33827701E+003  0.33553678E+003  0.33901365E+003  0.33901365E+003  0.33901365E+003  0.33901365E+003  0.33901365E+003  0.33901365E+003  0.33901365E+003  0.33901365E+003  0.33901365E+003  0.33901365E+003  0.33901366E+003  0.33901366E+003  0.33901366E+003  0.33901366E+003  0.32776770E+003  0.35960968E+003  0.35960968E+003  0.35960968E+003
  0.10339517E+000  0.98989222E-001  0.98989222E-001  0.98989222E-001  0.13938473E+003  0.14000205E+003  0.14062010E+003  0.14104498E+003  0.14130230E+003  0.14143140E+003  0.14145909E+003  0.14147320E+003  0.14156131E+003  0.14178470E+003  0.14220003E+003  0.14286149E+003  0.14382183E+003  0.14514648E+003  0.14685577E+003  0.14901868E+003  0.15168807E+003  0.15491822E+003  0.15876532E+003  0.16328812E+003  0.16854855E+003  0.17461241E+003  0.18155022E+003  0.18943795E+003  0.19835806E+003  0.20840083E+003  0.21966479E+003  0.23225889E+003  0.24681041E+003  0.26143684E+003  0.27765264E+003
 -0.40460270E+001 -0.41961860E+001 -0.40460074E+001 -0.48299800E+001 -0.43003361E+001 -0.37972140E+001 -0.37972140E+001 -0.57697851E+002 -0.57499690E+002 -0.57406883E+002 -0.57386966E+002 -0.57376822E+002 -0.57313441E+002 -0.57152840E+002 -0.56854687E+002 -0.56381127E+002 -0.55696554E+002 -0.54767726E+002 -0.53564145E+002 -0.52057734E+002 -0.50225255E+002 -0.47997330E+002 -0.45386764E+002 -0.42377507E+002 -0.38958984E+002 -0.35127453E+002 -0.30886642E+002 -0.26257644E+002 -0.21286373E+002 -0.16070559E+002 -0.10693116E+002 -0.52618029E+001 -0.52618028E+001 -0.52618028E+001  0.45272516E+003
 -0.54614174E-002 -0.54614174E-002 -0.54614174E-002 -0.11319029E+001 -0.59217330E+000  0.19373279E+000  0.97955036E+000  0.97955035E+000  0.97955035E+000  0.97955035E+000  0.97955035E+000  0.97955035E+000  0.15613312E+000  0.44961207E+000  0.44961207E+000  0.44961207E+000 -0.15250832E+001  0.18207576E+000  0.18207580E+000  0.58846853E+001  0.94131017E+001  0.13660847E+002  0.18688565E+002  0.24556404E+002  0.24556404E+002  0.16242519E+002  0.24812411E+002  0.24812411E+002  0.24812411E+002  0.24812411E+002  0.36484558E+000  0.13910656E+002  0.28768685E+002  0.28768685E+002  0.28768685E+002
