  0.00000000E+000  0.00000000E+000  0.00000000E+000  0.00000000E+000  0.00000000E+000  0.00000000E+000  0.00000000E+000  0.00000000E+000  0.00000000E+000  0.00000000E+000  0.00000000E+000  0.00000000E+000  0.00000000E+000  0.00000000E+000  0.00000000E+000  0.00000000E+000  0.00000000E+000  0.00000000E+000  0.00000000E+000  0.00000000E+000  0.00000000E+000  0.00000000E+000  0.00000000E+000  0.00000000E+000  0.00000000E+000  0.00000000E+000  0.00000000E+000  0.00000000E+000  0.00000000E+000  0.00000000E+000  0.00000000E+000  0.00000000E+000  0.00000000E+000  0.00000000E+000  0.00000000E+000
 -0.41444674E-029 -0.41444674E-029 -0.41444674E-029 -0.41444674E-029 -0.41444674E-029 -0.41444674E-029 -0.41444674E-029 -0.41444674E-029 -0.41444674E-029 -0.41444674E-029 -0.41444674E-029 -0.41444674E-029 -0.41444674E-029 -0.41444674E-029 -0.41444674E-029 -0.41444674E-029 -0.41444674E-029 -0.41444674E-029 -0.41444674E-029 -0.41444674E-029 -0.41444674E-029 -0.41444674E-029 -0.41444674E-029 -0.41444674E-029 -0.41444674E-029 -0.41444674E-029 -0.41444674E-029 -0.41444674E-029 -0.41444674E-029 -0.41444674E-029 -0.41444674E-029 -0.41444674E-029 -0.41444674E-029 -0.41444674E-029 -0.41444674E-029
 -0.98371622E-027 -0.98371622E-027 -0.98371622E-027 -0.98371622E-027 -0.98371622E-027 -0.98371622E-027 -0.98371622E-027 -0.98371622E-027 -0.98371622E-027 -0.98371622E-027 -0.98371622E-027 -0.98371622E-027 -0.98371622E-027 -0.98371622E-027 -0.98371622E-027 -0.98371622E-027 -0.98371622E-027 -0.98371622E-027 -0.98371622E-027 -0.98371622E-027 -0.98371622E-027 -0.98371622E-027 -0.98371622E-027 -0.98371622E-027 -0.98371622E-027 -0.98371622E-027 -0.98371622E-027 -0.98371622E-027 -0.98371622E-027 -0.98371622E-027 -0.98371622E-027 -0.98371622E-027 -0.98371622E-027 -0.98371622E-027 -0.98371622E-027
 -0.11147989E-024 -0.11147989E-024 -0.11147989E-024 -0.11147989E-024 -0.11147989E-024 -0.11147989E-024 -0.11147989E-024 -0.11147989E-024 -0.11147989E-024 -0.11147989E-024 -0.11147989E-024 -0.11147989E-024 -0.11147989E-024 -0.11147989E-024 -0.11147989E-024 -0.11147989E-024 -0.11147989E-024 -0.11147989E-024 -0.11147989E-024 -0.11147989E-024 -0.11147989E-024 -0.11147989E-024 -0.11147989E-024 -0.11147989E-024 -0.11147989E-024 -0.11147989E-024 -0.11147989E-024 -0.11147989E-024 -0.11147989E-024 -0.11147989E-024 -0.11147989E-024 -0.11147989E-024 -0.11147989E-024 -0.11147989E-024 -0.11147989E-024
 -0.80237069E-023 -0.80237069E-023 -0.80237069E-023 -0.80237069E-023 -0.80237069E-023 -0.80237069E-023 -0.80237069E-023 -0.80237069E-023 -0.80237069E-023 -0.80237069E-023 -0.80237069E-023 -0.80237069E-023 -0.80237069E-023 -0.80237069E-023 -0.80237069E-023 -0.80237069E-023 -0.80237069E-023 -0.80237069E-023 -0.80237069E-023 -0.80237069E-023 -0.80237069E-023 -0.80237069E-023 -0.80237069E-023 -0.80237069E-023 -0.80237069E-023 -0.80237069E-023 -0.80237069E-023 -0.80237069E-023 -0.80237069E-023 -0.80237069E-023 -0.80237069E-023 -0.80237069E-023 -0.80237069E-023 -0.80237069E-023 -0.80237069E-023
 -0.41157834E-021 -0.41157834E-021 -0.41157834E-021 -0.41157834E-021 -0.41157834E-021 -0.41157834E-021 -0.41157834E-021 -0.41157834E-021 -0.41157834E-021 -0.41157834E-021 -0.41157834E-021 -0.41157834E-021 -0.41157834E-021 -0.41157834E-021 -0.41157834E-021 -0.41157834E-021 -0.41157834E-021 -0.41157834E-021 -0.41157834E-021 -0.41157834E-021 -0.41157834E-021 -0.41157834E-021 -0.41157834E-021 -0.41157834E-021 -0.41157834E-021 -0.41157834E-021 -0.41157834E-021 -0.41157834E-021 -0.41157834E-021 -0.41157834E-021 -0.41157834E-021 -0.41157834E-021 -0.41157834E-021 -0.41157834E-021 -0.41157834E-021
 -0.16004716E-019 -0.16004716E-019 -0.16004716E-019 -0.16004716E-019 -0.16004716E-019 -0.16004716E-019 -0.16004716E-019 -0.16004716E-019 -0.16004716E-019 -0.16004716E-019 -0.16004716E-019 -0.16004716E-019 -0.16004716E-019 -0.16004716E-019 -0.16004716E-019 -0.16004716E-019 -0.16004716E-019 -0.16004716E-019 -0.16004716E-019 -0.16004716E-019 -0.16004716E-019 -0.16004716E-019 -0.16004716E-019 -0.16004716E-019 -0.16004716E-019 -0.16004716E-019 -0.16004716E-019 -0.16004716E-019 -0.16004716E-019 -0.16004716E-019 -0.16004716E-019 -0.16004716E-019 -0.16004716E-019 -0.16004716E-019 -0.16004716E-019
 -0.48996342E-018 -0.48996342E-018 -0.48996342E-018 -0.48996342E-018 -0.48996342E-018 -0.48996342E-018 -0.48996342E-018 -0.48996342E-018 -0.48996342E-018 -0.48996342E-018 -0.48996342E-018 -0.48996342E-018 -0.48996342E-018 -0.48996342E-018 -0.48996342E-018 -0.48996342E-018 -0.48996342E-018 -0.48996342E-018 -0.48996342E-018 -0.48996342E-018 -0.48996342E-018 -0.48996342E-018 -0.48996342E-018 -0.48996342E-018 -0.48996342E-018 -0.48996342E-018 -0.48996342E-018 -0.48996342E-018 -0.48996342E-018 -0.48996342E-018 -0.48996342E-018 -0.48996342E-018 -0.48996342E-018 -0.48996342E-018 -0.48996342E-018
 -0.12105339E-016 -0.12105339E-016 -0.12105339E-016 -0.12105339E-016 -0.12105339E-016 -0.12105339E-016 -0.12105339E-016 -0.12105339E-016 -0.12105339E-016 -0.12105339E-016 -0.12105339E-016 -0.12105339E-016 -0.12105339E-016 -0.12105339E-016 -0.12105339E-016 -0.12105339E-016 -0.12105339E-016 -0.12105339E-016 -0.12105339E-016 -0.12105339E-016 -0.12105339E-016 -0.12105339E-016 -0.12105339E-016 -0.12105339E-016 -0.12105339E-016 -0.12105339E-016 -0.12105339E-016 -0.12105339E-016 -0.12105339E-016 -0.12105339E-016 -0.12105339E-016 -0.12105339E-016 -0.12105339E-016 -0.12105339E-016 -0.12105339E-016
 -0.24549382E-015 -0.24549382E-015 -0.24549382E-015 -0.24549382E-015 -0.24549382E-015 -0.24549382E-015 -0.24549382E-015 -0.24549382E-015 -0.24549382E-015 -0.24549382E-015 -0.24549382E-015 -0.24549382E-015 -0.24549382E-015 -0.24549382E-015 -0.24549382E-015 -0.24549382E-015 -0.24549382E-015 -0.24549382E-015 -0.24549382E-015 -0.24549382E-015 -0.24549382E-015 -0.24549382E-015 -0.24549382E-015 -0.24549382E-015 -0.24549382E-015 -0.24549382E-015 -0.24549382E-015 -0.24549382E-015 -0.24549382E-015 -0.24549382E-015 -0.24549382E-015 -0.24549382E-015 -0.24549382E-015 -0.24549382E-015 -0.24549382E-015
 -0.35898367E-013 -0.35898367E-013 -0.35898367E-013 -0.35898367E-013 -0.35898367E-013 -0.35898367E-013 -0.35898367E-013 -0.35898367E-013 -0.35898367E-013 -0.35898367E-013 -0.35898367E-013 -0.35898367E-013 -0.35898367E-013 -0.35898367E-013 -0.35898367E-013 -0.35898367E-013 -0.35898367E-013 -0.35898367E-013 -0.35898367E-013 -0.35898367E-013 -0.35898367E-013 -0.35898367E-013 -0.35898367E-013 -0.35898367E-013 -0.35898367E-013 -0.35898367E-013 -0.35898367E-013 -0.35898367E-013 -0.35898367E-013 -0.35898367E-013 -0.35898367E-013 -0.35898367E-013 -0.35898367E-013 -0.35898367E-013 -0.35898367E-013
 -0.41898590E-011 -0.41898590E-011 -0.41898590E-011 -0.41898590E-011 -0.41898590E-011 -0.41898590E-011 -0.41898590E-011 -0.41898590E-011 -0.41898590E-011 -0.41898590E-011 -0.41898590E-011 -0.41898590E-011 -0.41898590E-011 -0.41898590E-011 -0.41898590E-011 -0.41898590E-011 -0.41898590E-011 -0.41898590E-011 -0.41898590E-011 -0.41898590E-011 -0.41898590E-011 -0.41898590E-011 -0.41898590E-011 -0.41898590E-011 -0.41898590E-011 -0.41898590E-011 -0.41898590E-011 -0.41898590E-011 -0.41898590E-011 -0.41898590E-011 -0.41898590E-011 -0.41898590E-011 -0.41898590E-011 -0.41898590E-011 -0.41898590E-011
 -0.39295497E-009 -0.39295497E-009 -0.39295497E-009 -0.39295497E-009 -0.39295497E-009 -0.39295497E-009 -0.39295497E-009 -0.39295497E-009 -0.39295497E-009 -0.39295497E-009 -0.39295497E-009 -0.39295497E-009 -0.39295497E-009 -0.39295497E-009 -0.39295497E-009 -0.39295497E-009 -0.39295497E-009 -0.39295497E-009 -0.39295497E-009 -0.39295497E-009 -0.39295497E-009 -0.39295497E-009 -0.39295497E-009 -0.39295497E-009 -0.39295497E-009 -0.39295497E-009 -0.39295497E-009 -0.39295497E-009 -0.39295497E-009 -0.39295497E-009 -0.39295497E-009 -0.39295497E-009 -0.39295497E-009 -0.39295497E-009 -0.39295497E-009
 -0.29656998E-007 -0.29656998E-007 -0.29656998E-007 -0.29656998E-007 -0.29656998E-007 -0.29656998E-007 -0.29656998E-007 -0.29656998E-007 -0.29656998E-007 -0.29656998E-007 -0.29656998E-007 -0.29656998E-007 -0.29656998E-007 -0.29656998E-007 -0.29656998E-007 -0.29656998E-007 -0.29656998E-007 -0.29656998E-007 -0.29656998E-007 -0.29656998E-007 -0.29656998E-007 -0.29656998E-007 -0.29656998E-007 -0.29656998E-007 -0.29656998E-007 -0.29656998E-007 -0.29656998E-007 -0.29656998E-007 -0.29656998E-007 -0.29656998E-007 -0.29656998E-007 -0.29656998E-007 -0.29656998E-007 -0.29656998E-007 -0.29656998E-007
 -0.17943129E-005 -0.17943129E-005 -0.17943129E-005 -0.17943129E-005 -0.17943129E-005 -0.17943129E-005 -0.17943129E-005 -0.17943129E-005 -0.17943129E-005 -0.17943129E-005 -0.17943129E-005 -0.17943129E-005 -0.17943129E-005 -0.17943129E-005 -0.17943129E-005 -0.17943129E-005 -0.17943129E-005 -0.17943129E-005 -0.17943129E-005 -0.17943129E-005 -0.17943129E-005 -0.17943129E-005 -0.17943129E-005 -0.17943129E-005 -0.17943129E-005 -0.17943129E-005 -0.17943129E-005 -0.17943129E-005 -0.17943129E-005 -0.17943129E-005 -0.17943129E-005 -0.17943129E-005 -0.17943129E-005 -0.17943129E-005 -0.17943129E-005
 -0.86183467E-004 -0.86183467E-004 -0.86183467E-004 -0.86183467E-004 -0.86183467E-004 -0.86183467E-004 -0.86183467E-004 -0.86183467E-004 -0.86183467E-004 -0.86183467E-004 -0.86183467E-004 -0.86183467E-004 -0.86183467E-004 -0.86183467E-004 -0.86183467E-004 -0.86183467E-004 -0.86183467E-004 -0.86183467E-004 -0.86183467E-004 -0.86183467E-004 -0.86183467E-004 -0.86183467E-004 -0.86183467E-004 -0.86183467E-004 -0.86183467E-004 -0.86183467E-004 -0.86183467E-004 -0.86183467E-004 -0.86183467E-004 -0.86183467E-004 -0.86183467E-004 -0.86183467E-004 -0.86183467E-004 -0.86183467E-004 -0.86183467E-004
 -0.32295667E-002 -0.32295667E-002 -0.32295667E-002 -0.32295667E-002 -0.32295667E-002 -0.32295667E-002 -0.32295667E-002 -0.32295667E-002 -0.32295667E-002 -0.32295667E-002 -0.32295667E-002 -0.32295667E-002 -0.32295667E-002 -0.32295667E-002 -0.32295667E-002 -0.32295667E-002 -0.32295667E-002 -0.32295667E-002 -0.32295667E-002 -0.32295667E-002 -0.32295667E-002 -0.32295667E-002 -0.32295667E-002 -0.32295667E-002 -0.32295667E-002 -0.32295667E-002 -0.32295667E-002 -0.32295667E-002 -0.32295667E-002 -0.32295667E-002 -0.32295667E-002 -0.32295667E-002 -0.32295667E-002 -0.32295667E-002 -0.32295667E-002
 -0.91747954E-001 -0.91747954E-001 -0.91747954E-001 -0.91747954E-001 -0.91747954E-001 -0.91747954E-001 -0.91747954E-001 -0.91747954E-001 -0.91747954E-001 -0.91747954E-001 -0.91747954E-001 -0.91747954E-001 -0.91747954E-001 -0.91747954E-001 -0.91747954E-001 -0.91747954E-001 -0.91747954E-001 -0.91747954E-001 -0.91747954E-001 -0.91747954E-001 -0.91747954E-001 -0.91747954E-001 -0.91747954E-001 -0.91747954E-001 -0.91747954E-001 -0.91747954E-001 -0.91747954E-001 -0.91747954E-001 -0.91747954E-001 -0.91747954E-001 -0.91747954E-001 -0.91747954E-001 -0.91747954E-001 -0.91747954E-001 -0.91747954E-001
 -0.18840308E+001 -0.18840308E+001 -0.18840308E+001 -0.18840308E+001 -0.18840308E+001 -0.18840308E+001 -0.18840308E+001 -0.18840308E+001 -0.18840308E+001 -0.18840308E+001 -0.18840308E+001 -0.18840308E+001 -0.18840308E+001 -0.18840308E+001 -0.18840308E+001 -0.18840308E+001 -0.18840308E+001 -0.18840308E+001 -0.18840308E+001 -0.18840308E+001 -0.18840308E+001 -0.18840308E+001 -0.18840308E+001 -0.18840308E+001 -0.18840308E+001 -0.18840308E+001 -0.18840308E+001 -0.18840308E+001 -0.18840308E+001 -0.18840308E+001 -0.18840308E+001 -0.18840308E+001 -0.18840308E+001 -0.18840308E+001 -0.18840308E+001
 -0.25688979E+002 -0.25688979E+002 -0.25688979E+002 -0.25688979E+002 -0.25688979E+002 -0.25688979E+002 -0.25688979E+002 -0.25688979E+002 -0.25688979E+002 -0.25688979E+002 -0.25688979E+002 -0.25688979E+002 -0.25688979E+002 -0.25688979E+002 -0.25688979E+002 -0.25688979E+002 -0.25688979E+002 -0.25688979E+002 -0.25688979E+002 -0.25688979E+002 -0.25688979E+002 -0.25688979E+002 -0.25688979E+002 -0.25688979E+002 -0.25688979E+002 -0.25688979E+002 -0.25688979E+002 -0.25688979E+002 -0.25688979E+002 -0.25688979E+002 -0.25688979E+002 -0.25688979E+002 -0.25688979E+002 -0.25688979E+002 -0.25688979E+002
 -0.19489297E+003 -0.19489294E+003 -0.19489280E+003 -0.19489251E+003 -0.19489202E+003 -0.19489132E+003 -0.19489062E+003 -0.19489013E+003 -0.19488984E+003 -0.19488970E+003 -0.19488967E+003 -0.19488967E+003 -0.19488967E+003 -0.19488967E+003 -0.19488967E+003 -0.19488967E+003 -0.19488967E+003 -0.19488967E+003 -0.19488967E+003 -0.19488967E+003 -0.19488967E+003 -0.19488967E+003 -0.19488967E+003 -0.19488967E+003 -0.19488967E+003 -0.19488967E+003 -0.19488967E+003 -0.19488967E+003 -0.19488967E+003 -0.19488967E+003 -0.19488967E+003 -0.19488967E+003 -0.19488967E+003 -0.19488967E+003 -0.19488966E+003
 -0.12260431E+002 -0.12260431E+002 -0.12260431E+002 -0.12260431E+002 -0.12260431E+002 -0.12260431E+002 -0.12260431E+002 -0.12260431E+002 -0.12260431E+002 -0.12260431E+002 -0.12260431E+002 -0.12260431E+002 -0.12260431E+002 -0.12260431E+002 -0.12260431E+002 -0.12260431E+002 -0.12260431E+002 -0.12260431E+002 -0.12260431E+002 -0.12260431E+002 -0.12260431E+002 -0.12260431E+002 -0.12260431E+002 -0.12260431E+002 -0.12260431E+002 -0.12260431E+002 -0.12260431E+002 -0.12260431E+002 -0.12260431E+002 -0.12260431E+002 -0.12260431E+002 -0.12260431E+002 -0.12260431E+002 -0.12260431E+002 -0.12260431E+002
 -0.37238061E+001 -0.37237918E+001 -0.36968193E+001 -0.36922313E+001 -0.36863851E+001 -0.36659260E+001 -0.36652509E+001 -0.36647874E+001 -0.36645069E+001 -0.36643753E+001 -0.36643471E+001 -0.36643327E+001 -0.36642428E+001 -0.36640150E+001 -0.36635917E+001 -0.36629180E+001 -0.36619411E+001 -0.36606097E+001 -0.36588737E+001 -0.36566840E+001 -0.36539924E+001 -0.36507515E+001 -0.36469144E+001 -0.36424352E+001 -0.36372680E+001 -0.36313680E+001 -0.36246904E+001 -0.36171910E+001 -0.36088261E+001 -0.35995523E+001 -0.35893265E+001 -0.35781060E+001 -0.35658483E+001 -0.35525115E+001 -0.35380536E+001
 -0.21112502E+002 -0.21112468E+002 -0.21112307E+002 -0.21111963E+002 -0.21111394E+002 -0.20470354E+002 -0.20470354E+002 -0.20470354E+002 -0.20470354E+002 -0.20470354E+002 -0.20470354E+002 -0.20470354E+002 -0.20470354E+002 -0.20470354E+002 -0.20470354E+002 -0.20470354E+002 -0.20470354E+002 -0.20470354E+002 -0.20470354E+002 -0.20470354E+002 -0.20470354E+002 -0.20470354E+002 -0.20470354E+002 -0.20470354E+002 -0.20470354E+002 -0.20470354E+002 -0.20470354E+002 -0.20470354E+002 -0.20470354E+002 -0.20470354E+002 -0.20470354E+002 -0.20470354E+002 -0.20470354E+002 -0.20470354E+002 -0.20470353E+002
 -0.10437847E+001 -0.10264340E+001 -0.94553160E+000 -0.77179662E+000 -0.49560862E+000 -0.92325720E-001 -0.92325720E-001 -0.92325720E-001 -0.92325720E-001 -0.19252106E+000 -0.15877526E+000 -0.14158343E+000 -0.14158343E+000 -0.14158343E+000 -0.14158344E+000 -0.74174349E+001 -0.62666620E+001 -0.46947101E+001 -0.46947101E+001 -0.46947101E+001 -0.46947101E+001 -0.46947101E+001 -0.46947101E+001 -0.46947101E+001 -0.46947100E+001 -0.46947101E+001 -0.12313111E+002 -0.35705152E+001 -0.15121303E+002 -0.43740327E+001 -0.43740327E+001 -0.43740327E+001 -0.16682761E+002 -0.12225290E+001 -0.12225290E+001
