  0.00000000E+000  0.00000000E+000  0.00000000E+000  0.00000000E+000  0.00000000E+000  0.00000000E+000  0.00000000E+000  0.00000000E+000  0.00000000E+000  0.00000000E+000  0.00000000E+000  0.00000000E+000  0.00000000E+000  0.00000000E+000  0.00000000E+000  0.00000000E+000  0.00000000E+000  0.00000000E+000  0.00000000E+000  0.00000000E+000  0.00000000E+000  0.00000000E+000  0.00000000E+000  0.00000000E+000  0.00000000E+000  0.00000000E+000  0.00000000E+000  0.00000000E+000  0.00000000E+000  0.00000000E+000  0.00000000E+000  0.00000000E+000  0.00000000E+000  0.00000000E+000  0.00000000E+000
  0.14360099E-029  0.14360099E-029  0.14360099E-029  0.14360099E-029  0.14360099E-029  0.14360099E-029  0.14360099E-029  0.14360099E-029  0.14360099E-029  0.14360099E-029  0.14360099E-029  0.14360099E-029  0.14360099E-029  0.14360099E-029  0.14360099E-029  0.14360099E-029  0.14360099E-029  0.14360099E-029  0.14360099E-029  0.14360099E-029  0.14360099E-029  0.14360099E-029  0.14360099E-029  0.14360099E-029  0.14360099E-029  0.14360099E-029  0.14360099E-029  0.14360099E-029  0.14360099E-029  0.14360099E-029  0.14360099E-029  0.14360099E-029  0.14360099E-029  0.14360099E-029  0.14360099E-029
  0.34121960E-027  0.34121960E-027  0.34121960E-027  0.34121960E-027  0.34121960E-027  0.34121960E-027  0.34121960E-027  0.34121960E-027  0.34121960E-027  0.34121960E-027  0.34121960E-027  0.34121960E-027  0.34121960E-027  0.34121960E-027  0.34121960E-027  0.34121960E-027  0.34121960E-027  0.34121960E-027  0.34121960E-027  0.34121960E-027  0.34121960E-027  0.34121960E-027  0.34121960E-027  0.34121960E-027  0.34121960E-027  0.34121960E-027  0.34121960E-027  0.34121960E-027  0.34121960E-027  0.34121960E-027  0.34121960E-027  0.34121960E-027  0.34121960E-027  0.34121960E-027  0.34121960E-027
  0.38734099E-025  0.38734099E-025  0.38734099E-025  0.38734099E-025  0.38734099E-025  0.38734099E-025  0.38734099E-025  0.38734099E-025  0.38734099E-025  0.38734099E-025  0.38734099E-025  0.38734099E-025  0.38734099E-025  0.38734099E-025  0.38734099E-025  0.38734099E-025  0.38734099E-025  0.38734099E-025  0.38734099E-025  0.38734099E-025  0.38734099E-025  0.38734099E-025  0.38734099E-025  0.38734099E-025  0.38734099E-025  0.38734099E-025  0.38734099E-025  0.38734099E-025  0.38734099E-025  0.38734099E-025  0.38734099E-025  0.38734099E-025  0.38734099E-025  0.38734099E-025  0.38734099E-025
  0.27945224E-023  0.27945224E-023  0.27945224E-023  0.27945224E-023  0.27945224E-023  0.27945224E-023  0.27945224E-023  0.27945224E-023  0.27945224E-023  0.27945224E-023  0.27945224E-023  0.27945224E-023  0.27945224E-023  0.27945224E-023  0.27945224E-023  0.27945224E-023  0.27945224E-023  0.27945224E-023  0.27945224E-023  0.27945224E-023  0.27945224E-023  0.27945224E-023  0.27945224E-023  0.27945224E-023  0.27945224E-023  0.27945224E-023  0.27945224E-023  0.27945224E-023  0.27945224E-023  0.27945224E-023  0.27945224E-023  0.27945224E-023  0.27945224E-023  0.27945224E-023  0.27945224E-023
  0.14380684E-021  0.14380684E-021  0.14380684E-021  0.14380684E-021  0.14380684E-021  0.14380684E-021  0.14380684E-021  0.14380684E-021  0.14380684E-021  0.14380684E-021  0.14380684E-021  0.14380684E-021  0.14380684E-021  0.14380684E-021  0.14380684E-021  0.14380684E-021  0.14380684E-021  0.14380684E-021  0.14380684E-021  0.14380684E-021  0.14380684E-021  0.14380684E-021  0.14380684E-021  0.14380684E-021  0.14380684E-021  0.14380684E-021  0.14380684E-021  0.14380684E-021  0.14380684E-021  0.14380684E-021  0.14380684E-021  0.14380684E-021  0.14380684E-021  0.14380684E-021  0.14380684E-021
  0.56156230E-020  0.56156230E-020  0.56156230E-020  0.56156230E-020  0.56156230E-020  0.56156230E-020  0.56156230E-020  0.56156230E-020  0.56156230E-020  0.56156230E-020  0.56156230E-020  0.56156230E-020  0.56156230E-020  0.56156230E-020  0.56156230E-020  0.56156230E-020  0.56156230E-020  0.56156230E-020  0.56156230E-020  0.56156230E-020  0.56156230E-020  0.56156230E-020  0.56156230E-020  0.56156230E-020  0.56156230E-020  0.56156230E-020  0.56156230E-020  0.56156230E-020  0.56156230E-020  0.56156230E-020  0.56156230E-020  0.56156230E-020  0.56156230E-020  0.56156230E-020  0.56156230E-020
  0.17284315E-018  0.17284315E-018  0.17284315E-018  0.17284315E-018  0.17284315E-018  0.17284315E-018  0.17284315E-018  0.17284315E-018  0.17284315E-018  0.17284315E-018  0.17284315E-018  0.17284315E-018  0.17284315E-018  0.17284315E-018  0.17284315E-018  0.17284315E-018  0.17284315E-018  0.17284315E-018  0.17284315E-018  0.17284315E-018  0.17284315E-018  0.17284315E-018  0.17284315E-018  0.17284315E-018  0.17284315E-018  0.17284315E-018  0.17284315E-018  0.17284315E-018  0.17284315E-018  0.17284315E-018  0.17284315E-018  0.17284315E-018  0.17284315E-018  0.17284315E-018  0.17284315E-018
  0.42996145E-017  0.42996145E-017  0.42996145E-017  0.42996145E-017  0.42996145E-017  0.42996145E-017  0.42996145E-017  0.42996145E-017  0.42996145E-017  0.42996145E-017  0.42996145E-017  0.42996145E-017  0.42996145E-017  0.42996145E-017  0.42996145E-017  0.42996145E-017  0.42996145E-017  0.42996145E-017  0.42996145E-017  0.42996145E-017  0.42996145E-017  0.42996145E-017  0.42996145E-017  0.42996145E-017  0.42996145E-017  0.42996145E-017  0.42996145E-017  0.42996145E-017  0.42996145E-017  0.42996145E-017  0.42996145E-017  0.42996145E-017  0.42996145E-017  0.42996145E-017  0.42996145E-017
  0.87947289E-016  0.87947289E-016  0.87947289E-016  0.87947289E-016  0.87947289E-016  0.87947289E-016  0.87947289E-016  0.87947289E-016  0.87947289E-016  0.87947289E-016  0.87947289E-016  0.87947289E-016  0.87947289E-016  0.87947289E-016  0.87947289E-016  0.87947289E-016  0.87947289E-016  0.87947289E-016  0.87947289E-016  0.87947289E-016  0.87947289E-016  0.87947289E-016  0.87947289E-016  0.87947289E-016  0.87947289E-016  0.87947289E-016  0.87947289E-016  0.87947289E-016  0.87947289E-016  0.87947289E-016  0.87947289E-016  0.87947289E-016  0.87947289E-016  0.87947289E-016  0.87947289E-016
  0.13007373E-013  0.13007373E-013  0.13007373E-013  0.13007373E-013  0.13007373E-013  0.13007373E-013  0.13007373E-013  0.13007373E-013  0.13007373E-013  0.13007373E-013  0.13007373E-013  0.13007373E-013  0.13007373E-013  0.13007373E-013  0.13007373E-013  0.13007373E-013  0.13007373E-013  0.13007373E-013  0.13007373E-013  0.13007373E-013  0.13007373E-013  0.13007373E-013  0.13007373E-013  0.13007373E-013  0.13007373E-013  0.13007373E-013  0.13007373E-013  0.13007373E-013  0.13007373E-013  0.13007373E-013  0.13007373E-013  0.13007373E-013  0.13007373E-013  0.13007373E-013  0.13007373E-013
  0.15404774E-011  0.15404774E-011  0.15404774E-011  0.15404774E-011  0.15404774E-011  0.15404774E-011  0.15404774E-011  0.15404774E-011  0.15404774E-011  0.15404774E-011  0.15404774E-011  0.15404774E-011  0.15404774E-011  0.15404774E-011  0.15404774E-011  0.15404774E-011  0.15404774E-011  0.15404774E-011  0.15404774E-011  0.15404774E-011  0.15404774E-011  0.15404774E-011  0.15404774E-011  0.15404774E-011  0.15404774E-011  0.15404774E-011  0.15404774E-011  0.15404774E-011  0.15404774E-011  0.15404774E-011  0.15404774E-011  0.15404774E-011  0.15404774E-011  0.15404774E-011  0.15404774E-011
  0.14723692E-009  0.14723692E-009  0.14723692E-009  0.14723692E-009  0.14723692E-009  0.14723692E-009  0.14723692E-009  0.14723692E-009  0.14723692E-009  0.14723692E-009  0.14723692E-009  0.14723692E-009  0.14723692E-009  0.14723692E-009  0.14723692E-009  0.14723692E-009  0.14723692E-009  0.14723692E-009  0.14723692E-009  0.14723692E-009  0.14723692E-009  0.14723692E-009  0.14723692E-009  0.14723692E-009  0.14723692E-009  0.14723692E-009  0.14723692E-009  0.14723692E-009  0.14723692E-009  0.14723692E-009  0.14723692E-009  0.14723692E-009  0.14723692E-009  0.14723692E-009  0.14723692E-009
  0.11391611E-007  0.11391611E-007  0.11391611E-007  0.11391611E-007  0.11391611E-007  0.11391611E-007  0.11391611E-007  0.11391611E-007  0.11391611E-007  0.11391611E-007  0.11391611E-007  0.11391611E-007  0.11391611E-007  0.11391611E-007  0.11391611E-007  0.11391611E-007  0.11391611E-007  0.11391611E-007  0.11391611E-007  0.11391611E-007  0.11391611E-007  0.11391611E-007  0.11391611E-007  0.11391611E-007  0.11391611E-007  0.11391611E-007  0.11391611E-007  0.11391611E-007  0.11391611E-007  0.11391611E-007  0.11391611E-007  0.11391611E-007  0.11391611E-007  0.11391611E-007  0.11391611E-007
  0.71244899E-006  0.71244899E-006  0.71244899E-006  0.71244899E-006  0.71244899E-006  0.71244899E-006  0.71244899E-006  0.71244899E-006  0.71244899E-006  0.71244899E-006  0.71244899E-006  0.71244899E-006  0.71244899E-006  0.71244899E-006  0.71244899E-006  0.71244899E-006  0.71244899E-006  0.71244899E-006  0.71244899E-006  0.71244899E-006  0.71244899E-006  0.71244899E-006  0.71244899E-006  0.71244899E-006  0.71244899E-006  0.71244899E-006  0.71244899E-006  0.71244899E-006  0.71244899E-006  0.71244899E-006  0.71244899E-006  0.71244899E-006  0.71244899E-006  0.71244899E-006  0.71244899E-006
  0.35805542E-004  0.35805542E-004  0.35805542E-004  0.35805542E-004  0.35805542E-004  0.35805542E-004  0.35805542E-004  0.35805542E-004  0.35805542E-004  0.35805542E-004  0.35805542E-004  0.35805542E-004  0.35805542E-004  0.35805542E-004  0.35805542E-004  0.35805542E-004  0.35805542E-004  0.35805542E-004  0.35805542E-004  0.35805542E-004  0.35805542E-004  0.35805542E-004  0.35805542E-004  0.35805542E-004  0.35805542E-004  0.35805542E-004  0.35805542E-004  0.35805542E-004  0.35805542E-004  0.35805542E-004  0.35805542E-004  0.35805542E-004  0.35805542E-004  0.35805542E-004  0.35805542E-004
  0.14301329E-002  0.14301329E-002  0.14301329E-002  0.14301329E-002  0.14301329E-002  0.14301329E-002  0.14301329E-002  0.14301329E-002  0.14301329E-002  0.14301329E-002  0.14301329E-002  0.14301329E-002  0.14301329E-002  0.14301329E-002  0.14301329E-002  0.14301329E-002  0.14301329E-002  0.14301329E-002  0.14301329E-002  0.14301329E-002  0.14301329E-002  0.14301329E-002  0.14301329E-002  0.14301329E-002  0.14301329E-002  0.14301329E-002  0.14301329E-002  0.14301329E-002  0.14301329E-002  0.14301329E-002  0.14301329E-002  0.14301329E-002  0.14301329E-002  0.14301329E-002  0.14301329E-002
  0.44612296E-001  0.44612296E-001  0.44612296E-001  0.44612296E-001  0.44612296E-001  0.44612296E-001  0.44612296E-001  0.44612296E-001  0.44612296E-001  0.44612296E-001  0.44612296E-001  0.44612296E-001  0.44612296E-001  0.44612296E-001  0.44612296E-001  0.44612296E-001  0.44612296E-001  0.44612296E-001  0.44612296E-001  0.44612296E-001  0.44612296E-001  0.44612296E-001  0.44612296E-001  0.44612296E-001  0.44612296E-001  0.44612296E-001  0.44612296E-001  0.44612296E-001  0.44612296E-001  0.44612296E-001  0.44612296E-001  0.44612296E-001  0.44612296E-001  0.44612296E-001  0.44612296E-001
  0.10588096E+001  0.10588096E+001  0.10588096E+001  0.10588096E+001  0.10588096E+001  0.10588096E+001  0.10588096E+001  0.10588096E+001  0.10588096E+001  0.10588096E+001  0.10588096E+001  0.10588096E+001  0.10588096E+001  0.10588096E+001  0.10588096E+001  0.10588096E+001  0.10588096E+001  0.10588096E+001  0.10588096E+001  0.10588096E+001  0.10588096E+001  0.10588096E+001  0.10588096E+001  0.10588096E+001  0.10588096E+001  0.10588096E+001  0.10588096E+001  0.10588096E+001  0.10588096E+001  0.10588096E+001  0.10588096E+001  0.10588096E+001  0.10588096E+001  0.10588096E+001  0.10588096E+001
  0.18376824E+002  0.18376824E+002  0.18376824E+002  0.18376824E+002  0.18376824E+002  0.18376824E+002  0.18376824E+002  0.18376824E+002  0.18376824E+002  0.18376824E+002  0.18376824E+002  0.18376824E+002  0.18376824E+002  0.18376824E+002  0.18376824E+002  0.18376824E+002  0.18376824E+002  0.18376824E+002  0.18376824E+002  0.18376824E+002  0.18376824E+002  0.18376824E+002  0.18376824E+002  0.18376824E+002  0.18376824E+002  0.18376824E+002  0.18376824E+002  0.18376824E+002  0.18376824E+002  0.18376824E+002  0.18376824E+002  0.18376824E+002  0.18376824E+002  0.18376824E+002  0.18376824E+002
  0.21827813E+003  0.21827813E+003  0.21827813E+003  0.21827813E+003  0.21827813E+003  0.21827813E+003  0.21827813E+003  0.21827813E+003  0.21827813E+003  0.21827813E+003  0.21827813E+003  0.21827813E+003  0.21827813E+003  0.21827813E+003  0.20292733E+003  0.20471770E+003  0.20732179E+003  0.21088676E+003  0.21088676E+003  0.21088676E+003  0.21088676E+003  0.21088676E+003  0.21088676E+003  0.21088676E+003  0.21088676E+003  0.21088676E+003  0.21088676E+003  0.21088676E+003  0.21088676E+003  0.21088676E+003  0.21088676E+003  0.21088676E+003  0.21088676E+003  0.21088676E+003  0.21088676E+003
  0.15043079E+004  0.15043079E+004  0.15043079E+004  0.15043079E+004  0.15043079E+004  0.15043079E+004  0.15043079E+004  0.15043079E+004  0.15697026E+004  0.15707118E+004  0.15707118E+004  0.15707118E+004  0.15707118E+004  0.15707118E+004  0.15707118E+004  0.15707118E+004  0.15650059E+004  0.15752712E+004  0.15752712E+004  0.15752712E+004  0.15752712E+004  0.15752712E+004  0.15752712E+004  0.15752712E+004  0.15752712E+004  0.15752712E+004  0.15752712E+004  0.15752712E+004  0.15752712E+004  0.15752712E+004  0.15752712E+004  0.16018332E+004  0.16989244E+004  0.16989244E+004  0.16989244E+004
 -0.67236994E+001 -0.68485138E+001 -0.68485138E+001 -0.68485138E+001  0.16203444E+004  0.16213584E+004  0.16223745E+004  0.16230735E+004  0.16234971E+004  0.16236642E+004  0.16237000E+004  0.16237182E+004  0.16238321E+004  0.16241208E+004  0.16246576E+004  0.16255127E+004  0.16267545E+004  0.16284786E+004  0.16306679E+004  0.16334400E+004  0.16368640E+004  0.16410116E+004  0.16459575E+004  0.16517806E+004  0.16585651E+004  0.16664014E+004  0.16753875E+004  0.16856307E+004  0.16972485E+004  0.17103719E+004  0.17251455E+004  0.17417313E+004  0.17591148E+004  0.17737413E+004  0.17899571E+004
 -0.48632003E+002 -0.48768549E+002 -0.48631876E+002 -0.45382886E+002 -0.44896249E+002 -0.47319845E+002 -0.47319845E+002  0.23335698E+003  0.23263694E+003  0.23229884E+003  0.23222619E+003  0.23218918E+003  0.23195798E+003  0.23137165E+003  0.23028083E+003  0.22854144E+003  0.22601119E+003  0.22254670E+003  0.21800069E+003  0.21222044E+003  0.20504220E+003  0.19626440E+003  0.18570139E+003  0.17313123E+003  0.15830357E+003  0.14093347E+003  0.12069574E+003  0.97213753E+002  0.70067811E+002  0.38855734E+002  0.30394312E+001 -0.38003849E+002 -0.38003849E+002 -0.38003849E+002  0.41998312E+003
 -0.52832435E+000 -0.52832435E+000 -0.52832435E+000  0.12144838E+001  0.18006447E+001  0.26543236E+001  0.35126407E+001  0.35126407E+001  0.35126407E+001  0.35126407E+001  0.35126407E+001  0.35126407E+001  0.85092942E+000  0.99088736E+000  0.99088736E+000  0.99088736E+000 -0.20328848E+001 -0.12037296E+001 -0.12037297E+001  0.85909119E+002  0.88278287E+002  0.91190023E+002  0.94723150E+002  0.98968909E+002  0.98968910E+002  0.14626569E+003  0.15412176E+003  0.15412176E+003  0.15412176E+003  0.15412176E+003  0.14913933E+003  0.16622799E+003  0.18638484E+003  0.18638484E+003  0.18638484E+003
