  0.00000000E+000  0.00000000E+000  0.00000000E+000  0.00000000E+000  0.00000000E+000  0.00000000E+000  0.00000000E+000  0.00000000E+000  0.00000000E+000  0.00000000E+000  0.00000000E+000  0.00000000E+000  0.00000000E+000  0.00000000E+000  0.00000000E+000  0.00000000E+000  0.00000000E+000  0.00000000E+000  0.00000000E+000  0.00000000E+000  0.00000000E+000  0.00000000E+000  0.00000000E+000  0.00000000E+000  0.00000000E+000  0.00000000E+000  0.00000000E+000  0.00000000E+000  0.00000000E+000  0.00000000E+000  0.00000000E+000  0.00000000E+000  0.00000000E+000  0.00000000E+000  0.00000000E+000
 -0.31293208E-042 -0.31293208E-042 -0.31293208E-042 -0.31293208E-042 -0.31293208E-042 -0.31293208E-042 -0.31293208E-042 -0.31293208E-042 -0.31293208E-042 -0.31293208E-042 -0.31293208E-042 -0.31293208E-042 -0.31293208E-042 -0.31293208E-042 -0.31293208E-042 -0.31293208E-042 -0.31293208E-042 -0.31293208E-042 -0.31293208E-042 -0.31293208E-042 -0.31293208E-042 -0.31293208E-042 -0.31293208E-042 -0.31293208E-042 -0.31293208E-042 -0.31293208E-042 -0.31293208E-042 -0.31293208E-042 -0.31293208E-042 -0.31293208E-042 -0.31293208E-042 -0.31293208E-042 -0.31293208E-042 -0.31293208E-042 -0.31293208E-042
 -0.26621920E-039 -0.26621920E-039 -0.26621920E-039 -0.26621920E-039 -0.26621920E-039 -0.26621920E-039 -0.26621920E-039 -0.26621920E-039 -0.26621920E-039 -0.26621920E-039 -0.26621920E-039 -0.26621920E-039 -0.26621920E-039 -0.26621920E-039 -0.26621920E-039 -0.26621920E-039 -0.26621920E-039 -0.26621920E-039 -0.26621920E-039 -0.26621920E-039 -0.26621920E-039 -0.26621920E-039 -0.26621920E-039 -0.26621920E-039 -0.26621920E-039 -0.26621920E-039 -0.26621920E-039 -0.26621920E-039 -0.26621920E-039 -0.26621920E-039 -0.26621920E-039 -0.26621920E-039 -0.26621920E-039 -0.26621920E-039 -0.26621920E-039
 -0.10859620E-036 -0.10859620E-036 -0.10859620E-036 -0.10859620E-036 -0.10859620E-036 -0.10859620E-036 -0.10859620E-036 -0.10859620E-036 -0.10859620E-036 -0.10859620E-036 -0.10859620E-036 -0.10859620E-036 -0.10859620E-036 -0.10859620E-036 -0.10859620E-036 -0.10859620E-036 -0.10859620E-036 -0.10859620E-036 -0.10859620E-036 -0.10859620E-036 -0.10859620E-036 -0.10859620E-036 -0.10859620E-036 -0.10859620E-036 -0.10859620E-036 -0.10859620E-036 -0.10859620E-036 -0.10859620E-036 -0.10859620E-036 -0.10859620E-036 -0.10859620E-036 -0.10859620E-036 -0.10859620E-036 -0.10859620E-036 -0.10859620E-036
 -0.28248811E-034 -0.28248811E-034 -0.28248811E-034 -0.28248811E-034 -0.28248811E-034 -0.28248811E-034 -0.28248811E-034 -0.28248811E-034 -0.28248811E-034 -0.28248811E-034 -0.28248811E-034 -0.28248811E-034 -0.28248811E-034 -0.28248811E-034 -0.28248811E-034 -0.28248811E-034 -0.28248811E-034 -0.28248811E-034 -0.28248811E-034 -0.28248811E-034 -0.28248811E-034 -0.28248811E-034 -0.28248811E-034 -0.28248811E-034 -0.28248811E-034 -0.28248811E-034 -0.28248811E-034 -0.28248811E-034 -0.28248811E-034 -0.28248811E-034 -0.28248811E-034 -0.28248811E-034 -0.28248811E-034 -0.28248811E-034 -0.28248811E-034
 -0.52566751E-032 -0.52566751E-032 -0.52566751E-032 -0.52566751E-032 -0.52566751E-032 -0.52566751E-032 -0.52566751E-032 -0.52566751E-032 -0.52566751E-032 -0.52566751E-032 -0.52566751E-032 -0.52566751E-032 -0.52566751E-032 -0.52566751E-032 -0.52566751E-032 -0.52566751E-032 -0.52566751E-032 -0.52566751E-032 -0.52566751E-032 -0.52566751E-032 -0.52566751E-032 -0.52566751E-032 -0.52566751E-032 -0.52566751E-032 -0.52566751E-032 -0.52566751E-032 -0.52566751E-032 -0.52566751E-032 -0.52566751E-032 -0.52566751E-032 -0.52566751E-032 -0.52566751E-032 -0.52566751E-032 -0.52566751E-032 -0.52566751E-032
 -0.74403862E-030 -0.74403862E-030 -0.74403862E-030 -0.74403862E-030 -0.74403862E-030 -0.74403862E-030 -0.74403862E-030 -0.74403862E-030 -0.74403862E-030 -0.74403862E-030 -0.74403862E-030 -0.74403862E-030 -0.74403862E-030 -0.74403862E-030 -0.74403862E-030 -0.74403862E-030 -0.74403862E-030 -0.74403862E-030 -0.74403862E-030 -0.74403862E-030 -0.74403862E-030 -0.74403862E-030 -0.74403862E-030 -0.74403862E-030 -0.74403862E-030 -0.74403862E-030 -0.74403862E-030 -0.74403862E-030 -0.74403862E-030 -0.74403862E-030 -0.74403862E-030 -0.74403862E-030 -0.74403862E-030 -0.74403862E-030 -0.74403862E-030
 -0.83144358E-028 -0.83144358E-028 -0.83144358E-028 -0.83144358E-028 -0.83144358E-028 -0.83144358E-028 -0.83144358E-028 -0.83144358E-028 -0.83144358E-028 -0.83144358E-028 -0.83144358E-028 -0.83144358E-028 -0.83144358E-028 -0.83144358E-028 -0.83144358E-028 -0.83144358E-028 -0.83144358E-028 -0.83144358E-028 -0.83144358E-028 -0.83144358E-028 -0.83144358E-028 -0.83144358E-028 -0.83144358E-028 -0.83144358E-028 -0.83144358E-028 -0.83144358E-028 -0.83144358E-028 -0.83144358E-028 -0.83144358E-028 -0.83144358E-028 -0.83144358E-028 -0.83144358E-028 -0.83144358E-028 -0.83144358E-028 -0.83144358E-028
 -0.75146506E-026 -0.75146506E-026 -0.75146506E-026 -0.75146506E-026 -0.75146506E-026 -0.75146506E-026 -0.75146506E-026 -0.75146506E-026 -0.75146506E-026 -0.75146506E-026 -0.75146506E-026 -0.75146506E-026 -0.75146506E-026 -0.75146506E-026 -0.75146506E-026 -0.75146506E-026 -0.75146506E-026 -0.75146506E-026 -0.75146506E-026 -0.75146506E-026 -0.75146506E-026 -0.75146506E-026 -0.75146506E-026 -0.75146506E-026 -0.75146506E-026 -0.75146506E-026 -0.75146506E-026 -0.75146506E-026 -0.75146506E-026 -0.75146506E-026 -0.75146506E-026 -0.75146506E-026 -0.75146506E-026 -0.75146506E-026 -0.75146506E-026
 -0.55820208E-024 -0.55820208E-024 -0.55820208E-024 -0.55820208E-024 -0.55820208E-024 -0.55820208E-024 -0.55820208E-024 -0.55820208E-024 -0.55820208E-024 -0.55820208E-024 -0.55820208E-024 -0.55820208E-024 -0.55820208E-024 -0.55820208E-024 -0.55820208E-024 -0.55820208E-024 -0.55820208E-024 -0.55820208E-024 -0.55820208E-024 -0.55820208E-024 -0.55820208E-024 -0.55820208E-024 -0.55820208E-024 -0.55820208E-024 -0.55820208E-024 -0.55820208E-024 -0.55820208E-024 -0.55820208E-024 -0.55820208E-024 -0.55820208E-024 -0.55820208E-024 -0.55820208E-024 -0.55820208E-024 -0.55820208E-024 -0.55820208E-024
 -0.31115348E-021 -0.31115348E-021 -0.31115348E-021 -0.31115348E-021 -0.31115348E-021 -0.31115348E-021 -0.31115348E-021 -0.31115348E-021 -0.31115348E-021 -0.31115348E-021 -0.31115348E-021 -0.31115348E-021 -0.31115348E-021 -0.31115348E-021 -0.31115348E-021 -0.31115348E-021 -0.31115348E-021 -0.31115348E-021 -0.31115348E-021 -0.31115348E-021 -0.31115348E-021 -0.31115348E-021 -0.31115348E-021 -0.31115348E-021 -0.31115348E-021 -0.31115348E-021 -0.31115348E-021 -0.31115348E-021 -0.31115348E-021 -0.31115348E-021 -0.31115348E-021 -0.31115348E-021 -0.31115348E-021 -0.31115348E-021 -0.31115348E-021
 -0.13984035E-018 -0.13984035E-018 -0.13984035E-018 -0.13984035E-018 -0.13984035E-018 -0.13984035E-018 -0.13984035E-018 -0.13984035E-018 -0.13984035E-018 -0.13984035E-018 -0.13984035E-018 -0.13984035E-018 -0.13984035E-018 -0.13984035E-018 -0.13984035E-018 -0.13984035E-018 -0.13984035E-018 -0.13984035E-018 -0.13984035E-018 -0.13984035E-018 -0.13984035E-018 -0.13984035E-018 -0.13984035E-018 -0.13984035E-018 -0.13984035E-018 -0.13984035E-018 -0.13984035E-018 -0.13984035E-018 -0.13984035E-018 -0.13984035E-018 -0.13984035E-018 -0.13984035E-018 -0.13984035E-018 -0.13984035E-018 -0.13984035E-018
 -0.51067770E-016 -0.51067770E-016 -0.51067770E-016 -0.51067770E-016 -0.51067770E-016 -0.51067770E-016 -0.51067770E-016 -0.51067770E-016 -0.51067770E-016 -0.51067770E-016 -0.51067770E-016 -0.51067770E-016 -0.51067770E-016 -0.51067770E-016 -0.51067770E-016 -0.51067770E-016 -0.51067770E-016 -0.51067770E-016 -0.51067770E-016 -0.51067770E-016 -0.51067770E-016 -0.51067770E-016 -0.51067770E-016 -0.51067770E-016 -0.51067770E-016 -0.51067770E-016 -0.51067770E-016 -0.51067770E-016 -0.51067770E-016 -0.51067770E-016 -0.51067770E-016 -0.51067770E-016 -0.51067770E-016 -0.51067770E-016 -0.51067770E-016
 -0.15197549E-013 -0.15197549E-013 -0.15197549E-013 -0.15197549E-013 -0.15197549E-013 -0.15197549E-013 -0.15197549E-013 -0.15197549E-013 -0.15197549E-013 -0.15197549E-013 -0.15197549E-013 -0.15197549E-013 -0.15197549E-013 -0.15197549E-013 -0.15197549E-013 -0.15197549E-013 -0.15197549E-013 -0.15197549E-013 -0.15197549E-013 -0.15197549E-013 -0.15197549E-013 -0.15197549E-013 -0.15197549E-013 -0.15197549E-013 -0.15197549E-013 -0.15197549E-013 -0.15197549E-013 -0.15197549E-013 -0.15197549E-013 -0.15197549E-013 -0.15197549E-013 -0.15197549E-013 -0.15197549E-013 -0.15197549E-013 -0.15197549E-013
 -0.36794174E-011 -0.36794174E-011 -0.36794174E-011 -0.36794174E-011 -0.36794174E-011 -0.36794174E-011 -0.36794174E-011 -0.36794174E-011 -0.36794174E-011 -0.36794174E-011 -0.36794174E-011 -0.36794174E-011 -0.36794174E-011 -0.36794174E-011 -0.36794174E-011 -0.36794174E-011 -0.36794174E-011 -0.36794174E-011 -0.36794174E-011 -0.36794174E-011 -0.36794174E-011 -0.36794174E-011 -0.36794174E-011 -0.36794174E-011 -0.36794174E-011 -0.36794174E-011 -0.36794174E-011 -0.36794174E-011 -0.36794174E-011 -0.36794174E-011 -0.36794174E-011 -0.36794174E-011 -0.36794174E-011 -0.36794174E-011 -0.36794174E-011
 -0.72001167E-009 -0.72001167E-009 -0.72001167E-009 -0.72001167E-009 -0.72001167E-009 -0.72001167E-009 -0.72001167E-009 -0.72001167E-009 -0.72001167E-009 -0.72001167E-009 -0.72001167E-009 -0.72001167E-009 -0.72001167E-009 -0.72001167E-009 -0.72001167E-009 -0.72001167E-009 -0.72001167E-009 -0.72001167E-009 -0.72001167E-009 -0.72001167E-009 -0.72001167E-009 -0.72001167E-009 -0.72001167E-009 -0.72001167E-009 -0.72001167E-009 -0.72001167E-009 -0.72001167E-009 -0.72001167E-009 -0.72001167E-009 -0.72001167E-009 -0.72001167E-009 -0.72001167E-009 -0.72001167E-009 -0.72001167E-009 -0.72001167E-009
 -0.11250830E-006 -0.11250830E-006 -0.11250830E-006 -0.11250830E-006 -0.11250830E-006 -0.11250830E-006 -0.11250830E-006 -0.11250830E-006 -0.11250830E-006 -0.11250830E-006 -0.11250830E-006 -0.11250830E-006 -0.11250830E-006 -0.11250830E-006 -0.11250830E-006 -0.11250830E-006 -0.11250830E-006 -0.11250830E-006 -0.11250830E-006 -0.11250830E-006 -0.11250830E-006 -0.11250830E-006 -0.11250830E-006 -0.11250830E-006 -0.11250830E-006 -0.11250830E-006 -0.11250830E-006 -0.11250830E-006 -0.11250830E-006 -0.11250830E-006 -0.11250830E-006 -0.11250830E-006 -0.11250830E-006 -0.11250830E-006 -0.11250830E-006
 -0.13768376E-004 -0.13768376E-004 -0.13768376E-004 -0.13768376E-004 -0.13768376E-004 -0.13768376E-004 -0.13768376E-004 -0.13768376E-004 -0.13768376E-004 -0.13768376E-004 -0.13768376E-004 -0.13768376E-004 -0.13768376E-004 -0.13768376E-004 -0.13768376E-004 -0.13768376E-004 -0.13768376E-004 -0.13768376E-004 -0.13768376E-004 -0.13768376E-004 -0.13768376E-004 -0.13768376E-004 -0.13768376E-004 -0.13768376E-004 -0.13768376E-004 -0.13768376E-004 -0.13768376E-004 -0.13768376E-004 -0.13768376E-004 -0.13768376E-004 -0.13768376E-004 -0.13768376E-004 -0.13768376E-004 -0.13768376E-004 -0.13768376E-004
 -0.12812317E-002 -0.12812317E-002 -0.12812317E-002 -0.12812317E-002 -0.12812317E-002 -0.12812317E-002 -0.12812317E-002 -0.12812317E-002 -0.12812317E-002 -0.12812317E-002 -0.12812317E-002 -0.12812317E-002 -0.12812317E-002 -0.12812317E-002 -0.12812317E-002 -0.12812317E-002 -0.12812317E-002 -0.12812317E-002 -0.12812317E-002 -0.12812317E-002 -0.12812317E-002 -0.12812317E-002 -0.12812317E-002 -0.12812317E-002 -0.12812317E-002 -0.12812317E-002 -0.12812317E-002 -0.12812317E-002 -0.12812317E-002 -0.12812317E-002 -0.12812317E-002 -0.12812317E-002 -0.12812317E-002 -0.12812317E-002 -0.12812317E-002
 -0.86779124E-001 -0.86779124E-001 -0.86779124E-001 -0.86779124E-001 -0.86779124E-001 -0.86779124E-001 -0.86779124E-001 -0.86779124E-001 -0.86779124E-001 -0.86779124E-001 -0.86779124E-001 -0.86779124E-001 -0.86779124E-001 -0.86779124E-001 -0.86779124E-001 -0.86779124E-001 -0.86779124E-001 -0.86779124E-001 -0.86779125E-001 -0.86779125E-001 -0.86779125E-001 -0.86779125E-001 -0.86779125E-001 -0.86779125E-001 -0.86779125E-001 -0.86779125E-001 -0.86779125E-001 -0.86779125E-001 -0.86779125E-001 -0.86779125E-001 -0.86779125E-001 -0.86779126E-001 -0.86779126E-001 -0.86779126E-001 -0.86779126E-001
 -0.40253415E+001 -0.40253415E+001 -0.40253415E+001 -0.40253415E+001 -0.40253415E+001 -0.40253415E+001 -0.40253415E+001 -0.40253415E+001 -0.40253415E+001 -0.40253415E+001 -0.40253415E+001 -0.40253415E+001 -0.40253415E+001 -0.40253415E+001 -0.40253415E+001 -0.40253415E+001 -0.40253415E+001 -0.40253415E+001 -0.63672139E+001 -0.40604992E+001 -0.40604992E+001 -0.40604992E+001 -0.40604992E+001 -0.40604992E+001 -0.40604992E+001 -0.40604992E+001 -0.40604992E+001 -0.40604992E+001 -0.40604992E+001 -0.40604992E+001 -0.40604992E+001 -0.40604992E+001 -0.40604992E+001 -0.40604992E+001 -0.40604992E+001
 -0.12140173E+003 -0.12140169E+003 -0.12140157E+003 -0.12144482E+003 -0.12144439E+003 -0.12144376E+003 -0.12144313E+003 -0.12144270E+003 -0.12144244E+003 -0.12144232E+003 -0.12144229E+003 -0.12144228E+003 -0.12144220E+003 -0.12144199E+003 -0.12144159E+003 -0.12144097E+003 -0.12144006E+003 -0.12143833E+003 -0.12143608E+003 -0.12143324E+003 -0.12142974E+003 -0.12142553E+003 -0.12142055E+003 -0.12141473E+003 -0.12140802E+003 -0.12140035E+003 -0.12139168E+003 -0.12138194E+003 -0.12137108E+003 -0.12135903E+003 -0.12134575E+003 -0.12132534E+003 -0.12130942E+003 -0.12129210E+003 -0.12127332E+003
 -0.29473687E+000 -0.28210168E+000 -0.22327286E+000 -0.46148809E-001 -0.45803190E-001 -0.45299256E-001 -0.44795322E-001 -0.44496955E-001 -0.44316388E-001 -0.44231721E-001 -0.44213540E-001 -0.44204274E-001 -0.44146403E-001 -0.43999705E-001 -0.43727080E-001 -0.43293234E-001 -0.42664138E-001 -0.41806741E-001 -0.40688774E-001 -0.39682081E-001 -0.38418363E-001 -0.36887983E-001 -0.35063819E-001 -0.32917486E-001 -0.30419073E-001 -0.27537061E-001 -0.24239293E-001 -0.20499796E-001 -0.16328668E-001 -0.11704237E-001 -0.66050281E-002 -0.63304176E-003  0.58910417E-002  0.12989647E-001  0.20685090E-001
 -0.11070249E+000 -0.11070249E+000 -0.11070249E+000 -0.11053432E+000 -0.55574840E+000 -0.11371230E+000 -0.11371230E+000 -0.53288413E+002 -0.53274668E+002 -0.53274668E+002 -0.53274668E+002 -0.53120735E+002 -0.53119294E+002 -0.53119294E+002 -0.53119294E+002 -0.53119294E+002 -0.53119294E+002 -0.53119294E+002 -0.53119294E+002 -0.53119294E+002 -0.46045167E+002 -0.44091325E+002 -0.41769208E+002 -0.39047026E+002 -0.35896118E+002 -0.32310609E+002 -0.28414117E+002 -0.24948237E+002 -0.24948237E+002 -0.24948236E+002 -0.24948235E+002 -0.62750721E+000 -0.62750718E+000 -0.62750718E+000 -0.62749051E+000
 -0.17975776E-001 -0.17975776E-001 -0.17975776E-001 -0.74515588E+000 -0.43626158E+000 -0.36422350E+000 -0.36422350E+000 -0.36422350E+000 -0.36422350E+000 -0.36422350E+000 -0.36422350E+000 -0.36422350E+000 -0.36422350E+000 -0.36422350E+000 -0.36422350E+000 -0.36422350E+000 -0.36422350E+000 -0.36422350E+000 -0.11643233E+002 -0.89590307E+001 -0.89590307E+001 -0.89590307E+001 -0.89590305E+001 -0.89590303E+001 -0.89590301E+001 -0.89590299E+001 -0.89590296E+001 -0.89590293E+001 -0.89590289E+001 -0.89590284E+001 -0.89590286E+001 -0.89590285E+001 -0.89590279E+001 -0.89590272E+001 -0.89590265E+001
