  0.00000000E+000  0.00000000E+000  0.00000000E+000  0.00000000E+000  0.00000000E+000  0.00000000E+000  0.00000000E+000  0.00000000E+000  0.00000000E+000  0.00000000E+000  0.00000000E+000  0.00000000E+000  0.00000000E+000  0.00000000E+000  0.00000000E+000  0.00000000E+000  0.00000000E+000  0.00000000E+000  0.00000000E+000  0.00000000E+000  0.00000000E+000  0.00000000E+000  0.00000000E+000  0.00000000E+000  0.00000000E+000  0.00000000E+000  0.00000000E+000  0.00000000E+000  0.00000000E+000  0.00000000E+000  0.00000000E+000  0.00000000E+000  0.00000000E+000  0.00000000E+000  0.00000000E+000
  0.16807955E-030  0.16807955E-030  0.16807955E-030  0.16807955E-030  0.16807955E-030  0.16807955E-030  0.16807955E-030  0.16807955E-030  0.16807955E-030  0.16807955E-030  0.16807955E-030  0.16807955E-030  0.16807955E-030  0.16807955E-030  0.16807955E-030  0.16807955E-030  0.16807955E-030  0.16807955E-030  0.16807955E-030  0.16807955E-030  0.16807955E-030  0.16807955E-030  0.16807955E-030  0.16807955E-030  0.16807955E-030  0.16807955E-030  0.16807955E-030  0.16807955E-030  0.16807955E-030  0.16807955E-030  0.16807955E-030  0.16807955E-030  0.16807955E-030  0.16807955E-030  0.16807955E-030
  0.39652996E-028  0.39652996E-028  0.39652996E-028  0.39652996E-028  0.39652996E-028  0.39652996E-028  0.39652996E-028  0.39652996E-028  0.39652996E-028  0.39652996E-028  0.39652996E-028  0.39652996E-028  0.39652996E-028  0.39652996E-028  0.39652996E-028  0.39652996E-028  0.39652996E-028  0.39652996E-028  0.39652996E-028  0.39652996E-028  0.39652996E-028  0.39652996E-028  0.39652996E-028  0.39652996E-028  0.39652996E-028  0.39652996E-028  0.39652996E-028  0.39652996E-028  0.39652996E-028  0.39652996E-028  0.39652996E-028  0.39652996E-028  0.39652996E-028  0.39652996E-028  0.39652996E-028
  0.44633878E-026  0.44633878E-026  0.44633878E-026  0.44633878E-026  0.44633878E-026  0.44633878E-026  0.44633878E-026  0.44633878E-026  0.44633878E-026  0.44633878E-026  0.44633878E-026  0.44633878E-026  0.44633878E-026  0.44633878E-026  0.44633878E-026  0.44633878E-026  0.44633878E-026  0.44633878E-026  0.44633878E-026  0.44633878E-026  0.44633878E-026  0.44633878E-026  0.44633878E-026  0.44633878E-026  0.44633878E-026  0.44633878E-026  0.44633878E-026  0.44633878E-026  0.44633878E-026  0.44633878E-026  0.44633878E-026  0.44633878E-026  0.44633878E-026  0.44633878E-026  0.44633878E-026
  0.31883386E-024  0.31883386E-024  0.31883386E-024  0.31883386E-024  0.31883386E-024  0.31883386E-024  0.31883386E-024  0.31883386E-024  0.31883386E-024  0.31883386E-024  0.31883386E-024  0.31883386E-024  0.31883386E-024  0.31883386E-024  0.31883386E-024  0.31883386E-024  0.31883386E-024  0.31883386E-024  0.31883386E-024  0.31883386E-024  0.31883386E-024  0.31883386E-024  0.31883386E-024  0.31883386E-024  0.31883386E-024  0.31883386E-024  0.31883386E-024  0.31883386E-024  0.31883386E-024  0.31883386E-024  0.31883386E-024  0.31883386E-024  0.31883386E-024  0.31883386E-024  0.31883386E-024
  0.16217044E-022  0.16217044E-022  0.16217044E-022  0.16217044E-022  0.16217044E-022  0.16217044E-022  0.16217044E-022  0.16217044E-022  0.16217044E-022  0.16217044E-022  0.16217044E-022  0.16217044E-022  0.16217044E-022  0.16217044E-022  0.16217044E-022  0.16217044E-022  0.16217044E-022  0.16217044E-022  0.16217044E-022  0.16217044E-022  0.16217044E-022  0.16217044E-022  0.16217044E-022  0.16217044E-022  0.16217044E-022  0.16217044E-022  0.16217044E-022  0.16217044E-022  0.16217044E-022  0.16217044E-022  0.16217044E-022  0.16217044E-022  0.16217044E-022  0.16217044E-022  0.16217044E-022
  0.62466077E-021  0.62466077E-021  0.62466077E-021  0.62466077E-021  0.62466077E-021  0.62466077E-021  0.62466077E-021  0.62466077E-021  0.62466077E-021  0.62466077E-021  0.62466077E-021  0.62466077E-021  0.62466077E-021  0.62466077E-021  0.62466077E-021  0.62466077E-021  0.62466077E-021  0.62466077E-021  0.62466077E-021  0.62466077E-021  0.62466077E-021  0.62466077E-021  0.62466077E-021  0.62466077E-021  0.62466077E-021  0.62466077E-021  0.62466077E-021  0.62466077E-021  0.62466077E-021  0.62466077E-021  0.62466077E-021  0.62466077E-021  0.62466077E-021  0.62466077E-021  0.62466077E-021
  0.18919514E-019  0.18919514E-019  0.18919514E-019  0.18919514E-019  0.18919514E-019  0.18919514E-019  0.18919514E-019  0.18919514E-019  0.18919514E-019  0.18919514E-019  0.18919514E-019  0.18919514E-019  0.18919514E-019  0.18919514E-019  0.18919514E-019  0.18919514E-019  0.18919514E-019  0.18919514E-019  0.18919514E-019  0.18919514E-019  0.18919514E-019  0.18919514E-019  0.18919514E-019  0.18919514E-019  0.18919514E-019  0.18919514E-019  0.18919514E-019  0.18919514E-019  0.18919514E-019  0.18919514E-019  0.18919514E-019  0.18919514E-019  0.18919514E-019  0.18919514E-019  0.18919514E-019
  0.46180159E-018  0.46180159E-018  0.46180159E-018  0.46180159E-018  0.46180159E-018  0.46180159E-018  0.46180159E-018  0.46180159E-018  0.46180159E-018  0.46180159E-018  0.46180159E-018  0.46180159E-018  0.46180159E-018  0.46180159E-018  0.46180159E-018  0.46180159E-018  0.46180159E-018  0.46180159E-018  0.46180159E-018  0.46180159E-018  0.46180159E-018  0.46180159E-018  0.46180159E-018  0.46180159E-018  0.46180159E-018  0.46180159E-018  0.46180159E-018  0.46180159E-018  0.46180159E-018  0.46180159E-018  0.46180159E-018  0.46180159E-018  0.46180159E-018  0.46180159E-018  0.46180159E-018
  0.92367947E-017  0.92367947E-017  0.92367947E-017  0.92367947E-017  0.92367947E-017  0.92367947E-017  0.92367947E-017  0.92367947E-017  0.92367947E-017  0.92367947E-017  0.92367947E-017  0.92367947E-017  0.92367947E-017  0.92367947E-017  0.92367947E-017  0.92367947E-017  0.92367947E-017  0.92367947E-017  0.92367947E-017  0.92367947E-017  0.92367947E-017  0.92367947E-017  0.92367947E-017  0.92367947E-017  0.92367947E-017  0.92367947E-017  0.92367947E-017  0.92367947E-017  0.92367947E-017  0.92367947E-017  0.92367947E-017  0.92367947E-017  0.92367947E-017  0.92367947E-017  0.92367947E-017
  0.13283173E-014  0.13283173E-014  0.13283173E-014  0.13283173E-014  0.13283173E-014  0.13283173E-014  0.13283173E-014  0.13283173E-014  0.13283173E-014  0.13283173E-014  0.13283173E-014  0.13283173E-014  0.13283173E-014  0.13283173E-014  0.13283173E-014  0.13283173E-014  0.13283173E-014  0.13283173E-014  0.13283173E-014  0.13283173E-014  0.13283173E-014  0.13283173E-014  0.13283173E-014  0.13283173E-014  0.13283173E-014  0.13283173E-014  0.13283173E-014  0.13283173E-014  0.13283173E-014  0.13283173E-014  0.13283173E-014  0.13283173E-014  0.13283173E-014  0.13283173E-014  0.13283173E-014
  0.15200905E-012  0.15200905E-012  0.15200905E-012  0.15200905E-012  0.15200905E-012  0.15200905E-012  0.15200905E-012  0.15200905E-012  0.15200905E-012  0.15200905E-012  0.15200905E-012  0.15200905E-012  0.15200905E-012  0.15200905E-012  0.15200905E-012  0.15200905E-012  0.15200905E-012  0.15200905E-012  0.15200905E-012  0.15200905E-012  0.15200905E-012  0.15200905E-012  0.15200905E-012  0.15200905E-012  0.15200905E-012  0.15200905E-012  0.15200905E-012  0.15200905E-012  0.15200905E-012  0.15200905E-012  0.15200905E-012  0.15200905E-012  0.15200905E-012  0.15200905E-012  0.15200905E-012
  0.13924153E-010  0.13924153E-010  0.13924153E-010  0.13924153E-010  0.13924153E-010  0.13924153E-010  0.13924153E-010  0.13924153E-010  0.13924153E-010  0.13924153E-010  0.13924153E-010  0.13924153E-010  0.13924153E-010  0.13924153E-010  0.13924153E-010  0.13924153E-010  0.13924153E-010  0.13924153E-010  0.13924153E-010  0.13924153E-010  0.13924153E-010  0.13924153E-010  0.13924153E-010  0.13924153E-010  0.13924153E-010  0.13924153E-010  0.13924153E-010  0.13924153E-010  0.13924153E-010  0.13924153E-010  0.13924153E-010  0.13924153E-010  0.13924153E-010  0.13924153E-010  0.13924153E-010
  0.10210825E-008  0.10210825E-008  0.10210825E-008  0.10210825E-008  0.10210825E-008  0.10210825E-008  0.10210825E-008  0.10210825E-008  0.10210825E-008  0.10210825E-008  0.10210825E-008  0.10210825E-008  0.10210825E-008  0.10210825E-008  0.10210825E-008  0.10210825E-008  0.10210825E-008  0.10210825E-008  0.10210825E-008  0.10210825E-008  0.10210825E-008  0.10210825E-008  0.10210825E-008  0.10210825E-008  0.10210825E-008  0.10210825E-008  0.10210825E-008  0.10210825E-008  0.10210825E-008  0.10210825E-008  0.10210825E-008  0.10210825E-008  0.10210825E-008  0.10210825E-008  0.10210825E-008
  0.59597605E-007  0.59597605E-007  0.59597605E-007  0.59597605E-007  0.59597605E-007  0.59597605E-007  0.59597605E-007  0.59597605E-007  0.59597605E-007  0.59597605E-007  0.59597605E-007  0.59597605E-007  0.59597605E-007  0.59597605E-007  0.59597605E-007  0.59597605E-007  0.59597605E-007  0.59597605E-007  0.59597605E-007  0.59597605E-007  0.59597605E-007  0.59597605E-007  0.59597605E-007  0.59597605E-007  0.59597605E-007  0.59597605E-007  0.59597605E-007  0.59597605E-007  0.59597605E-007  0.59597605E-007  0.59597605E-007  0.59597605E-007  0.59597605E-007  0.59597605E-007  0.59597605E-007
  0.27329554E-005  0.27329554E-005  0.27329554E-005  0.27329554E-005  0.27329554E-005  0.27329554E-005  0.27329554E-005  0.27329554E-005  0.27329554E-005  0.27329554E-005  0.27329554E-005  0.27329554E-005  0.27329554E-005  0.27329554E-005  0.27329554E-005  0.27329554E-005  0.27329554E-005  0.27329554E-005  0.27329554E-005  0.27329554E-005  0.27329554E-005  0.27329554E-005  0.27329554E-005  0.27329554E-005  0.27329554E-005  0.27329554E-005  0.27329554E-005  0.27329554E-005  0.27329554E-005  0.27329554E-005  0.27329554E-005  0.27329554E-005  0.27329554E-005  0.27329554E-005  0.27329554E-005
  0.96208860E-004  0.96208860E-004  0.96208860E-004  0.96208860E-004  0.96208860E-004  0.96208860E-004  0.96208860E-004  0.96208860E-004  0.96208860E-004  0.96208860E-004  0.96208860E-004  0.96208860E-004  0.96208860E-004  0.96208860E-004  0.96208860E-004  0.96208860E-004  0.96208860E-004  0.96208860E-004  0.96208860E-004  0.96208860E-004  0.96208860E-004  0.96208860E-004  0.96208860E-004  0.96208860E-004  0.96208860E-004  0.96208860E-004  0.96208860E-004  0.96208860E-004  0.96208860E-004  0.96208860E-004  0.96208860E-004  0.96208860E-004  0.96208860E-004  0.96208860E-004  0.96208860E-004
  0.24977530E-002  0.24977530E-002  0.24977530E-002  0.24977530E-002  0.24977530E-002  0.24977530E-002  0.24977530E-002  0.24977530E-002  0.24977530E-002  0.24977530E-002  0.24977530E-002  0.24977530E-002  0.24977530E-002  0.24977530E-002  0.24977530E-002  0.24977530E-002  0.24977530E-002  0.24977530E-002  0.24977530E-002  0.24977530E-002  0.24977530E-002  0.24977530E-002  0.24977530E-002  0.24977530E-002  0.24977530E-002  0.24977530E-002  0.24977530E-002  0.24977530E-002  0.24977530E-002  0.24977530E-002  0.24977530E-002  0.24977530E-002  0.24977530E-002  0.24977530E-002  0.24977530E-002
  0.44381235E-001  0.44381235E-001  0.44381235E-001  0.44381235E-001  0.44381235E-001  0.44381235E-001  0.44381235E-001  0.44381235E-001  0.44381235E-001  0.44381235E-001  0.44381235E-001  0.44381235E-001  0.44381235E-001  0.44381235E-001  0.44381235E-001  0.44381235E-001  0.44381235E-001  0.44381235E-001  0.44381235E-001  0.44381235E-001  0.44381235E-001  0.44381235E-001  0.44381235E-001  0.44381235E-001  0.44381235E-001  0.44381235E-001  0.44381235E-001  0.44381235E-001  0.44381235E-001  0.44381235E-001  0.44381235E-001  0.44381235E-001  0.44381235E-001  0.44381235E-001  0.44381235E-001
  0.45458681E+000  0.45458681E+000  0.45458681E+000  0.45458681E+000  0.45458681E+000  0.45458681E+000  0.45458681E+000  0.45458681E+000  0.45458681E+000  0.45458681E+000  0.45458681E+000  0.45458681E+000  0.45458681E+000  0.45458681E+000  0.45458681E+000  0.45458681E+000  0.45458681E+000  0.45458681E+000  0.45458681E+000  0.45458681E+000  0.45458681E+000  0.45458681E+000  0.45458681E+000  0.45458681E+000  0.45458681E+000  0.45458681E+000  0.45458681E+000  0.45458681E+000  0.45458681E+000  0.45458681E+000  0.45458681E+000  0.45458681E+000  0.45458681E+000  0.45458681E+000  0.45458681E+000
  0.11928574E+001  0.11928574E+001  0.11928574E+001  0.11928574E+001  0.11928574E+001  0.11928574E+001  0.11928574E+001  0.11928574E+001  0.11928574E+001  0.11928574E+001  0.11928574E+001  0.11928574E+001  0.11928574E+001  0.11928574E+001  0.11928574E+001  0.11928574E+001  0.11928574E+001  0.11928574E+001  0.11928574E+001  0.11928574E+001  0.11928574E+001  0.11928574E+001  0.11928574E+001  0.11928574E+001  0.11928574E+001  0.11928574E+001  0.11928574E+001  0.11928574E+001  0.11928574E+001  0.11928574E+001  0.11928574E+001  0.11928574E+001  0.11928574E+001  0.11928574E+001  0.11928574E+001
 -0.16282417E+002 -0.16282417E+002 -0.16282417E+002 -0.16282417E+002 -0.16282417E+002 -0.16282417E+002 -0.16282417E+002 -0.16282417E+002 -0.16282417E+002 -0.16282417E+002 -0.16282417E+002 -0.16282417E+002 -0.16282417E+002 -0.16282417E+002 -0.16282417E+002 -0.16282417E+002 -0.16282417E+002 -0.16282417E+002 -0.16282417E+002 -0.16282417E+002 -0.16282417E+002 -0.16282417E+002 -0.16282417E+002 -0.16282417E+002 -0.16282417E+002 -0.16282417E+002 -0.16282417E+002 -0.16282417E+002 -0.16282417E+002 -0.16282417E+002 -0.16282417E+002 -0.16282417E+002 -0.16282417E+002 -0.16282417E+002 -0.16282417E+002
 -0.50558804E+002 -0.50558804E+002 -0.50558804E+002 -0.50558804E+002 -0.50558804E+002 -0.50558804E+002 -0.50558804E+002 -0.50558804E+002 -0.50558804E+002 -0.50558804E+002 -0.50558804E+002 -0.50558804E+002 -0.50558804E+002 -0.50558804E+002 -0.50558804E+002 -0.50558804E+002 -0.50558804E+002 -0.50558804E+002 -0.50558804E+002 -0.50558804E+002 -0.50558804E+002 -0.50558804E+002 -0.50558804E+002 -0.50558804E+002 -0.50558804E+002 -0.50558804E+002 -0.50558804E+002 -0.50558804E+002 -0.50558804E+002 -0.50558804E+002 -0.50558804E+002 -0.50558804E+002 -0.50558804E+002 -0.50558804E+002 -0.50558803E+002
 -0.33113201E+003 -0.33113201E+003 -0.33113201E+003 -0.33113201E+003 -0.33113201E+003 -0.33113201E+003 -0.33113201E+003 -0.33113201E+003 -0.33113201E+003 -0.33113201E+003 -0.33113201E+003 -0.33113201E+003 -0.33113201E+003 -0.33113201E+003 -0.33113201E+003 -0.33113201E+003 -0.33113201E+003 -0.33113201E+003 -0.33113201E+003 -0.33113201E+003 -0.33113201E+003 -0.33113201E+003 -0.33113201E+003 -0.33113201E+003 -0.33113201E+003 -0.33113201E+003 -0.33113201E+003 -0.33113201E+003 -0.33113201E+003 -0.33113201E+003 -0.33113201E+003 -0.33113201E+003 -0.33113201E+003 -0.33113201E+003 -0.33113201E+003
 -0.43638681E+001 -0.43638681E+001 -0.43638681E+001 -0.43638681E+001 -0.43638681E+001 -0.43638681E+001 -0.43638681E+001 -0.21251858E+001 -0.15858248E+001 -0.13327116E+001 -0.12783383E+001 -0.12506387E+001 -0.37970082E+001 -0.33604929E+001 -0.25486177E+001 -0.12546875E+001 -0.12546875E+001 -0.12546875E+001 -0.12546875E+001 -0.12546875E+001 -0.12546875E+001 -0.12546875E+001 -0.12546875E+001 -0.12546875E+001 -0.12546876E+001 -0.12546876E+001 -0.12546878E+001 -0.12546878E+001 -0.12546885E+001 -0.12546893E+001 -0.12546901E+001 -0.12546910E+001 -0.12546920E+001 -0.12547026E+001 -0.12547135E+001
