  0.00000000E+000  0.00000000E+000  0.00000000E+000  0.00000000E+000  0.00000000E+000  0.00000000E+000  0.00000000E+000  0.00000000E+000  0.00000000E+000  0.00000000E+000  0.00000000E+000  0.00000000E+000  0.00000000E+000  0.00000000E+000  0.00000000E+000  0.00000000E+000  0.00000000E+000  0.00000000E+000  0.00000000E+000  0.00000000E+000  0.00000000E+000  0.00000000E+000  0.00000000E+000  0.00000000E+000  0.00000000E+000  0.00000000E+000  0.00000000E+000  0.00000000E+000  0.00000000E+000  0.00000000E+000  0.00000000E+000  0.00000000E+000  0.00000000E+000  0.00000000E+000  0.00000000E+000
  0.50006624E-041  0.50006624E-041  0.50006624E-041  0.50006624E-041  0.50006624E-041  0.50006624E-041  0.50006624E-041  0.50006624E-041  0.50006624E-041  0.50006624E-041  0.50006624E-041  0.50006624E-041  0.50006624E-041  0.50006624E-041  0.50006624E-041  0.50006624E-041  0.50006624E-041  0.50006624E-041  0.50006624E-041  0.50006624E-041  0.50006624E-041  0.50006624E-041  0.50006624E-041  0.50006624E-041  0.50006624E-041  0.50006624E-041  0.50006624E-041  0.50006624E-041  0.50006624E-041  0.50006624E-041  0.50006624E-041  0.50006624E-041  0.50006624E-041  0.50006624E-041  0.50006624E-041
  0.42199836E-038  0.42199836E-038  0.42199836E-038  0.42199836E-038  0.42199836E-038  0.42199836E-038  0.42199836E-038  0.42199836E-038  0.42199836E-038  0.42199836E-038  0.42199836E-038  0.42199836E-038  0.42199836E-038  0.42199836E-038  0.42199836E-038  0.42199836E-038  0.42199836E-038  0.42199836E-038  0.42199836E-038  0.42199836E-038  0.42199836E-038  0.42199836E-038  0.42199836E-038  0.42199836E-038  0.42199836E-038  0.42199836E-038  0.42199836E-038  0.42199836E-038  0.42199836E-038  0.42199836E-038  0.42199836E-038  0.42199836E-038  0.42199836E-038  0.42199836E-038  0.42199836E-038
  0.17064744E-035  0.17064744E-035  0.17064744E-035  0.17064744E-035  0.17064744E-035  0.17064744E-035  0.17064744E-035  0.17064744E-035  0.17064744E-035  0.17064744E-035  0.17064744E-035  0.17064744E-035  0.17064744E-035  0.17064744E-035  0.17064744E-035  0.17064744E-035  0.17064744E-035  0.17064744E-035  0.17064744E-035  0.17064744E-035  0.17064744E-035  0.17064744E-035  0.17064744E-035  0.17064744E-035  0.17064744E-035  0.17064744E-035  0.17064744E-035  0.17064744E-035  0.17064744E-035  0.17064744E-035  0.17064744E-035  0.17064744E-035  0.17064744E-035  0.17064744E-035  0.17064744E-035
  0.43971575E-033  0.43971575E-033  0.43971575E-033  0.43971575E-033  0.43971575E-033  0.43971575E-033  0.43971575E-033  0.43971575E-033  0.43971575E-033  0.43971575E-033  0.43971575E-033  0.43971575E-033  0.43971575E-033  0.43971575E-033  0.43971575E-033  0.43971575E-033  0.43971575E-033  0.43971575E-033  0.43971575E-033  0.43971575E-033  0.43971575E-033  0.43971575E-033  0.43971575E-033  0.43971575E-033  0.43971575E-033  0.43971575E-033  0.43971575E-033  0.43971575E-033  0.43971575E-033  0.43971575E-033  0.43971575E-033  0.43971575E-033  0.43971575E-033  0.43971575E-033  0.43971575E-033
  0.80981313E-031  0.80981313E-031  0.80981313E-031  0.80981313E-031  0.80981313E-031  0.80981313E-031  0.80981313E-031  0.80981313E-031  0.80981313E-031  0.80981313E-031  0.80981313E-031  0.80981313E-031  0.80981313E-031  0.80981313E-031  0.80981313E-031  0.80981313E-031  0.80981313E-031  0.80981313E-031  0.80981313E-031  0.80981313E-031  0.80981313E-031  0.80981313E-031  0.80981313E-031  0.80981313E-031  0.80981313E-031  0.80981313E-031  0.80981313E-031  0.80981313E-031  0.80981313E-031  0.80981313E-031  0.80981313E-031  0.80981313E-031  0.80981313E-031  0.80981313E-031  0.80981313E-031
  0.11332191E-028  0.11332191E-028  0.11332191E-028  0.11332191E-028  0.11332191E-028  0.11332191E-028  0.11332191E-028  0.11332191E-028  0.11332191E-028  0.11332191E-028  0.11332191E-028  0.11332191E-028  0.11332191E-028  0.11332191E-028  0.11332191E-028  0.11332191E-028  0.11332191E-028  0.11332191E-028  0.11332191E-028  0.11332191E-028  0.11332191E-028  0.11332191E-028  0.11332191E-028  0.11332191E-028  0.11332191E-028  0.11332191E-028  0.11332191E-028  0.11332191E-028  0.11332191E-028  0.11332191E-028  0.11332191E-028  0.11332191E-028  0.11332191E-028  0.11332191E-028  0.11332191E-028
  0.12503953E-026  0.12503953E-026  0.12503953E-026  0.12503953E-026  0.12503953E-026  0.12503953E-026  0.12503953E-026  0.12503953E-026  0.12503953E-026  0.12503953E-026  0.12503953E-026  0.12503953E-026  0.12503953E-026  0.12503953E-026  0.12503953E-026  0.12503953E-026  0.12503953E-026  0.12503953E-026  0.12503953E-026  0.12503953E-026  0.12503953E-026  0.12503953E-026  0.12503953E-026  0.12503953E-026  0.12503953E-026  0.12503953E-026  0.12503953E-026  0.12503953E-026  0.12503953E-026  0.12503953E-026  0.12503953E-026  0.12503953E-026  0.12503953E-026  0.12503953E-026  0.12503953E-026
  0.11141755E-024  0.11141755E-024  0.11141755E-024  0.11141755E-024  0.11141755E-024  0.11141755E-024  0.11141755E-024  0.11141755E-024  0.11141755E-024  0.11141755E-024  0.11141755E-024  0.11141755E-024  0.11141755E-024  0.11141755E-024  0.11141755E-024  0.11141755E-024  0.11141755E-024  0.11141755E-024  0.11141755E-024  0.11141755E-024  0.11141755E-024  0.11141755E-024  0.11141755E-024  0.11141755E-024  0.11141755E-024  0.11141755E-024  0.11141755E-024  0.11141755E-024  0.11141755E-024  0.11141755E-024  0.11141755E-024  0.11141755E-024  0.11141755E-024  0.11141755E-024  0.11141755E-024
  0.81441879E-023  0.81441879E-023  0.81441879E-023  0.81441879E-023  0.81441879E-023  0.81441879E-023  0.81441879E-023  0.81441879E-023  0.81441879E-023  0.81441879E-023  0.81441879E-023  0.81441879E-023  0.81441879E-023  0.81441879E-023  0.81441879E-023  0.81441879E-023  0.81441879E-023  0.81441879E-023  0.81441879E-023  0.81441879E-023  0.81441879E-023  0.81441879E-023  0.81441879E-023  0.81441879E-023  0.81441879E-023  0.81441879E-023  0.81441879E-023  0.81441879E-023  0.81441879E-023  0.81441879E-023  0.81441879E-023  0.81441879E-023  0.81441879E-023  0.81441879E-023  0.81441879E-023
  0.44555608E-020  0.44555608E-020  0.44555608E-020  0.44555608E-020  0.44555608E-020  0.44555608E-020  0.44555608E-020  0.44555608E-020  0.44555608E-020  0.44555608E-020  0.44555608E-020  0.44555608E-020  0.44555608E-020  0.44555608E-020  0.44555608E-020  0.44555608E-020  0.44555608E-020  0.44555608E-020  0.44555608E-020  0.44555608E-020  0.44555608E-020  0.44555608E-020  0.44555608E-020  0.44555608E-020  0.44555608E-020  0.44555608E-020  0.44555608E-020  0.44555608E-020  0.44555608E-020  0.44555608E-020  0.44555608E-020  0.44555608E-020  0.44555608E-020  0.44555608E-020  0.44555608E-020
  0.19591049E-017  0.19591049E-017  0.19591049E-017  0.19591049E-017  0.19591049E-017  0.19591049E-017  0.19591049E-017  0.19591049E-017  0.19591049E-017  0.19591049E-017  0.19591049E-017  0.19591049E-017  0.19591049E-017  0.19591049E-017  0.19591049E-017  0.19591049E-017  0.19591049E-017  0.19591049E-017  0.19591049E-017  0.19591049E-017  0.19591049E-017  0.19591049E-017  0.19591049E-017  0.19591049E-017  0.19591049E-017  0.19591049E-017  0.19591049E-017  0.19591049E-017  0.19591049E-017  0.19591049E-017  0.19591049E-017  0.19591049E-017  0.19591049E-017  0.19591049E-017  0.19591049E-017
  0.69704876E-015  0.69704876E-015  0.69704876E-015  0.69704876E-015  0.69704876E-015  0.69704876E-015  0.69704876E-015  0.69704876E-015  0.69704876E-015  0.69704876E-015  0.69704876E-015  0.69704876E-015  0.69704876E-015  0.69704876E-015  0.69704876E-015  0.69704876E-015  0.69704876E-015  0.69704876E-015  0.69704876E-015  0.69704876E-015  0.69704876E-015  0.69704876E-015  0.69704876E-015  0.69704876E-015  0.69704876E-015  0.69704876E-015  0.69704876E-015  0.69704876E-015  0.69704876E-015  0.69704876E-015  0.69704876E-015  0.69704876E-015  0.69704876E-015  0.69704876E-015  0.69704876E-015
  0.20097355E-012  0.20097355E-012  0.20097355E-012  0.20097355E-012  0.20097355E-012  0.20097355E-012  0.20097355E-012  0.20097355E-012  0.20097355E-012  0.20097355E-012  0.20097355E-012  0.20097355E-012  0.20097355E-012  0.20097355E-012  0.20097355E-012  0.20097355E-012  0.20097355E-012  0.20097355E-012  0.20097355E-012  0.20097355E-012  0.20097355E-012  0.20097355E-012  0.20097355E-012  0.20097355E-012  0.20097355E-012  0.20097355E-012  0.20097355E-012  0.20097355E-012  0.20097355E-012  0.20097355E-012  0.20097355E-012  0.20097355E-012  0.20097355E-012  0.20097355E-012  0.20097355E-012
  0.46771175E-010  0.46771175E-010  0.46771175E-010  0.46771175E-010  0.46771175E-010  0.46771175E-010  0.46771175E-010  0.46771175E-010  0.46771175E-010  0.46771175E-010  0.46771175E-010  0.46771175E-010  0.46771175E-010  0.46771175E-010  0.46771175E-010  0.46771175E-010  0.46771175E-010  0.46771175E-010  0.46771175E-010  0.46771175E-010  0.46771175E-010  0.46771175E-010  0.46771175E-010  0.46771175E-010  0.46771175E-010  0.46771175E-010  0.46771175E-010  0.46771175E-010  0.46771175E-010  0.46771175E-010  0.46771175E-010  0.46771175E-010  0.46771175E-010  0.46771175E-010  0.46771175E-010
  0.86973915E-008  0.86973915E-008  0.86973915E-008  0.86973915E-008  0.86973915E-008  0.86973915E-008  0.86973915E-008  0.86973915E-008  0.86973915E-008  0.86973915E-008  0.86973915E-008  0.86973915E-008  0.86973915E-008  0.86973915E-008  0.86973915E-008  0.86973915E-008  0.86973915E-008  0.86973915E-008  0.86973915E-008  0.86973915E-008  0.86973915E-008  0.86973915E-008  0.86973915E-008  0.86973915E-008  0.86973915E-008  0.86973915E-008  0.86973915E-008  0.86973915E-008  0.86973915E-008  0.86973915E-008  0.86973915E-008  0.86973915E-008  0.86973915E-008  0.86973915E-008  0.86973915E-008
  0.12688282E-005  0.12688282E-005  0.12688282E-005  0.12688282E-005  0.12688282E-005  0.12688282E-005  0.12688282E-005  0.12688282E-005  0.12688282E-005  0.12688282E-005  0.12688282E-005  0.12688282E-005  0.12688282E-005  0.12688282E-005  0.12688282E-005  0.12688282E-005  0.12688282E-005  0.12688282E-005  0.12688282E-005  0.12688282E-005  0.12688282E-005  0.12688282E-005  0.12688282E-005  0.12688282E-005  0.12688282E-005  0.12688282E-005  0.12688282E-005  0.12688282E-005  0.12688282E-005  0.12688282E-005  0.12688282E-005  0.12688282E-005  0.12688282E-005  0.12688282E-005  0.12688282E-005
  0.14077689E-003  0.14077689E-003  0.14077689E-003  0.14077689E-003  0.14077689E-003  0.14077689E-003  0.14077689E-003  0.14077689E-003  0.14077689E-003  0.14077689E-003  0.14077689E-003  0.14077689E-003  0.14077689E-003  0.14077689E-003  0.14077689E-003  0.14077689E-003  0.14077689E-003  0.14077689E-003  0.14077689E-003  0.14077689E-003  0.14077689E-003  0.14077689E-003  0.14077689E-003  0.14077689E-003  0.14077689E-003  0.14077689E-003  0.14077689E-003  0.14077689E-003  0.14077689E-003  0.14077689E-003  0.14077689E-003  0.14077689E-003  0.14077689E-003  0.14077689E-003  0.14077689E-003
  0.11253527E-001  0.11253527E-001  0.11253527E-001  0.11253527E-001  0.11253527E-001  0.11253527E-001  0.11253527E-001  0.11253527E-001  0.11253527E-001  0.11253527E-001  0.11253527E-001  0.11253527E-001  0.11253527E-001  0.11253527E-001  0.11253527E-001  0.11253527E-001  0.11253527E-001  0.11253527E-001  0.11253527E-001  0.11253527E-001  0.11253527E-001  0.11253527E-001  0.11253527E-001  0.11253527E-001  0.11253527E-001  0.11253527E-001  0.11253527E-001  0.11253527E-001  0.11253527E-001  0.11253527E-001  0.11253527E-001  0.11253527E-001  0.11253527E-001  0.11253527E-001  0.11253527E-001
  0.58300215E+000  0.58300215E+000  0.58300215E+000  0.58300215E+000  0.58300215E+000  0.58300215E+000  0.58300215E+000  0.58300215E+000  0.58300215E+000  0.58300215E+000  0.58300215E+000  0.58300215E+000  0.58300215E+000  0.58300215E+000  0.58300215E+000  0.58300215E+000  0.58300215E+000  0.58300215E+000  0.58300215E+000  0.58300215E+000  0.58300215E+000  0.58300215E+000  0.58300215E+000  0.58300215E+000  0.58300215E+000  0.58300215E+000  0.58300215E+000  0.58300215E+000  0.58300215E+000  0.58300215E+000  0.58300215E+000  0.58300215E+000  0.58300215E+000  0.58300215E+000  0.58300215E+000
  0.14809612E+002  0.14809612E+002  0.14809612E+002  0.14809612E+002  0.14809612E+002  0.14809612E+002  0.14809612E+002  0.14809612E+002  0.14809612E+002  0.14809612E+002  0.14809612E+002  0.14809612E+002  0.14809612E+002  0.14809612E+002  0.14809612E+002  0.14809612E+002  0.14809612E+002  0.14809612E+002  0.14809612E+002  0.14809612E+002  0.14809612E+002  0.14809612E+002  0.14809612E+002  0.14809612E+002  0.14809612E+002  0.14809612E+002  0.14809612E+002  0.14809612E+002  0.14809612E+002  0.14809612E+002  0.14809612E+002  0.14809612E+002  0.14809612E+002  0.14809612E+002  0.14809612E+002
 -0.21414214E+002 -0.21414214E+002 -0.21414214E+002 -0.21414214E+002 -0.21414214E+002 -0.21414214E+002 -0.21414214E+002 -0.21414214E+002 -0.21414214E+002 -0.21414214E+002 -0.21414214E+002 -0.21414214E+002 -0.21414214E+002 -0.21414214E+002 -0.21414214E+002 -0.21414214E+002 -0.21414214E+002 -0.21414214E+002 -0.21414214E+002 -0.21414214E+002 -0.21414214E+002 -0.21414214E+002 -0.21414214E+002 -0.21414214E+002 -0.21414214E+002 -0.21414214E+002 -0.21414214E+002 -0.21414214E+002 -0.21414214E+002 -0.21414214E+002 -0.21414214E+002 -0.21414214E+002 -0.21414214E+002 -0.21414214E+002 -0.21414214E+002
 -0.53470276E+001 -0.53470276E+001 -0.53470276E+001 -0.53470276E+001 -0.53470276E+001 -0.53470276E+001 -0.53470276E+001 -0.53470276E+001 -0.53470276E+001 -0.53470276E+001 -0.53470276E+001 -0.53470276E+001 -0.53470276E+001 -0.53470276E+001 -0.53470276E+001 -0.53470276E+001 -0.53470276E+001 -0.53470276E+001 -0.53470275E+001 -0.53470275E+001 -0.53470275E+001 -0.53470274E+001 -0.53470273E+001 -0.53470272E+001 -0.53470272E+001 -0.53470271E+001 -0.53470269E+001 -0.53470268E+001 -0.53470267E+001 -0.53470265E+001 -0.53470263E+001 -0.53470261E+001 -0.53470259E+001 -0.53470257E+001 -0.53470254E+001
 -0.13287980E+003 -0.13287980E+003 -0.13287980E+003 -0.13287980E+003 -0.13287980E+003 -0.13287980E+003 -0.13287980E+003 -0.13287980E+003 -0.13287980E+003 -0.13287980E+003 -0.13287980E+003 -0.13287980E+003 -0.13287980E+003 -0.13287980E+003 -0.13287980E+003 -0.13287980E+003 -0.13287980E+003 -0.13287980E+003 -0.13287980E+003 -0.13287980E+003 -0.13287980E+003 -0.13287979E+003 -0.13287979E+003 -0.13287979E+003 -0.13287979E+003 -0.13287978E+003 -0.13287978E+003 -0.13287978E+003 -0.13287978E+003 -0.13287977E+003 -0.13287977E+003 -0.13287977E+003 -0.13287976E+003 -0.13287976E+003 -0.13287975E+003
 -0.94374923E+000 -0.94374923E+000 -0.94374923E+000 -0.94374923E+000 -0.94374923E+000 -0.94374923E+000 -0.94374922E+000 -0.94374922E+000 -0.94374922E+000 -0.94374922E+000 -0.94374922E+000 -0.94374922E+000 -0.94374922E+000 -0.94374922E+000 -0.94374927E+000 -0.94374934E+000 -0.94374945E+000 -0.94374959E+000 -0.94374976E+000 -0.94374997E+000 -0.94375021E+000 -0.94375046E+000 -0.94375072E+000 -0.94375097E+000 -0.94375119E+000 -0.94375143E+000 -0.94375171E+000 -0.94375202E+000 -0.13870887E+003 -0.12968176E+003 -0.11942142E+003 -0.10790141E+003 -0.94995508E+002 -0.80561567E+002 -0.64434515E+002
