  0.00000000E+000  0.00000000E+000  0.00000000E+000  0.00000000E+000  0.00000000E+000  0.00000000E+000  0.00000000E+000  0.00000000E+000  0.00000000E+000  0.00000000E+000  0.00000000E+000  0.00000000E+000  0.00000000E+000  0.00000000E+000  0.00000000E+000  0.00000000E+000  0.00000000E+000  0.00000000E+000  0.00000000E+000  0.00000000E+000  0.00000000E+000  0.00000000E+000  0.00000000E+000  0.00000000E+000  0.00000000E+000  0.00000000E+000  0.00000000E+000  0.00000000E+000  0.00000000E+000  0.00000000E+000  0.00000000E+000  0.00000000E+000  0.00000000E+000  0.00000000E+000  0.00000000E+000
  0.13973508E-041  0.13973508E-041  0.13973508E-041  0.13973508E-041  0.13973508E-041  0.13973508E-041  0.13973508E-041  0.13973508E-041  0.13973508E-041  0.13973508E-041  0.13973508E-041  0.13973508E-041  0.13973508E-041  0.13973508E-041  0.13973508E-041  0.13973508E-041  0.13973508E-041  0.13973508E-041  0.13973508E-041  0.13973508E-041  0.13973508E-041  0.13973508E-041  0.13973508E-041  0.13973508E-041  0.13973508E-041  0.13973508E-041  0.13973508E-041  0.13973508E-041  0.13973508E-041  0.13973508E-041  0.13973508E-041  0.13973508E-041  0.13973508E-041  0.13973508E-041  0.13973508E-041
  0.11774073E-038  0.11774073E-038  0.11774073E-038  0.11774073E-038  0.11774073E-038  0.11774073E-038  0.11774073E-038  0.11774073E-038  0.11774073E-038  0.11774073E-038  0.11774073E-038  0.11774073E-038  0.11774073E-038  0.11774073E-038  0.11774073E-038  0.11774073E-038  0.11774073E-038  0.11774073E-038  0.11774073E-038  0.11774073E-038  0.11774073E-038  0.11774073E-038  0.11774073E-038  0.11774073E-038  0.11774073E-038  0.11774073E-038  0.11774073E-038  0.11774073E-038  0.11774073E-038  0.11774073E-038  0.11774073E-038  0.11774073E-038  0.11774073E-038  0.11774073E-038  0.11774073E-038
  0.47531738E-036  0.47531738E-036  0.47531738E-036  0.47531738E-036  0.47531738E-036  0.47531738E-036  0.47531738E-036  0.47531738E-036  0.47531738E-036  0.47531738E-036  0.47531738E-036  0.47531738E-036  0.47531738E-036  0.47531738E-036  0.47531738E-036  0.47531738E-036  0.47531738E-036  0.47531738E-036  0.47531738E-036  0.47531738E-036  0.47531738E-036  0.47531738E-036  0.47531738E-036  0.47531738E-036  0.47531738E-036  0.47531738E-036  0.47531738E-036  0.47531738E-036  0.47531738E-036  0.47531738E-036  0.47531738E-036  0.47531738E-036  0.47531738E-036  0.47531738E-036  0.47531738E-036
  0.12224852E-033  0.12224852E-033  0.12224852E-033  0.12224852E-033  0.12224852E-033  0.12224852E-033  0.12224852E-033  0.12224852E-033  0.12224852E-033  0.12224852E-033  0.12224852E-033  0.12224852E-033  0.12224852E-033  0.12224852E-033  0.12224852E-033  0.12224852E-033  0.12224852E-033  0.12224852E-033  0.12224852E-033  0.12224852E-033  0.12224852E-033  0.12224852E-033  0.12224852E-033  0.12224852E-033  0.12224852E-033  0.12224852E-033  0.12224852E-033  0.12224852E-033  0.12224852E-033  0.12224852E-033  0.12224852E-033  0.12224852E-033  0.12224852E-033  0.12224852E-033  0.12224852E-033
  0.22467336E-031  0.22467336E-031  0.22467336E-031  0.22467336E-031  0.22467336E-031  0.22467336E-031  0.22467336E-031  0.22467336E-031  0.22467336E-031  0.22467336E-031  0.22467336E-031  0.22467336E-031  0.22467336E-031  0.22467336E-031  0.22467336E-031  0.22467336E-031  0.22467336E-031  0.22467336E-031  0.22467336E-031  0.22467336E-031  0.22467336E-031  0.22467336E-031  0.22467336E-031  0.22467336E-031  0.22467336E-031  0.22467336E-031  0.22467336E-031  0.22467336E-031  0.22467336E-031  0.22467336E-031  0.22467336E-031  0.22467336E-031  0.22467336E-031  0.22467336E-031  0.22467336E-031
  0.31366676E-029  0.31366676E-029  0.31366676E-029  0.31366676E-029  0.31366676E-029  0.31366676E-029  0.31366676E-029  0.31366676E-029  0.31366676E-029  0.31366676E-029  0.31366676E-029  0.31366676E-029  0.31366676E-029  0.31366676E-029  0.31366676E-029  0.31366676E-029  0.31366676E-029  0.31366676E-029  0.31366676E-029  0.31366676E-029  0.31366676E-029  0.31366676E-029  0.31366676E-029  0.31366676E-029  0.31366676E-029  0.31366676E-029  0.31366676E-029  0.31366676E-029  0.31366676E-029  0.31366676E-029  0.31366676E-029  0.31366676E-029  0.31366676E-029  0.31366676E-029  0.31366676E-029
  0.34519492E-027  0.34519492E-027  0.34519492E-027  0.34519492E-027  0.34519492E-027  0.34519492E-027  0.34519492E-027  0.34519492E-027  0.34519492E-027  0.34519492E-027  0.34519492E-027  0.34519492E-027  0.34519492E-027  0.34519492E-027  0.34519492E-027  0.34519492E-027  0.34519492E-027  0.34519492E-027  0.34519492E-027  0.34519492E-027  0.34519492E-027  0.34519492E-027  0.34519492E-027  0.34519492E-027  0.34519492E-027  0.34519492E-027  0.34519492E-027  0.34519492E-027  0.34519492E-027  0.34519492E-027  0.34519492E-027  0.34519492E-027  0.34519492E-027  0.34519492E-027  0.34519492E-027
  0.30667993E-025  0.30667993E-025  0.30667993E-025  0.30667993E-025  0.30667993E-025  0.30667993E-025  0.30667993E-025  0.30667993E-025  0.30667993E-025  0.30667993E-025  0.30667993E-025  0.30667993E-025  0.30667993E-025  0.30667993E-025  0.30667993E-025  0.30667993E-025  0.30667993E-025  0.30667993E-025  0.30667993E-025  0.30667993E-025  0.30667993E-025  0.30667993E-025  0.30667993E-025  0.30667993E-025  0.30667993E-025  0.30667993E-025  0.30667993E-025  0.30667993E-025  0.30667993E-025  0.30667993E-025  0.30667993E-025  0.30667993E-025  0.30667993E-025  0.30667993E-025  0.30667993E-025
  0.22341819E-023  0.22341819E-023  0.22341819E-023  0.22341819E-023  0.22341819E-023  0.22341819E-023  0.22341819E-023  0.22341819E-023  0.22341819E-023  0.22341819E-023  0.22341819E-023  0.22341819E-023  0.22341819E-023  0.22341819E-023  0.22341819E-023  0.22341819E-023  0.22341819E-023  0.22341819E-023  0.22341819E-023  0.22341819E-023  0.22341819E-023  0.22341819E-023  0.22341819E-023  0.22341819E-023  0.22341819E-023  0.22341819E-023  0.22341819E-023  0.22341819E-023  0.22341819E-023  0.22341819E-023  0.22341819E-023  0.22341819E-023  0.22341819E-023  0.22341819E-023  0.22341819E-023
  0.12175204E-020  0.12175204E-020  0.12175204E-020  0.12175204E-020  0.12175204E-020  0.12175204E-020  0.12175204E-020  0.12175204E-020  0.12175204E-020  0.12175204E-020  0.12175204E-020  0.12175204E-020  0.12175204E-020  0.12175204E-020  0.12175204E-020  0.12175204E-020  0.12175204E-020  0.12175204E-020  0.12175204E-020  0.12175204E-020  0.12175204E-020  0.12175204E-020  0.12175204E-020  0.12175204E-020  0.12175204E-020  0.12175204E-020  0.12175204E-020  0.12175204E-020  0.12175204E-020  0.12175204E-020  0.12175204E-020  0.12175204E-020  0.12175204E-020  0.12175204E-020  0.12175204E-020
  0.53292122E-018  0.53292122E-018  0.53292122E-018  0.53292122E-018  0.53292122E-018  0.53292122E-018  0.53292122E-018  0.53292122E-018  0.53292122E-018  0.53292122E-018  0.53292122E-018  0.53292122E-018  0.53292122E-018  0.53292122E-018  0.53292122E-018  0.53292122E-018  0.53292122E-018  0.53292122E-018  0.53292122E-018  0.53292122E-018  0.53292122E-018  0.53292122E-018  0.53292122E-018  0.53292122E-018  0.53292122E-018  0.53292122E-018  0.53292122E-018  0.53292122E-018  0.53292122E-018  0.53292122E-018  0.53292122E-018  0.53292122E-018  0.53292122E-018  0.53292122E-018  0.53292122E-018
  0.18860814E-015  0.18860814E-015  0.18860814E-015  0.18860814E-015  0.18860814E-015  0.18860814E-015  0.18860814E-015  0.18860814E-015  0.18860814E-015  0.18860814E-015  0.18860814E-015  0.18860814E-015  0.18860814E-015  0.18860814E-015  0.18860814E-015  0.18860814E-015  0.18860814E-015  0.18860814E-015  0.18860814E-015  0.18860814E-015  0.18860814E-015  0.18860814E-015  0.18860814E-015  0.18860814E-015  0.18860814E-015  0.18860814E-015  0.18860814E-015  0.18860814E-015  0.18860814E-015  0.18860814E-015  0.18860814E-015  0.18860814E-015  0.18860814E-015  0.18860814E-015  0.18860814E-015
  0.54037625E-013  0.54037625E-013  0.54037625E-013  0.54037625E-013  0.54037625E-013  0.54037625E-013  0.54037625E-013  0.54037625E-013  0.54037625E-013  0.54037625E-013  0.54037625E-013  0.54037625E-013  0.54037625E-013  0.54037625E-013  0.54037625E-013  0.54037625E-013  0.54037625E-013  0.54037625E-013  0.54037625E-013  0.54037625E-013  0.54037625E-013  0.54037625E-013  0.54037625E-013  0.54037625E-013  0.54037625E-013  0.54037625E-013  0.54037625E-013  0.54037625E-013  0.54037625E-013  0.54037625E-013  0.54037625E-013  0.54037625E-013  0.54037625E-013  0.54037625E-013  0.54037625E-013
  0.12480560E-010  0.12480560E-010  0.12480560E-010  0.12480560E-010  0.12480560E-010  0.12480560E-010  0.12480560E-010  0.12480560E-010  0.12480560E-010  0.12480560E-010  0.12480560E-010  0.12480560E-010  0.12480560E-010  0.12480560E-010  0.12480560E-010  0.12480560E-010  0.12480560E-010  0.12480560E-010  0.12480560E-010  0.12480560E-010  0.12480560E-010  0.12480560E-010  0.12480560E-010  0.12480560E-010  0.12480560E-010  0.12480560E-010  0.12480560E-010  0.12480560E-010  0.12480560E-010  0.12480560E-010  0.12480560E-010  0.12480560E-010  0.12480560E-010  0.12480560E-010  0.12480560E-010
  0.22992886E-008  0.22992886E-008  0.22992886E-008  0.22992886E-008  0.22992886E-008  0.22992886E-008  0.22992886E-008  0.22992886E-008  0.22992886E-008  0.22992886E-008  0.22992886E-008  0.22992886E-008  0.22992886E-008  0.22992886E-008  0.22992886E-008  0.22992886E-008  0.22992886E-008  0.22992886E-008  0.22992886E-008  0.22992886E-008  0.22992886E-008  0.22992886E-008  0.22992886E-008  0.22992886E-008  0.22992886E-008  0.22992886E-008  0.22992886E-008  0.22992886E-008  0.22992886E-008  0.22992886E-008  0.22992886E-008  0.22992886E-008  0.22992886E-008  0.22992886E-008  0.22992886E-008
  0.33152964E-006  0.33152964E-006  0.33152964E-006  0.33152964E-006  0.33152964E-006  0.33152964E-006  0.33152964E-006  0.33152964E-006  0.33152964E-006  0.33152964E-006  0.33152964E-006  0.33152964E-006  0.33152964E-006  0.33152964E-006  0.33152964E-006  0.33152964E-006  0.33152964E-006  0.33152964E-006  0.33152964E-006  0.33152964E-006  0.33152964E-006  0.33152964E-006  0.33152964E-006  0.33152964E-006  0.33152964E-006  0.33152964E-006  0.33152964E-006  0.33152964E-006  0.33152964E-006  0.33152964E-006  0.33152964E-006  0.33152964E-006  0.33152964E-006  0.33152964E-006  0.33152964E-006
  0.36231173E-004  0.36231173E-004  0.36231173E-004  0.36231173E-004  0.36231173E-004  0.36231173E-004  0.36231173E-004  0.36231173E-004  0.36231173E-004  0.36231173E-004  0.36231173E-004  0.36231173E-004  0.36231173E-004  0.36231173E-004  0.36231173E-004  0.36231173E-004  0.36231173E-004  0.36231173E-004  0.36231173E-004  0.36231173E-004  0.36231173E-004  0.36231173E-004  0.36231173E-004  0.36231173E-004  0.36231173E-004  0.36231173E-004  0.36231173E-004  0.36231173E-004  0.36231173E-004  0.36231173E-004  0.36231173E-004  0.36231173E-004  0.36231173E-004  0.36231173E-004  0.36231173E-004
  0.28381072E-002  0.28381072E-002  0.28381072E-002  0.28381072E-002  0.28381072E-002  0.28381072E-002  0.28381072E-002  0.28381072E-002  0.28381072E-002  0.28381072E-002  0.28381072E-002  0.28381072E-002  0.28381072E-002  0.28381072E-002  0.28381072E-002  0.28381072E-002  0.28381072E-002  0.28381072E-002  0.28381072E-002  0.28381072E-002  0.28381072E-002  0.28381072E-002  0.28381072E-002  0.28381072E-002  0.28381072E-002  0.28381072E-002  0.28381072E-002  0.28381072E-002  0.28381072E-002  0.28381072E-002  0.28381072E-002  0.28381072E-002  0.28381072E-002  0.28381072E-002  0.28381072E-002
  0.14288214E+000  0.14288214E+000  0.14288214E+000  0.14288214E+000  0.14288214E+000  0.14288214E+000  0.14288214E+000  0.14288214E+000  0.14288214E+000  0.14288214E+000  0.14288214E+000  0.14288214E+000  0.14288214E+000  0.14288214E+000  0.14288214E+000  0.14288214E+000  0.14288214E+000  0.14288214E+000  0.14288214E+000  0.14288214E+000  0.14288214E+000  0.14288214E+000  0.14288214E+000  0.14288214E+000  0.14288214E+000  0.14288214E+000  0.14288214E+000  0.14288214E+000  0.14288214E+000  0.14288214E+000  0.14288214E+000  0.14288214E+000  0.14288214E+000  0.14288214E+000  0.14288214E+000
  0.34768846E+001  0.34768846E+001  0.34768846E+001  0.34768846E+001  0.34768846E+001  0.34768846E+001  0.34768846E+001  0.34768846E+001  0.34768846E+001  0.34768846E+001  0.34768846E+001  0.34768846E+001  0.34768846E+001  0.34768846E+001  0.34768846E+001  0.34768846E+001  0.34768846E+001  0.34768846E+001  0.34768846E+001  0.34768846E+001  0.34768846E+001  0.34768846E+001  0.34768846E+001  0.34768846E+001  0.34768846E+001  0.34768846E+001  0.34768846E+001  0.34768846E+001  0.34768846E+001  0.34768846E+001  0.34768846E+001  0.34768846E+001  0.34768846E+001  0.34768846E+001  0.34768846E+001
 -0.41297919E+001 -0.41297919E+001 -0.41297919E+001 -0.41297919E+001 -0.41297919E+001 -0.41297919E+001 -0.41297919E+001 -0.41297919E+001 -0.41297919E+001 -0.41297919E+001 -0.41297919E+001 -0.41297919E+001 -0.41297919E+001 -0.41297919E+001 -0.41297919E+001 -0.41297919E+001 -0.41297919E+001 -0.41297919E+001 -0.41297919E+001 -0.41297919E+001 -0.41297919E+001 -0.41297919E+001 -0.41297919E+001 -0.41297919E+001 -0.41297919E+001 -0.41297919E+001 -0.41297919E+001 -0.41297919E+001 -0.41297919E+001 -0.41297919E+001 -0.41297919E+001 -0.41297919E+001 -0.41297919E+001 -0.41297919E+001 -0.41297919E+001
 -0.14279046E+001 -0.14279046E+001 -0.14279046E+001 -0.14279046E+001 -0.14279046E+001 -0.14279046E+001 -0.14279046E+001 -0.14279046E+001 -0.14279046E+001 -0.14279046E+001 -0.14279046E+001 -0.14279046E+001 -0.14279046E+001 -0.14279046E+001 -0.14279046E+001 -0.14279046E+001 -0.14279046E+001 -0.14279046E+001 -0.14279046E+001 -0.14279046E+001 -0.14279046E+001 -0.14279046E+001 -0.14279046E+001 -0.14279046E+001 -0.14279046E+001 -0.14279046E+001 -0.14279046E+001 -0.14279046E+001 -0.14279046E+001 -0.14279046E+001 -0.14279046E+001 -0.14279046E+001 -0.14279046E+001 -0.14279046E+001 -0.14279046E+001
 -0.44442436E+002 -0.44442418E+002 -0.44442249E+002 -0.44441890E+002 -0.44441295E+002 -0.44440430E+002 -0.44439565E+002 -0.44438971E+002 -0.44438787E+002 -0.44438701E+002 -0.44438683E+002 -0.44438673E+002 -0.44438615E+002 -0.44438466E+002 -0.44438466E+002 -0.44438466E+002 -0.44438466E+002 -0.44438466E+002 -0.44438466E+002 -0.44438463E+002 -0.44438460E+002 -0.44438456E+002 -0.44438451E+002 -0.44438446E+002 -0.44438440E+002 -0.44438432E+002 -0.44438424E+002 -0.44438415E+002 -0.44438405E+002 -0.44438394E+002 -0.44438382E+002 -0.44438368E+002 -0.44429856E+002 -0.44420595E+002 -0.44410554E+002
 -0.52626516E+000 -0.52626516E+000 -0.52626516E+000 -0.52626516E+000 -0.52626516E+000 -0.52626516E+000 -0.52626516E+000 -0.70185125E+000 -0.49756838E+000 -0.49795574E+000 -0.49804007E+000 -0.49804007E+000 -0.49804007E+000 -0.49804007E+000 -0.49804008E+000 -0.49804008E+000 -0.49804008E+000 -0.34873464E+001 -0.13354982E+001 -0.13354982E+001 -0.13354981E+001 -0.13354981E+001 -0.13354981E+001 -0.13354981E+001 -0.19869228E+002 -0.12159501E+002 -0.32820886E+001  0.68840983E+001  0.18471424E+002  0.32959236E+002  0.32959236E+002  0.32959237E+002  0.32959237E+002  0.32959237E+002  0.32959237E+002
