  0.00000000E+000  0.00000000E+000  0.00000000E+000  0.00000000E+000  0.00000000E+000  0.00000000E+000  0.00000000E+000  0.00000000E+000  0.00000000E+000  0.00000000E+000  0.00000000E+000  0.00000000E+000  0.00000000E+000  0.00000000E+000  0.00000000E+000  0.00000000E+000  0.00000000E+000  0.00000000E+000  0.00000000E+000  0.00000000E+000  0.00000000E+000  0.00000000E+000  0.00000000E+000  0.00000000E+000  0.00000000E+000  0.00000000E+000  0.00000000E+000  0.00000000E+000  0.00000000E+000  0.00000000E+000  0.00000000E+000  0.00000000E+000  0.00000000E+000  0.00000000E+000  0.00000000E+000
 -0.20967516E-043 -0.20967516E-043 -0.20967516E-043 -0.20967516E-043 -0.20967516E-043 -0.20967516E-043 -0.20967516E-043 -0.20967516E-043 -0.20967516E-043 -0.20967516E-043 -0.20967516E-043 -0.20967516E-043 -0.20967516E-043 -0.20967516E-043 -0.20967516E-043 -0.20967516E-043 -0.20967516E-043 -0.20967516E-043 -0.20967516E-043 -0.20967516E-043 -0.20967516E-043 -0.20967516E-043 -0.20967516E-043 -0.20967516E-043 -0.20967516E-043 -0.20967516E-043 -0.20967516E-043 -0.20967516E-043 -0.20967516E-043 -0.20967516E-043 -0.20967516E-043 -0.20967516E-043 -0.20967516E-043 -0.20967516E-043 -0.20967516E-043
 -0.17816869E-040 -0.17816869E-040 -0.17816869E-040 -0.17816869E-040 -0.17816869E-040 -0.17816869E-040 -0.17816869E-040 -0.17816869E-040 -0.17816869E-040 -0.17816869E-040 -0.17816869E-040 -0.17816869E-040 -0.17816869E-040 -0.17816869E-040 -0.17816869E-040 -0.17816869E-040 -0.17816869E-040 -0.17816869E-040 -0.17816869E-040 -0.17816869E-040 -0.17816869E-040 -0.17816869E-040 -0.17816869E-040 -0.17816869E-040 -0.17816869E-040 -0.17816869E-040 -0.17816869E-040 -0.17816869E-040 -0.17816869E-040 -0.17816869E-040 -0.17816869E-040 -0.17816869E-040 -0.17816869E-040 -0.17816869E-040 -0.17816869E-040
 -0.72596986E-038 -0.72596986E-038 -0.72596986E-038 -0.72596986E-038 -0.72596986E-038 -0.72596986E-038 -0.72596986E-038 -0.72596986E-038 -0.72596986E-038 -0.72596986E-038 -0.72596986E-038 -0.72596986E-038 -0.72596986E-038 -0.72596986E-038 -0.72596986E-038 -0.72596986E-038 -0.72596986E-038 -0.72596986E-038 -0.72596986E-038 -0.72596986E-038 -0.72596986E-038 -0.72596986E-038 -0.72596986E-038 -0.72596986E-038 -0.72596986E-038 -0.72596986E-038 -0.72596986E-038 -0.72596986E-038 -0.72596986E-038 -0.72596986E-038 -0.72596986E-038 -0.72596986E-038 -0.72596986E-038 -0.72596986E-038 -0.72596986E-038
 -0.18863862E-035 -0.18863862E-035 -0.18863862E-035 -0.18863862E-035 -0.18863862E-035 -0.18863862E-035 -0.18863862E-035 -0.18863862E-035 -0.18863862E-035 -0.18863862E-035 -0.18863862E-035 -0.18863862E-035 -0.18863862E-035 -0.18863862E-035 -0.18863862E-035 -0.18863862E-035 -0.18863862E-035 -0.18863862E-035 -0.18863862E-035 -0.18863862E-035 -0.18863862E-035 -0.18863862E-035 -0.18863862E-035 -0.18863862E-035 -0.18863862E-035 -0.18863862E-035 -0.18863862E-035 -0.18863862E-035 -0.18863862E-035 -0.18863862E-035 -0.18863862E-035 -0.18863862E-035 -0.18863862E-035 -0.18863862E-035 -0.18863862E-035
 -0.35065418E-033 -0.35065418E-033 -0.35065418E-033 -0.35065418E-033 -0.35065418E-033 -0.35065418E-033 -0.35065418E-033 -0.35065418E-033 -0.35065418E-033 -0.35065418E-033 -0.35065418E-033 -0.35065418E-033 -0.35065418E-033 -0.35065418E-033 -0.35065418E-033 -0.35065418E-033 -0.35065418E-033 -0.35065418E-033 -0.35065418E-033 -0.35065418E-033 -0.35065418E-033 -0.35065418E-033 -0.35065418E-033 -0.35065418E-033 -0.35065418E-033 -0.35065418E-033 -0.35065418E-033 -0.35065418E-033 -0.35065418E-033 -0.35065418E-033 -0.35065418E-033 -0.35065418E-033 -0.35065418E-033 -0.35065418E-033 -0.35065418E-033
 -0.49579969E-031 -0.49579969E-031 -0.49579969E-031 -0.49579969E-031 -0.49579969E-031 -0.49579969E-031 -0.49579969E-031 -0.49579969E-031 -0.49579969E-031 -0.49579969E-031 -0.49579969E-031 -0.49579969E-031 -0.49579969E-031 -0.49579969E-031 -0.49579969E-031 -0.49579969E-031 -0.49579969E-031 -0.49579969E-031 -0.49579969E-031 -0.49579969E-031 -0.49579969E-031 -0.49579969E-031 -0.49579969E-031 -0.49579969E-031 -0.49579969E-031 -0.49579969E-031 -0.49579969E-031 -0.49579969E-031 -0.49579969E-031 -0.49579969E-031 -0.49579969E-031 -0.49579969E-031 -0.49579969E-031 -0.49579969E-031 -0.49579969E-031
 -0.55345647E-029 -0.55345647E-029 -0.55345647E-029 -0.55345647E-029 -0.55345647E-029 -0.55345647E-029 -0.55345647E-029 -0.55345647E-029 -0.55345647E-029 -0.55345647E-029 -0.55345647E-029 -0.55345647E-029 -0.55345647E-029 -0.55345647E-029 -0.55345647E-029 -0.55345647E-029 -0.55345647E-029 -0.55345647E-029 -0.55345647E-029 -0.55345647E-029 -0.55345647E-029 -0.55345647E-029 -0.55345647E-029 -0.55345647E-029 -0.55345647E-029 -0.55345647E-029 -0.55345647E-029 -0.55345647E-029 -0.55345647E-029 -0.55345647E-029 -0.55345647E-029 -0.55345647E-029 -0.55345647E-029 -0.55345647E-029 -0.55345647E-029
 -0.49967049E-027 -0.49967049E-027 -0.49967049E-027 -0.49967049E-027 -0.49967049E-027 -0.49967049E-027 -0.49967049E-027 -0.49967049E-027 -0.49967049E-027 -0.49967049E-027 -0.49967049E-027 -0.49967049E-027 -0.49967049E-027 -0.49967049E-027 -0.49967049E-027 -0.49967049E-027 -0.49967049E-027 -0.49967049E-027 -0.49967049E-027 -0.49967049E-027 -0.49967049E-027 -0.49967049E-027 -0.49967049E-027 -0.49967049E-027 -0.49967049E-027 -0.49967049E-027 -0.49967049E-027 -0.49967049E-027 -0.49967049E-027 -0.49967049E-027 -0.49967049E-027 -0.49967049E-027 -0.49967049E-027 -0.49967049E-027 -0.49967049E-027
 -0.37072822E-025 -0.37072822E-025 -0.37072822E-025 -0.37072822E-025 -0.37072822E-025 -0.37072822E-025 -0.37072822E-025 -0.37072822E-025 -0.37072822E-025 -0.37072822E-025 -0.37072822E-025 -0.37072822E-025 -0.37072822E-025 -0.37072822E-025 -0.37072822E-025 -0.37072822E-025 -0.37072822E-025 -0.37072822E-025 -0.37072822E-025 -0.37072822E-025 -0.37072822E-025 -0.37072822E-025 -0.37072822E-025 -0.37072822E-025 -0.37072822E-025 -0.37072822E-025 -0.37072822E-025 -0.37072822E-025 -0.37072822E-025 -0.37072822E-025 -0.37072822E-025 -0.37072822E-025 -0.37072822E-025 -0.37072822E-025 -0.37072822E-025
 -0.20637421E-022 -0.20637421E-022 -0.20637421E-022 -0.20637421E-022 -0.20637421E-022 -0.20637421E-022 -0.20637421E-022 -0.20637421E-022 -0.20637421E-022 -0.20637421E-022 -0.20637421E-022 -0.20637421E-022 -0.20637421E-022 -0.20637421E-022 -0.20637421E-022 -0.20637421E-022 -0.20637421E-022 -0.20637421E-022 -0.20637421E-022 -0.20637421E-022 -0.20637421E-022 -0.20637421E-022 -0.20637421E-022 -0.20637421E-022 -0.20637421E-022 -0.20637421E-022 -0.20637421E-022 -0.20637421E-022 -0.20637421E-022 -0.20637421E-022 -0.20637421E-022 -0.20637421E-022 -0.20637421E-022 -0.20637421E-022 -0.20637421E-022
 -0.92600689E-020 -0.92600689E-020 -0.92600689E-020 -0.92600689E-020 -0.92600689E-020 -0.92600689E-020 -0.92600689E-020 -0.92600689E-020 -0.92600689E-020 -0.92600689E-020 -0.92600689E-020 -0.92600689E-020 -0.92600689E-020 -0.92600689E-020 -0.92600689E-020 -0.92600689E-020 -0.92600689E-020 -0.92600689E-020 -0.92600689E-020 -0.92600689E-020 -0.92600689E-020 -0.92600689E-020 -0.92600689E-020 -0.92600689E-020 -0.92600689E-020 -0.92600689E-020 -0.92600689E-020 -0.92600689E-020 -0.92600689E-020 -0.92600689E-020 -0.92600689E-020 -0.92600689E-020 -0.92600689E-020 -0.92600689E-020 -0.92600689E-020
 -0.33747099E-017 -0.33747099E-017 -0.33747099E-017 -0.33747099E-017 -0.33747099E-017 -0.33747099E-017 -0.33747099E-017 -0.33747099E-017 -0.33747099E-017 -0.33747099E-017 -0.33747099E-017 -0.33747099E-017 -0.33747099E-017 -0.33747099E-017 -0.33747099E-017 -0.33747099E-017 -0.33747099E-017 -0.33747099E-017 -0.33747099E-017 -0.33747099E-017 -0.33747099E-017 -0.33747099E-017 -0.33747099E-017 -0.33747099E-017 -0.33747099E-017 -0.33747099E-017 -0.33747099E-017 -0.33747099E-017 -0.33747099E-017 -0.33747099E-017 -0.33747099E-017 -0.33747099E-017 -0.33747099E-017 -0.33747099E-017 -0.33747099E-017
 -0.10014979E-014 -0.10014979E-014 -0.10014979E-014 -0.10014979E-014 -0.10014979E-014 -0.10014979E-014 -0.10014979E-014 -0.10014979E-014 -0.10014979E-014 -0.10014979E-014 -0.10014979E-014 -0.10014979E-014 -0.10014979E-014 -0.10014979E-014 -0.10014979E-014 -0.10014979E-014 -0.10014979E-014 -0.10014979E-014 -0.10014979E-014 -0.10014979E-014 -0.10014979E-014 -0.10014979E-014 -0.10014979E-014 -0.10014979E-014 -0.10014979E-014 -0.10014979E-014 -0.10014979E-014 -0.10014979E-014 -0.10014979E-014 -0.10014979E-014 -0.10014979E-014 -0.10014979E-014 -0.10014979E-014 -0.10014979E-014 -0.10014979E-014
 -0.24149224E-012 -0.24149224E-012 -0.24149224E-012 -0.24149224E-012 -0.24149224E-012 -0.24149224E-012 -0.24149224E-012 -0.24149224E-012 -0.24149224E-012 -0.24149224E-012 -0.24149224E-012 -0.24149224E-012 -0.24149224E-012 -0.24149224E-012 -0.24149224E-012 -0.24149224E-012 -0.24149224E-012 -0.24149224E-012 -0.24149224E-012 -0.24149224E-012 -0.24149224E-012 -0.24149224E-012 -0.24149224E-012 -0.24149224E-012 -0.24149224E-012 -0.24149224E-012 -0.24149224E-012 -0.24149224E-012 -0.24149224E-012 -0.24149224E-012 -0.24149224E-012 -0.24149224E-012 -0.24149224E-012 -0.24149224E-012 -0.24149224E-012
 -0.46965781E-010 -0.46965781E-010 -0.46965781E-010 -0.46965781E-010 -0.46965781E-010 -0.46965781E-010 -0.46965781E-010 -0.46965781E-010 -0.46965781E-010 -0.46965781E-010 -0.46965781E-010 -0.46965781E-010 -0.46965781E-010 -0.46965781E-010 -0.46965781E-010 -0.46965781E-010 -0.46965781E-010 -0.46965781E-010 -0.46965781E-010 -0.46965781E-010 -0.46965781E-010 -0.46965781E-010 -0.46965781E-010 -0.46965781E-010 -0.46965781E-010 -0.46965781E-010 -0.46965781E-010 -0.46965781E-010 -0.46965781E-010 -0.46965781E-010 -0.46965781E-010 -0.46965781E-010 -0.46965781E-010 -0.46965781E-010 -0.46965781E-010
 -0.72656508E-008 -0.72656508E-008 -0.72656508E-008 -0.72656508E-008 -0.72656508E-008 -0.72656508E-008 -0.72656508E-008 -0.72656508E-008 -0.72656508E-008 -0.72656508E-008 -0.72656508E-008 -0.72656508E-008 -0.72656508E-008 -0.72656508E-008 -0.72656508E-008 -0.72656508E-008 -0.72656508E-008 -0.72656508E-008 -0.72656508E-008 -0.72656508E-008 -0.72656508E-008 -0.72656508E-008 -0.72656508E-008 -0.72656508E-008 -0.72656508E-008 -0.72656508E-008 -0.72656508E-008 -0.72656508E-008 -0.72656508E-008 -0.72656508E-008 -0.72656508E-008 -0.72656508E-008 -0.72656508E-008 -0.72656508E-008 -0.72656508E-008
 -0.87385087E-006 -0.87385087E-006 -0.87385087E-006 -0.87385087E-006 -0.87385087E-006 -0.87385087E-006 -0.87385087E-006 -0.87385087E-006 -0.87385087E-006 -0.87385087E-006 -0.87385087E-006 -0.87385087E-006 -0.87385087E-006 -0.87385087E-006 -0.87385087E-006 -0.87385087E-006 -0.87385087E-006 -0.87385087E-006 -0.87385087E-006 -0.87385087E-006 -0.87385087E-006 -0.87385087E-006 -0.87385087E-006 -0.87385087E-006 -0.87385087E-006 -0.87385087E-006 -0.87385087E-006 -0.87385087E-006 -0.87385087E-006 -0.87385087E-006 -0.87385087E-006 -0.87385087E-006 -0.87385087E-006 -0.87385087E-006 -0.87385087E-006
 -0.78711927E-004 -0.78711927E-004 -0.78711927E-004 -0.78711927E-004 -0.78711927E-004 -0.78711927E-004 -0.78711927E-004 -0.78711927E-004 -0.78711927E-004 -0.78711927E-004 -0.78711927E-004 -0.78711927E-004 -0.78711927E-004 -0.78711927E-004 -0.78711927E-004 -0.78711927E-004 -0.78711927E-004 -0.78711927E-004 -0.78711927E-004 -0.78711927E-004 -0.78711927E-004 -0.78711927E-004 -0.78711927E-004 -0.78711927E-004 -0.78711927E-004 -0.78711927E-004 -0.78711927E-004 -0.78711927E-004 -0.78711927E-004 -0.78711927E-004 -0.78711927E-004 -0.78711927E-004 -0.78711927E-004 -0.78711927E-004 -0.78711927E-004
 -0.49794517E-002 -0.49794517E-002 -0.49794517E-002 -0.49794517E-002 -0.49794517E-002 -0.49794517E-002 -0.49794517E-002 -0.49794517E-002 -0.49794517E-002 -0.49794517E-002 -0.49794517E-002 -0.49794517E-002 -0.49794517E-002 -0.49794517E-002 -0.49794517E-002 -0.49794517E-002 -0.49794517E-002 -0.49794517E-002 -0.49794517E-002 -0.49794517E-002 -0.49794517E-002 -0.49794517E-002 -0.49794517E-002 -0.49794517E-002 -0.49794517E-002 -0.49794517E-002 -0.49794517E-002 -0.49794517E-002 -0.49794517E-002 -0.49794517E-002 -0.49794517E-002 -0.49794517E-002 -0.49794517E-002 -0.49794517E-002 -0.49794517E-002
 -0.19505054E+000 -0.19505054E+000 -0.19505054E+000 -0.19505054E+000 -0.19505054E+000 -0.19505054E+000 -0.19505054E+000 -0.19505054E+000 -0.19505054E+000 -0.19505054E+000 -0.19505054E+000 -0.19505054E+000 -0.19505054E+000 -0.19505054E+000 -0.19505054E+000 -0.19505054E+000 -0.19505054E+000 -0.19505054E+000 -0.19505054E+000 -0.19505054E+000 -0.19505054E+000 -0.19505054E+000 -0.19505053E+000 -0.19505053E+000 -0.19505053E+000 -0.19505053E+000 -0.19505053E+000 -0.19505053E+000 -0.19505053E+000 -0.19505053E+000 -0.19505053E+000 -0.19505053E+000 -0.19505053E+000 -0.19505053E+000 -0.19505053E+000
 -0.33833184E+001 -0.33833184E+001 -0.33833184E+001 -0.33833184E+001 -0.33833184E+001 -0.33833184E+001 -0.33833184E+001 -0.33833184E+001 -0.33831901E+001 -0.33831901E+001 -0.33831901E+001 -0.33831835E+001 -0.33831424E+001 -0.33831424E+001 -0.33831424E+001 -0.33831424E+001 -0.33831424E+001 -0.33831423E+001 -0.33831423E+001 -0.33831423E+001 -0.33831423E+001 -0.33831423E+001 -0.33831423E+001 -0.33831423E+001 -0.33831423E+001 -0.33831423E+001 -0.33831423E+001 -0.33831423E+001 -0.33831422E+001 -0.33831422E+001 -0.33831422E+001 -0.33831421E+001 -0.33831421E+001 -0.33831421E+001 -0.33831421E+001
 -0.11647860E+002 -0.11647860E+002 -0.11647860E+002 -0.11647860E+002 -0.11647860E+002 -0.11647860E+002 -0.11647860E+002 -0.11647860E+002 -0.11647860E+002 -0.11647860E+002 -0.11647845E+002 -0.11647834E+002 -0.11647764E+002 -0.11647764E+002 -0.11647764E+002 -0.11647764E+002 -0.11647764E+002 -0.11647764E+002 -0.11647764E+002 -0.11647764E+002 -0.11647764E+002 -0.11647764E+002 -0.11647764E+002 -0.11647764E+002 -0.11647763E+002 -0.11647763E+002 -0.11647763E+002 -0.11647763E+002 -0.11647763E+002 -0.11647763E+002 -0.11647763E+002 -0.11647763E+002 -0.11647763E+002 -0.11647763E+002 -0.11647763E+002
 -0.32856818E+003 -0.32856814E+003 -0.32856795E+003 -0.32856756E+003  0.15887478E+001  0.15891509E+001  0.15897161E+001  0.15902597E+001  0.15905887E+001  0.15907430E+001  0.15907762E+001  0.15907930E+001  0.15908985E+001  0.15911658E+001  0.15916626E+001  0.15924532E+001  0.15935998E+001  0.15951609E+001 -0.32447035E+003 -0.32446817E+003 -0.32446549E+003 -0.32446549E+003 -0.32446549E+003 -0.32446549E+003 -0.32446548E+003 -0.32446548E+003 -0.32446548E+003 -0.32446547E+003 -0.32446547E+003 -0.32446547E+003 -0.32446546E+003 -0.32446546E+003 -0.32446545E+003 -0.32446544E+003 -0.32446544E+003
 -0.20811658E+001 -0.20495309E+001 -0.19356469E+001 -0.16926926E+001 -0.12944788E+001 -0.96965088E+000 -0.51817546E+000 -0.27959306E+000 -0.15618770E+000 -0.98323611E-001 -0.85897863E-001 -0.79568201E-001  0.23717449E-001  0.26035796E-001  0.42292086E-001  0.80385355E-001  0.16389906E+000 -0.35741632E+000 -0.49251144E+000  0.76218793E+000  0.68041040E+000  0.68041040E+000  0.68041040E+000  0.68041038E+000  0.68041036E+000  0.68041036E+000  0.68041034E+000  0.68041031E+000  0.68041028E+000  0.68041008E+000  0.68040994E+000  0.68040975E+000  0.68040956E+000  0.68040937E+000  0.68040921E+000
