  0.00000000E+000  0.00000000E+000  0.00000000E+000  0.00000000E+000  0.00000000E+000  0.00000000E+000  0.00000000E+000  0.00000000E+000  0.00000000E+000  0.00000000E+000  0.00000000E+000  0.00000000E+000  0.00000000E+000  0.00000000E+000  0.00000000E+000  0.00000000E+000  0.00000000E+000  0.00000000E+000  0.00000000E+000  0.00000000E+000  0.00000000E+000  0.00000000E+000  0.00000000E+000  0.00000000E+000  0.00000000E+000  0.00000000E+000  0.00000000E+000  0.00000000E+000  0.00000000E+000  0.00000000E+000  0.00000000E+000  0.00000000E+000  0.00000000E+000  0.00000000E+000  0.00000000E+000
 -0.32272067E-043 -0.32272067E-043 -0.32272067E-043 -0.32272067E-043 -0.32272067E-043 -0.32272067E-043 -0.32272067E-043 -0.32272067E-043 -0.32272067E-043 -0.32272067E-043 -0.32272067E-043 -0.32272067E-043 -0.32272067E-043 -0.32272067E-043 -0.32272067E-043 -0.32272067E-043 -0.32272067E-043 -0.32272067E-043 -0.32272067E-043 -0.32272067E-043 -0.32272067E-043 -0.32272067E-043 -0.32272067E-043 -0.32272067E-043 -0.32272067E-043 -0.32272067E-043 -0.32272067E-043 -0.32272067E-043 -0.32272067E-043 -0.32272067E-043 -0.32272067E-043 -0.32272067E-043 -0.32272067E-043 -0.32272067E-043 -0.32272067E-043
 -0.27283344E-040 -0.27283344E-040 -0.27283344E-040 -0.27283344E-040 -0.27283344E-040 -0.27283344E-040 -0.27283344E-040 -0.27283344E-040 -0.27283344E-040 -0.27283344E-040 -0.27283344E-040 -0.27283344E-040 -0.27283344E-040 -0.27283344E-040 -0.27283344E-040 -0.27283344E-040 -0.27283344E-040 -0.27283344E-040 -0.27283344E-040 -0.27283344E-040 -0.27283344E-040 -0.27283344E-040 -0.27283344E-040 -0.27283344E-040 -0.27283344E-040 -0.27283344E-040 -0.27283344E-040 -0.27283344E-040 -0.27283344E-040 -0.27283344E-040 -0.27283344E-040 -0.27283344E-040 -0.27283344E-040 -0.27283344E-040 -0.27283344E-040
 -0.11056774E-037 -0.11056774E-037 -0.11056774E-037 -0.11056774E-037 -0.11056774E-037 -0.11056774E-037 -0.11056774E-037 -0.11056774E-037 -0.11056774E-037 -0.11056774E-037 -0.11056774E-037 -0.11056774E-037 -0.11056774E-037 -0.11056774E-037 -0.11056774E-037 -0.11056774E-037 -0.11056774E-037 -0.11056774E-037 -0.11056774E-037 -0.11056774E-037 -0.11056774E-037 -0.11056774E-037 -0.11056774E-037 -0.11056774E-037 -0.11056774E-037 -0.11056774E-037 -0.11056774E-037 -0.11056774E-037 -0.11056774E-037 -0.11056774E-037 -0.11056774E-037 -0.11056774E-037 -0.11056774E-037 -0.11056774E-037 -0.11056774E-037
 -0.28564326E-035 -0.28564326E-035 -0.28564326E-035 -0.28564326E-035 -0.28564326E-035 -0.28564326E-035 -0.28564326E-035 -0.28564326E-035 -0.28564326E-035 -0.28564326E-035 -0.28564326E-035 -0.28564326E-035 -0.28564326E-035 -0.28564326E-035 -0.28564326E-035 -0.28564326E-035 -0.28564326E-035 -0.28564326E-035 -0.28564326E-035 -0.28564326E-035 -0.28564326E-035 -0.28564326E-035 -0.28564326E-035 -0.28564326E-035 -0.28564326E-035 -0.28564326E-035 -0.28564326E-035 -0.28564326E-035 -0.28564326E-035 -0.28564326E-035 -0.28564326E-035 -0.28564326E-035 -0.28564326E-035 -0.28564326E-035 -0.28564326E-035
 -0.52768604E-033 -0.52768604E-033 -0.52768604E-033 -0.52768604E-033 -0.52768604E-033 -0.52768604E-033 -0.52768604E-033 -0.52768604E-033 -0.52768604E-033 -0.52768604E-033 -0.52768604E-033 -0.52768604E-033 -0.52768604E-033 -0.52768604E-033 -0.52768604E-033 -0.52768604E-033 -0.52768604E-033 -0.52768604E-033 -0.52768604E-033 -0.52768604E-033 -0.52768604E-033 -0.52768604E-033 -0.52768604E-033 -0.52768604E-033 -0.52768604E-033 -0.52768604E-033 -0.52768604E-033 -0.52768604E-033 -0.52768604E-033 -0.52768604E-033 -0.52768604E-033 -0.52768604E-033 -0.52768604E-033 -0.52768604E-033 -0.52768604E-033
 -0.74114347E-031 -0.74114347E-031 -0.74114347E-031 -0.74114347E-031 -0.74114347E-031 -0.74114347E-031 -0.74114347E-031 -0.74114347E-031 -0.74114347E-031 -0.74114347E-031 -0.74114347E-031 -0.74114347E-031 -0.74114347E-031 -0.74114347E-031 -0.74114347E-031 -0.74114347E-031 -0.74114347E-031 -0.74114347E-031 -0.74114347E-031 -0.74114347E-031 -0.74114347E-031 -0.74114347E-031 -0.74114347E-031 -0.74114347E-031 -0.74114347E-031 -0.74114347E-031 -0.74114347E-031 -0.74114347E-031 -0.74114347E-031 -0.74114347E-031 -0.74114347E-031 -0.74114347E-031 -0.74114347E-031 -0.74114347E-031 -0.74114347E-031
 -0.82138693E-029 -0.82138693E-029 -0.82138693E-029 -0.82138693E-029 -0.82138693E-029 -0.82138693E-029 -0.82138693E-029 -0.82138693E-029 -0.82138693E-029 -0.82138693E-029 -0.82138693E-029 -0.82138693E-029 -0.82138693E-029 -0.82138693E-029 -0.82138693E-029 -0.82138693E-029 -0.82138693E-029 -0.82138693E-029 -0.82138693E-029 -0.82138693E-029 -0.82138693E-029 -0.82138693E-029 -0.82138693E-029 -0.82138693E-029 -0.82138693E-029 -0.82138693E-029 -0.82138693E-029 -0.82138693E-029 -0.82138693E-029 -0.82138693E-029 -0.82138693E-029 -0.82138693E-029 -0.82138693E-029 -0.82138693E-029 -0.82138693E-029
 -0.73578895E-027 -0.73578895E-027 -0.73578895E-027 -0.73578895E-027 -0.73578895E-027 -0.73578895E-027 -0.73578895E-027 -0.73578895E-027 -0.73578895E-027 -0.73578895E-027 -0.73578895E-027 -0.73578895E-027 -0.73578895E-027 -0.73578895E-027 -0.73578895E-027 -0.73578895E-027 -0.73578895E-027 -0.73578895E-027 -0.73578895E-027 -0.73578895E-027 -0.73578895E-027 -0.73578895E-027 -0.73578895E-027 -0.73578895E-027 -0.73578895E-027 -0.73578895E-027 -0.73578895E-027 -0.73578895E-027 -0.73578895E-027 -0.73578895E-027 -0.73578895E-027 -0.73578895E-027 -0.73578895E-027 -0.73578895E-027 -0.73578895E-027
 -0.54129066E-025 -0.54129066E-025 -0.54129066E-025 -0.54129066E-025 -0.54129066E-025 -0.54129066E-025 -0.54129066E-025 -0.54129066E-025 -0.54129066E-025 -0.54129066E-025 -0.54129066E-025 -0.54129066E-025 -0.54129066E-025 -0.54129066E-025 -0.54129066E-025 -0.54129066E-025 -0.54129066E-025 -0.54129066E-025 -0.54129066E-025 -0.54129066E-025 -0.54129066E-025 -0.54129066E-025 -0.54129066E-025 -0.54129066E-025 -0.54129066E-025 -0.54129066E-025 -0.54129066E-025 -0.54129066E-025 -0.54129066E-025 -0.54129066E-025 -0.54129066E-025 -0.54129066E-025 -0.54129066E-025 -0.54129066E-025 -0.54129066E-025
 -0.29849300E-022 -0.29849300E-022 -0.29849300E-022 -0.29849300E-022 -0.29849300E-022 -0.29849300E-022 -0.29849300E-022 -0.29849300E-022 -0.29849300E-022 -0.29849300E-022 -0.29849300E-022 -0.29849300E-022 -0.29849300E-022 -0.29849300E-022 -0.29849300E-022 -0.29849300E-022 -0.29849300E-022 -0.29849300E-022 -0.29849300E-022 -0.29849300E-022 -0.29849300E-022 -0.29849300E-022 -0.29849300E-022 -0.29849300E-022 -0.29849300E-022 -0.29849300E-022 -0.29849300E-022 -0.29849300E-022 -0.29849300E-022 -0.29849300E-022 -0.29849300E-022 -0.29849300E-022 -0.29849300E-022 -0.29849300E-022 -0.29849300E-022
 -0.13254957E-019 -0.13254957E-019 -0.13254957E-019 -0.13254957E-019 -0.13254957E-019 -0.13254957E-019 -0.13254957E-019 -0.13254957E-019 -0.13254957E-019 -0.13254957E-019 -0.13254957E-019 -0.13254957E-019 -0.13254957E-019 -0.13254957E-019 -0.13254957E-019 -0.13254957E-019 -0.13254957E-019 -0.13254957E-019 -0.13254957E-019 -0.13254957E-019 -0.13254957E-019 -0.13254957E-019 -0.13254957E-019 -0.13254957E-019 -0.13254957E-019 -0.13254957E-019 -0.13254957E-019 -0.13254957E-019 -0.13254957E-019 -0.13254957E-019 -0.13254957E-019 -0.13254957E-019 -0.13254957E-019 -0.13254957E-019 -0.13254957E-019
 -0.47753512E-017 -0.47753512E-017 -0.47753512E-017 -0.47753512E-017 -0.47753512E-017 -0.47753512E-017 -0.47753512E-017 -0.47753512E-017 -0.47753512E-017 -0.47753512E-017 -0.47753512E-017 -0.47753512E-017 -0.47753512E-017 -0.47753512E-017 -0.47753512E-017 -0.47753512E-017 -0.47753512E-017 -0.47753512E-017 -0.47753512E-017 -0.47753512E-017 -0.47753512E-017 -0.47753512E-017 -0.47753512E-017 -0.47753512E-017 -0.47753512E-017 -0.47753512E-017 -0.47753512E-017 -0.47753512E-017 -0.47753512E-017 -0.47753512E-017 -0.47753512E-017 -0.47753512E-017 -0.47753512E-017 -0.47753512E-017 -0.47753512E-017
 -0.13992006E-014 -0.13992006E-014 -0.13992006E-014 -0.13992006E-014 -0.13992006E-014 -0.13992006E-014 -0.13992006E-014 -0.13992006E-014 -0.13992006E-014 -0.13992006E-014 -0.13992006E-014 -0.13992006E-014 -0.13992006E-014 -0.13992006E-014 -0.13992006E-014 -0.13992006E-014 -0.13992006E-014 -0.13992006E-014 -0.13992006E-014 -0.13992006E-014 -0.13992006E-014 -0.13992006E-014 -0.13992006E-014 -0.13992006E-014 -0.13992006E-014 -0.13992006E-014 -0.13992006E-014 -0.13992006E-014 -0.13992006E-014 -0.13992006E-014 -0.13992006E-014 -0.13992006E-014 -0.13992006E-014 -0.13992006E-014 -0.13992006E-014
 -0.33266148E-012 -0.33266148E-012 -0.33266148E-012 -0.33266148E-012 -0.33266148E-012 -0.33266148E-012 -0.33266148E-012 -0.33266148E-012 -0.33266148E-012 -0.33266148E-012 -0.33266148E-012 -0.33266148E-012 -0.33266148E-012 -0.33266148E-012 -0.33266148E-012 -0.33266148E-012 -0.33266148E-012 -0.33266148E-012 -0.33266148E-012 -0.33266148E-012 -0.33266148E-012 -0.33266148E-012 -0.33266148E-012 -0.33266148E-012 -0.33266148E-012 -0.33266148E-012 -0.33266148E-012 -0.33266148E-012 -0.33266148E-012 -0.33266148E-012 -0.33266148E-012 -0.33266148E-012 -0.33266148E-012 -0.33266148E-012 -0.33266148E-012
 -0.63704364E-010 -0.63704364E-010 -0.63704364E-010 -0.63704364E-010 -0.63704364E-010 -0.63704364E-010 -0.63704364E-010 -0.63704364E-010 -0.63704364E-010 -0.63704364E-010 -0.63704364E-010 -0.63704364E-010 -0.63704364E-010 -0.63704364E-010 -0.63704364E-010 -0.63704364E-010 -0.63704364E-010 -0.63704364E-010 -0.63704364E-010 -0.63704364E-010 -0.63704364E-010 -0.63704364E-010 -0.63704364E-010 -0.63704364E-010 -0.63704364E-010 -0.63704364E-010 -0.63704364E-010 -0.63704364E-010 -0.63704364E-010 -0.63704364E-010 -0.63704364E-010 -0.63704364E-010 -0.63704364E-010 -0.63704364E-010 -0.63704364E-010
 -0.96952352E-008 -0.96952352E-008 -0.96952352E-008 -0.96952352E-008 -0.96952352E-008 -0.96952352E-008 -0.96952352E-008 -0.96952352E-008 -0.96952352E-008 -0.96952352E-008 -0.96952352E-008 -0.96952352E-008 -0.96952352E-008 -0.96952352E-008 -0.96952352E-008 -0.96952352E-008 -0.96952352E-008 -0.96952352E-008 -0.96952352E-008 -0.96952352E-008 -0.96952352E-008 -0.96952352E-008 -0.96952352E-008 -0.96952352E-008 -0.96952352E-008 -0.96952352E-008 -0.96952352E-008 -0.96952352E-008 -0.96952352E-008 -0.96952352E-008 -0.96952352E-008 -0.96952352E-008 -0.96952352E-008 -0.96952352E-008 -0.96952352E-008
 -0.11479854E-005 -0.11479854E-005 -0.11479854E-005 -0.11479854E-005 -0.11479854E-005 -0.11479854E-005 -0.11479854E-005 -0.11479854E-005 -0.11479854E-005 -0.11479854E-005 -0.11479854E-005 -0.11479854E-005 -0.11479854E-005 -0.11479854E-005 -0.11479854E-005 -0.11479854E-005 -0.11479854E-005 -0.11479854E-005 -0.11479854E-005 -0.11479854E-005 -0.11479854E-005 -0.11479854E-005 -0.11479854E-005 -0.11479854E-005 -0.11479854E-005 -0.11479854E-005 -0.11479854E-005 -0.11479854E-005 -0.11479854E-005 -0.11479854E-005 -0.11479854E-005 -0.11479854E-005 -0.11479854E-005 -0.11479854E-005 -0.11479854E-005
 -0.10242086E-003 -0.10242086E-003 -0.10242086E-003 -0.10242086E-003 -0.10242086E-003 -0.10242086E-003 -0.10242086E-003 -0.10242086E-003 -0.10242086E-003 -0.10242086E-003 -0.10242086E-003 -0.10242086E-003 -0.10242086E-003 -0.10242086E-003 -0.10242086E-003 -0.10242086E-003 -0.10242086E-003 -0.10242086E-003 -0.10242086E-003 -0.10242086E-003 -0.10242086E-003 -0.10242086E-003 -0.10242086E-003 -0.10242086E-003 -0.10242086E-003 -0.10242086E-003 -0.10242086E-003 -0.10242086E-003 -0.10242086E-003 -0.10242086E-003 -0.10242086E-003 -0.10242086E-003 -0.10242086E-003 -0.10242086E-003 -0.10242086E-003
 -0.65737849E-002 -0.65737849E-002 -0.65737849E-002 -0.65737849E-002 -0.65737849E-002 -0.65737849E-002 -0.65737849E-002 -0.65737849E-002 -0.65737849E-002 -0.65737849E-002 -0.65737849E-002 -0.65737849E-002 -0.65737849E-002 -0.65737849E-002 -0.65737849E-002 -0.65737849E-002 -0.65737849E-002 -0.65737849E-002 -0.65737849E-002 -0.65737849E-002 -0.65737849E-002 -0.65737849E-002 -0.65737849E-002 -0.65737849E-002 -0.65737849E-002 -0.65737849E-002 -0.65737849E-002 -0.65737849E-002 -0.65737849E-002 -0.65737849E-002 -0.65737849E-002 -0.65737849E-002 -0.65737849E-002 -0.65737849E-002 -0.65737849E-002
 -0.28677825E+000 -0.28677825E+000 -0.28677825E+000 -0.28677825E+000 -0.28677825E+000 -0.28677825E+000 -0.28677825E+000 -0.28677825E+000 -0.28677825E+000 -0.28677825E+000 -0.28677825E+000 -0.28677825E+000 -0.28677825E+000 -0.28677825E+000 -0.28677825E+000 -0.28677825E+000 -0.28677825E+000 -0.28677825E+000 -0.28677825E+000 -0.28677825E+000 -0.28677825E+000 -0.28677825E+000 -0.28677825E+000 -0.28677825E+000 -0.28677825E+000 -0.28677825E+000 -0.28677825E+000 -0.28677825E+000 -0.28677825E+000 -0.28677825E+000 -0.28677825E+000 -0.28677825E+000 -0.28677825E+000 -0.28677825E+000 -0.28677825E+000
 -0.84548162E+001 -0.84548162E+001 -0.84548162E+001 -0.84548162E+001 -0.84548162E+001 -0.84548162E+001 -0.84548162E+001 -0.84548162E+001 -0.84548162E+001 -0.84548162E+001 -0.84548162E+001 -0.84548162E+001 -0.84548162E+001 -0.84548162E+001 -0.84548162E+001 -0.84548162E+001 -0.84548162E+001 -0.84548162E+001 -0.84548162E+001 -0.84548162E+001 -0.84548162E+001 -0.84548162E+001 -0.84548162E+001 -0.84548162E+001 -0.84548162E+001 -0.84548162E+001 -0.84548162E+001 -0.84548162E+001 -0.84548162E+001 -0.84548162E+001 -0.84548162E+001 -0.84548162E+001 -0.84548162E+001 -0.84548162E+001 -0.84548161E+001
 -0.25054954E+003 -0.25054949E+003 -0.25054926E+003 -0.25054878E+003 -0.25054798E+003 -0.25054682E+003 -0.25054565E+003 -0.25054485E+003 -0.25054437E+003 -0.25054414E+003 -0.25054409E+003 -0.25054407E+003 -0.25054391E+003 -0.25054391E+003 -0.25054391E+003 -0.25054391E+003 -0.25054391E+003 -0.25054391E+003 -0.25054391E+003 -0.25054391E+003 -0.25054391E+003 -0.25054391E+003 -0.25054391E+003 -0.25054391E+003 -0.25054390E+003 -0.25054390E+003 -0.25054390E+003 -0.25054390E+003 -0.25054389E+003 -0.25054389E+003 -0.25054389E+003 -0.25054388E+003 -0.25054388E+003 -0.25054387E+003 -0.25054387E+003
  0.55863547E-001  0.55863547E-001  0.55863547E-001  0.55863547E-001  0.55863547E-001  0.55863547E-001  0.55863547E-001  0.30840055E-002  0.33197952E-002  0.34303746E-002  0.34541208E-002  0.34662170E-002  0.35417672E-002  0.35417672E-002  0.35417672E-002  0.35417673E-002  0.35417673E-002  0.35417674E-002  0.35417675E-002  0.35416960E-002  0.35416081E-002  0.35415023E-002  0.35413771E-002  0.35412309E-002  0.35410623E-002  0.35408699E-002  0.35406521E-002  0.35404076E-002  0.35401351E-002  0.35398330E-002  0.35395000E-002  0.35391348E-002  0.35387358E-002  0.35383018E-002  0.35378388E-002
  0.35210755E-002  0.35210755E-002  0.35210755E-002 -0.20663412E+001 -0.15384488E+001 -0.76884730E+000  0.19437536E-002 -0.41809684E+000 -0.97571672E-001 -0.10664103E-001  0.35041959E-002  0.35041959E-002  0.35041959E-002  0.35041959E-002  0.35041959E-002  0.35041959E-002  0.35041959E-002  0.35041959E-002  0.35041958E-002  0.35041936E-002  0.35041920E-002  0.35041917E-002  0.35041914E-002  0.35041911E-002  0.35041908E-002  0.35041907E-002  0.35041906E-002  0.35041904E-002  0.35041873E-002  0.35040180E-002  0.35038368E-002  0.35036449E-002  0.35034507E-002  0.35032491E-002  0.35030416E-002
