  0.00000000E+000  0.00000000E+000  0.00000000E+000  0.00000000E+000  0.00000000E+000  0.00000000E+000  0.00000000E+000  0.00000000E+000  0.00000000E+000  0.00000000E+000  0.00000000E+000  0.00000000E+000  0.00000000E+000  0.00000000E+000  0.00000000E+000  0.00000000E+000  0.00000000E+000  0.00000000E+000  0.00000000E+000  0.00000000E+000  0.00000000E+000  0.00000000E+000  0.00000000E+000  0.00000000E+000  0.00000000E+000  0.00000000E+000  0.00000000E+000  0.00000000E+000  0.00000000E+000  0.00000000E+000  0.00000000E+000  0.00000000E+000  0.00000000E+000  0.00000000E+000  0.00000000E+000
 -0.20955730E-042 -0.20955730E-042 -0.20955730E-042 -0.20955730E-042 -0.20955730E-042 -0.20955730E-042 -0.20955730E-042 -0.20955730E-042 -0.20955730E-042 -0.20955730E-042 -0.20955730E-042 -0.20955730E-042 -0.20955730E-042 -0.20955730E-042 -0.20955730E-042 -0.20955730E-042 -0.20955730E-042 -0.20955730E-042 -0.20955730E-042 -0.20955730E-042 -0.20955730E-042 -0.20955730E-042 -0.20955730E-042 -0.20955730E-042 -0.20955730E-042 -0.20955730E-042 -0.20955730E-042 -0.20955730E-042 -0.20955730E-042 -0.20955730E-042 -0.20955730E-042 -0.20955730E-042 -0.20955730E-042 -0.20955730E-042 -0.20955730E-042
 -0.17766952E-039 -0.17766952E-039 -0.17766952E-039 -0.17766952E-039 -0.17766952E-039 -0.17766952E-039 -0.17766952E-039 -0.17766952E-039 -0.17766952E-039 -0.17766952E-039 -0.17766952E-039 -0.17766952E-039 -0.17766952E-039 -0.17766952E-039 -0.17766952E-039 -0.17766952E-039 -0.17766952E-039 -0.17766952E-039 -0.17766952E-039 -0.17766952E-039 -0.17766952E-039 -0.17766952E-039 -0.17766952E-039 -0.17766952E-039 -0.17766952E-039 -0.17766952E-039 -0.17766952E-039 -0.17766952E-039 -0.17766952E-039 -0.17766952E-039 -0.17766952E-039 -0.17766952E-039 -0.17766952E-039 -0.17766952E-039 -0.17766952E-039
 -0.72208807E-037 -0.72208807E-037 -0.72208807E-037 -0.72208807E-037 -0.72208807E-037 -0.72208807E-037 -0.72208807E-037 -0.72208807E-037 -0.72208807E-037 -0.72208807E-037 -0.72208807E-037 -0.72208807E-037 -0.72208807E-037 -0.72208807E-037 -0.72208807E-037 -0.72208807E-037 -0.72208807E-037 -0.72208807E-037 -0.72208807E-037 -0.72208807E-037 -0.72208807E-037 -0.72208807E-037 -0.72208807E-037 -0.72208807E-037 -0.72208807E-037 -0.72208807E-037 -0.72208807E-037 -0.72208807E-037 -0.72208807E-037 -0.72208807E-037 -0.72208807E-037 -0.72208807E-037 -0.72208807E-037 -0.72208807E-037 -0.72208807E-037
 -0.18708382E-034 -0.18708382E-034 -0.18708382E-034 -0.18708382E-034 -0.18708382E-034 -0.18708382E-034 -0.18708382E-034 -0.18708382E-034 -0.18708382E-034 -0.18708382E-034 -0.18708382E-034 -0.18708382E-034 -0.18708382E-034 -0.18708382E-034 -0.18708382E-034 -0.18708382E-034 -0.18708382E-034 -0.18708382E-034 -0.18708382E-034 -0.18708382E-034 -0.18708382E-034 -0.18708382E-034 -0.18708382E-034 -0.18708382E-034 -0.18708382E-034 -0.18708382E-034 -0.18708382E-034 -0.18708382E-034 -0.18708382E-034 -0.18708382E-034 -0.18708382E-034 -0.18708382E-034 -0.18708382E-034 -0.18708382E-034 -0.18708382E-034
 -0.34660749E-032 -0.34660749E-032 -0.34660749E-032 -0.34660749E-032 -0.34660749E-032 -0.34660749E-032 -0.34660749E-032 -0.34660749E-032 -0.34660749E-032 -0.34660749E-032 -0.34660749E-032 -0.34660749E-032 -0.34660749E-032 -0.34660749E-032 -0.34660749E-032 -0.34660749E-032 -0.34660749E-032 -0.34660749E-032 -0.34660749E-032 -0.34660749E-032 -0.34660749E-032 -0.34660749E-032 -0.34660749E-032 -0.34660749E-032 -0.34660749E-032 -0.34660749E-032 -0.34660749E-032 -0.34660749E-032 -0.34660749E-032 -0.34660749E-032 -0.34660749E-032 -0.34660749E-032 -0.34660749E-032 -0.34660749E-032 -0.34660749E-032
 -0.48821063E-030 -0.48821063E-030 -0.48821063E-030 -0.48821063E-030 -0.48821063E-030 -0.48821063E-030 -0.48821063E-030 -0.48821063E-030 -0.48821063E-030 -0.48821063E-030 -0.48821063E-030 -0.48821063E-030 -0.48821063E-030 -0.48821063E-030 -0.48821063E-030 -0.48821063E-030 -0.48821063E-030 -0.48821063E-030 -0.48821063E-030 -0.48821063E-030 -0.48821063E-030 -0.48821063E-030 -0.48821063E-030 -0.48821063E-030 -0.48821063E-030 -0.48821063E-030 -0.48821063E-030 -0.48821063E-030 -0.48821063E-030 -0.48821063E-030 -0.48821063E-030 -0.48821063E-030 -0.48821063E-030 -0.48821063E-030 -0.48821063E-030
 -0.54259655E-028 -0.54259655E-028 -0.54259655E-028 -0.54259655E-028 -0.54259655E-028 -0.54259655E-028 -0.54259655E-028 -0.54259655E-028 -0.54259655E-028 -0.54259655E-028 -0.54259655E-028 -0.54259655E-028 -0.54259655E-028 -0.54259655E-028 -0.54259655E-028 -0.54259655E-028 -0.54259655E-028 -0.54259655E-028 -0.54259655E-028 -0.54259655E-028 -0.54259655E-028 -0.54259655E-028 -0.54259655E-028 -0.54259655E-028 -0.54259655E-028 -0.54259655E-028 -0.54259655E-028 -0.54259655E-028 -0.54259655E-028 -0.54259655E-028 -0.54259655E-028 -0.54259655E-028 -0.54259655E-028 -0.54259655E-028 -0.54259655E-028
 -0.48738475E-026 -0.48738475E-026 -0.48738475E-026 -0.48738475E-026 -0.48738475E-026 -0.48738475E-026 -0.48738475E-026 -0.48738475E-026 -0.48738475E-026 -0.48738475E-026 -0.48738475E-026 -0.48738475E-026 -0.48738475E-026 -0.48738475E-026 -0.48738475E-026 -0.48738475E-026 -0.48738475E-026 -0.48738475E-026 -0.48738475E-026 -0.48738475E-026 -0.48738475E-026 -0.48738475E-026 -0.48738475E-026 -0.48738475E-026 -0.48738475E-026 -0.48738475E-026 -0.48738475E-026 -0.48738475E-026 -0.48738475E-026 -0.48738475E-026 -0.48738475E-026 -0.48738475E-026 -0.48738475E-026 -0.48738475E-026 -0.48738475E-026
 -0.35948294E-024 -0.35948294E-024 -0.35948294E-024 -0.35948294E-024 -0.35948294E-024 -0.35948294E-024 -0.35948294E-024 -0.35948294E-024 -0.35948294E-024 -0.35948294E-024 -0.35948294E-024 -0.35948294E-024 -0.35948294E-024 -0.35948294E-024 -0.35948294E-024 -0.35948294E-024 -0.35948294E-024 -0.35948294E-024 -0.35948294E-024 -0.35948294E-024 -0.35948294E-024 -0.35948294E-024 -0.35948294E-024 -0.35948294E-024 -0.35948294E-024 -0.35948294E-024 -0.35948294E-024 -0.35948294E-024 -0.35948294E-024 -0.35948294E-024 -0.35948294E-024 -0.35948294E-024 -0.35948294E-024 -0.35948294E-024 -0.35948294E-024
 -0.19871296E-021 -0.19871296E-021 -0.19871296E-021 -0.19871296E-021 -0.19871296E-021 -0.19871296E-021 -0.19871296E-021 -0.19871296E-021 -0.19871296E-021 -0.19871296E-021 -0.19871296E-021 -0.19871296E-021 -0.19871296E-021 -0.19871296E-021 -0.19871296E-021 -0.19871296E-021 -0.19871296E-021 -0.19871296E-021 -0.19871296E-021 -0.19871296E-021 -0.19871296E-021 -0.19871296E-021 -0.19871296E-021 -0.19871296E-021 -0.19871296E-021 -0.19871296E-021 -0.19871296E-021 -0.19871296E-021 -0.19871296E-021 -0.19871296E-021 -0.19871296E-021 -0.19871296E-021 -0.19871296E-021 -0.19871296E-021 -0.19871296E-021
 -0.88420057E-019 -0.88420057E-019 -0.88420057E-019 -0.88420057E-019 -0.88420057E-019 -0.88420057E-019 -0.88420057E-019 -0.88420057E-019 -0.88420057E-019 -0.88420057E-019 -0.88420057E-019 -0.88420057E-019 -0.88420057E-019 -0.88420057E-019 -0.88420057E-019 -0.88420057E-019 -0.88420057E-019 -0.88420057E-019 -0.88420057E-019 -0.88420057E-019 -0.88420057E-019 -0.88420057E-019 -0.88420057E-019 -0.88420057E-019 -0.88420057E-019 -0.88420057E-019 -0.88420057E-019 -0.88420057E-019 -0.88420057E-019 -0.88420057E-019 -0.88420057E-019 -0.88420057E-019 -0.88420057E-019 -0.88420057E-019 -0.88420057E-019
 -0.31899682E-016 -0.31899682E-016 -0.31899682E-016 -0.31899682E-016 -0.31899682E-016 -0.31899682E-016 -0.31899682E-016 -0.31899682E-016 -0.31899682E-016 -0.31899682E-016 -0.31899682E-016 -0.31899682E-016 -0.31899682E-016 -0.31899682E-016 -0.31899682E-016 -0.31899682E-016 -0.31899682E-016 -0.31899682E-016 -0.31899682E-016 -0.31899682E-016 -0.31899682E-016 -0.31899682E-016 -0.31899682E-016 -0.31899682E-016 -0.31899682E-016 -0.31899682E-016 -0.31899682E-016 -0.31899682E-016 -0.31899682E-016 -0.31899682E-016 -0.31899682E-016 -0.31899682E-016 -0.31899682E-016 -0.31899682E-016 -0.31899682E-016
 -0.93500464E-014 -0.93500464E-014 -0.93500464E-014 -0.93500464E-014 -0.93500464E-014 -0.93500464E-014 -0.93500464E-014 -0.93500464E-014 -0.93500464E-014 -0.93500464E-014 -0.93500464E-014 -0.93500464E-014 -0.93500464E-014 -0.93500464E-014 -0.93500464E-014 -0.93500464E-014 -0.93500464E-014 -0.93500464E-014 -0.93500464E-014 -0.93500464E-014 -0.93500464E-014 -0.93500464E-014 -0.93500464E-014 -0.93500464E-014 -0.93500464E-014 -0.93500464E-014 -0.93500464E-014 -0.93500464E-014 -0.93500464E-014 -0.93500464E-014 -0.93500464E-014 -0.93500464E-014 -0.93500464E-014 -0.93500464E-014 -0.93500464E-014
 -0.22197653E-011 -0.22197653E-011 -0.22197653E-011 -0.22197653E-011 -0.22197653E-011 -0.22197653E-011 -0.22197653E-011 -0.22197653E-011 -0.22197653E-011 -0.22197653E-011 -0.22197653E-011 -0.22197653E-011 -0.22197653E-011 -0.22197653E-011 -0.22197653E-011 -0.22197653E-011 -0.22197653E-011 -0.22197653E-011 -0.22197653E-011 -0.22197653E-011 -0.22197653E-011 -0.22197653E-011 -0.22197653E-011 -0.22197653E-011 -0.22197653E-011 -0.22197653E-011 -0.22197653E-011 -0.22197653E-011 -0.22197653E-011 -0.22197653E-011 -0.22197653E-011 -0.22197653E-011 -0.22197653E-011 -0.22197653E-011 -0.22197653E-011
 -0.42311085E-009 -0.42311085E-009 -0.42311085E-009 -0.42311085E-009 -0.42311085E-009 -0.42311085E-009 -0.42311085E-009 -0.42311085E-009 -0.42311085E-009 -0.42311085E-009 -0.42311085E-009 -0.42311085E-009 -0.42311085E-009 -0.42311085E-009 -0.42311085E-009 -0.42311085E-009 -0.42311085E-009 -0.42311085E-009 -0.42311085E-009 -0.42311085E-009 -0.42311085E-009 -0.42311085E-009 -0.42311085E-009 -0.42311085E-009 -0.42311085E-009 -0.42311085E-009 -0.42311085E-009 -0.42311085E-009 -0.42311085E-009 -0.42311085E-009 -0.42311085E-009 -0.42311085E-009 -0.42311085E-009 -0.42311085E-009 -0.42311085E-009
 -0.63712017E-007 -0.63712017E-007 -0.63712017E-007 -0.63712017E-007 -0.63712017E-007 -0.63712017E-007 -0.63712017E-007 -0.63712017E-007 -0.63712017E-007 -0.63712017E-007 -0.63712017E-007 -0.63712017E-007 -0.63712017E-007 -0.63712017E-007 -0.63712017E-007 -0.63712017E-007 -0.63712017E-007 -0.63712017E-007 -0.63712017E-007 -0.63712017E-007 -0.63712017E-007 -0.63712017E-007 -0.63712017E-007 -0.63712017E-007 -0.63712017E-007 -0.63712017E-007 -0.63712017E-007 -0.63712017E-007 -0.63712017E-007 -0.63712017E-007 -0.63712017E-007 -0.63712017E-007 -0.63712017E-007 -0.63712017E-007 -0.63712017E-007
 -0.73746328E-005 -0.73746328E-005 -0.73746328E-005 -0.73746328E-005 -0.73746328E-005 -0.73746328E-005 -0.73746328E-005 -0.73746328E-005 -0.73746328E-005 -0.73746328E-005 -0.73746328E-005 -0.73746328E-005 -0.73746328E-005 -0.73746328E-005 -0.73746328E-005 -0.73746328E-005 -0.73746328E-005 -0.73746328E-005 -0.73746328E-005 -0.73746328E-005 -0.73746328E-005 -0.73746328E-005 -0.73746328E-005 -0.73746328E-005 -0.73746328E-005 -0.73746328E-005 -0.73746328E-005 -0.73746328E-005 -0.73746328E-005 -0.73746328E-005 -0.73746328E-005 -0.73746328E-005 -0.73746328E-005 -0.73746328E-005 -0.73746328E-005
 -0.62609938E-003 -0.62609938E-003 -0.62609938E-003 -0.62609938E-003 -0.62609938E-003 -0.62609938E-003 -0.62609938E-003 -0.62609938E-003 -0.62609938E-003 -0.62609938E-003 -0.62609938E-003 -0.62609938E-003 -0.62609938E-003 -0.62609938E-003 -0.62609938E-003 -0.62609938E-003 -0.62609938E-003 -0.62609938E-003 -0.62609938E-003 -0.62609938E-003 -0.62609938E-003 -0.62609938E-003 -0.62609938E-003 -0.62609938E-003 -0.62609938E-003 -0.62609938E-003 -0.62609938E-003 -0.62609938E-003 -0.62609938E-003 -0.62609938E-003 -0.62609938E-003 -0.62609938E-003 -0.62609938E-003 -0.62609938E-003 -0.62609938E-003
 -0.35645816E-001 -0.35645816E-001 -0.35645816E-001 -0.35645816E-001 -0.35645816E-001 -0.35645816E-001 -0.35645816E-001 -0.35645816E-001 -0.35645816E-001 -0.35645816E-001 -0.35645816E-001 -0.35645816E-001 -0.35645816E-001 -0.35645816E-001 -0.35645816E-001 -0.35645816E-001 -0.35645816E-001 -0.35645816E-001 -0.35645816E-001 -0.35645816E-001 -0.35645816E-001 -0.35645816E-001 -0.35645816E-001 -0.35645816E-001 -0.35645816E-001 -0.35645816E-001 -0.35645816E-001 -0.35645816E-001 -0.35645816E-001 -0.35645816E-001 -0.35645816E-001 -0.35645816E-001 -0.35645816E-001 -0.35645816E-001 -0.35645816E-001
 -0.10846408E+001 -0.10846291E+001 -0.10846291E+001 -0.10845133E+001 -0.10843218E+001 -0.10840431E+001 -0.10837647E+001 -0.10835732E+001 -0.10834574E+001 -0.10834031E+001 -0.10834031E+001 -0.10834031E+001 -0.10834031E+001 -0.10834031E+001 -0.10834031E+001 -0.10834031E+001 -0.10834031E+001 -0.10834031E+001 -0.10834031E+001 -0.10834031E+001 -0.10834031E+001 -0.10834031E+001 -0.10834031E+001 -0.10834031E+001 -0.10834031E+001 -0.10834031E+001 -0.10834031E+001 -0.10834031E+001 -0.10834031E+001 -0.10834031E+001 -0.10834031E+001 -0.10834031E+001 -0.10834031E+001 -0.10834032E+001 -0.10834032E+001
 -0.11472271E+001 -0.11472140E+001 -0.14683915E+001 -0.11471518E+001 -0.11471483E+001 -0.11468347E+001 -0.14546475E+001 -0.11470427E+001 -0.11470284E+001 -0.11470282E+001 -0.11470282E+001 -0.11470282E+001 -0.11470282E+001 -0.11470282E+001 -0.11470282E+001 -0.11470282E+001 -0.11470282E+001 -0.11470282E+001 -0.11470282E+001 -0.11470282E+001 -0.11470282E+001 -0.11470282E+001 -0.11470282E+001 -0.11470282E+001 -0.11446277E+001 -0.12996261E+002 -0.60516749E+001 -0.60516749E+001 -0.60516749E+001 -0.60516749E+001 -0.60516749E+001 -0.60516749E+001 -0.60516749E+001 -0.60516749E+001 -0.60516749E+001
 -0.50306411E+001 -0.50306306E+001 -0.50305815E+001 -0.50304769E+001 -0.50303040E+001 -0.50300522E+001 -0.50298004E+001 -0.50296275E+001 -0.50295229E+001 -0.50294738E+001 -0.50294633E+001 -0.50294579E+001 -0.50294244E+001 -0.50293395E+001 -0.50291109E+001 -0.50287472E+001 -0.50282198E+001 -0.50275010E+001 -0.50265638E+001 -0.50253816E+001 -0.50239284E+001 -0.50221787E+001 -0.50201070E+001 -0.50176886E+001 -0.50148988E+001 -0.50117132E+001 -0.18707991E+003 -0.18706698E+003 -0.18705257E+003 -0.18703658E+003 -0.18701894E+003 -0.18700511E+003 -0.18699001E+003 -0.18697357E+003 -0.18695575E+003
 -0.12098006E+003 -0.12098004E+003 -0.12097994E+003 -0.12097973E+003 -0.12097939E+003 -0.12097889E+003 -0.12097839E+003 -0.12097804E+003 -0.12097783E+003 -0.12097773E+003 -0.12097771E+003 -0.12097770E+003 -0.12097763E+003 -0.12097747E+003 -0.34529499E-001 -0.33963724E-001 -0.33143327E-001 -0.32025201E-001 -0.30567270E-001 -0.28727574E-001 -0.26468955E-001 -0.23764068E-001 -0.20620685E-001 -0.16939031E-001 -0.12675095E-001 -0.77832449E-002 -0.22105566E-002 -0.11841614E+003 -0.11870836E+003 -0.11819641E+003 -0.11807892E+003 -0.11807892E+003 -0.11807892E+003 -0.11807892E+003 -0.11807892E+003
 -0.19069182E+001 -0.19245852E+001 -0.20088676E+001 -0.22047845E+001 -0.25921474E+001 -0.33453450E+001 -0.23846745E+001 -0.20020850E+001 -0.17703032E+001 -0.16615407E+001 -0.16381771E+001 -0.16262744E+001 -0.15519298E+001 -0.13634420E+001 -0.10128559E+001 -0.56334958E+000 -0.56334958E+000 -0.56334958E+000 -0.56334958E+000 -0.36583621E+000 -0.96800215E+000 -0.36360389E+001 -0.12674512E+002 -0.11085306E+002 -0.91632208E+001 -0.68650747E+001 -0.36874521E+001  0.30078196E-001 -0.12773605E+002  0.24564413E-001  0.24564413E-001  0.24564414E-001  0.24564414E-001  0.24564409E-001  0.24564405E-001
