  0.00000000E+000  0.00000000E+000  0.00000000E+000  0.00000000E+000  0.00000000E+000  0.00000000E+000  0.00000000E+000  0.00000000E+000  0.00000000E+000  0.00000000E+000  0.00000000E+000  0.00000000E+000  0.00000000E+000  0.00000000E+000  0.00000000E+000  0.00000000E+000  0.00000000E+000  0.00000000E+000  0.00000000E+000  0.00000000E+000  0.00000000E+000  0.00000000E+000  0.00000000E+000  0.00000000E+000  0.00000000E+000  0.00000000E+000  0.00000000E+000  0.00000000E+000  0.00000000E+000  0.00000000E+000  0.00000000E+000  0.00000000E+000  0.00000000E+000  0.00000000E+000  0.00000000E+000
 -0.21500763E-040 -0.21500763E-040 -0.21500763E-040 -0.21500763E-040 -0.21500763E-040 -0.21500763E-040 -0.21500763E-040 -0.21500763E-040 -0.21500763E-040 -0.21500763E-040 -0.21500763E-040 -0.21500763E-040 -0.21500763E-040 -0.21500763E-040 -0.21500763E-040 -0.21500763E-040 -0.21500763E-040 -0.21500763E-040 -0.21500763E-040 -0.21500763E-040 -0.21500763E-040 -0.21500763E-040 -0.21500763E-040 -0.21500763E-040 -0.21500763E-040 -0.21500763E-040 -0.21500763E-040 -0.21500763E-040 -0.21500763E-040 -0.21500763E-040 -0.21500763E-040 -0.21500763E-040 -0.21500763E-040 -0.21500763E-040 -0.21500763E-040
 -0.18185989E-037 -0.18185989E-037 -0.18185989E-037 -0.18185989E-037 -0.18185989E-037 -0.18185989E-037 -0.18185989E-037 -0.18185989E-037 -0.18185989E-037 -0.18185989E-037 -0.18185989E-037 -0.18185989E-037 -0.18185989E-037 -0.18185989E-037 -0.18185989E-037 -0.18185989E-037 -0.18185989E-037 -0.18185989E-037 -0.18185989E-037 -0.18185989E-037 -0.18185989E-037 -0.18185989E-037 -0.18185989E-037 -0.18185989E-037 -0.18185989E-037 -0.18185989E-037 -0.18185989E-037 -0.18185989E-037 -0.18185989E-037 -0.18185989E-037 -0.18185989E-037 -0.18185989E-037 -0.18185989E-037 -0.18185989E-037 -0.18185989E-037
 -0.73741101E-035 -0.73741101E-035 -0.73741101E-035 -0.73741101E-035 -0.73741101E-035 -0.73741101E-035 -0.73741101E-035 -0.73741101E-035 -0.73741101E-035 -0.73741101E-035 -0.73741101E-035 -0.73741101E-035 -0.73741101E-035 -0.73741101E-035 -0.73741101E-035 -0.73741101E-035 -0.73741101E-035 -0.73741101E-035 -0.73741101E-035 -0.73741101E-035 -0.73741101E-035 -0.73741101E-035 -0.73741101E-035 -0.73741101E-035 -0.73741101E-035 -0.73741101E-035 -0.73741101E-035 -0.73741101E-035 -0.73741101E-035 -0.73741101E-035 -0.73741101E-035 -0.73741101E-035 -0.73741101E-035 -0.73741101E-035 -0.73741101E-035
 -0.19062441E-032 -0.19062441E-032 -0.19062441E-032 -0.19062441E-032 -0.19062441E-032 -0.19062441E-032 -0.19062441E-032 -0.19062441E-032 -0.19062441E-032 -0.19062441E-032 -0.19062441E-032 -0.19062441E-032 -0.19062441E-032 -0.19062441E-032 -0.19062441E-032 -0.19062441E-032 -0.19062441E-032 -0.19062441E-032 -0.19062441E-032 -0.19062441E-032 -0.19062441E-032 -0.19062441E-032 -0.19062441E-032 -0.19062441E-032 -0.19062441E-032 -0.19062441E-032 -0.19062441E-032 -0.19062441E-032 -0.19062441E-032 -0.19062441E-032 -0.19062441E-032 -0.19062441E-032 -0.19062441E-032 -0.19062441E-032 -0.19062441E-032
 -0.35240046E-030 -0.35240046E-030 -0.35240046E-030 -0.35240046E-030 -0.35240046E-030 -0.35240046E-030 -0.35240046E-030 -0.35240046E-030 -0.35240046E-030 -0.35240046E-030 -0.35240046E-030 -0.35240046E-030 -0.35240046E-030 -0.35240046E-030 -0.35240046E-030 -0.35240046E-030 -0.35240046E-030 -0.35240046E-030 -0.35240046E-030 -0.35240046E-030 -0.35240046E-030 -0.35240046E-030 -0.35240046E-030 -0.35240046E-030 -0.35240046E-030 -0.35240046E-030 -0.35240046E-030 -0.35240046E-030 -0.35240046E-030 -0.35240046E-030 -0.35240046E-030 -0.35240046E-030 -0.35240046E-030 -0.35240046E-030 -0.35240046E-030
 -0.49533968E-028 -0.49533968E-028 -0.49533968E-028 -0.49533968E-028 -0.49533968E-028 -0.49533968E-028 -0.49533968E-028 -0.49533968E-028 -0.49533968E-028 -0.49533968E-028 -0.49533968E-028 -0.49533968E-028 -0.49533968E-028 -0.49533968E-028 -0.49533968E-028 -0.49533968E-028 -0.49533968E-028 -0.49533968E-028 -0.49533968E-028 -0.49533968E-028 -0.49533968E-028 -0.49533968E-028 -0.49533968E-028 -0.49533968E-028 -0.49533968E-028 -0.49533968E-028 -0.49533968E-028 -0.49533968E-028 -0.49533968E-028 -0.49533968E-028 -0.49533968E-028 -0.49533968E-028 -0.49533968E-028 -0.49533968E-028 -0.49533968E-028
 -0.54944153E-026 -0.54944153E-026 -0.54944153E-026 -0.54944153E-026 -0.54944153E-026 -0.54944153E-026 -0.54944153E-026 -0.54944153E-026 -0.54944153E-026 -0.54944153E-026 -0.54944153E-026 -0.54944153E-026 -0.54944153E-026 -0.54944153E-026 -0.54944153E-026 -0.54944153E-026 -0.54944153E-026 -0.54944153E-026 -0.54944153E-026 -0.54944153E-026 -0.54944153E-026 -0.54944153E-026 -0.54944153E-026 -0.54944153E-026 -0.54944153E-026 -0.54944153E-026 -0.54944153E-026 -0.54944153E-026 -0.54944153E-026 -0.54944153E-026 -0.54944153E-026 -0.54944153E-026 -0.54944153E-026 -0.54944153E-026 -0.54944153E-026
 -0.49263977E-024 -0.49263977E-024 -0.49263977E-024 -0.49263977E-024 -0.49263977E-024 -0.49263977E-024 -0.49263977E-024 -0.49263977E-024 -0.49263977E-024 -0.49263977E-024 -0.49263977E-024 -0.49263977E-024 -0.49263977E-024 -0.49263977E-024 -0.49263977E-024 -0.49263977E-024 -0.49263977E-024 -0.49263977E-024 -0.49263977E-024 -0.49263977E-024 -0.49263977E-024 -0.49263977E-024 -0.49263977E-024 -0.49263977E-024 -0.49263977E-024 -0.49263977E-024 -0.49263977E-024 -0.49263977E-024 -0.49263977E-024 -0.49263977E-024 -0.49263977E-024 -0.49263977E-024 -0.49263977E-024 -0.49263977E-024 -0.49263977E-024
 -0.36276996E-022 -0.36276996E-022 -0.36276996E-022 -0.36276996E-022 -0.36276996E-022 -0.36276996E-022 -0.36276996E-022 -0.36276996E-022 -0.36276996E-022 -0.36276996E-022 -0.36276996E-022 -0.36276996E-022 -0.36276996E-022 -0.36276996E-022 -0.36276996E-022 -0.36276996E-022 -0.36276996E-022 -0.36276996E-022 -0.36276996E-022 -0.36276996E-022 -0.36276996E-022 -0.36276996E-022 -0.36276996E-022 -0.36276996E-022 -0.36276996E-022 -0.36276996E-022 -0.36276996E-022 -0.36276996E-022 -0.36276996E-022 -0.36276996E-022 -0.36276996E-022 -0.36276996E-022 -0.36276996E-022 -0.36276996E-022 -0.36276996E-022
 -0.20025017E-019 -0.20025017E-019 -0.20025017E-019 -0.20025017E-019 -0.20025017E-019 -0.20025017E-019 -0.20025017E-019 -0.20025017E-019 -0.20025017E-019 -0.20025017E-019 -0.20025017E-019 -0.20025017E-019 -0.20025017E-019 -0.20025017E-019 -0.20025017E-019 -0.20025017E-019 -0.20025017E-019 -0.20025017E-019 -0.20025017E-019 -0.20025017E-019 -0.20025017E-019 -0.20025017E-019 -0.20025017E-019 -0.20025017E-019 -0.20025017E-019 -0.20025017E-019 -0.20025017E-019 -0.20025017E-019 -0.20025017E-019 -0.20025017E-019 -0.20025017E-019 -0.20025017E-019 -0.20025017E-019 -0.20025017E-019 -0.20025017E-019
 -0.89009241E-017 -0.89009241E-017 -0.89009241E-017 -0.89009241E-017 -0.89009241E-017 -0.89009241E-017 -0.89009241E-017 -0.89009241E-017 -0.89009241E-017 -0.89009241E-017 -0.89009241E-017 -0.89009241E-017 -0.89009241E-017 -0.89009241E-017 -0.89009241E-017 -0.89009241E-017 -0.89009241E-017 -0.89009241E-017 -0.89009241E-017 -0.89009241E-017 -0.89009241E-017 -0.89009241E-017 -0.89009241E-017 -0.89009241E-017 -0.89009241E-017 -0.89009241E-017 -0.89009241E-017 -0.89009241E-017 -0.89009241E-017 -0.89009241E-017 -0.89009241E-017 -0.89009241E-017 -0.89009241E-017 -0.89009241E-017 -0.89009241E-017
 -0.32092718E-014 -0.32092718E-014 -0.32092718E-014 -0.32092718E-014 -0.32092718E-014 -0.32092718E-014 -0.32092718E-014 -0.32092718E-014 -0.32092718E-014 -0.32092718E-014 -0.32092718E-014 -0.32092718E-014 -0.32092718E-014 -0.32092718E-014 -0.32092718E-014 -0.32092718E-014 -0.32092718E-014 -0.32092718E-014 -0.32092718E-014 -0.32092718E-014 -0.32092718E-014 -0.32092718E-014 -0.32092718E-014 -0.32092718E-014 -0.32092718E-014 -0.32092718E-014 -0.32092718E-014 -0.32092718E-014 -0.32092718E-014 -0.32092718E-014 -0.32092718E-014 -0.32092718E-014 -0.32092718E-014 -0.32092718E-014 -0.32092718E-014
 -0.94070089E-012 -0.94070089E-012 -0.94070089E-012 -0.94070089E-012 -0.94070089E-012 -0.94070089E-012 -0.94070089E-012 -0.94070089E-012 -0.94070089E-012 -0.94070089E-012 -0.94070089E-012 -0.94070089E-012 -0.94070089E-012 -0.94070089E-012 -0.94070089E-012 -0.94070089E-012 -0.94070089E-012 -0.94070089E-012 -0.94070089E-012 -0.94070089E-012 -0.94070089E-012 -0.94070089E-012 -0.94070089E-012 -0.94070089E-012 -0.94070089E-012 -0.94070089E-012 -0.94070089E-012 -0.94070089E-012 -0.94070089E-012 -0.94070089E-012 -0.94070089E-012 -0.94070089E-012 -0.94070089E-012 -0.94070089E-012 -0.94070089E-012
 -0.22355222E-009 -0.22355222E-009 -0.22355222E-009 -0.22355222E-009 -0.22355222E-009 -0.22355222E-009 -0.22355222E-009 -0.22355222E-009 -0.22355222E-009 -0.22355222E-009 -0.22355222E-009 -0.22355222E-009 -0.22355222E-009 -0.22355222E-009 -0.22355222E-009 -0.22355222E-009 -0.22355222E-009 -0.22355222E-009 -0.22355222E-009 -0.22355222E-009 -0.22355222E-009 -0.22355222E-009 -0.22355222E-009 -0.22355222E-009 -0.22355222E-009 -0.22355222E-009 -0.22355222E-009 -0.22355222E-009 -0.22355222E-009 -0.22355222E-009 -0.22355222E-009 -0.22355222E-009 -0.22355222E-009 -0.22355222E-009 -0.22355222E-009
 -0.42717617E-007 -0.42717617E-007 -0.42717617E-007 -0.42717617E-007 -0.42717617E-007 -0.42717617E-007 -0.42717617E-007 -0.42717617E-007 -0.42717617E-007 -0.42717617E-007 -0.42717617E-007 -0.42717617E-007 -0.42717617E-007 -0.42717617E-007 -0.42717617E-007 -0.42717617E-007 -0.42717617E-007 -0.42717617E-007 -0.42717617E-007 -0.42717617E-007 -0.42717617E-007 -0.42717617E-007 -0.42717617E-007 -0.42717617E-007 -0.42717617E-007 -0.42717617E-007 -0.42717617E-007 -0.42717617E-007 -0.42717617E-007 -0.42717617E-007 -0.42717617E-007 -0.42717617E-007 -0.42717617E-007 -0.42717617E-007 -0.42717617E-007
 -0.64643778E-005 -0.64643778E-005 -0.64643778E-005 -0.64643778E-005 -0.64643778E-005 -0.64643778E-005 -0.64643778E-005 -0.64643778E-005 -0.64643778E-005 -0.64643778E-005 -0.64643778E-005 -0.64643778E-005 -0.64643778E-005 -0.64643778E-005 -0.64643778E-005 -0.64643778E-005 -0.64643778E-005 -0.64643778E-005 -0.64643778E-005 -0.64643778E-005 -0.64643778E-005 -0.64643778E-005 -0.64643778E-005 -0.64643778E-005 -0.64643778E-005 -0.64643778E-005 -0.64643778E-005 -0.64643778E-005 -0.64643778E-005 -0.64643778E-005 -0.64643778E-005 -0.64643778E-005 -0.64643778E-005 -0.64643778E-005 -0.64643778E-005
 -0.75533099E-003 -0.75533099E-003 -0.75533099E-003 -0.75533099E-003 -0.75533099E-003 -0.75533099E-003 -0.75533099E-003 -0.75533099E-003 -0.75533099E-003 -0.75533099E-003 -0.75533099E-003 -0.75533099E-003 -0.75533099E-003 -0.75533099E-003 -0.75533099E-003 -0.75533099E-003 -0.75533099E-003 -0.75533099E-003 -0.75533099E-003 -0.75533099E-003 -0.75533099E-003 -0.75533099E-003 -0.75533099E-003 -0.75533099E-003 -0.75533099E-003 -0.75533099E-003 -0.75533099E-003 -0.75533099E-003 -0.75533099E-003 -0.75533099E-003 -0.75533099E-003 -0.75533099E-003 -0.75533099E-003 -0.75533099E-003 -0.75533099E-003
 -0.65331081E-001 -0.65331081E-001 -0.65331081E-001 -0.65331081E-001 -0.65331081E-001 -0.65331081E-001 -0.65331081E-001 -0.65331081E-001 -0.65331081E-001 -0.65331081E-001 -0.65331081E-001 -0.65331081E-001 -0.65331081E-001 -0.65331081E-001 -0.65331081E-001 -0.65331081E-001 -0.65331081E-001 -0.65331081E-001 -0.65331081E-001 -0.65331081E-001 -0.65331081E-001 -0.65331081E-001 -0.65331081E-001 -0.65331081E-001 -0.65331081E-001 -0.65331081E-001 -0.65331081E-001 -0.65331081E-001 -0.65331081E-001 -0.65331081E-001 -0.65331081E-001 -0.65331081E-001 -0.65331081E-001 -0.65331081E-001 -0.65331081E-001
 -0.38782782E+001 -0.38782782E+001 -0.38782782E+001 -0.38782782E+001 -0.38782782E+001 -0.38782782E+001 -0.38782782E+001 -0.38782782E+001 -0.38782782E+001 -0.38782782E+001 -0.38782782E+001 -0.38782782E+001 -0.38782782E+001 -0.38782782E+001 -0.38782782E+001 -0.38782782E+001 -0.38782782E+001 -0.38782782E+001 -0.38782782E+001 -0.38782782E+001 -0.38782782E+001 -0.38782782E+001 -0.38782782E+001 -0.38782782E+001 -0.38782782E+001 -0.38782782E+001 -0.38782782E+001 -0.38782782E+001 -0.38782782E+001 -0.38782782E+001 -0.38782782E+001 -0.38782782E+001 -0.38782782E+001 -0.38782782E+001 -0.38782782E+001
 -0.13429369E+003 -0.13429366E+003 -0.13429366E+003 -0.13429366E+003 -0.13429366E+003 -0.13429366E+003 -0.13429366E+003 -0.13429366E+003 -0.13429366E+003 -0.13429366E+003 -0.13429366E+003 -0.13429366E+003 -0.13429366E+003 -0.13429366E+003 -0.13429366E+003 -0.13429366E+003 -0.13429366E+003 -0.13429366E+003 -0.13429366E+003 -0.13429366E+003 -0.13429366E+003 -0.13429366E+003 -0.13429366E+003 -0.13429366E+003 -0.13429366E+003 -0.13429365E+003 -0.13429365E+003 -0.13429365E+003 -0.13429365E+003 -0.13429365E+003 -0.13429364E+003 -0.13429364E+003 -0.13429364E+003 -0.13429363E+003 -0.13429363E+003
  0.32356201E+000  0.32358040E+000  0.32366600E+000  0.32742216E+000  0.32772385E+000  0.32816322E+000  0.32847686E+000  0.32877855E+000  0.32877855E+000  0.32877855E+000  0.32877855E+000  0.32877855E+000  0.32877855E+000  0.32877855E+000  0.32877855E+000  0.32877855E+000  0.32877854E+000  0.32877854E+000  0.32877854E+000  0.32877854E+000  0.32877854E+000  0.32877854E+000  0.32877854E+000  0.32877853E+000  0.32877853E+000  0.32877853E+000  0.32877852E+000  0.32877852E+000  0.32877851E+000  0.32877851E+000  0.32877850E+000  0.32877849E+000  0.32877848E+000  0.32877848E+000  0.32877718E+000
 -0.35180112E+001 -0.35179900E+001 -0.35178909E+001 -0.35176797E+001 -0.35173308E+001 -0.35168225E+001 -0.35163143E+001 -0.35159653E+001 -0.35157541E+001 -0.35156551E+001 -0.35156338E+001 -0.35156230E+001 -0.35155554E+001 -0.35153839E+001 -0.35150652E+001 -0.35145580E+001 -0.35138225E+001 -0.35138226E+001 -0.35138226E+001 -0.35138226E+001 -0.35138226E+001 -0.35138226E+001 -0.35138226E+001 -0.35138227E+001 -0.35138227E+001 -0.35138227E+001 -0.35138227E+001 -0.35138227E+001 -0.35138228E+001 -0.35138228E+001 -0.35138228E+001 -0.35138228E+001 -0.35138228E+001 -0.35138227E+001 -0.35138227E+001
 -0.27707510E+000 -0.27705135E+000 -0.27694076E+000 -0.27670484E+000 -0.27631498E+000 -0.27574834E+000 -0.27518134E+000 -0.27479185E+000 -0.27455607E+000 -0.27444551E+000 -0.27442177E+000 -0.27440967E+000 -0.27433412E+000 -0.27414257E+000 -0.27344465E+000 -0.27304006E+000 -0.27245340E+000 -0.27245341E+000 -0.27245342E+000 -0.27245347E+000 -0.27245352E+000 -0.27245358E+000 -0.27245366E+000 -0.27245374E+000 -0.27245383E+000 -0.27245394E+000 -0.27245405E+000 -0.27245418E+000 -0.27245432E+000 -0.27245446E+000 -0.27245460E+000 -0.27245476E+000 -0.27245492E+000 -0.27245510E+000 -0.27245480E+000
 -0.35627650E+000 -0.32412983E+000 -0.23737151E+000 -0.96786535E-001 -0.96786535E-001 -0.10900704E+001 -0.77262936E+000 -0.54952320E+000 -0.41346447E+000 -0.34969288E+000 -0.33599768E+000 -0.32876021E+000 -0.28339697E+000 -0.16838331E+000  0.44240720E-001 -0.11626623E-001 -0.15310447E-001 -0.15310447E-001 -0.15310447E-001 -0.15310450E-001 -0.15310453E-001 -0.15310449E-001 -0.15310446E-001 -0.15310441E-001 -0.15310439E-001 -0.15310440E-001 -0.15310437E-001 -0.15310416E-001 -0.15310403E-001 -0.15310464E-001 -0.15310557E-001 -0.15310646E-001 -0.15310723E-001 -0.15310809E-001 -0.15310895E-001
