  0.00000000E+000  0.00000000E+000  0.00000000E+000  0.00000000E+000  0.00000000E+000  0.00000000E+000  0.00000000E+000  0.00000000E+000  0.00000000E+000  0.00000000E+000  0.00000000E+000  0.00000000E+000  0.00000000E+000  0.00000000E+000  0.00000000E+000  0.00000000E+000  0.00000000E+000  0.00000000E+000  0.00000000E+000  0.00000000E+000  0.00000000E+000  0.00000000E+000  0.00000000E+000  0.00000000E+000  0.00000000E+000  0.00000000E+000  0.00000000E+000  0.00000000E+000  0.00000000E+000  0.00000000E+000  0.00000000E+000  0.00000000E+000  0.00000000E+000  0.00000000E+000  0.00000000E+000
 -0.60573579E-042 -0.60573579E-042 -0.60573579E-042 -0.60573579E-042 -0.60573579E-042 -0.60573579E-042 -0.60573579E-042 -0.60573579E-042 -0.60573579E-042 -0.60573579E-042 -0.60573579E-042 -0.60573579E-042 -0.60573579E-042 -0.60573579E-042 -0.60573579E-042 -0.60573579E-042 -0.60573579E-042 -0.60573579E-042 -0.60573579E-042 -0.60573579E-042 -0.60573579E-042 -0.60573579E-042 -0.60573579E-042 -0.60573579E-042 -0.60573579E-042 -0.60573579E-042 -0.60573579E-042 -0.60573579E-042 -0.60573579E-042 -0.60573579E-042 -0.60573579E-042 -0.60573579E-042 -0.60573579E-042 -0.60573579E-042 -0.60573579E-042
 -0.50987248E-039 -0.50987248E-039 -0.50987248E-039 -0.50987248E-039 -0.50987248E-039 -0.50987248E-039 -0.50987248E-039 -0.50987248E-039 -0.50987248E-039 -0.50987248E-039 -0.50987248E-039 -0.50987248E-039 -0.50987248E-039 -0.50987248E-039 -0.50987248E-039 -0.50987248E-039 -0.50987248E-039 -0.50987248E-039 -0.50987248E-039 -0.50987248E-039 -0.50987248E-039 -0.50987248E-039 -0.50987248E-039 -0.50987248E-039 -0.50987248E-039 -0.50987248E-039 -0.50987248E-039 -0.50987248E-039 -0.50987248E-039 -0.50987248E-039 -0.50987248E-039 -0.50987248E-039 -0.50987248E-039 -0.50987248E-039 -0.50987248E-039
 -0.20568553E-036 -0.20568553E-036 -0.20568553E-036 -0.20568553E-036 -0.20568553E-036 -0.20568553E-036 -0.20568553E-036 -0.20568553E-036 -0.20568553E-036 -0.20568553E-036 -0.20568553E-036 -0.20568553E-036 -0.20568553E-036 -0.20568553E-036 -0.20568553E-036 -0.20568553E-036 -0.20568553E-036 -0.20568553E-036 -0.20568553E-036 -0.20568553E-036 -0.20568553E-036 -0.20568553E-036 -0.20568553E-036 -0.20568553E-036 -0.20568553E-036 -0.20568553E-036 -0.20568553E-036 -0.20568553E-036 -0.20568553E-036 -0.20568553E-036 -0.20568553E-036 -0.20568553E-036 -0.20568553E-036 -0.20568553E-036 -0.20568553E-036
 -0.52880966E-034 -0.52880966E-034 -0.52880966E-034 -0.52880966E-034 -0.52880966E-034 -0.52880966E-034 -0.52880966E-034 -0.52880966E-034 -0.52880966E-034 -0.52880966E-034 -0.52880966E-034 -0.52880966E-034 -0.52880966E-034 -0.52880966E-034 -0.52880966E-034 -0.52880966E-034 -0.52880966E-034 -0.52880966E-034 -0.52880966E-034 -0.52880966E-034 -0.52880966E-034 -0.52880966E-034 -0.52880966E-034 -0.52880966E-034 -0.52880966E-034 -0.52880966E-034 -0.52880966E-034 -0.52880966E-034 -0.52880966E-034 -0.52880966E-034 -0.52880966E-034 -0.52880966E-034 -0.52880966E-034 -0.52880966E-034 -0.52880966E-034
 -0.97189839E-032 -0.97189839E-032 -0.97189839E-032 -0.97189839E-032 -0.97189839E-032 -0.97189839E-032 -0.97189839E-032 -0.97189839E-032 -0.97189839E-032 -0.97189839E-032 -0.97189839E-032 -0.97189839E-032 -0.97189839E-032 -0.97189839E-032 -0.97189839E-032 -0.97189839E-032 -0.97189839E-032 -0.97189839E-032 -0.97189839E-032 -0.97189839E-032 -0.97189839E-032 -0.97189839E-032 -0.97189839E-032 -0.97189839E-032 -0.97189839E-032 -0.97189839E-032 -0.97189839E-032 -0.97189839E-032 -0.97189839E-032 -0.97189839E-032 -0.97189839E-032 -0.97189839E-032 -0.97189839E-032 -0.97189839E-032 -0.97189839E-032
 -0.13575710E-029 -0.13575710E-029 -0.13575710E-029 -0.13575710E-029 -0.13575710E-029 -0.13575710E-029 -0.13575710E-029 -0.13575710E-029 -0.13575710E-029 -0.13575710E-029 -0.13575710E-029 -0.13575710E-029 -0.13575710E-029 -0.13575710E-029 -0.13575710E-029 -0.13575710E-029 -0.13575710E-029 -0.13575710E-029 -0.13575710E-029 -0.13575710E-029 -0.13575710E-029 -0.13575710E-029 -0.13575710E-029 -0.13575710E-029 -0.13575710E-029 -0.13575710E-029 -0.13575710E-029 -0.13575710E-029 -0.13575710E-029 -0.13575710E-029 -0.13575710E-029 -0.13575710E-029 -0.13575710E-029 -0.13575710E-029 -0.13575710E-029
 -0.14956705E-027 -0.14956705E-027 -0.14956705E-027 -0.14956705E-027 -0.14956705E-027 -0.14956705E-027 -0.14956705E-027 -0.14956705E-027 -0.14956705E-027 -0.14956705E-027 -0.14956705E-027 -0.14956705E-027 -0.14956705E-027 -0.14956705E-027 -0.14956705E-027 -0.14956705E-027 -0.14956705E-027 -0.14956705E-027 -0.14956705E-027 -0.14956705E-027 -0.14956705E-027 -0.14956705E-027 -0.14956705E-027 -0.14956705E-027 -0.14956705E-027 -0.14956705E-027 -0.14956705E-027 -0.14956705E-027 -0.14956705E-027 -0.14956705E-027 -0.14956705E-027 -0.14956705E-027 -0.14956705E-027 -0.14956705E-027 -0.14956705E-027
 -0.13311869E-025 -0.13311869E-025 -0.13311869E-025 -0.13311869E-025 -0.13311869E-025 -0.13311869E-025 -0.13311869E-025 -0.13311869E-025 -0.13311869E-025 -0.13311869E-025 -0.13311869E-025 -0.13311869E-025 -0.13311869E-025 -0.13311869E-025 -0.13311869E-025 -0.13311869E-025 -0.13311869E-025 -0.13311869E-025 -0.13311869E-025 -0.13311869E-025 -0.13311869E-025 -0.13311869E-025 -0.13311869E-025 -0.13311869E-025 -0.13311869E-025 -0.13311869E-025 -0.13311869E-025 -0.13311869E-025 -0.13311869E-025 -0.13311869E-025 -0.13311869E-025 -0.13311869E-025 -0.13311869E-025 -0.13311869E-025 -0.13311869E-025
 -0.97235527E-024 -0.97235527E-024 -0.97235527E-024 -0.97235527E-024 -0.97235527E-024 -0.97235527E-024 -0.97235527E-024 -0.97235527E-024 -0.97235527E-024 -0.97235527E-024 -0.97235527E-024 -0.97235527E-024 -0.97235527E-024 -0.97235527E-024 -0.97235527E-024 -0.97235527E-024 -0.97235527E-024 -0.97235527E-024 -0.97235527E-024 -0.97235527E-024 -0.97235527E-024 -0.97235527E-024 -0.97235527E-024 -0.97235527E-024 -0.97235527E-024 -0.97235527E-024 -0.97235527E-024 -0.97235527E-024 -0.97235527E-024 -0.97235527E-024 -0.97235527E-024 -0.97235527E-024 -0.97235527E-024 -0.97235527E-024 -0.97235527E-024
 -0.53188138E-021 -0.53188138E-021 -0.53188138E-021 -0.53188138E-021 -0.53188138E-021 -0.53188138E-021 -0.53188138E-021 -0.53188138E-021 -0.53188138E-021 -0.53188138E-021 -0.53188138E-021 -0.53188138E-021 -0.53188138E-021 -0.53188138E-021 -0.53188138E-021 -0.53188138E-021 -0.53188138E-021 -0.53188138E-021 -0.53188138E-021 -0.53188138E-021 -0.53188138E-021 -0.53188138E-021 -0.53188138E-021 -0.53188138E-021 -0.53188138E-021 -0.53188138E-021 -0.53188138E-021 -0.53188138E-021 -0.53188138E-021 -0.53188138E-021 -0.53188138E-021 -0.53188138E-021 -0.53188138E-021 -0.53188138E-021 -0.53188138E-021
 -0.23400527E-018 -0.23400527E-018 -0.23400527E-018 -0.23400527E-018 -0.23400527E-018 -0.23400527E-018 -0.23400527E-018 -0.23400527E-018 -0.23400527E-018 -0.23400527E-018 -0.23400527E-018 -0.23400527E-018 -0.23400527E-018 -0.23400527E-018 -0.23400527E-018 -0.23400527E-018 -0.23400527E-018 -0.23400527E-018 -0.23400527E-018 -0.23400527E-018 -0.23400527E-018 -0.23400527E-018 -0.23400527E-018 -0.23400527E-018 -0.23400527E-018 -0.23400527E-018 -0.23400527E-018 -0.23400527E-018 -0.23400527E-018 -0.23400527E-018 -0.23400527E-018 -0.23400527E-018 -0.23400527E-018 -0.23400527E-018 -0.23400527E-018
 -0.83388314E-016 -0.83388314E-016 -0.83388314E-016 -0.83388314E-016 -0.83388314E-016 -0.83388314E-016 -0.83388314E-016 -0.83388314E-016 -0.83388314E-016 -0.83388314E-016 -0.83388314E-016 -0.83388314E-016 -0.83388314E-016 -0.83388314E-016 -0.83388314E-016 -0.83388314E-016 -0.83388314E-016 -0.83388314E-016 -0.83388314E-016 -0.83388314E-016 -0.83388314E-016 -0.83388314E-016 -0.83388314E-016 -0.83388314E-016 -0.83388314E-016 -0.83388314E-016 -0.83388314E-016 -0.83388314E-016 -0.83388314E-016 -0.83388314E-016 -0.83388314E-016 -0.83388314E-016 -0.83388314E-016 -0.83388314E-016 -0.83388314E-016
 -0.24110915E-013 -0.24110915E-013 -0.24110915E-013 -0.24110915E-013 -0.24110915E-013 -0.24110915E-013 -0.24110915E-013 -0.24110915E-013 -0.24110915E-013 -0.24110915E-013 -0.24110915E-013 -0.24110915E-013 -0.24110915E-013 -0.24110915E-013 -0.24110915E-013 -0.24110915E-013 -0.24110915E-013 -0.24110915E-013 -0.24110915E-013 -0.24110915E-013 -0.24110915E-013 -0.24110915E-013 -0.24110915E-013 -0.24110915E-013 -0.24110915E-013 -0.24110915E-013 -0.24110915E-013 -0.24110915E-013 -0.24110915E-013 -0.24110915E-013 -0.24110915E-013 -0.24110915E-013 -0.24110915E-013 -0.24110915E-013 -0.24110915E-013
 -0.56370453E-011 -0.56370453E-011 -0.56370453E-011 -0.56370453E-011 -0.56370453E-011 -0.56370453E-011 -0.56370453E-011 -0.56370453E-011 -0.56370453E-011 -0.56370453E-011 -0.56370453E-011 -0.56370453E-011 -0.56370453E-011 -0.56370453E-011 -0.56370453E-011 -0.56370453E-011 -0.56370453E-011 -0.56370453E-011 -0.56370453E-011 -0.56370453E-011 -0.56370453E-011 -0.56370453E-011 -0.56370453E-011 -0.56370453E-011 -0.56370453E-011 -0.56370453E-011 -0.56370453E-011 -0.56370453E-011 -0.56370453E-011 -0.56370453E-011 -0.56370453E-011 -0.56370453E-011 -0.56370453E-011 -0.56370453E-011 -0.56370453E-011
 -0.10557139E-008 -0.10557139E-008 -0.10557139E-008 -0.10557139E-008 -0.10557139E-008 -0.10557139E-008 -0.10557139E-008 -0.10557139E-008 -0.10557139E-008 -0.10557139E-008 -0.10557139E-008 -0.10557139E-008 -0.10557139E-008 -0.10557139E-008 -0.10557139E-008 -0.10557139E-008 -0.10557139E-008 -0.10557139E-008 -0.10557139E-008 -0.10557139E-008 -0.10557139E-008 -0.10557139E-008 -0.10557139E-008 -0.10557139E-008 -0.10557139E-008 -0.10557139E-008 -0.10557139E-008 -0.10557139E-008 -0.10557139E-008 -0.10557139E-008 -0.10557139E-008 -0.10557139E-008 -0.10557139E-008 -0.10557139E-008 -0.10557139E-008
 -0.15568722E-006 -0.15568722E-006 -0.15568722E-006 -0.15568722E-006 -0.15568722E-006 -0.15568722E-006 -0.15568722E-006 -0.15568722E-006 -0.15568722E-006 -0.15568722E-006 -0.15568722E-006 -0.15568722E-006 -0.15568722E-006 -0.15568722E-006 -0.15568722E-006 -0.15568722E-006 -0.15568722E-006 -0.15568722E-006 -0.15568722E-006 -0.15568722E-006 -0.15568722E-006 -0.15568722E-006 -0.15568722E-006 -0.15568722E-006 -0.15568722E-006 -0.15568722E-006 -0.15568722E-006 -0.15568722E-006 -0.15568722E-006 -0.15568722E-006 -0.15568722E-006 -0.15568722E-006 -0.15568722E-006 -0.15568722E-006 -0.15568722E-006
 -0.17563412E-004 -0.17563412E-004 -0.17563412E-004 -0.17563412E-004 -0.17563412E-004 -0.17563412E-004 -0.17563412E-004 -0.17563412E-004 -0.17563412E-004 -0.17563412E-004 -0.17563412E-004 -0.17563412E-004 -0.17563412E-004 -0.17563412E-004 -0.17563412E-004 -0.17563412E-004 -0.17563412E-004 -0.17563412E-004 -0.17563412E-004 -0.17563412E-004 -0.17563412E-004 -0.17563412E-004 -0.17563412E-004 -0.17563412E-004 -0.17563412E-004 -0.17563412E-004 -0.17563412E-004 -0.17563412E-004 -0.17563412E-004 -0.17563412E-004 -0.17563412E-004 -0.17563412E-004 -0.17563412E-004 -0.17563412E-004 -0.17563412E-004
 -0.14419664E-002 -0.14419664E-002 -0.14419664E-002 -0.14419664E-002 -0.14419664E-002 -0.14419664E-002 -0.14419664E-002 -0.14419664E-002 -0.14419664E-002 -0.14419664E-002 -0.14419664E-002 -0.14419664E-002 -0.14419664E-002 -0.14419664E-002 -0.14419664E-002 -0.14419664E-002 -0.14419664E-002 -0.14419664E-002 -0.14419664E-002 -0.14419664E-002 -0.14419664E-002 -0.14419664E-002 -0.14419664E-002 -0.14419664E-002 -0.14419664E-002 -0.14419664E-002 -0.14419664E-002 -0.14419664E-002 -0.14419664E-002 -0.14419664E-002 -0.14419664E-002 -0.14419664E-002 -0.14419664E-002 -0.14419664E-002 -0.14419664E-002
 -0.78268527E-001 -0.78268527E-001 -0.78268527E-001 -0.78268527E-001 -0.78268527E-001 -0.78268527E-001 -0.78268527E-001 -0.78268527E-001 -0.78268527E-001 -0.78268527E-001 -0.78268527E-001 -0.78268527E-001 -0.78268527E-001 -0.78268527E-001 -0.78268527E-001 -0.78268527E-001 -0.78268527E-001 -0.78268527E-001 -0.78268527E-001 -0.78268526E-001 -0.78268526E-001 -0.78268526E-001 -0.78268526E-001 -0.78268526E-001 -0.78268526E-001 -0.78268526E-001 -0.78268526E-001 -0.78268526E-001 -0.78268526E-001 -0.78268526E-001 -0.78268526E-001 -0.78268526E-001 -0.78268526E-001 -0.78268526E-001 -0.78268526E-001
 -0.21970467E+001 -0.21660161E+001 -0.21660161E+001 -0.21660161E+001 -0.21660161E+001 -0.21660161E+001 -0.21660161E+001 -0.21660161E+001 -0.21660161E+001 -0.21660161E+001 -0.21660161E+001 -0.21660161E+001 -0.21660161E+001 -0.21660161E+001 -0.21660161E+001 -0.21660161E+001 -0.21660161E+001 -0.21660161E+001 -0.21660161E+001 -0.21660161E+001 -0.21660161E+001 -0.21660161E+001 -0.21660161E+001 -0.21660161E+001 -0.21660161E+001 -0.21660161E+001 -0.21660161E+001 -0.21660161E+001 -0.21660161E+001 -0.21660161E+001 -0.21660161E+001 -0.21660161E+001 -0.21660161E+001 -0.21660161E+001 -0.21660161E+001
 -0.10681693E+000 -0.10681693E+000 -0.10681693E+000 -0.10681693E+000 -0.10681693E+000 -0.10681693E+000 -0.10681693E+000 -0.10681693E+000 -0.10681693E+000 -0.10681693E+000 -0.10681693E+000 -0.10681693E+000 -0.10681693E+000 -0.10681693E+000 -0.10681693E+000 -0.10681693E+000 -0.10681693E+000 -0.10681693E+000 -0.10681693E+000 -0.10681693E+000 -0.10681693E+000 -0.10681693E+000 -0.10681692E+000 -0.10681692E+000 -0.10681692E+000 -0.10681692E+000 -0.10681692E+000 -0.10681692E+000 -0.10681692E+000 -0.10681692E+000 -0.10681692E+000 -0.10681693E+000 -0.10681693E+000 -0.10681693E+000 -0.10681691E+000
 -0.31669959E+000 -0.31668468E+000 -0.31661525E+000 -0.31646718E+000 -0.31622251E+000 -0.31622251E+000 -0.31622251E+000 -0.31622251E+000 -0.31622251E+000 -0.31622251E+000 -0.31622251E+000 -0.31622251E+000 -0.31622251E+000 -0.31622251E+000 -0.31622251E+000 -0.31622251E+000 -0.31622251E+000 -0.31622251E+000 -0.31622251E+000 -0.31622251E+000 -0.31622251E+000 -0.31622251E+000 -0.31622251E+000 -0.31622251E+000 -0.31622251E+000 -0.31622251E+000 -0.31622251E+000 -0.31622252E+000 -0.31622252E+000 -0.31622252E+000 -0.31622252E+000 -0.31622252E+000 -0.31622253E+000 -0.31622253E+000 -0.31622253E+000
 -0.40506877E+001 -0.40506707E+001 -0.40505911E+001 -0.40504214E+001 -0.40501409E+001 -0.40501409E+001 -0.40501409E+001 -0.40501409E+001 -0.40501409E+001 -0.40501409E+001 -0.40501409E+001 -0.40501409E+001 -0.40501409E+001 -0.40501409E+001 -0.40501409E+001 -0.40501409E+001 -0.40501409E+001 -0.40501409E+001 -0.40501409E+001 -0.40501409E+001 -0.40501409E+001 -0.40501409E+001 -0.40501409E+001 -0.40501409E+001 -0.40501409E+001 -0.40501409E+001 -0.40501409E+001 -0.40501409E+001 -0.40501409E+001 -0.40501409E+001 -0.40501409E+001 -0.40501409E+001 -0.40501409E+001 -0.40501409E+001 -0.40501409E+001
 -0.34612438E+000 -0.32673380E+000 -0.23786863E+000 -0.51201759E-001 -0.50658482E-001 -0.50658482E-001 -0.50658482E-001 -0.50658482E-001 -0.50658482E-001 -0.50658482E-001 -0.50658482E-001 -0.50658482E-001 -0.50658482E-001 -0.50658482E-001 -0.50658481E-001 -0.50658481E-001 -0.50658481E-001 -0.50658481E-001 -0.50658481E-001 -0.50658481E-001 -0.50658480E-001 -0.50658480E-001 -0.50658479E-001 -0.50658479E-001 -0.50658478E-001 -0.50658478E-001 -0.50658483E-001 -0.50658482E-001 -0.50658484E-001 -0.50658486E-001 -0.50658487E-001 -0.50658488E-001 -0.50658489E-001 -0.50658637E-001 -0.50658780E-001
