  0.00000000E+000  0.00000000E+000  0.00000000E+000  0.00000000E+000  0.00000000E+000  0.00000000E+000  0.00000000E+000  0.00000000E+000  0.00000000E+000  0.00000000E+000  0.00000000E+000  0.00000000E+000  0.00000000E+000  0.00000000E+000  0.00000000E+000  0.00000000E+000  0.00000000E+000  0.00000000E+000  0.00000000E+000  0.00000000E+000  0.00000000E+000  0.00000000E+000  0.00000000E+000  0.00000000E+000  0.00000000E+000  0.00000000E+000  0.00000000E+000  0.00000000E+000  0.00000000E+000  0.00000000E+000  0.00000000E+000  0.00000000E+000  0.00000000E+000  0.00000000E+000  0.00000000E+000
 -0.10050429E-031 -0.10050429E-031 -0.10050429E-031 -0.10050429E-031 -0.10050429E-031 -0.10050429E-031 -0.10050429E-031 -0.10050429E-031 -0.10050429E-031 -0.10050429E-031 -0.10050429E-031 -0.10050429E-031 -0.10050429E-031 -0.10050429E-031 -0.10050429E-031 -0.10050429E-031 -0.10050429E-031 -0.10050429E-031 -0.10050429E-031 -0.10050429E-031 -0.10050429E-031 -0.10050429E-031 -0.10050429E-031 -0.10050429E-031 -0.10050429E-031 -0.10050429E-031 -0.10050429E-031 -0.10050429E-031 -0.10050429E-031 -0.10050429E-031 -0.10050429E-031 -0.10050429E-031 -0.10050429E-031 -0.10050429E-031 -0.10050429E-031
 -0.26460706E-029 -0.26460706E-029 -0.26460706E-029 -0.26460706E-029 -0.26460706E-029 -0.26460706E-029 -0.26460706E-029 -0.26460706E-029 -0.26460706E-029 -0.26460706E-029 -0.26460706E-029 -0.26460706E-029 -0.26460706E-029 -0.26460706E-029 -0.26460706E-029 -0.26460706E-029 -0.26460706E-029 -0.26460706E-029 -0.26460706E-029 -0.26460706E-029 -0.26460706E-029 -0.26460706E-029 -0.26460706E-029 -0.26460706E-029 -0.26460706E-029 -0.26460706E-029 -0.26460706E-029 -0.26460706E-029 -0.26460706E-029 -0.26460706E-029 -0.26460706E-029 -0.26460706E-029 -0.26460706E-029 -0.26460706E-029 -0.26460706E-029
 -0.33127280E-027 -0.33127280E-027 -0.33127280E-027 -0.33127280E-027 -0.33127280E-027 -0.33127280E-027 -0.33127280E-027 -0.33127280E-027 -0.33127280E-027 -0.33127280E-027 -0.33127280E-027 -0.33127280E-027 -0.33127280E-027 -0.33127280E-027 -0.33127280E-027 -0.33127280E-027 -0.33127280E-027 -0.33127280E-027 -0.33127280E-027 -0.33127280E-027 -0.33127280E-027 -0.33127280E-027 -0.33127280E-027 -0.33127280E-027 -0.33127280E-027 -0.33127280E-027 -0.33127280E-027 -0.33127280E-027 -0.33127280E-027 -0.33127280E-027 -0.33127280E-027 -0.33127280E-027 -0.33127280E-027 -0.33127280E-027 -0.33127280E-027
 -0.26255657E-025 -0.26255657E-025 -0.26255657E-025 -0.26255657E-025 -0.26255657E-025 -0.26255657E-025 -0.26255657E-025 -0.26255657E-025 -0.26255657E-025 -0.26255657E-025 -0.26255657E-025 -0.26255657E-025 -0.26255657E-025 -0.26255657E-025 -0.26255657E-025 -0.26255657E-025 -0.26255657E-025 -0.26255657E-025 -0.26255657E-025 -0.26255657E-025 -0.26255657E-025 -0.26255657E-025 -0.26255657E-025 -0.26255657E-025 -0.26255657E-025 -0.26255657E-025 -0.26255657E-025 -0.26255657E-025 -0.26255657E-025 -0.26255657E-025 -0.26255657E-025 -0.26255657E-025 -0.26255657E-025 -0.26255657E-025 -0.26255657E-025
 -0.14793322E-023 -0.14793322E-023 -0.14793322E-023 -0.14793322E-023 -0.14793322E-023 -0.14793322E-023 -0.14793322E-023 -0.14793322E-023 -0.14793322E-023 -0.14793322E-023 -0.14793322E-023 -0.14793322E-023 -0.14793322E-023 -0.14793322E-023 -0.14793322E-023 -0.14793322E-023 -0.14793322E-023 -0.14793322E-023 -0.14793322E-023 -0.14793322E-023 -0.14793322E-023 -0.14793322E-023 -0.14793322E-023 -0.14793322E-023 -0.14793322E-023 -0.14793322E-023 -0.14793322E-023 -0.14793322E-023 -0.14793322E-023 -0.14793322E-023 -0.14793322E-023 -0.14793322E-023 -0.14793322E-023 -0.14793322E-023 -0.14793322E-023
 -0.63066681E-022 -0.63066681E-022 -0.63066681E-022 -0.63066681E-022 -0.63066681E-022 -0.63066681E-022 -0.63066681E-022 -0.63066681E-022 -0.63066681E-022 -0.63066681E-022 -0.63066681E-022 -0.63066681E-022 -0.63066681E-022 -0.63066681E-022 -0.63066681E-022 -0.63066681E-022 -0.63066681E-022 -0.63066681E-022 -0.63066681E-022 -0.63066681E-022 -0.63066681E-022 -0.63066681E-022 -0.63066681E-022 -0.63066681E-022 -0.63066681E-022 -0.63066681E-022 -0.63066681E-022 -0.63066681E-022 -0.63066681E-022 -0.63066681E-022 -0.63066681E-022 -0.63066681E-022 -0.63066681E-022 -0.63066681E-022 -0.63066681E-022
 -0.21138079E-020 -0.21138079E-020 -0.21138079E-020 -0.21138079E-020 -0.21138079E-020 -0.21138079E-020 -0.21138079E-020 -0.21138079E-020 -0.21138079E-020 -0.21138079E-020 -0.21138079E-020 -0.21138079E-020 -0.21138079E-020 -0.21138079E-020 -0.21138079E-020 -0.21138079E-020 -0.21138079E-020 -0.21138079E-020 -0.21138079E-020 -0.21138079E-020 -0.21138079E-020 -0.21138079E-020 -0.21138079E-020 -0.21138079E-020 -0.21138079E-020 -0.21138079E-020 -0.21138079E-020 -0.21138079E-020 -0.21138079E-020 -0.21138079E-020 -0.21138079E-020 -0.21138079E-020 -0.21138079E-020 -0.21138079E-020 -0.21138079E-020
 -0.57128846E-019 -0.57128846E-019 -0.57128846E-019 -0.57128846E-019 -0.57128846E-019 -0.57128846E-019 -0.57128846E-019 -0.57128846E-019 -0.57128846E-019 -0.57128846E-019 -0.57128846E-019 -0.57128846E-019 -0.57128846E-019 -0.57128846E-019 -0.57128846E-019 -0.57128846E-019 -0.57128846E-019 -0.57128846E-019 -0.57128846E-019 -0.57128846E-019 -0.57128846E-019 -0.57128846E-019 -0.57128846E-019 -0.57128846E-019 -0.57128846E-019 -0.57128846E-019 -0.57128846E-019 -0.57128846E-019 -0.57128846E-019 -0.57128846E-019 -0.57128846E-019 -0.57128846E-019 -0.57128846E-019 -0.57128846E-019 -0.57128846E-019
 -0.12668390E-017 -0.12668390E-017 -0.12668390E-017 -0.12668390E-017 -0.12668390E-017 -0.12668390E-017 -0.12668390E-017 -0.12668390E-017 -0.12668390E-017 -0.12668390E-017 -0.12668390E-017 -0.12668390E-017 -0.12668390E-017 -0.12668390E-017 -0.12668390E-017 -0.12668390E-017 -0.12668390E-017 -0.12668390E-017 -0.12668390E-017 -0.12668390E-017 -0.12668390E-017 -0.12668390E-017 -0.12668390E-017 -0.12668390E-017 -0.12668390E-017 -0.12668390E-017 -0.12668390E-017 -0.12668390E-017 -0.12668390E-017 -0.12668390E-017 -0.12668390E-017 -0.12668390E-017 -0.12668390E-017 -0.12668390E-017 -0.12668390E-017
 -0.20353415E-015 -0.20353415E-015 -0.20353415E-015 -0.20353415E-015 -0.20353415E-015 -0.20353415E-015 -0.20353415E-015 -0.20353415E-015 -0.20353415E-015 -0.20353415E-015 -0.20353415E-015 -0.20353415E-015 -0.20353415E-015 -0.20353415E-015 -0.20353415E-015 -0.20353415E-015 -0.20353415E-015 -0.20353415E-015 -0.20353415E-015 -0.20353415E-015 -0.20353415E-015 -0.20353415E-015 -0.20353415E-015 -0.20353415E-015 -0.20353415E-015 -0.20353415E-015 -0.20353415E-015 -0.20353415E-015 -0.20353415E-015 -0.20353415E-015 -0.20353415E-015 -0.20353415E-015 -0.20353415E-015 -0.20353415E-015 -0.20353415E-015
 -0.26150632E-013 -0.26150632E-013 -0.26150632E-013 -0.26150632E-013 -0.26150632E-013 -0.26150632E-013 -0.26150632E-013 -0.26150632E-013 -0.26150632E-013 -0.26150632E-013 -0.26150632E-013 -0.26150632E-013 -0.26150632E-013 -0.26150632E-013 -0.26150632E-013 -0.26150632E-013 -0.26150632E-013 -0.26150632E-013 -0.26150632E-013 -0.26150632E-013 -0.26150632E-013 -0.26150632E-013 -0.26150632E-013 -0.26150632E-013 -0.26150632E-013 -0.26150632E-013 -0.26150632E-013 -0.26150632E-013 -0.26150632E-013 -0.26150632E-013 -0.26150632E-013 -0.26150632E-013 -0.26150632E-013 -0.26150632E-013 -0.26150632E-013
 -0.27076029E-011 -0.27076029E-011 -0.27076029E-011 -0.27076029E-011 -0.27076029E-011 -0.27076029E-011 -0.27076029E-011 -0.27076029E-011 -0.27076029E-011 -0.27076029E-011 -0.27076029E-011 -0.27076029E-011 -0.27076029E-011 -0.27076029E-011 -0.27076029E-011 -0.27076029E-011 -0.27076029E-011 -0.27076029E-011 -0.27076029E-011 -0.27076029E-011 -0.27076029E-011 -0.27076029E-011 -0.27076029E-011 -0.27076029E-011 -0.27076029E-011 -0.27076029E-011 -0.27076029E-011 -0.27076029E-011 -0.27076029E-011 -0.27076029E-011 -0.27076029E-011 -0.27076029E-011 -0.27076029E-011 -0.27076029E-011 -0.27076029E-011
 -0.22649613E-009 -0.22649613E-009 -0.22649613E-009 -0.22649613E-009 -0.22649613E-009 -0.22649613E-009 -0.22649613E-009 -0.22649613E-009 -0.22649613E-009 -0.22649613E-009 -0.22649613E-009 -0.22649613E-009 -0.22649613E-009 -0.22649613E-009 -0.22649613E-009 -0.22649613E-009 -0.22649613E-009 -0.22649613E-009 -0.22649613E-009 -0.22649613E-009 -0.22649613E-009 -0.22649613E-009 -0.22649613E-009 -0.22649613E-009 -0.22649613E-009 -0.22649613E-009 -0.22649613E-009 -0.22649613E-009 -0.22649613E-009 -0.22649613E-009 -0.22649613E-009 -0.22649613E-009 -0.22649613E-009 -0.22649613E-009 -0.22649613E-009
 -0.15271833E-007 -0.15271833E-007 -0.15271833E-007 -0.15271833E-007 -0.15271833E-007 -0.15271833E-007 -0.15271833E-007 -0.15271833E-007 -0.15271833E-007 -0.15271833E-007 -0.15271833E-007 -0.15271833E-007 -0.15271833E-007 -0.15271833E-007 -0.15271833E-007 -0.15271833E-007 -0.15271833E-007 -0.15271833E-007 -0.15271833E-007 -0.15271833E-007 -0.15271833E-007 -0.15271833E-007 -0.15271833E-007 -0.15271833E-007 -0.15271833E-007 -0.15271833E-007 -0.15271833E-007 -0.15271833E-007 -0.15271833E-007 -0.15271833E-007 -0.15271833E-007 -0.15271833E-007 -0.15271833E-007 -0.15271833E-007 -0.15271833E-007
 -0.82358393E-006 -0.82358393E-006 -0.82358393E-006 -0.82358393E-006 -0.82358393E-006 -0.82358393E-006 -0.82358393E-006 -0.82358393E-006 -0.82358393E-006 -0.82358393E-006 -0.82358393E-006 -0.82358393E-006 -0.82358393E-006 -0.82358393E-006 -0.82358393E-006 -0.82358393E-006 -0.82358393E-006 -0.82358393E-006 -0.82358393E-006 -0.82358393E-006 -0.82358393E-006 -0.82358393E-006 -0.82358393E-006 -0.82358393E-006 -0.82358393E-006 -0.82358393E-006 -0.82358393E-006 -0.82358393E-006 -0.82358393E-006 -0.82358393E-006 -0.82358393E-006 -0.82358393E-006 -0.82358393E-006 -0.82358393E-006 -0.82358393E-006
 -0.35009859E-004 -0.35009859E-004 -0.35009859E-004 -0.35009859E-004 -0.35009859E-004 -0.35009859E-004 -0.35009859E-004 -0.35009859E-004 -0.35009859E-004 -0.35009859E-004 -0.35009859E-004 -0.35009859E-004 -0.35009859E-004 -0.35009859E-004 -0.35009859E-004 -0.35009859E-004 -0.35009859E-004 -0.35009859E-004 -0.35009859E-004 -0.35009859E-004 -0.35009859E-004 -0.35009859E-004 -0.35009859E-004 -0.35009859E-004 -0.35009859E-004 -0.35009859E-004 -0.35009859E-004 -0.35009859E-004 -0.35009859E-004 -0.35009859E-004 -0.35009859E-004 -0.35009859E-004 -0.35009859E-004 -0.35009859E-004 -0.35009859E-004
 -0.11449012E-002 -0.11449012E-002 -0.11449012E-002 -0.11449012E-002 -0.11449012E-002 -0.11449012E-002 -0.11449012E-002 -0.11449012E-002 -0.11449012E-002 -0.11449012E-002 -0.11449012E-002 -0.11449012E-002 -0.11449012E-002 -0.11449012E-002 -0.11449012E-002 -0.11449012E-002 -0.11449012E-002 -0.11449012E-002 -0.11449012E-002 -0.11449012E-002 -0.11449012E-002 -0.11449012E-002 -0.11449012E-002 -0.11449012E-002 -0.11449012E-002 -0.11449012E-002 -0.11449012E-002 -0.11449012E-002 -0.11449012E-002 -0.11449012E-002 -0.11449012E-002 -0.11449012E-002 -0.11449012E-002 -0.11449012E-002 -0.11449012E-002
 -0.27658445E-001 -0.27658445E-001 -0.27658445E-001 -0.27658445E-001 -0.27658445E-001 -0.27658445E-001 -0.27658445E-001 -0.27658445E-001 -0.27658445E-001 -0.27658445E-001 -0.27658445E-001 -0.27658445E-001 -0.27658445E-001 -0.27658445E-001 -0.27658445E-001 -0.27658445E-001 -0.27658445E-001 -0.27658445E-001 -0.27658445E-001 -0.27658445E-001 -0.27658445E-001 -0.27658445E-001 -0.27658445E-001 -0.27658445E-001 -0.27658445E-001 -0.27658445E-001 -0.27658445E-001 -0.27658445E-001 -0.27658445E-001 -0.27658445E-001 -0.27658445E-001 -0.27658445E-001 -0.27658445E-001 -0.27658445E-001 -0.27658445E-001
 -0.45889496E+000 -0.45889496E+000 -0.45889496E+000 -0.45889496E+000 -0.45889496E+000 -0.45889496E+000 -0.45889496E+000 -0.45889496E+000 -0.45889496E+000 -0.45889496E+000 -0.45889496E+000 -0.45889496E+000 -0.45889496E+000 -0.45889496E+000 -0.45889496E+000 -0.45889496E+000 -0.45889496E+000 -0.45889496E+000 -0.45889496E+000 -0.45889496E+000 -0.45889496E+000 -0.45889496E+000 -0.45889496E+000 -0.45889496E+000 -0.45889496E+000 -0.45889496E+000 -0.45889496E+000 -0.45889496E+000 -0.45889496E+000 -0.45889496E+000 -0.45889496E+000 -0.45889496E+000 -0.45889496E+000 -0.45889496E+000 -0.45889496E+000
 -0.44490692E+001 -0.44490692E+001 -0.44490692E+001 -0.44490692E+001 -0.44490692E+001 -0.44490692E+001 -0.44490692E+001 -0.44490692E+001 -0.44490692E+001 -0.44490692E+001 -0.44490692E+001 -0.44490692E+001 -0.44490692E+001 -0.44490692E+001 -0.44490692E+001 -0.44490692E+001 -0.44490692E+001 -0.44490692E+001 -0.44490692E+001 -0.44490692E+001 -0.44490692E+001 -0.44490692E+001 -0.44490692E+001 -0.44490692E+001 -0.44490692E+001 -0.44490692E+001 -0.44490692E+001 -0.44490692E+001 -0.44490692E+001 -0.44490692E+001 -0.44490692E+001 -0.44490692E+001 -0.44490692E+001 -0.44490692E+001 -0.44490692E+001
 -0.11783348E+002 -0.11783348E+002 -0.11783348E+002 -0.11783348E+002 -0.11783348E+002 -0.11783348E+002 -0.11783348E+002 -0.11783348E+002 -0.11783348E+002 -0.11783348E+002 -0.11783348E+002 -0.11783348E+002 -0.11783348E+002 -0.11783348E+002 -0.11783348E+002 -0.11783348E+002 -0.11783348E+002 -0.11783348E+002 -0.11783348E+002 -0.11783348E+002 -0.11783348E+002 -0.11783348E+002 -0.11783348E+002 -0.11783348E+002 -0.11783348E+002 -0.11783348E+002 -0.11783348E+002 -0.11783348E+002 -0.11783348E+002 -0.11783348E+002 -0.11783348E+002 -0.11783348E+002 -0.11783348E+002 -0.11783348E+002 -0.11783348E+002
 -0.51531791E+002 -0.51531791E+002 -0.51531791E+002 -0.51531791E+002 -0.51531791E+002 -0.51531791E+002 -0.51531791E+002 -0.51531791E+002 -0.51531791E+002 -0.51531791E+002 -0.51531791E+002 -0.51531791E+002 -0.51531791E+002 -0.51531791E+002 -0.51531791E+002 -0.51531791E+002 -0.51531791E+002 -0.51531791E+002 -0.51531791E+002 -0.51531791E+002 -0.51531791E+002 -0.51531791E+002 -0.51531791E+002 -0.51531791E+002 -0.51531791E+002 -0.51531791E+002 -0.51531791E+002 -0.51531791E+002 -0.51531791E+002 -0.51531791E+002 -0.51531791E+002 -0.51531791E+002 -0.51531791E+002 -0.51531791E+002 -0.51531791E+002
 -0.39295362E+003 -0.39295346E+003 -0.39295270E+003 -0.39295109E+003 -0.39294842E+003 -0.39294453E+003 -0.39294063E+003 -0.39293796E+003 -0.39293634E+003 -0.39293558E+003 -0.39293542E+003 -0.39293533E+003 -0.39293481E+003 -0.39293350E+003 -0.39293105E+003 -0.39292716E+003 -0.39292152E+003 -0.39291384E+003 -0.39290381E+003 -0.39289120E+003 -0.39287567E+003 -0.39285696E+003 -0.39283482E+003 -0.39280897E+003 -0.39277915E+003 -0.39277915E+003 -0.39277915E+003 -0.39277914E+003 -0.39277914E+003 -0.39277914E+003 -0.39277914E+003 -0.39277913E+003 -0.39277913E+003 -0.39277912E+003 -0.39277912E+003
 -0.47132809E+001 -0.46738025E+001 -0.45017193E+001 -0.41340897E+001 -0.36052747E+001 -0.28307634E+001 -0.20474456E+001 -0.15690554E+001 -0.12928824E+001 -0.11363697E+001 -0.10982831E+001 -0.10982831E+001 -0.10982831E+001 -0.10982831E+001 -0.10982831E+001 -0.10982831E+001 -0.10982831E+001 -0.10982831E+001 -0.10982831E+001 -0.35868244E+001 -0.15624612E+001 -0.15624612E+001 -0.15624612E+001 -0.15624612E+001 -0.15624612E+001 -0.15624612E+001 -0.16969893E+002 -0.18815619E+001 -0.18815620E+001 -0.18815632E+001 -0.18815645E+001 -0.18815660E+001 -0.18815676E+001 -0.28785437E+003 -0.27198670E+003
