  0.00000000E+000  0.00000000E+000  0.00000000E+000  0.00000000E+000  0.00000000E+000  0.00000000E+000  0.00000000E+000  0.00000000E+000  0.00000000E+000  0.00000000E+000  0.00000000E+000  0.00000000E+000  0.00000000E+000  0.00000000E+000  0.00000000E+000  0.00000000E+000  0.00000000E+000  0.00000000E+000  0.00000000E+000  0.00000000E+000  0.00000000E+000  0.00000000E+000  0.00000000E+000  0.00000000E+000  0.00000000E+000  0.00000000E+000  0.00000000E+000  0.00000000E+000  0.00000000E+000  0.00000000E+000  0.00000000E+000  0.00000000E+000  0.00000000E+000  0.00000000E+000  0.00000000E+000
  0.25502614E-042  0.25502614E-042  0.25502614E-042  0.25502614E-042  0.25502614E-042  0.25502614E-042  0.25502614E-042  0.25502614E-042  0.25502614E-042  0.25502614E-042  0.25502614E-042  0.25502614E-042  0.25502614E-042  0.25502614E-042  0.25502614E-042  0.25502614E-042  0.25502614E-042  0.25502614E-042  0.25502614E-042  0.25502614E-042  0.25502614E-042  0.25502614E-042  0.25502614E-042  0.25502614E-042  0.25502614E-042  0.25502614E-042  0.25502614E-042  0.25502614E-042  0.25502614E-042  0.25502614E-042  0.25502614E-042  0.25502614E-042  0.25502614E-042  0.25502614E-042  0.25502614E-042
  0.21733170E-039  0.21733170E-039  0.21733170E-039  0.21733170E-039  0.21733170E-039  0.21733170E-039  0.21733170E-039  0.21733170E-039  0.21733170E-039  0.21733170E-039  0.21733170E-039  0.21733170E-039  0.21733170E-039  0.21733170E-039  0.21733170E-039  0.21733170E-039  0.21733170E-039  0.21733170E-039  0.21733170E-039  0.21733170E-039  0.21733170E-039  0.21733170E-039  0.21733170E-039  0.21733170E-039  0.21733170E-039  0.21733170E-039  0.21733170E-039  0.21733170E-039  0.21733170E-039  0.21733170E-039  0.21733170E-039  0.21733170E-039  0.21733170E-039  0.21733170E-039  0.21733170E-039
  0.88856859E-037  0.88856859E-037  0.88856859E-037  0.88856859E-037  0.88856859E-037  0.88856859E-037  0.88856859E-037  0.88856859E-037  0.88856859E-037  0.88856859E-037  0.88856859E-037  0.88856859E-037  0.88856859E-037  0.88856859E-037  0.88856859E-037  0.88856859E-037  0.88856859E-037  0.88856859E-037  0.88856859E-037  0.88856859E-037  0.88856859E-037  0.88856859E-037  0.88856859E-037  0.88856859E-037  0.88856859E-037  0.88856859E-037  0.88856859E-037  0.88856859E-037  0.88856859E-037  0.88856859E-037  0.88856859E-037  0.88856859E-037  0.88856859E-037  0.88856859E-037  0.88856859E-037
  0.23181670E-034  0.23181670E-034  0.23181670E-034  0.23181670E-034  0.23181670E-034  0.23181670E-034  0.23181670E-034  0.23181670E-034  0.23181670E-034  0.23181670E-034  0.23181670E-034  0.23181670E-034  0.23181670E-034  0.23181670E-034  0.23181670E-034  0.23181670E-034  0.23181670E-034  0.23181670E-034  0.23181670E-034  0.23181670E-034  0.23181670E-034  0.23181670E-034  0.23181670E-034  0.23181670E-034  0.23181670E-034  0.23181670E-034  0.23181670E-034  0.23181670E-034  0.23181670E-034  0.23181670E-034  0.23181670E-034  0.23181670E-034  0.23181670E-034  0.23181670E-034  0.23181670E-034
  0.43294962E-032  0.43294962E-032  0.43294962E-032  0.43294962E-032  0.43294962E-032  0.43294962E-032  0.43294962E-032  0.43294962E-032  0.43294962E-032  0.43294962E-032  0.43294962E-032  0.43294962E-032  0.43294962E-032  0.43294962E-032  0.43294962E-032  0.43294962E-032  0.43294962E-032  0.43294962E-032  0.43294962E-032  0.43294962E-032  0.43294962E-032  0.43294962E-032  0.43294962E-032  0.43294962E-032  0.43294962E-032  0.43294962E-032  0.43294962E-032  0.43294962E-032  0.43294962E-032  0.43294962E-032  0.43294962E-032  0.43294962E-032  0.43294962E-032  0.43294962E-032  0.43294962E-032
  0.61554778E-030  0.61554778E-030  0.61554778E-030  0.61554778E-030  0.61554778E-030  0.61554778E-030  0.61554778E-030  0.61554778E-030  0.61554778E-030  0.61554778E-030  0.61554778E-030  0.61554778E-030  0.61554778E-030  0.61554778E-030  0.61554778E-030  0.61554778E-030  0.61554778E-030  0.61554778E-030  0.61554778E-030  0.61554778E-030  0.61554778E-030  0.61554778E-030  0.61554778E-030  0.61554778E-030  0.61554778E-030  0.61554778E-030  0.61554778E-030  0.61554778E-030  0.61554778E-030  0.61554778E-030  0.61554778E-030  0.61554778E-030  0.61554778E-030  0.61554778E-030  0.61554778E-030
  0.69159374E-028  0.69159374E-028  0.69159374E-028  0.69159374E-028  0.69159374E-028  0.69159374E-028  0.69159374E-028  0.69159374E-028  0.69159374E-028  0.69159374E-028  0.69159374E-028  0.69159374E-028  0.69159374E-028  0.69159374E-028  0.69159374E-028  0.69159374E-028  0.69159374E-028  0.69159374E-028  0.69159374E-028  0.69159374E-028  0.69159374E-028  0.69159374E-028  0.69159374E-028  0.69159374E-028  0.69159374E-028  0.69159374E-028  0.69159374E-028  0.69159374E-028  0.69159374E-028  0.69159374E-028  0.69159374E-028  0.69159374E-028  0.69159374E-028  0.69159374E-028  0.69159374E-028
  0.62915136E-026  0.62915136E-026  0.62915136E-026  0.62915136E-026  0.62915136E-026  0.62915136E-026  0.62915136E-026  0.62915136E-026  0.62915136E-026  0.62915136E-026  0.62915136E-026  0.62915136E-026  0.62915136E-026  0.62915136E-026  0.62915136E-026  0.62915136E-026  0.62915136E-026  0.62915136E-026  0.62915136E-026  0.62915136E-026  0.62915136E-026  0.62915136E-026  0.62915136E-026  0.62915136E-026  0.62915136E-026  0.62915136E-026  0.62915136E-026  0.62915136E-026  0.62915136E-026  0.62915136E-026  0.62915136E-026  0.62915136E-026  0.62915136E-026  0.62915136E-026  0.62915136E-026
  0.47099817E-024  0.47099817E-024  0.47099817E-024  0.47099817E-024  0.47099817E-024  0.47099817E-024  0.47099817E-024  0.47099817E-024  0.47099817E-024  0.47099817E-024  0.47099817E-024  0.47099817E-024  0.47099817E-024  0.47099817E-024  0.47099817E-024  0.47099817E-024  0.47099817E-024  0.47099817E-024  0.47099817E-024  0.47099817E-024  0.47099817E-024  0.47099817E-024  0.47099817E-024  0.47099817E-024  0.47099817E-024  0.47099817E-024  0.47099817E-024  0.47099817E-024  0.47099817E-024  0.47099817E-024  0.47099817E-024  0.47099817E-024  0.47099817E-024  0.47099817E-024  0.47099817E-024
  0.26502644E-021  0.26502644E-021  0.26502644E-021  0.26502644E-021  0.26502644E-021  0.26502644E-021  0.26502644E-021  0.26502644E-021  0.26502644E-021  0.26502644E-021  0.26502644E-021  0.26502644E-021  0.26502644E-021  0.26502644E-021  0.26502644E-021  0.26502644E-021  0.26502644E-021  0.26502644E-021  0.26502644E-021  0.26502644E-021  0.26502644E-021  0.26502644E-021  0.26502644E-021  0.26502644E-021  0.26502644E-021  0.26502644E-021  0.26502644E-021  0.26502644E-021  0.26502644E-021  0.26502644E-021  0.26502644E-021  0.26502644E-021  0.26502644E-021  0.26502644E-021  0.26502644E-021
  0.12045778E-018  0.12045778E-018  0.12045778E-018  0.12045778E-018  0.12045778E-018  0.12045778E-018  0.12045778E-018  0.12045778E-018  0.12045778E-018  0.12045778E-018  0.12045778E-018  0.12045778E-018  0.12045778E-018  0.12045778E-018  0.12045778E-018  0.12045778E-018  0.12045778E-018  0.12045778E-018  0.12045778E-018  0.12045778E-018  0.12045778E-018  0.12045778E-018  0.12045778E-018  0.12045778E-018  0.12045778E-018  0.12045778E-018  0.12045778E-018  0.12045778E-018  0.12045778E-018  0.12045778E-018  0.12045778E-018  0.12045778E-018  0.12045778E-018  0.12045778E-018  0.12045778E-018
  0.44585860E-016  0.44585860E-016  0.44585860E-016  0.44585860E-016  0.44585860E-016  0.44585860E-016  0.44585860E-016  0.44585860E-016  0.44585860E-016  0.44585860E-016  0.44585860E-016  0.44585860E-016  0.44585860E-016  0.44585860E-016  0.44585860E-016  0.44585860E-016  0.44585860E-016  0.44585860E-016  0.44585860E-016  0.44585860E-016  0.44585860E-016  0.44585860E-016  0.44585860E-016  0.44585860E-016  0.44585860E-016  0.44585860E-016  0.44585860E-016  0.44585860E-016  0.44585860E-016  0.44585860E-016  0.44585860E-016  0.44585860E-016  0.44585860E-016  0.44585860E-016  0.44585860E-016
  0.13484351E-013  0.13484351E-013  0.13484351E-013  0.13484351E-013  0.13484351E-013  0.13484351E-013  0.13484351E-013  0.13484351E-013  0.13484351E-013  0.13484351E-013  0.13484351E-013  0.13484351E-013  0.13484351E-013  0.13484351E-013  0.13484351E-013  0.13484351E-013  0.13484351E-013  0.13484351E-013  0.13484351E-013  0.13484351E-013  0.13484351E-013  0.13484351E-013  0.13484351E-013  0.13484351E-013  0.13484351E-013  0.13484351E-013  0.13484351E-013  0.13484351E-013  0.13484351E-013  0.13484351E-013  0.13484351E-013  0.13484351E-013  0.13484351E-013  0.13484351E-013  0.13484351E-013
  0.33284671E-011  0.33284671E-011  0.33284671E-011  0.33284671E-011  0.33284671E-011  0.33284671E-011  0.33284671E-011  0.33284671E-011  0.33284671E-011  0.33284671E-011  0.33284671E-011  0.33284671E-011  0.33284671E-011  0.33284671E-011  0.33284671E-011  0.33284671E-011  0.33284671E-011  0.33284671E-011  0.33284671E-011  0.33284671E-011  0.33284671E-011  0.33284671E-011  0.33284671E-011  0.33284671E-011  0.33284671E-011  0.33284671E-011  0.33284671E-011  0.33284671E-011  0.33284671E-011  0.33284671E-011  0.33284671E-011  0.33284671E-011  0.33284671E-011  0.33284671E-011  0.33284671E-011
  0.66666198E-009  0.66666198E-009  0.66666198E-009  0.66666198E-009  0.66666198E-009  0.66666198E-009  0.66666198E-009  0.66666198E-009  0.66666198E-009  0.66666198E-009  0.66666198E-009  0.66666198E-009  0.66666198E-009  0.66666198E-009  0.66666198E-009  0.66666198E-009  0.66666198E-009  0.66666198E-009  0.66666198E-009  0.66666198E-009  0.66666198E-009  0.66666198E-009  0.66666198E-009  0.66666198E-009  0.66666198E-009  0.66666198E-009  0.66666198E-009  0.66666198E-009  0.66666198E-009  0.66666198E-009  0.66666198E-009  0.66666198E-009  0.66666198E-009  0.66666198E-009  0.66666198E-009
  0.10711482E-006  0.10711482E-006  0.10711482E-006  0.10711482E-006  0.10711482E-006  0.10711482E-006  0.10711482E-006  0.10711482E-006  0.10711482E-006  0.10711482E-006  0.10711482E-006  0.10711482E-006  0.10711482E-006  0.10711482E-006  0.10711482E-006  0.10711482E-006  0.10711482E-006  0.10711482E-006  0.10711482E-006  0.10711482E-006  0.10711482E-006  0.10711482E-006  0.10711482E-006  0.10711482E-006  0.10711482E-006  0.10711482E-006  0.10711482E-006  0.10711482E-006  0.10711482E-006  0.10711482E-006  0.10711482E-006  0.10711482E-006  0.10711482E-006  0.10711482E-006  0.10711482E-006
  0.13546698E-004  0.13546698E-004  0.13546698E-004  0.13546698E-004  0.13546698E-004  0.13546698E-004  0.13546698E-004  0.13546698E-004  0.13546698E-004  0.13546698E-004  0.13546698E-004  0.13546698E-004  0.13546698E-004  0.13546698E-004  0.13546698E-004  0.13546698E-004  0.13546698E-004  0.13546698E-004  0.13546698E-004  0.13546698E-004  0.13546698E-004  0.13546698E-004  0.13546698E-004  0.13546698E-004  0.13546698E-004  0.13546698E-004  0.13546698E-004  0.13546698E-004  0.13546698E-004  0.13546698E-004  0.13546698E-004  0.13546698E-004  0.13546698E-004  0.13546698E-004  0.13546698E-004
  0.13080298E-002  0.13080298E-002  0.13080298E-002  0.13080298E-002  0.13080298E-002  0.13080298E-002  0.13080298E-002  0.13080298E-002  0.13080298E-002  0.13080298E-002  0.13080298E-002  0.13080298E-002  0.13080298E-002  0.13080298E-002  0.13080298E-002  0.13080298E-002  0.13080298E-002  0.13080298E-002  0.13080298E-002  0.13080298E-002  0.13080298E-002  0.13080298E-002  0.13080298E-002  0.13080298E-002  0.13080298E-002  0.13080298E-002  0.13080298E-002  0.13080298E-002  0.13080298E-002  0.13080298E-002  0.13080298E-002  0.13080298E-002  0.13080298E-002  0.13080298E-002  0.13080298E-002
  0.91652741E-001  0.91652741E-001  0.91652741E-001  0.91652741E-001  0.91652741E-001  0.91652741E-001  0.91652741E-001  0.91652741E-001  0.91652741E-001  0.91652741E-001  0.91652741E-001  0.91652741E-001  0.91652741E-001  0.91652741E-001  0.91652741E-001  0.91652741E-001  0.91652741E-001  0.91652741E-001  0.91652741E-001  0.91652741E-001  0.91652740E-001  0.91652740E-001  0.91652740E-001  0.91652740E-001  0.91652740E-001  0.91652740E-001  0.91652740E-001  0.91652739E-001  0.91652739E-001  0.91652739E-001  0.91652738E-001  0.91652738E-001  0.91652738E-001  0.91652737E-001  0.91652737E-001
  0.42385800E+001  0.42385800E+001  0.42385800E+001  0.42385800E+001  0.42385800E+001  0.42385800E+001  0.42385800E+001  0.42385800E+001  0.42385800E+001  0.42385800E+001  0.42385800E+001  0.42385800E+001  0.42385800E+001  0.42385800E+001  0.49435524E+000  0.12925246E+001  0.24522826E+001  0.40376364E+001  0.40376364E+001  0.40376364E+001  0.40376364E+001  0.40376364E+001  0.40376364E+001  0.40376364E+001  0.40376364E+001  0.40376364E+001  0.40376364E+001  0.40376364E+001  0.40376364E+001  0.40376364E+001  0.40376364E+001  0.40376364E+001  0.40376364E+001  0.40376365E+001  0.40376365E+001
  0.10219691E+003  0.10219691E+003  0.10219691E+003  0.10219691E+003  0.10219691E+003  0.10219691E+003  0.10219691E+003  0.10219691E+003  0.94269466E+002  0.94473796E+002  0.94473796E+002  0.94473796E+002  0.94473796E+002  0.94473796E+002  0.94473796E+002  0.94473796E+002  0.92593544E+002  0.94665878E+002  0.94665878E+002  0.94665878E+002  0.94665878E+002  0.94665878E+002  0.94665878E+002  0.94665878E+002  0.94665878E+002  0.94665878E+002  0.94665878E+002  0.94665878E+002  0.94665878E+002  0.94665878E+002  0.94665878E+002  0.81820614E+002  0.10053174E+003  0.10053174E+003  0.10053174E+003
  0.12552618E+000  0.14746160E+000  0.14746160E+000  0.14746160E+000 -0.87509688E+002 -0.86896567E+002 -0.86282769E+002 -0.85860854E+002 -0.85605335E+002 -0.85481628E+002 -0.85455079E+002 -0.85441554E+002 -0.85357080E+002 -0.85142912E+002 -0.84744739E+002 -0.84110624E+002 -0.83190033E+002 -0.81923961E+002 -0.80282429E+002 -0.78205527E+002 -0.75642687E+002 -0.72542084E+002 -0.68850141E+002 -0.64510966E+002 -0.59465768E+002 -0.53652237E+002 -0.47003766E+002 -0.39448774E+002 -0.30909811E+002 -0.21302460E+002 -0.10534607E+002  0.14951307E+001  0.15477367E+002  0.30103796E+002  0.46319594E+002
 -0.38467691E+000 -0.53615383E+000 -0.38467107E+000 -0.18228474E+001 -0.12895499E+001 -0.34420410E+000 -0.34420410E+000 -0.10393192E+003 -0.10358973E+003 -0.10342933E+003 -0.10339489E+003 -0.10337735E+003 -0.10326777E+003 -0.10299003E+003 -0.10247401E+003 -0.10165326E+003 -0.10046415E+003 -0.98845467E+002 -0.96738442E+002 -0.94086141E+002 -0.90835060E+002 -0.86900142E+002 -0.82249811E+002 -0.76832917E+002 -0.70600613E+002 -0.63506759E+002 -0.55507173E+002 -0.46565863E+002 -0.36660521E+002 -0.25821140E+002 -0.14051002E+002 -0.13669767E+001 -0.13669766E+001 -0.13669766E+001  0.45661999E+003
  0.48709718E-002  0.48709718E-002  0.48709718E-002 -0.18476952E+001 -0.13119880E+001 -0.53195542E+000  0.24727779E+000  0.24727779E+000  0.24727779E+000  0.24727779E+000  0.24727779E+000  0.24727779E+000 -0.23826214E+000  0.79451974E-001  0.79451974E-001  0.79451974E-001 -0.18325436E+001  0.12887318E-001  0.12887371E-001 -0.13477271E+002 -0.98073558E+001 -0.53986820E+001 -0.19398036E+000  0.58614312E+001  0.58614312E+001 -0.35905946E+001  0.51107839E+001  0.51107839E+001  0.51107839E+001  0.51107839E+001 -0.21060645E+002 -0.79856967E+001  0.61361434E+001  0.61361434E+001  0.61361434E+001
