  0.00000000E+000  0.00000000E+000  0.00000000E+000  0.00000000E+000  0.00000000E+000  0.00000000E+000  0.00000000E+000  0.00000000E+000  0.00000000E+000  0.00000000E+000  0.00000000E+000  0.00000000E+000  0.00000000E+000  0.00000000E+000  0.00000000E+000  0.00000000E+000  0.00000000E+000  0.00000000E+000  0.00000000E+000  0.00000000E+000  0.00000000E+000  0.00000000E+000  0.00000000E+000  0.00000000E+000  0.00000000E+000  0.00000000E+000  0.00000000E+000  0.00000000E+000  0.00000000E+000  0.00000000E+000  0.00000000E+000  0.00000000E+000  0.00000000E+000  0.00000000E+000  0.00000000E+000
 -0.13233908E-030 -0.13233908E-030 -0.13233908E-030 -0.13233908E-030 -0.13233908E-030 -0.13233908E-030 -0.13233908E-030 -0.13233908E-030 -0.13233908E-030 -0.13233908E-030 -0.13233908E-030 -0.13233908E-030 -0.13233908E-030 -0.13233908E-030 -0.13233908E-030 -0.13233908E-030 -0.13233908E-030 -0.13233908E-030 -0.13233908E-030 -0.13233908E-030 -0.13233908E-030 -0.13233908E-030 -0.13233908E-030 -0.13233908E-030 -0.13233908E-030 -0.13233908E-030 -0.13233908E-030 -0.13233908E-030 -0.13233908E-030 -0.13233908E-030 -0.13233908E-030 -0.13233908E-030 -0.13233908E-030 -0.13233908E-030 -0.13233908E-030
 -0.31740549E-028 -0.31740549E-028 -0.31740549E-028 -0.31740549E-028 -0.31740549E-028 -0.31740549E-028 -0.31740549E-028 -0.31740549E-028 -0.31740549E-028 -0.31740549E-028 -0.31740549E-028 -0.31740549E-028 -0.31740549E-028 -0.31740549E-028 -0.31740549E-028 -0.31740549E-028 -0.31740549E-028 -0.31740549E-028 -0.31740549E-028 -0.31740549E-028 -0.31740549E-028 -0.31740549E-028 -0.31740549E-028 -0.31740549E-028 -0.31740549E-028 -0.31740549E-028 -0.31740549E-028 -0.31740549E-028 -0.31740549E-028 -0.31740549E-028 -0.31740549E-028 -0.31740549E-028 -0.31740549E-028 -0.31740549E-028 -0.31740549E-028
 -0.36385126E-026 -0.36385126E-026 -0.36385126E-026 -0.36385126E-026 -0.36385126E-026 -0.36385126E-026 -0.36385126E-026 -0.36385126E-026 -0.36385126E-026 -0.36385126E-026 -0.36385126E-026 -0.36385126E-026 -0.36385126E-026 -0.36385126E-026 -0.36385126E-026 -0.36385126E-026 -0.36385126E-026 -0.36385126E-026 -0.36385126E-026 -0.36385126E-026 -0.36385126E-026 -0.36385126E-026 -0.36385126E-026 -0.36385126E-026 -0.36385126E-026 -0.36385126E-026 -0.36385126E-026 -0.36385126E-026 -0.36385126E-026 -0.36385126E-026 -0.36385126E-026 -0.36385126E-026 -0.36385126E-026 -0.36385126E-026 -0.36385126E-026
 -0.26522312E-024 -0.26522312E-024 -0.26522312E-024 -0.26522312E-024 -0.26522312E-024 -0.26522312E-024 -0.26522312E-024 -0.26522312E-024 -0.26522312E-024 -0.26522312E-024 -0.26522312E-024 -0.26522312E-024 -0.26522312E-024 -0.26522312E-024 -0.26522312E-024 -0.26522312E-024 -0.26522312E-024 -0.26522312E-024 -0.26522312E-024 -0.26522312E-024 -0.26522312E-024 -0.26522312E-024 -0.26522312E-024 -0.26522312E-024 -0.26522312E-024 -0.26522312E-024 -0.26522312E-024 -0.26522312E-024 -0.26522312E-024 -0.26522312E-024 -0.26522312E-024 -0.26522312E-024 -0.26522312E-024 -0.26522312E-024 -0.26522312E-024
 -0.13797687E-022 -0.13797687E-022 -0.13797687E-022 -0.13797687E-022 -0.13797687E-022 -0.13797687E-022 -0.13797687E-022 -0.13797687E-022 -0.13797687E-022 -0.13797687E-022 -0.13797687E-022 -0.13797687E-022 -0.13797687E-022 -0.13797687E-022 -0.13797687E-022 -0.13797687E-022 -0.13797687E-022 -0.13797687E-022 -0.13797687E-022 -0.13797687E-022 -0.13797687E-022 -0.13797687E-022 -0.13797687E-022 -0.13797687E-022 -0.13797687E-022 -0.13797687E-022 -0.13797687E-022 -0.13797687E-022 -0.13797687E-022 -0.13797687E-022 -0.13797687E-022 -0.13797687E-022 -0.13797687E-022 -0.13797687E-022 -0.13797687E-022
 -0.54503798E-021 -0.54503798E-021 -0.54503798E-021 -0.54503798E-021 -0.54503798E-021 -0.54503798E-021 -0.54503798E-021 -0.54503798E-021 -0.54503798E-021 -0.54503798E-021 -0.54503798E-021 -0.54503798E-021 -0.54503798E-021 -0.54503798E-021 -0.54503798E-021 -0.54503798E-021 -0.54503798E-021 -0.54503798E-021 -0.54503798E-021 -0.54503798E-021 -0.54503798E-021 -0.54503798E-021 -0.54503798E-021 -0.54503798E-021 -0.54503798E-021 -0.54503798E-021 -0.54503798E-021 -0.54503798E-021 -0.54503798E-021 -0.54503798E-021 -0.54503798E-021 -0.54503798E-021 -0.54503798E-021 -0.54503798E-021 -0.54503798E-021
 -0.16982245E-019 -0.16982245E-019 -0.16982245E-019 -0.16982245E-019 -0.16982245E-019 -0.16982245E-019 -0.16982245E-019 -0.16982245E-019 -0.16982245E-019 -0.16982245E-019 -0.16982245E-019 -0.16982245E-019 -0.16982245E-019 -0.16982245E-019 -0.16982245E-019 -0.16982245E-019 -0.16982245E-019 -0.16982245E-019 -0.16982245E-019 -0.16982245E-019 -0.16982245E-019 -0.16982245E-019 -0.16982245E-019 -0.16982245E-019 -0.16982245E-019 -0.16982245E-019 -0.16982245E-019 -0.16982245E-019 -0.16982245E-019 -0.16982245E-019 -0.16982245E-019 -0.16982245E-019 -0.16982245E-019 -0.16982245E-019 -0.16982245E-019
 -0.42799113E-018 -0.42799113E-018 -0.42799113E-018 -0.42799113E-018 -0.42799113E-018 -0.42799113E-018 -0.42799113E-018 -0.42799113E-018 -0.42799113E-018 -0.42799113E-018 -0.42799113E-018 -0.42799113E-018 -0.42799113E-018 -0.42799113E-018 -0.42799113E-018 -0.42799113E-018 -0.42799113E-018 -0.42799113E-018 -0.42799113E-018 -0.42799113E-018 -0.42799113E-018 -0.42799113E-018 -0.42799113E-018 -0.42799113E-018 -0.42799113E-018 -0.42799113E-018 -0.42799113E-018 -0.42799113E-018 -0.42799113E-018 -0.42799113E-018 -0.42799113E-018 -0.42799113E-018 -0.42799113E-018 -0.42799113E-018 -0.42799113E-018
 -0.88772231E-017 -0.88772231E-017 -0.88772231E-017 -0.88772231E-017 -0.88772231E-017 -0.88772231E-017 -0.88772231E-017 -0.88772231E-017 -0.88772231E-017 -0.88772231E-017 -0.88772231E-017 -0.88772231E-017 -0.88772231E-017 -0.88772231E-017 -0.88772231E-017 -0.88772231E-017 -0.88772231E-017 -0.88772231E-017 -0.88772231E-017 -0.88772231E-017 -0.88772231E-017 -0.88772231E-017 -0.88772231E-017 -0.88772231E-017 -0.88772231E-017 -0.88772231E-017 -0.88772231E-017 -0.88772231E-017 -0.88772231E-017 -0.88772231E-017 -0.88772231E-017 -0.88772231E-017 -0.88772231E-017 -0.88772231E-017 -0.88772231E-017
 -0.13337542E-014 -0.13337542E-014 -0.13337542E-014 -0.13337542E-014 -0.13337542E-014 -0.13337542E-014 -0.13337542E-014 -0.13337542E-014 -0.13337542E-014 -0.13337542E-014 -0.13337542E-014 -0.13337542E-014 -0.13337542E-014 -0.13337542E-014 -0.13337542E-014 -0.13337542E-014 -0.13337542E-014 -0.13337542E-014 -0.13337542E-014 -0.13337542E-014 -0.13337542E-014 -0.13337542E-014 -0.13337542E-014 -0.13337542E-014 -0.13337542E-014 -0.13337542E-014 -0.13337542E-014 -0.13337542E-014 -0.13337542E-014 -0.13337542E-014 -0.13337542E-014 -0.13337542E-014 -0.13337542E-014 -0.13337542E-014 -0.13337542E-014
 -0.16069604E-012 -0.16069604E-012 -0.16069604E-012 -0.16069604E-012 -0.16069604E-012 -0.16069604E-012 -0.16069604E-012 -0.16069604E-012 -0.16069604E-012 -0.16069604E-012 -0.16069604E-012 -0.16069604E-012 -0.16069604E-012 -0.16069604E-012 -0.16069604E-012 -0.16069604E-012 -0.16069604E-012 -0.16069604E-012 -0.16069604E-012 -0.16069604E-012 -0.16069604E-012 -0.16069604E-012 -0.16069604E-012 -0.16069604E-012 -0.16069604E-012 -0.16069604E-012 -0.16069604E-012 -0.16069604E-012 -0.16069604E-012 -0.16069604E-012 -0.16069604E-012 -0.16069604E-012 -0.16069604E-012 -0.16069604E-012 -0.16069604E-012
 -0.15651714E-010 -0.15651714E-010 -0.15651714E-010 -0.15651714E-010 -0.15651714E-010 -0.15651714E-010 -0.15651714E-010 -0.15651714E-010 -0.15651714E-010 -0.15651714E-010 -0.15651714E-010 -0.15651714E-010 -0.15651714E-010 -0.15651714E-010 -0.15651714E-010 -0.15651714E-010 -0.15651714E-010 -0.15651714E-010 -0.15651714E-010 -0.15651714E-010 -0.15651714E-010 -0.15651714E-010 -0.15651714E-010 -0.15651714E-010 -0.15651714E-010 -0.15651714E-010 -0.15651714E-010 -0.15651714E-010 -0.15651714E-010 -0.15651714E-010 -0.15651714E-010 -0.15651714E-010 -0.15651714E-010 -0.15651714E-010 -0.15651714E-010
 -0.12364209E-008 -0.12364209E-008 -0.12364209E-008 -0.12364209E-008 -0.12364209E-008 -0.12364209E-008 -0.12364209E-008 -0.12364209E-008 -0.12364209E-008 -0.12364209E-008 -0.12364209E-008 -0.12364209E-008 -0.12364209E-008 -0.12364209E-008 -0.12364209E-008 -0.12364209E-008 -0.12364209E-008 -0.12364209E-008 -0.12364209E-008 -0.12364209E-008 -0.12364209E-008 -0.12364209E-008 -0.12364209E-008 -0.12364209E-008 -0.12364209E-008 -0.12364209E-008 -0.12364209E-008 -0.12364209E-008 -0.12364209E-008 -0.12364209E-008 -0.12364209E-008 -0.12364209E-008 -0.12364209E-008 -0.12364209E-008 -0.12364209E-008
 -0.79125791E-007 -0.79125791E-007 -0.79125791E-007 -0.79125791E-007 -0.79125791E-007 -0.79125791E-007 -0.79125791E-007 -0.79125791E-007 -0.79125791E-007 -0.79125791E-007 -0.79125791E-007 -0.79125791E-007 -0.79125791E-007 -0.79125791E-007 -0.79125791E-007 -0.79125791E-007 -0.79125791E-007 -0.79125791E-007 -0.79125791E-007 -0.79125791E-007 -0.79125791E-007 -0.79125791E-007 -0.79125791E-007 -0.79125791E-007 -0.79125791E-007 -0.79125791E-007 -0.79125791E-007 -0.79125791E-007 -0.79125791E-007 -0.79125791E-007 -0.79125791E-007 -0.79125791E-007 -0.79125791E-007 -0.79125791E-007 -0.79125791E-007
 -0.40786474E-005 -0.40786474E-005 -0.40786474E-005 -0.40786474E-005 -0.40786474E-005 -0.40786474E-005 -0.40786474E-005 -0.40786474E-005 -0.40786474E-005 -0.40786474E-005 -0.40786474E-005 -0.40786474E-005 -0.40786474E-005 -0.40786474E-005 -0.40786474E-005 -0.40786474E-005 -0.40786474E-005 -0.40786474E-005 -0.40786474E-005 -0.40786474E-005 -0.40786474E-005 -0.40786474E-005 -0.40786474E-005 -0.40786474E-005 -0.40786474E-005 -0.40786474E-005 -0.40786474E-005 -0.40786474E-005 -0.40786474E-005 -0.40786474E-005 -0.40786474E-005 -0.40786474E-005 -0.40786474E-005 -0.40786474E-005 -0.40786474E-005
 -0.16746135E-003 -0.16746135E-003 -0.16746135E-003 -0.16746135E-003 -0.16746135E-003 -0.16746135E-003 -0.16746135E-003 -0.16746135E-003 -0.16746135E-003 -0.16746135E-003 -0.16746135E-003 -0.16746135E-003 -0.16746135E-003 -0.16746135E-003 -0.16746135E-003 -0.16746135E-003 -0.16746135E-003 -0.16746135E-003 -0.16746135E-003 -0.16746135E-003 -0.16746135E-003 -0.16746135E-003 -0.16746135E-003 -0.16746135E-003 -0.16746135E-003 -0.16746135E-003 -0.16746135E-003 -0.16746135E-003 -0.16746135E-003 -0.16746135E-003 -0.16746135E-003 -0.16746135E-003 -0.16746135E-003 -0.16746135E-003 -0.16746135E-003
 -0.53771711E-002 -0.53771711E-002 -0.53771711E-002 -0.53771711E-002 -0.53771711E-002 -0.53771711E-002 -0.53771711E-002 -0.53771711E-002 -0.53771711E-002 -0.53771711E-002 -0.53771711E-002 -0.53771711E-002 -0.53771711E-002 -0.53771711E-002 -0.53771711E-002 -0.53771711E-002 -0.53771711E-002 -0.53771711E-002 -0.53771711E-002 -0.53771711E-002 -0.53771711E-002 -0.53771711E-002 -0.53771711E-002 -0.53771711E-002 -0.53771711E-002 -0.53771711E-002 -0.53771711E-002 -0.53771711E-002 -0.53771711E-002 -0.53771711E-002 -0.53771711E-002 -0.53771711E-002 -0.53771711E-002 -0.53771711E-002 -0.53771711E-002
 -0.13115748E+000 -0.13115748E+000 -0.13115748E+000 -0.13115748E+000 -0.13115748E+000 -0.13115748E+000 -0.13115748E+000 -0.13115748E+000 -0.13115748E+000 -0.13115748E+000 -0.13115748E+000 -0.13115748E+000 -0.13115748E+000 -0.13115748E+000 -0.13115748E+000 -0.13115748E+000 -0.13115748E+000 -0.13115748E+000 -0.13115748E+000 -0.13115748E+000 -0.13115748E+000 -0.13115748E+000 -0.13115748E+000 -0.13115748E+000 -0.13115748E+000 -0.13115748E+000 -0.13115748E+000 -0.13115748E+000 -0.13115748E+000 -0.13115748E+000 -0.13115748E+000 -0.13115748E+000 -0.13115748E+000 -0.13115748E+000 -0.13115748E+000
 -0.23162032E+001 -0.23162032E+001 -0.23162032E+001 -0.23162032E+001 -0.23162032E+001 -0.23162032E+001 -0.23162032E+001 -0.23162032E+001 -0.23162032E+001 -0.23162032E+001 -0.23162032E+001 -0.23162032E+001 -0.23162032E+001 -0.23162032E+001 -0.23162032E+001 -0.23162032E+001 -0.23162032E+001 -0.23162032E+001 -0.23162032E+001 -0.23162032E+001 -0.23162032E+001 -0.23162032E+001 -0.23162032E+001 -0.23162032E+001 -0.23162032E+001 -0.23162032E+001 -0.23162032E+001 -0.23162032E+001 -0.23162032E+001 -0.23162032E+001 -0.23162032E+001 -0.23162032E+001 -0.23162032E+001 -0.23162032E+001 -0.23162032E+001
 -0.27077786E+002 -0.27077786E+002 -0.27077786E+002 -0.27077786E+002 -0.27077786E+002 -0.27077786E+002 -0.27077786E+002 -0.27077786E+002 -0.27077786E+002 -0.27077786E+002 -0.27077786E+002 -0.27077786E+002 -0.27077786E+002 -0.27077786E+002 -0.27077786E+002 -0.27077786E+002 -0.27077786E+002 -0.27077786E+002 -0.27077786E+002 -0.27077786E+002 -0.27077786E+002 -0.27077786E+002 -0.27077786E+002 -0.27077786E+002 -0.27077786E+002 -0.27077786E+002 -0.27077785E+002 -0.27077785E+002 -0.27077785E+002 -0.27077785E+002 -0.27077785E+002 -0.27077785E+002 -0.27077785E+002 -0.27077785E+002 -0.27077785E+002
 -0.16732349E+003 -0.16732349E+003 -0.16732349E+003 -0.16732349E+003 -0.16732349E+003 -0.16732349E+003 -0.16732349E+003 -0.16732349E+003 -0.16732332E+003 -0.16732332E+003 -0.16732332E+003 -0.16732331E+003 -0.16732326E+003 -0.16732326E+003 -0.16732326E+003 -0.16732326E+003 -0.16732326E+003 -0.16732326E+003 -0.16732326E+003 -0.16732326E+003 -0.16732326E+003 -0.16732326E+003 -0.16732326E+003 -0.16732326E+003 -0.16732326E+003 -0.16732326E+003 -0.16732326E+003 -0.16732326E+003 -0.16732326E+003 -0.16732326E+003 -0.16732326E+003 -0.16732326E+003 -0.16732326E+003 -0.16732326E+003 -0.16732326E+003
 -0.73811278E+002 -0.73811278E+002 -0.73811278E+002 -0.73811278E+002 -0.73811278E+002 -0.73811279E+002 -0.73811279E+002 -0.73811279E+002 -0.73811279E+002 -0.73811279E+002 -0.73811259E+002 -0.73811244E+002 -0.73811154E+002 -0.73811155E+002 -0.73811155E+002 -0.73811155E+002 -0.73811155E+002 -0.73811156E+002 -0.73811156E+002 -0.73811157E+002 -0.73811159E+002 -0.73811160E+002 -0.73811162E+002 -0.73811164E+002 -0.73811166E+002 -0.73811169E+002 -0.73811172E+002 -0.73811175E+002 -0.73811179E+002 -0.73811183E+002 -0.73811188E+002 -0.73811193E+002 -0.73811199E+002 -0.73811205E+002 -0.73811212E+002
 -0.45197861E+003 -0.45197856E+003 -0.45197835E+003 -0.45197790E+003  0.58069868E+002  0.58070226E+002  0.58070727E+002  0.58071209E+002  0.58071501E+002  0.58071638E+002  0.58071668E+002  0.58071683E+002  0.58071776E+002  0.58072013E+002  0.58072454E+002  0.58073156E+002  0.58074174E+002  0.58075555E+002 -0.45952780E+003 -0.45952529E+003 -0.45952220E+003 -0.45952220E+003 -0.45952220E+003 -0.45952220E+003 -0.45952220E+003 -0.45952220E+003 -0.45952220E+003 -0.45952220E+003 -0.45952219E+003 -0.45952219E+003 -0.45952219E+003 -0.45952219E+003 -0.45952219E+003 -0.45952219E+003 -0.45952218E+003
 -0.11022957E+001 -0.10658462E+001 -0.93454527E+000 -0.65445883E+000 -0.19491195E+000  0.94529855E-001  0.49563303E+000  0.70794405E+000  0.81817299E+000  0.86985185E+000  0.88094868E+000  0.88659756E+000  0.97828024E+000  0.10047337E+001  0.10590594E+001  0.11493664E+001  0.12946837E+001 -0.67878055E+000 -0.13027000E+001 -0.84700146E+001 -0.86670454E+001 -0.86670454E+001 -0.86670454E+001 -0.86670454E+001 -0.86670454E+001 -0.86670455E+001 -0.86670457E+001 -0.86670458E+001 -0.86670460E+001 -0.86670474E+001 -0.86670490E+001 -0.86670507E+001 -0.86670516E+001 -0.86670526E+001 -0.86670537E+001
