  0.00000000E+000  0.00000000E+000  0.00000000E+000  0.00000000E+000  0.00000000E+000  0.00000000E+000  0.00000000E+000  0.00000000E+000  0.00000000E+000  0.00000000E+000  0.00000000E+000  0.00000000E+000  0.00000000E+000  0.00000000E+000  0.00000000E+000  0.00000000E+000  0.00000000E+000  0.00000000E+000  0.00000000E+000  0.00000000E+000  0.00000000E+000  0.00000000E+000  0.00000000E+000  0.00000000E+000  0.00000000E+000  0.00000000E+000  0.00000000E+000  0.00000000E+000  0.00000000E+000  0.00000000E+000  0.00000000E+000  0.00000000E+000  0.00000000E+000  0.00000000E+000  0.00000000E+000
 -0.18330485E-031 -0.18330485E-031 -0.18330485E-031 -0.18330485E-031 -0.18330485E-031 -0.18330485E-031 -0.18330485E-031 -0.18330485E-031 -0.18330485E-031 -0.18330485E-031 -0.18330485E-031 -0.18330485E-031 -0.18330485E-031 -0.18330485E-031 -0.18330485E-031 -0.18330485E-031 -0.18330485E-031 -0.18330485E-031 -0.18330485E-031 -0.18330485E-031 -0.18330485E-031 -0.18330485E-031 -0.18330485E-031 -0.18330485E-031 -0.18330485E-031 -0.18330485E-031 -0.18330485E-031 -0.18330485E-031 -0.18330485E-031 -0.18330485E-031 -0.18330485E-031 -0.18330485E-031 -0.18330485E-031 -0.18330485E-031 -0.18330485E-031
 -0.43593851E-029 -0.43593851E-029 -0.43593851E-029 -0.43593851E-029 -0.43593851E-029 -0.43593851E-029 -0.43593851E-029 -0.43593851E-029 -0.43593851E-029 -0.43593851E-029 -0.43593851E-029 -0.43593851E-029 -0.43593851E-029 -0.43593851E-029 -0.43593851E-029 -0.43593851E-029 -0.43593851E-029 -0.43593851E-029 -0.43593851E-029 -0.43593851E-029 -0.43593851E-029 -0.43593851E-029 -0.43593851E-029 -0.43593851E-029 -0.43593851E-029 -0.43593851E-029 -0.43593851E-029 -0.43593851E-029 -0.43593851E-029 -0.43593851E-029 -0.43593851E-029 -0.43593851E-029 -0.43593851E-029 -0.43593851E-029 -0.43593851E-029
 -0.49500406E-027 -0.49500406E-027 -0.49500406E-027 -0.49500406E-027 -0.49500406E-027 -0.49500406E-027 -0.49500406E-027 -0.49500406E-027 -0.49500406E-027 -0.49500406E-027 -0.49500406E-027 -0.49500406E-027 -0.49500406E-027 -0.49500406E-027 -0.49500406E-027 -0.49500406E-027 -0.49500406E-027 -0.49500406E-027 -0.49500406E-027 -0.49500406E-027 -0.49500406E-027 -0.49500406E-027 -0.49500406E-027 -0.49500406E-027 -0.49500406E-027 -0.49500406E-027 -0.49500406E-027 -0.49500406E-027 -0.49500406E-027 -0.49500406E-027 -0.49500406E-027 -0.49500406E-027 -0.49500406E-027 -0.49500406E-027 -0.49500406E-027
 -0.35698514E-025 -0.35698514E-025 -0.35698514E-025 -0.35698514E-025 -0.35698514E-025 -0.35698514E-025 -0.35698514E-025 -0.35698514E-025 -0.35698514E-025 -0.35698514E-025 -0.35698514E-025 -0.35698514E-025 -0.35698514E-025 -0.35698514E-025 -0.35698514E-025 -0.35698514E-025 -0.35698514E-025 -0.35698514E-025 -0.35698514E-025 -0.35698514E-025 -0.35698514E-025 -0.35698514E-025 -0.35698514E-025 -0.35698514E-025 -0.35698514E-025 -0.35698514E-025 -0.35698514E-025 -0.35698514E-025 -0.35698514E-025 -0.35698514E-025 -0.35698514E-025 -0.35698514E-025 -0.35698514E-025 -0.35698514E-025 -0.35698514E-025
 -0.18348287E-023 -0.18348287E-023 -0.18348287E-023 -0.18348287E-023 -0.18348287E-023 -0.18348287E-023 -0.18348287E-023 -0.18348287E-023 -0.18348287E-023 -0.18348287E-023 -0.18348287E-023 -0.18348287E-023 -0.18348287E-023 -0.18348287E-023 -0.18348287E-023 -0.18348287E-023 -0.18348287E-023 -0.18348287E-023 -0.18348287E-023 -0.18348287E-023 -0.18348287E-023 -0.18348287E-023 -0.18348287E-023 -0.18348287E-023 -0.18348287E-023 -0.18348287E-023 -0.18348287E-023 -0.18348287E-023 -0.18348287E-023 -0.18348287E-023 -0.18348287E-023 -0.18348287E-023 -0.18348287E-023 -0.18348287E-023 -0.18348287E-023
 -0.71492817E-022 -0.71492817E-022 -0.71492817E-022 -0.71492817E-022 -0.71492817E-022 -0.71492817E-022 -0.71492817E-022 -0.71492817E-022 -0.71492817E-022 -0.71492817E-022 -0.71492817E-022 -0.71492817E-022 -0.71492817E-022 -0.71492817E-022 -0.71492817E-022 -0.71492817E-022 -0.71492817E-022 -0.71492817E-022 -0.71492817E-022 -0.71492817E-022 -0.71492817E-022 -0.71492817E-022 -0.71492817E-022 -0.71492817E-022 -0.71492817E-022 -0.71492817E-022 -0.71492817E-022 -0.71492817E-022 -0.71492817E-022 -0.71492817E-022 -0.71492817E-022 -0.71492817E-022 -0.71492817E-022 -0.71492817E-022 -0.71492817E-022
 -0.21930613E-020 -0.21930613E-020 -0.21930613E-020 -0.21930613E-020 -0.21930613E-020 -0.21930613E-020 -0.21930613E-020 -0.21930613E-020 -0.21930613E-020 -0.21930613E-020 -0.21930613E-020 -0.21930613E-020 -0.21930613E-020 -0.21930613E-020 -0.21930613E-020 -0.21930613E-020 -0.21930613E-020 -0.21930613E-020 -0.21930613E-020 -0.21930613E-020 -0.21930613E-020 -0.21930613E-020 -0.21930613E-020 -0.21930613E-020 -0.21930613E-020 -0.21930613E-020 -0.21930613E-020 -0.21930613E-020 -0.21930613E-020 -0.21930613E-020 -0.21930613E-020 -0.21930613E-020 -0.21930613E-020 -0.21930613E-020 -0.21930613E-020
 -0.54291839E-019 -0.54291839E-019 -0.54291839E-019 -0.54291839E-019 -0.54291839E-019 -0.54291839E-019 -0.54291839E-019 -0.54291839E-019 -0.54291839E-019 -0.54291839E-019 -0.54291839E-019 -0.54291839E-019 -0.54291839E-019 -0.54291839E-019 -0.54291839E-019 -0.54291839E-019 -0.54291839E-019 -0.54291839E-019 -0.54291839E-019 -0.54291839E-019 -0.54291839E-019 -0.54291839E-019 -0.54291839E-019 -0.54291839E-019 -0.54291839E-019 -0.54291839E-019 -0.54291839E-019 -0.54291839E-019 -0.54291839E-019 -0.54291839E-019 -0.54291839E-019 -0.54291839E-019 -0.54291839E-019 -0.54291839E-019 -0.54291839E-019
 -0.11032187E-017 -0.11032187E-017 -0.11032187E-017 -0.11032187E-017 -0.11032187E-017 -0.11032187E-017 -0.11032187E-017 -0.11032187E-017 -0.11032187E-017 -0.11032187E-017 -0.11032187E-017 -0.11032187E-017 -0.11032187E-017 -0.11032187E-017 -0.11032187E-017 -0.11032187E-017 -0.11032187E-017 -0.11032187E-017 -0.11032187E-017 -0.11032187E-017 -0.11032187E-017 -0.11032187E-017 -0.11032187E-017 -0.11032187E-017 -0.11032187E-017 -0.11032187E-017 -0.11032187E-017 -0.11032187E-017 -0.11032187E-017 -0.11032187E-017 -0.11032187E-017 -0.11032187E-017 -0.11032187E-017 -0.11032187E-017 -0.11032187E-017
 -0.16165625E-015 -0.16165625E-015 -0.16165625E-015 -0.16165625E-015 -0.16165625E-015 -0.16165625E-015 -0.16165625E-015 -0.16165625E-015 -0.16165625E-015 -0.16165625E-015 -0.16165625E-015 -0.16165625E-015 -0.16165625E-015 -0.16165625E-015 -0.16165625E-015 -0.16165625E-015 -0.16165625E-015 -0.16165625E-015 -0.16165625E-015 -0.16165625E-015 -0.16165625E-015 -0.16165625E-015 -0.16165625E-015 -0.16165625E-015 -0.16165625E-015 -0.16165625E-015 -0.16165625E-015 -0.16165625E-015 -0.16165625E-015 -0.16165625E-015 -0.16165625E-015 -0.16165625E-015 -0.16165625E-015 -0.16165625E-015 -0.16165625E-015
 -0.18906067E-013 -0.18906067E-013 -0.18906067E-013 -0.18906067E-013 -0.18906067E-013 -0.18906067E-013 -0.18906067E-013 -0.18906067E-013 -0.18906067E-013 -0.18906067E-013 -0.18906067E-013 -0.18906067E-013 -0.18906067E-013 -0.18906067E-013 -0.18906067E-013 -0.18906067E-013 -0.18906067E-013 -0.18906067E-013 -0.18906067E-013 -0.18906067E-013 -0.18906067E-013 -0.18906067E-013 -0.18906067E-013 -0.18906067E-013 -0.18906067E-013 -0.18906067E-013 -0.18906067E-013 -0.18906067E-013 -0.18906067E-013 -0.18906067E-013 -0.18906067E-013 -0.18906067E-013 -0.18906067E-013 -0.18906067E-013 -0.18906067E-013
 -0.17766465E-011 -0.17766465E-011 -0.17766465E-011 -0.17766465E-011 -0.17766465E-011 -0.17766465E-011 -0.17766465E-011 -0.17766465E-011 -0.17766465E-011 -0.17766465E-011 -0.17766465E-011 -0.17766465E-011 -0.17766465E-011 -0.17766465E-011 -0.17766465E-011 -0.17766465E-011 -0.17766465E-011 -0.17766465E-011 -0.17766465E-011 -0.17766465E-011 -0.17766465E-011 -0.17766465E-011 -0.17766465E-011 -0.17766465E-011 -0.17766465E-011 -0.17766465E-011 -0.17766465E-011 -0.17766465E-011 -0.17766465E-011 -0.17766465E-011 -0.17766465E-011 -0.17766465E-011 -0.17766465E-011 -0.17766465E-011 -0.17766465E-011
 -0.13433525E-009 -0.13433525E-009 -0.13433525E-009 -0.13433525E-009 -0.13433525E-009 -0.13433525E-009 -0.13433525E-009 -0.13433525E-009 -0.13433525E-009 -0.13433525E-009 -0.13433525E-009 -0.13433525E-009 -0.13433525E-009 -0.13433525E-009 -0.13433525E-009 -0.13433525E-009 -0.13433525E-009 -0.13433525E-009 -0.13433525E-009 -0.13433525E-009 -0.13433525E-009 -0.13433525E-009 -0.13433525E-009 -0.13433525E-009 -0.13433525E-009 -0.13433525E-009 -0.13433525E-009 -0.13433525E-009 -0.13433525E-009 -0.13433525E-009 -0.13433525E-009 -0.13433525E-009 -0.13433525E-009 -0.13433525E-009 -0.13433525E-009
 -0.81408938E-008 -0.81408938E-008 -0.81408938E-008 -0.81408938E-008 -0.81408938E-008 -0.81408938E-008 -0.81408938E-008 -0.81408938E-008 -0.81408938E-008 -0.81408938E-008 -0.81408938E-008 -0.81408938E-008 -0.81408938E-008 -0.81408938E-008 -0.81408938E-008 -0.81408938E-008 -0.81408938E-008 -0.81408938E-008 -0.81408938E-008 -0.81408938E-008 -0.81408938E-008 -0.81408938E-008 -0.81408938E-008 -0.81408938E-008 -0.81408938E-008 -0.81408938E-008 -0.81408938E-008 -0.81408938E-008 -0.81408938E-008 -0.81408938E-008 -0.81408938E-008 -0.81408938E-008 -0.81408938E-008 -0.81408938E-008 -0.81408938E-008
 -0.39150878E-006 -0.39150878E-006 -0.39150878E-006 -0.39150878E-006 -0.39150878E-006 -0.39150878E-006 -0.39150878E-006 -0.39150878E-006 -0.39150878E-006 -0.39150878E-006 -0.39150878E-006 -0.39150878E-006 -0.39150878E-006 -0.39150878E-006 -0.39150878E-006 -0.39150878E-006 -0.39150878E-006 -0.39150878E-006 -0.39150878E-006 -0.39150878E-006 -0.39150878E-006 -0.39150878E-006 -0.39150878E-006 -0.39150878E-006 -0.39150878E-006 -0.39150878E-006 -0.39150878E-006 -0.39150878E-006 -0.39150878E-006 -0.39150878E-006 -0.39150878E-006 -0.39150878E-006 -0.39150878E-006 -0.39150878E-006 -0.39150878E-006
 -0.14679032E-004 -0.14679032E-004 -0.14679032E-004 -0.14679032E-004 -0.14679032E-004 -0.14679032E-004 -0.14679032E-004 -0.14679032E-004 -0.14679032E-004 -0.14679032E-004 -0.14679032E-004 -0.14679032E-004 -0.14679032E-004 -0.14679032E-004 -0.14679032E-004 -0.14679032E-004 -0.14679032E-004 -0.14679032E-004 -0.14679032E-004 -0.14679032E-004 -0.14679032E-004 -0.14679032E-004 -0.14679032E-004 -0.14679032E-004 -0.14679032E-004 -0.14679032E-004 -0.14679032E-004 -0.14679032E-004 -0.14679032E-004 -0.14679032E-004 -0.14679032E-004 -0.14679032E-004 -0.14679032E-004 -0.14679032E-004 -0.14679032E-004
 -0.41666273E-003 -0.41666273E-003 -0.41666273E-003 -0.41666273E-003 -0.41666273E-003 -0.41666273E-003 -0.41666273E-003 -0.41666273E-003 -0.41666273E-003 -0.41666273E-003 -0.41666273E-003 -0.41666273E-003 -0.41666273E-003 -0.41666273E-003 -0.41666273E-003 -0.41666273E-003 -0.41666273E-003 -0.41666273E-003 -0.41666273E-003 -0.41666273E-003 -0.41666273E-003 -0.41666273E-003 -0.41666273E-003 -0.41666273E-003 -0.41666273E-003 -0.41666273E-003 -0.41666273E-003 -0.41666273E-003 -0.41666273E-003 -0.41666273E-003 -0.41666273E-003 -0.41666273E-003 -0.41666273E-003 -0.41666273E-003 -0.41666273E-003
 -0.85233970E-002 -0.85233970E-002 -0.85233970E-002 -0.85233970E-002 -0.85233970E-002 -0.85233970E-002 -0.85233970E-002 -0.85233970E-002 -0.85233970E-002 -0.85233970E-002 -0.85233970E-002 -0.85233970E-002 -0.85233970E-002 -0.85233970E-002 -0.85233970E-002 -0.85233970E-002 -0.85233970E-002 -0.85233970E-002 -0.85233970E-002 -0.85233970E-002 -0.85233970E-002 -0.85233970E-002 -0.85233970E-002 -0.85233970E-002 -0.85233970E-002 -0.85233970E-002 -0.85233970E-002 -0.85233970E-002 -0.85233970E-002 -0.85233970E-002 -0.85233970E-002 -0.85233970E-002 -0.85233970E-002 -0.85233970E-002 -0.85233970E-002
 -0.11487642E+000 -0.11487642E+000 -0.11487642E+000 -0.11487642E+000 -0.11487642E+000 -0.11487642E+000 -0.11487642E+000 -0.11487642E+000 -0.11487642E+000 -0.11487642E+000 -0.11487642E+000 -0.11487642E+000 -0.11487642E+000 -0.11487642E+000 -0.11487642E+000 -0.11487642E+000 -0.11487642E+000 -0.11487642E+000 -0.11487642E+000 -0.11487642E+000 -0.11487642E+000 -0.11487642E+000 -0.11487642E+000 -0.11487642E+000 -0.11487642E+000 -0.11487642E+000 -0.11487642E+000 -0.11487642E+000 -0.11487642E+000 -0.11487642E+000 -0.11487642E+000 -0.11487642E+000 -0.11487642E+000 -0.11487642E+000 -0.11487642E+000
 -0.83666563E+000 -0.83666563E+000 -0.83666563E+000 -0.83666563E+000 -0.83666563E+000 -0.83666563E+000 -0.83666563E+000 -0.83666563E+000 -0.83666563E+000 -0.83666563E+000 -0.83666563E+000 -0.83666563E+000 -0.83666563E+000 -0.83666563E+000 -0.83666563E+000 -0.83666563E+000 -0.83666563E+000 -0.83666563E+000 -0.83666563E+000 -0.83666563E+000 -0.83666563E+000 -0.83666563E+000 -0.83666563E+000 -0.83666563E+000 -0.83666563E+000 -0.83666563E+000 -0.83666563E+000 -0.83666563E+000 -0.83666563E+000 -0.83666563E+000 -0.83666563E+000 -0.83666563E+000 -0.83666563E+000 -0.83666563E+000 -0.83666563E+000
 -0.14759282E+001 -0.14759282E+001 -0.14759282E+001 -0.14759282E+001 -0.14759282E+001 -0.14759282E+001 -0.14759282E+001 -0.14759282E+001 -0.14759282E+001 -0.14759282E+001 -0.14759282E+001 -0.14759282E+001 -0.14759282E+001 -0.14759282E+001 -0.14759282E+001 -0.14759282E+001 -0.14759282E+001 -0.14759282E+001 -0.14759282E+001 -0.14759282E+001 -0.14759282E+001 -0.14759282E+001 -0.14759282E+001 -0.14759282E+001 -0.14759282E+001 -0.14759282E+001 -0.14759282E+001 -0.14759282E+001 -0.14759282E+001 -0.14759282E+001 -0.14759282E+001 -0.14759282E+001 -0.14759282E+001 -0.14759282E+001 -0.14759282E+001
 -0.58222213E+001 -0.58222213E+001 -0.58222213E+001 -0.58222213E+001 -0.58222213E+001 -0.58222213E+001 -0.58222213E+001 -0.58222213E+001 -0.58222213E+001 -0.58222213E+001 -0.58222213E+001 -0.58222213E+001 -0.58222213E+001 -0.58222213E+001 -0.58222213E+001 -0.58222213E+001 -0.58222213E+001 -0.58222213E+001 -0.58222213E+001 -0.58222213E+001 -0.58222213E+001 -0.58222213E+001 -0.58222213E+001 -0.58222213E+001 -0.58222213E+001 -0.58222213E+001 -0.58222213E+001 -0.58222213E+001 -0.58222213E+001 -0.58222213E+001 -0.58222213E+001 -0.58222214E+001 -0.58222214E+001 -0.58222214E+001 -0.58222214E+001
 -0.34114251E+002 -0.34114251E+002 -0.34114251E+002 -0.34114251E+002 -0.34114251E+002 -0.34114251E+002 -0.34114251E+002 -0.34114251E+002 -0.34114251E+002 -0.34114251E+002 -0.34114251E+002 -0.34114251E+002 -0.34114251E+002 -0.34114251E+002 -0.34114251E+002 -0.34114251E+002 -0.34114251E+002 -0.34114251E+002 -0.34114251E+002 -0.34114251E+002 -0.34114251E+002 -0.34114251E+002 -0.34114251E+002 -0.34114251E+002 -0.34114251E+002 -0.34114251E+002 -0.34114251E+002 -0.34114251E+002 -0.34114251E+002 -0.34114251E+002 -0.34114251E+002 -0.34114251E+002 -0.34114251E+002 -0.34114251E+002 -0.34114251E+002
 -0.52135201E+000 -0.52135201E+000 -0.52135201E+000 -0.52135201E+000 -0.52135201E+000 -0.52135201E+000 -0.52135201E+000 -0.52135201E+000 -0.52135201E+000 -0.52135201E+000 -0.52135201E+000 -0.52135201E+000 -0.52135201E+000 -0.52135201E+000 -0.52135201E+000 -0.52135201E+000 -0.52135201E+000 -0.52135200E+000 -0.52135200E+000 -0.52135200E+000 -0.52135200E+000 -0.52135200E+000 -0.52135200E+000 -0.52135200E+000 -0.52135199E+000 -0.52135198E+000 -0.52135198E+000 -0.52135197E+000 -0.52135195E+000 -0.52135197E+000 -0.52135199E+000 -0.52135202E+000 -0.52135205E+000 -0.52135248E+000 -0.52135292E+000
