  0.37005276E+000  0.45607726E-009  0.45607726E-009  0.45607726E-009  0.45607726E-009  0.45607726E-009  0.45607726E-009  0.45607726E-009  0.45607726E-009  0.45607726E-009  0.45607726E-009  0.45607726E-009  0.45607726E-009  0.45607726E-009  0.45607726E-009  0.45607726E-009  0.45607726E-009  0.45607726E-009  0.45607726E-009  0.45607726E-009  0.45607726E-009  0.45607726E-009  0.45607726E-009  0.45607726E-009  0.45607726E-009  0.45607726E-009  0.45607726E-009  0.45607726E-009  0.45607726E-009  0.45607726E-009  0.45607726E-009  0.45607726E-009  0.45607726E-009  0.45607726E-009  0.45607726E-009
  0.37005276E+000  0.45607726E-009  0.45607726E-009  0.45607726E-009  0.45607726E-009  0.45607726E-009  0.45607726E-009  0.45607726E-009  0.45607726E-009  0.45607726E-009  0.45607726E-009  0.45607726E-009  0.45607726E-009  0.45607726E-009  0.45607726E-009  0.45607726E-009  0.45607726E-009  0.45607726E-009  0.45607726E-009  0.45607726E-009  0.45607726E-009  0.45607726E-009  0.45607726E-009  0.45607726E-009  0.45607726E-009  0.45607726E-009  0.45607726E-009  0.45607726E-009  0.45607726E-009  0.45607726E-009  0.45607726E-009  0.45607726E-009  0.45607726E-009  0.45607726E-009  0.45607726E-009
  0.37005276E+000  0.45607726E-009  0.45607726E-009  0.45607726E-009  0.45607726E-009  0.45607726E-009  0.45607726E-009  0.45607726E-009  0.45607726E-009  0.45607726E-009  0.45607726E-009  0.45607726E-009  0.45607726E-009  0.45607726E-009  0.45607726E-009  0.45607726E-009  0.45607726E-009  0.45607726E-009  0.45607726E-009  0.45607726E-009  0.45607726E-009  0.45607726E-009  0.45607726E-009  0.45607726E-009  0.45607726E-009  0.45607726E-009  0.45607726E-009  0.45607726E-009  0.45607726E-009  0.45607726E-009  0.45607726E-009  0.45607726E-009  0.45607726E-009  0.45607726E-009  0.45607726E-009
  0.37005276E+000  0.45607726E-009  0.45607726E-009  0.45607726E-009  0.45607726E-009  0.45607726E-009  0.45607726E-009  0.45607726E-009  0.45607726E-009  0.45607726E-009  0.45607726E-009  0.45607726E-009  0.45607726E-009  0.45607726E-009  0.45607726E-009  0.45607726E-009  0.45607726E-009  0.45607726E-009  0.45607726E-009  0.45607726E-009  0.45607726E-009  0.45607726E-009  0.45607726E-009  0.45607726E-009  0.45607726E-009  0.45607726E-009  0.45607726E-009  0.45607726E-009  0.45607726E-009  0.45607726E-009  0.45607726E-009  0.45607726E-009  0.45607726E-009  0.45607726E-009  0.45607726E-009
  0.37005276E+000  0.45607726E-009  0.45607726E-009  0.45607726E-009  0.45607726E-009  0.45607726E-009  0.45607726E-009  0.45607726E-009  0.45607726E-009  0.45607726E-009  0.45607726E-009  0.45607726E-009  0.45607726E-009  0.45607726E-009  0.45607726E-009  0.45607726E-009  0.45607726E-009  0.45607726E-009  0.45607726E-009  0.45607726E-009  0.45607726E-009  0.45607726E-009  0.45607726E-009  0.45607726E-009  0.45607726E-009  0.45607726E-009  0.45607726E-009  0.45607726E-009  0.45607726E-009  0.45607726E-009  0.45607726E-009  0.45607726E-009  0.45607726E-009  0.45607726E-009  0.45607726E-009
  0.37005276E+000  0.45607726E-009  0.45607726E-009  0.45607726E-009  0.45607726E-009  0.45607726E-009  0.45607726E-009  0.45607726E-009  0.45607726E-009  0.45607726E-009  0.45607726E-009  0.45607726E-009  0.45607726E-009  0.45607726E-009  0.45607726E-009  0.45607726E-009  0.45607726E-009  0.45607726E-009  0.45607726E-009  0.45607726E-009  0.45607726E-009  0.45607726E-009  0.45607726E-009  0.45607726E-009  0.45607726E-009  0.45607726E-009  0.45607726E-009  0.45607726E-009  0.45607726E-009  0.45607726E-009  0.45607726E-009  0.45607726E-009  0.45607726E-009  0.45607726E-009  0.45607726E-009
  0.37005276E+000  0.45607726E-009  0.45607726E-009  0.45607726E-009  0.45607726E-009  0.45607726E-009  0.45607726E-009  0.45607726E-009  0.45607726E-009  0.45607726E-009  0.45607726E-009  0.45607726E-009  0.45607726E-009  0.45607726E-009  0.45607726E-009  0.45607726E-009  0.45607726E-009  0.45607726E-009  0.45607726E-009  0.45607726E-009  0.45607726E-009  0.45607726E-009  0.45607726E-009  0.45607726E-009  0.45607726E-009  0.45607726E-009  0.45607726E-009  0.45607726E-009  0.45607726E-009  0.45607726E-009  0.45607726E-009  0.45607726E-009  0.45607726E-009  0.45607726E-009  0.45607726E-009
  0.37005276E+000  0.45607726E-009  0.45607726E-009  0.45607726E-009  0.45607726E-009  0.45607726E-009  0.45607726E-009  0.45607726E-009  0.45607726E-009  0.45607726E-009  0.45607726E-009  0.45607726E-009  0.45607726E-009  0.45607726E-009  0.45607726E-009  0.45607726E-009  0.45607726E-009  0.45607726E-009  0.45607726E-009  0.45607726E-009  0.45607726E-009  0.45607726E-009  0.45607726E-009  0.45607726E-009  0.45607726E-009  0.45607726E-009  0.45607726E-009  0.45607726E-009  0.45607726E-009  0.45607726E-009  0.45607726E-009  0.45607726E-009  0.45607726E-009  0.45607726E-009  0.45607726E-009
  0.37005276E+000  0.45607726E-009  0.45607726E-009  0.45607726E-009  0.45607726E-009  0.45607726E-009  0.45607726E-009  0.45607726E-009  0.45607726E-009  0.45607726E-009  0.45607726E-009  0.45607726E-009  0.45607726E-009  0.45607726E-009  0.45607726E-009  0.45607726E-009  0.45607726E-009  0.45607726E-009  0.45607726E-009  0.45607726E-009  0.45607726E-009  0.45607726E-009  0.45607726E-009  0.45607726E-009  0.45607726E-009  0.45607726E-009  0.45607726E-009  0.45607726E-009  0.45607726E-009  0.45607726E-009  0.45607726E-009  0.45607726E-009  0.45607726E-009  0.45607726E-009  0.45607726E-009
  0.37005276E+000  0.45607726E-009  0.45607726E-009  0.45607726E-009  0.45607726E-009  0.45607726E-009  0.45607726E-009  0.45607726E-009  0.45607726E-009  0.45607726E-009  0.45607726E-009  0.45607726E-009  0.45607726E-009  0.45607726E-009  0.45607726E-009  0.45607726E-009  0.45607726E-009  0.45607726E-009  0.45607726E-009  0.45607726E-009  0.45607726E-009  0.45607726E-009  0.45607726E-009  0.45607726E-009  0.45607726E-009  0.45607726E-009  0.45607726E-009  0.45607726E-009  0.45607726E-009  0.45607726E-009  0.45607726E-009  0.45607726E-009  0.45607726E-009  0.45607726E-009  0.45607726E-009
  0.37005276E+000  0.45607726E-009  0.45607726E-009  0.45607726E-009  0.45607726E-009  0.45607726E-009  0.45607726E-009  0.45607726E-009  0.45607726E-009  0.45607726E-009  0.45607726E-009  0.45607726E-009  0.45607726E-009  0.45607726E-009  0.45607726E-009  0.45607726E-009  0.45607726E-009  0.45607726E-009  0.45607726E-009  0.45607726E-009  0.45607726E-009  0.45607726E-009  0.45607726E-009  0.45607726E-009  0.45607726E-009  0.45607726E-009  0.45607726E-009  0.45607726E-009  0.45607726E-009  0.45607726E-009  0.45607726E-009  0.45607726E-009  0.45607726E-009  0.45607726E-009  0.45607726E-009
  0.37005276E+000  0.45607726E-009  0.45607726E-009  0.45607726E-009  0.45607726E-009  0.45607726E-009  0.45607726E-009  0.45607726E-009  0.45607726E-009  0.45607726E-009  0.45607726E-009  0.45607726E-009  0.45607726E-009  0.45607726E-009  0.45607726E-009  0.45607726E-009  0.45607726E-009  0.45607726E-009  0.45607726E-009  0.45607726E-009  0.45607726E-009  0.45607726E-009  0.45607726E-009  0.45607726E-009  0.45607726E-009  0.45607726E-009  0.45607726E-009  0.45607726E-009  0.45607726E-009  0.45607726E-009  0.45607726E-009  0.45607726E-009  0.45607726E-009  0.45607726E-009  0.45607726E-009
  0.37005276E+000  0.45607726E-009  0.45607726E-009  0.45607726E-009  0.45607726E-009  0.45607726E-009  0.45607726E-009  0.45607726E-009  0.45607726E-009  0.45607726E-009  0.45607726E-009  0.45607726E-009  0.45607726E-009  0.45607726E-009  0.45607726E-009  0.45607726E-009  0.45607726E-009  0.45607726E-009  0.45607726E-009  0.45607726E-009  0.45607726E-009  0.45607726E-009  0.45607726E-009  0.45607726E-009  0.45607726E-009  0.45607726E-009  0.45607726E-009  0.45607726E-009  0.45607726E-009  0.45607726E-009  0.45607726E-009  0.45607726E-009  0.45607726E-009  0.45607726E-009  0.45607726E-009
  0.37005276E+000  0.45607726E-009  0.45607726E-009  0.45607726E-009  0.45607726E-009  0.45607726E-009  0.45607726E-009  0.45607726E-009  0.45607726E-009  0.45607726E-009  0.45607726E-009  0.45607726E-009  0.45607726E-009  0.45607726E-009  0.45607726E-009  0.45607726E-009  0.45607726E-009  0.45607726E-009  0.45607726E-009  0.45607726E-009  0.45607726E-009  0.45607726E-009  0.45607726E-009  0.45607726E-009  0.45607726E-009  0.45607726E-009  0.45607726E-009  0.45607726E-009  0.45607726E-009  0.45607726E-009  0.45607726E-009  0.45607726E-009  0.45607726E-009  0.45607726E-009  0.45607726E-009
  0.37005276E+000  0.45607726E-009  0.45607726E-009  0.45607726E-009  0.45607726E-009  0.45607726E-009  0.45607726E-009  0.45607726E-009  0.45607726E-009  0.45607726E-009  0.45607726E-009  0.45607726E-009  0.45607726E-009  0.45607726E-009  0.45607726E-009  0.45607726E-009  0.45607726E-009  0.45607726E-009  0.45607726E-009  0.45607726E-009  0.45607726E-009  0.45607726E-009  0.45607726E-009  0.45607726E-009  0.45607726E-009  0.45607726E-009  0.45607726E-009  0.45607726E-009  0.45607726E-009  0.45607726E-009  0.45607726E-009  0.45607726E-009  0.45607726E-009  0.45607726E-009  0.45607726E-009
  0.37005276E+000  0.45607726E-009  0.45607726E-009  0.45607726E-009  0.45607726E-009  0.45607726E-009  0.45607726E-009  0.45607726E-009  0.45607726E-009  0.45607726E-009  0.45607726E-009  0.45607726E-009  0.45607726E-009  0.45607726E-009  0.45607726E-009  0.45607726E-009  0.45607726E-009  0.45607726E-009  0.45607726E-009  0.45607726E-009  0.45607726E-009  0.45607726E-009  0.45607726E-009  0.45607726E-009  0.45607726E-009  0.45607726E-009  0.45607726E-009  0.45607726E-009  0.45607726E-009  0.45607726E-009  0.45607726E-009  0.45607726E-009  0.45607726E-009  0.45607726E-009  0.45607726E-009
  0.37005276E+000  0.45607726E-009  0.45607726E-009  0.45607726E-009  0.45607726E-009  0.45607726E-009  0.45607726E-009  0.45607726E-009  0.45607726E-009  0.45607726E-009  0.45607726E-009  0.45607726E-009  0.45607726E-009  0.45607726E-009  0.45607726E-009  0.45607726E-009  0.45607726E-009  0.45607726E-009  0.45607726E-009  0.45607726E-009  0.45607726E-009  0.45607726E-009  0.45607726E-009  0.45607726E-009  0.45607726E-009  0.45607726E-009  0.45607726E-009  0.45607726E-009  0.45607726E-009  0.45607726E-009  0.45607726E-009  0.45607726E-009  0.45607726E-009  0.45607726E-009  0.45607726E-009
  0.37005276E+000  0.45607726E-009  0.45607726E-009  0.45607726E-009  0.45607726E-009  0.45607726E-009  0.45607726E-009  0.45607726E-009  0.45607726E-009  0.45607726E-009  0.45607726E-009  0.45607726E-009  0.45607726E-009  0.45607726E-009  0.45607726E-009  0.45607726E-009  0.45607726E-009  0.45607726E-009  0.45607726E-009  0.45607726E-009  0.45607726E-009  0.45607726E-009  0.45607726E-009  0.45607726E-009  0.45607726E-009  0.45607726E-009  0.45607726E-009  0.45607726E-009  0.45607726E-009  0.45607726E-009  0.45607726E-009  0.45607726E-009  0.45607726E-009  0.45607726E-009  0.45607726E-009
  0.37005276E+000  0.45607726E-009  0.45607726E-009  0.45607726E-009  0.45607726E-009  0.45607726E-009  0.45607726E-009  0.45607726E-009  0.45607726E-009  0.45607726E-009  0.45607726E-009  0.45607726E-009  0.45607726E-009  0.45607726E-009  0.45607726E-009  0.45607726E-009  0.45607726E-009  0.45607726E-009  0.45607726E-009  0.45607726E-009  0.45607726E-009  0.45607726E-009  0.45607726E-009  0.45607726E-009  0.45607726E-009  0.45607726E-009  0.45607726E-009  0.45607726E-009  0.45607726E-009  0.45607726E-009  0.45607726E-009  0.45607726E-009  0.45607726E-009  0.45607726E-009  0.45607726E-009
  0.37005276E+000  0.45607726E-009  0.45607726E-009  0.45607726E-009  0.45607726E-009  0.45607726E-009  0.45607726E-009  0.45607726E-009  0.45607726E-009  0.45607726E-009  0.45607726E-009  0.45607726E-009  0.45607726E-009  0.45607726E-009  0.45607726E-009  0.45607726E-009  0.45607726E-009  0.45607726E-009  0.45607726E-009  0.45607726E-009  0.45607726E-009  0.45607726E-009  0.45607726E-009  0.45607726E-009  0.45607726E-009  0.45607726E-009  0.45607726E-009  0.45607726E-009  0.45607726E-009  0.45607726E-009  0.45607726E-009  0.45607726E-009  0.45607726E-009  0.45607726E-009  0.45607726E-009
  0.37005276E+000  0.45607726E-009  0.45607726E-009  0.45607726E-009  0.45607726E-009  0.45607726E-009  0.45607726E-009  0.45607726E-009  0.45607726E-009  0.45607726E-009  0.45607726E-009  0.45607726E-009  0.45607726E-009  0.45607726E-009  0.45607726E-009  0.45607726E-009  0.45607726E-009  0.45607726E-009  0.45607726E-009  0.45607726E-009  0.45607726E-009  0.45607726E-009  0.45607726E-009  0.45607726E-009  0.45607726E-009  0.45607726E-009  0.45607726E-009  0.45607726E-009  0.45607726E-009  0.45607726E-009  0.45607726E-009  0.45607726E-009  0.45607726E-009  0.45607726E-009  0.45607726E-009
  0.37005276E+000  0.45607726E-009  0.45607726E-009  0.45607726E-009  0.45607726E-009  0.45607726E-009  0.45607726E-009  0.45607726E-009  0.45607726E-009  0.45607726E-009  0.45607726E-009  0.45607726E-009  0.45607726E-009  0.45607726E-009  0.45607726E-009  0.45607726E-009  0.45607726E-009  0.45607726E-009  0.45607726E-009  0.45607726E-009  0.45607726E-009  0.45607726E-009  0.45607726E-009  0.45607726E-009  0.45607726E-009  0.45607726E-009  0.45607726E-009  0.45607726E-009  0.45607726E-009  0.45607726E-009  0.45607726E-009  0.45607726E-009  0.45607726E-009  0.45607726E-009  0.45607726E-009
  0.37005276E+000  0.45607726E-009  0.45607726E-009  0.45607726E-009  0.45607726E-009  0.45607726E-009  0.45607726E-009  0.45607726E-009  0.45607726E-009  0.45607726E-009  0.45607726E-009  0.45607726E-009  0.45607726E-009  0.45607726E-009  0.45607726E-009  0.45607726E-009  0.45607726E-009  0.45607726E-009  0.45607726E-009  0.45607726E-009  0.45607726E-009  0.45607726E-009  0.45607726E-009  0.45607726E-009  0.45607726E-009  0.45607726E-009  0.45607726E-009  0.45607726E-009  0.45607726E-009  0.45607726E-009  0.45607726E-009  0.45607726E-009  0.45607726E-009  0.45607726E-009  0.45607726E-009
  0.37005276E+000  0.45607726E-009  0.45607726E-009  0.45607726E-009  0.45607726E-009  0.45607726E-009  0.45607726E-009  0.45607726E-009  0.45607726E-009  0.45607726E-009  0.45607726E-009  0.45607726E-009  0.45607726E-009  0.45607726E-009  0.45607726E-009  0.45607726E-009  0.45607726E-009  0.45607726E-009  0.45607726E-009  0.45607726E-009  0.45607726E-009  0.45607726E-009  0.45607726E-009  0.45607726E-009  0.45607726E-009  0.45607726E-009  0.45607726E-009  0.45607726E-009  0.45607726E-009  0.45607726E-009  0.45607726E-009  0.45607726E-009  0.45607726E-009  0.45607726E-009  0.45607726E-009
  0.37005276E+000  0.45607726E-009  0.45607726E-009  0.45607726E-009  0.45607726E-009  0.45607726E-009  0.45607726E-009  0.10000000E+001  0.10000000E+001  0.10000000E+001  0.10000000E+001  0.31802073E+000  0.10000000E+001  0.10000000E+001  0.10000000E+001  0.30965787E+000  0.45607726E-009  0.45607726E-009  0.45607726E-009  0.45607726E-009  0.45607726E-009  0.45607726E-009  0.45607726E-009  0.45607726E-009  0.45607726E-009  0.45607726E-009  0.45607726E-009  0.45607726E-009  0.45607726E-009  0.45607726E-009  0.45607726E-009  0.45607726E-009  0.45607726E-009  0.45607726E-009  0.45607726E-009
