  0.58268626E+000  0.29553684E-008  0.29553684E-008  0.29553684E-008  0.29553684E-008  0.29553684E-008  0.29553684E-008  0.29553684E-008  0.29553684E-008  0.29553684E-008  0.29553684E-008  0.29553684E-008  0.29553684E-008  0.29553684E-008  0.29553684E-008  0.29553684E-008  0.29553684E-008  0.29553684E-008  0.29553684E-008  0.29553684E-008  0.29553684E-008  0.29553684E-008  0.29553684E-008  0.29553684E-008  0.29553684E-008  0.29553684E-008  0.29553684E-008  0.29553684E-008  0.29553684E-008  0.29553684E-008  0.29553684E-008  0.29553684E-008  0.29553684E-008  0.29553684E-008  0.29553684E-008
  0.58268626E+000  0.29553684E-008  0.29553684E-008  0.29553684E-008  0.29553684E-008  0.29553684E-008  0.29553684E-008  0.29553684E-008  0.29553684E-008  0.29553684E-008  0.29553684E-008  0.29553684E-008  0.29553684E-008  0.29553684E-008  0.29553684E-008  0.29553684E-008  0.29553684E-008  0.29553684E-008  0.29553684E-008  0.29553684E-008  0.29553684E-008  0.29553684E-008  0.29553684E-008  0.29553684E-008  0.29553684E-008  0.29553684E-008  0.29553684E-008  0.29553684E-008  0.29553684E-008  0.29553684E-008  0.29553684E-008  0.29553684E-008  0.29553684E-008  0.29553684E-008  0.29553684E-008
  0.58268626E+000  0.29553684E-008  0.29553684E-008  0.29553684E-008  0.29553684E-008  0.29553684E-008  0.29553684E-008  0.29553684E-008  0.29553684E-008  0.29553684E-008  0.29553684E-008  0.29553684E-008  0.29553684E-008  0.29553684E-008  0.29553684E-008  0.29553684E-008  0.29553684E-008  0.29553684E-008  0.29553684E-008  0.29553684E-008  0.29553684E-008  0.29553684E-008  0.29553684E-008  0.29553684E-008  0.29553684E-008  0.29553684E-008  0.29553684E-008  0.29553684E-008  0.29553684E-008  0.29553684E-008  0.29553684E-008  0.29553684E-008  0.29553684E-008  0.29553684E-008  0.29553684E-008
  0.58268626E+000  0.29553684E-008  0.29553684E-008  0.29553684E-008  0.29553684E-008  0.29553684E-008  0.29553684E-008  0.29553684E-008  0.29553684E-008  0.29553684E-008  0.29553684E-008  0.29553684E-008  0.29553684E-008  0.29553684E-008  0.29553684E-008  0.29553684E-008  0.29553684E-008  0.29553684E-008  0.29553684E-008  0.29553684E-008  0.29553684E-008  0.29553684E-008  0.29553684E-008  0.29553684E-008  0.29553684E-008  0.29553684E-008  0.29553684E-008  0.29553684E-008  0.29553684E-008  0.29553684E-008  0.29553684E-008  0.29553684E-008  0.29553684E-008  0.29553684E-008  0.29553684E-008
  0.58268626E+000  0.29553684E-008  0.29553684E-008  0.29553684E-008  0.29553684E-008  0.29553684E-008  0.29553684E-008  0.29553684E-008  0.29553684E-008  0.29553684E-008  0.29553684E-008  0.29553684E-008  0.29553684E-008  0.29553684E-008  0.29553684E-008  0.29553684E-008  0.29553684E-008  0.29553684E-008  0.29553684E-008  0.29553684E-008  0.29553684E-008  0.29553684E-008  0.29553684E-008  0.29553684E-008  0.29553684E-008  0.29553684E-008  0.29553684E-008  0.29553684E-008  0.29553684E-008  0.29553684E-008  0.29553684E-008  0.29553684E-008  0.29553684E-008  0.29553684E-008  0.29553684E-008
  0.58268626E+000  0.29553684E-008  0.29553684E-008  0.29553684E-008  0.29553684E-008  0.29553684E-008  0.29553684E-008  0.29553684E-008  0.29553684E-008  0.29553684E-008  0.29553684E-008  0.29553684E-008  0.29553684E-008  0.29553684E-008  0.29553684E-008  0.29553684E-008  0.29553684E-008  0.29553684E-008  0.29553684E-008  0.29553684E-008  0.29553684E-008  0.29553684E-008  0.29553684E-008  0.29553684E-008  0.29553684E-008  0.29553684E-008  0.29553684E-008  0.29553684E-008  0.29553684E-008  0.29553684E-008  0.29553684E-008  0.29553684E-008  0.29553684E-008  0.29553684E-008  0.29553684E-008
  0.58268626E+000  0.29553684E-008  0.29553684E-008  0.29553684E-008  0.29553684E-008  0.29553684E-008  0.29553684E-008  0.29553684E-008  0.29553684E-008  0.29553684E-008  0.29553684E-008  0.29553684E-008  0.29553684E-008  0.29553684E-008  0.29553684E-008  0.29553684E-008  0.29553684E-008  0.29553684E-008  0.29553684E-008  0.29553684E-008  0.29553684E-008  0.29553684E-008  0.29553684E-008  0.29553684E-008  0.29553684E-008  0.29553684E-008  0.29553684E-008  0.29553684E-008  0.29553684E-008  0.29553684E-008  0.29553684E-008  0.29553684E-008  0.29553684E-008  0.29553684E-008  0.29553684E-008
  0.58268626E+000  0.29553684E-008  0.29553684E-008  0.29553684E-008  0.29553684E-008  0.29553684E-008  0.29553684E-008  0.29553684E-008  0.29553684E-008  0.29553684E-008  0.29553684E-008  0.29553684E-008  0.29553684E-008  0.29553684E-008  0.29553684E-008  0.29553684E-008  0.29553684E-008  0.29553684E-008  0.29553684E-008  0.29553684E-008  0.29553684E-008  0.29553684E-008  0.29553684E-008  0.29553684E-008  0.29553684E-008  0.29553684E-008  0.29553684E-008  0.29553684E-008  0.29553684E-008  0.29553684E-008  0.29553684E-008  0.29553684E-008  0.29553684E-008  0.29553684E-008  0.29553684E-008
  0.58268626E+000  0.29553684E-008  0.29553684E-008  0.29553684E-008  0.29553684E-008  0.29553684E-008  0.29553684E-008  0.29553684E-008  0.29553684E-008  0.29553684E-008  0.29553684E-008  0.29553684E-008  0.29553684E-008  0.29553684E-008  0.29553684E-008  0.29553684E-008  0.29553684E-008  0.29553684E-008  0.29553684E-008  0.29553684E-008  0.29553684E-008  0.29553684E-008  0.29553684E-008  0.29553684E-008  0.29553684E-008  0.29553684E-008  0.29553684E-008  0.29553684E-008  0.29553684E-008  0.29553684E-008  0.29553684E-008  0.29553684E-008  0.29553684E-008  0.29553684E-008  0.29553684E-008
  0.58268626E+000  0.29553684E-008  0.29553684E-008  0.29553684E-008  0.29553684E-008  0.29553684E-008  0.29553684E-008  0.29553684E-008  0.29553684E-008  0.29553684E-008  0.29553684E-008  0.29553684E-008  0.29553684E-008  0.29553684E-008  0.29553684E-008  0.29553684E-008  0.29553684E-008  0.29553684E-008  0.29553684E-008  0.29553684E-008  0.29553684E-008  0.29553684E-008  0.29553684E-008  0.29553684E-008  0.29553684E-008  0.29553684E-008  0.29553684E-008  0.29553684E-008  0.29553684E-008  0.29553684E-008  0.29553684E-008  0.29553684E-008  0.29553684E-008  0.29553684E-008  0.29553684E-008
  0.58268626E+000  0.29553684E-008  0.29553684E-008  0.29553684E-008  0.29553684E-008  0.29553684E-008  0.29553684E-008  0.29553684E-008  0.29553684E-008  0.29553684E-008  0.29553684E-008  0.29553684E-008  0.29553684E-008  0.29553684E-008  0.29553684E-008  0.29553684E-008  0.29553684E-008  0.29553684E-008  0.29553684E-008  0.29553684E-008  0.29553684E-008  0.29553684E-008  0.29553684E-008  0.29553684E-008  0.29553684E-008  0.29553684E-008  0.29553684E-008  0.29553684E-008  0.29553684E-008  0.29553684E-008  0.29553684E-008  0.29553684E-008  0.29553684E-008  0.29553684E-008  0.29553684E-008
  0.58268626E+000  0.29553684E-008  0.29553684E-008  0.29553684E-008  0.29553684E-008  0.29553684E-008  0.29553684E-008  0.29553684E-008  0.29553684E-008  0.29553684E-008  0.29553684E-008  0.29553684E-008  0.29553684E-008  0.29553684E-008  0.29553684E-008  0.29553684E-008  0.29553684E-008  0.29553684E-008  0.29553684E-008  0.29553684E-008  0.29553684E-008  0.29553684E-008  0.29553684E-008  0.29553684E-008  0.29553684E-008  0.29553684E-008  0.29553684E-008  0.29553684E-008  0.29553684E-008  0.29553684E-008  0.29553684E-008  0.29553684E-008  0.29553684E-008  0.29553684E-008  0.29553684E-008
  0.58268626E+000  0.29553684E-008  0.29553684E-008  0.29553684E-008  0.29553684E-008  0.29553684E-008  0.29553684E-008  0.29553684E-008  0.29553684E-008  0.29553684E-008  0.29553684E-008  0.29553684E-008  0.29553684E-008  0.29553684E-008  0.29553684E-008  0.29553684E-008  0.29553684E-008  0.29553684E-008  0.29553684E-008  0.29553684E-008  0.29553684E-008  0.29553684E-008  0.29553684E-008  0.29553684E-008  0.29553684E-008  0.29553684E-008  0.29553684E-008  0.29553684E-008  0.29553684E-008  0.29553684E-008  0.29553684E-008  0.29553684E-008  0.29553684E-008  0.29553684E-008  0.29553684E-008
  0.58268626E+000  0.29553684E-008  0.29553684E-008  0.29553684E-008  0.29553684E-008  0.29553684E-008  0.29553684E-008  0.29553684E-008  0.29553684E-008  0.29553684E-008  0.29553684E-008  0.29553684E-008  0.29553684E-008  0.29553684E-008  0.29553684E-008  0.29553684E-008  0.29553684E-008  0.29553684E-008  0.29553684E-008  0.29553684E-008  0.29553684E-008  0.29553684E-008  0.29553684E-008  0.29553684E-008  0.29553684E-008  0.29553684E-008  0.29553684E-008  0.29553684E-008  0.29553684E-008  0.29553684E-008  0.29553684E-008  0.29553684E-008  0.29553684E-008  0.29553684E-008  0.29553684E-008
  0.58268626E+000  0.29553684E-008  0.29553684E-008  0.29553684E-008  0.29553684E-008  0.29553684E-008  0.29553684E-008  0.29553684E-008  0.29553684E-008  0.29553684E-008  0.29553684E-008  0.29553684E-008  0.29553684E-008  0.29553684E-008  0.29553684E-008  0.29553684E-008  0.29553684E-008  0.29553684E-008  0.29553684E-008  0.29553684E-008  0.29553684E-008  0.29553684E-008  0.29553684E-008  0.29553684E-008  0.29553684E-008  0.29553684E-008  0.29553684E-008  0.29553684E-008  0.29553684E-008  0.29553684E-008  0.29553684E-008  0.29553684E-008  0.29553684E-008  0.29553684E-008  0.29553684E-008
  0.58268626E+000  0.29553684E-008  0.29553684E-008  0.29553684E-008  0.29553684E-008  0.29553684E-008  0.29553684E-008  0.29553684E-008  0.29553684E-008  0.29553684E-008  0.29553684E-008  0.29553684E-008  0.29553684E-008  0.29553684E-008  0.29553684E-008  0.29553684E-008  0.29553684E-008  0.29553684E-008  0.29553684E-008  0.29553684E-008  0.29553684E-008  0.29553684E-008  0.29553684E-008  0.29553684E-008  0.29553684E-008  0.29553684E-008  0.29553684E-008  0.29553684E-008  0.29553684E-008  0.29553684E-008  0.29553684E-008  0.29553684E-008  0.29553684E-008  0.29553684E-008  0.29553684E-008
  0.58268626E+000  0.29553684E-008  0.29553684E-008  0.29553684E-008  0.29553684E-008  0.29553684E-008  0.29553684E-008  0.29553684E-008  0.29553684E-008  0.29553684E-008  0.29553684E-008  0.29553684E-008  0.29553684E-008  0.29553684E-008  0.29553684E-008  0.29553684E-008  0.29553684E-008  0.29553684E-008  0.29553684E-008  0.29553684E-008  0.29553684E-008  0.29553684E-008  0.29553684E-008  0.29553684E-008  0.29553684E-008  0.29553684E-008  0.29553684E-008  0.29553684E-008  0.29553684E-008  0.29553684E-008  0.29553684E-008  0.29553684E-008  0.29553684E-008  0.29553684E-008  0.29553684E-008
  0.58268626E+000  0.29553684E-008  0.29553684E-008  0.29553684E-008  0.29553684E-008  0.29553684E-008  0.29553684E-008  0.29553684E-008  0.29553684E-008  0.29553684E-008  0.29553684E-008  0.29553684E-008  0.29553684E-008  0.29553684E-008  0.29553684E-008  0.29553684E-008  0.29553684E-008  0.29553684E-008  0.29553684E-008  0.29553684E-008  0.29553684E-008  0.29553684E-008  0.29553684E-008  0.29553684E-008  0.29553684E-008  0.29553684E-008  0.29553684E-008  0.29553684E-008  0.29553684E-008  0.29553684E-008  0.29553684E-008  0.29553684E-008  0.29553684E-008  0.29553684E-008  0.29553684E-008
  0.58268626E+000  0.29553684E-008  0.29553684E-008  0.29553684E-008  0.29553684E-008  0.29553684E-008  0.29553684E-008  0.29553684E-008  0.29553684E-008  0.29553684E-008  0.29553684E-008  0.29553684E-008  0.29553684E-008  0.29553684E-008  0.29553684E-008  0.29553684E-008  0.29553684E-008  0.29553684E-008  0.29553684E-008  0.29553684E-008  0.29553684E-008  0.29553684E-008  0.29553684E-008  0.29553684E-008  0.29553684E-008  0.29553684E-008  0.29553684E-008  0.29553684E-008  0.29553684E-008  0.29553684E-008  0.29553684E-008  0.29553684E-008  0.29553684E-008  0.29553684E-008  0.29553684E-008
  0.58268626E+000  0.29553684E-008  0.29553684E-008  0.29553684E-008  0.29553684E-008  0.29553684E-008  0.29553684E-008  0.29553684E-008  0.29553684E-008  0.29553684E-008  0.29553684E-008  0.29553684E-008  0.29553684E-008  0.29553684E-008  0.29553684E-008  0.29553684E-008  0.29553684E-008  0.29553684E-008  0.29553684E-008  0.29553684E-008  0.29553684E-008  0.29553684E-008  0.29553684E-008  0.29553684E-008  0.29553684E-008  0.29553684E-008  0.29553684E-008  0.29553684E-008  0.29553684E-008  0.29553684E-008  0.29553684E-008  0.29553684E-008  0.29553684E-008  0.29553684E-008  0.29553684E-008
  0.10000000E+001  0.58253789E+000  0.29553684E-008  0.29553684E-008  0.29553684E-008  0.29553684E-008  0.29553684E-008  0.29553684E-008  0.29553684E-008  0.29553684E-008  0.29553684E-008  0.29553684E-008  0.29553684E-008  0.29553684E-008  0.29553684E-008  0.29553684E-008  0.29553684E-008  0.29553684E-008  0.29553684E-008  0.29553684E-008  0.29553684E-008  0.29553684E-008  0.29553684E-008  0.29553684E-008  0.29553684E-008  0.29553684E-008  0.29553684E-008  0.29553684E-008  0.29553684E-008  0.29553684E-008  0.29553684E-008  0.29553684E-008  0.29553684E-008  0.29553684E-008  0.29553684E-008
  0.58268626E+000  0.29553684E-008  0.29553684E-008  0.29553684E-008  0.29553684E-008  0.29553684E-008  0.29553684E-008  0.10000000E+001  0.10000000E+001  0.56650671E+000  0.29553684E-008  0.29553684E-008  0.29553684E-008  0.29553684E-008  0.29553684E-008  0.29553684E-008  0.29553684E-008  0.29553684E-008  0.29553684E-008  0.29553684E-008  0.29553684E-008  0.29553684E-008  0.29553684E-008  0.29553684E-008  0.29553684E-008  0.29553684E-008  0.29553684E-008  0.29553684E-008  0.29553684E-008  0.29553684E-008  0.29553684E-008  0.29553684E-008  0.29553684E-008  0.29553684E-008  0.29553684E-008
  0.58268626E+000  0.29553684E-008  0.29553684E-008  0.29553684E-008  0.10000000E+001  0.10000000E+001  0.10000000E+001  0.10000000E+001  0.10000000E+001  0.56650671E+000  0.29553684E-008  0.29553684E-008  0.29553684E-008  0.29553684E-008  0.29553684E-008  0.29553684E-008  0.29553684E-008  0.29553684E-008  0.29553684E-008  0.29553684E-008  0.29553684E-008  0.29553684E-008  0.29553684E-008  0.29553684E-008  0.29553684E-008  0.29553684E-008  0.29553684E-008  0.29553684E-008  0.29553684E-008  0.29553684E-008  0.29553684E-008  0.29553684E-008  0.29553684E-008  0.29553684E-008  0.29553684E-008
  0.10000000E+001  0.58253789E+000  0.29553684E-008  0.29553684E-008  0.29553684E-008  0.29553684E-008  0.29553684E-008  0.29553684E-008  0.29553684E-008  0.29553684E-008  0.29553684E-008  0.29553684E-008  0.29553684E-008  0.29553684E-008  0.29553684E-008  0.29553684E-008  0.29553684E-008  0.29553684E-008  0.29553684E-008  0.29553684E-008  0.29553684E-008  0.29553684E-008  0.29553684E-008  0.29553684E-008  0.29553684E-008  0.29553684E-008  0.29553684E-008  0.29553684E-008  0.29553684E-008  0.29553684E-008  0.29553684E-008  0.29553684E-008  0.29553684E-008  0.29553684E-008  0.29553684E-008
  0.10000000E+001  0.10000000E+001  0.58184754E+000  0.29553684E-008  0.29553684E-008  0.29553684E-008  0.29553684E-008  0.29553684E-008  0.29553684E-008  0.29553684E-008  0.29553684E-008  0.29553684E-008  0.29553684E-008  0.29553684E-008  0.29553684E-008  0.29553684E-008  0.29553684E-008  0.29553684E-008  0.29553684E-008  0.29553684E-008  0.29553684E-008  0.29553684E-008  0.29553684E-008  0.29553684E-008  0.29553684E-008  0.29553684E-008  0.29553684E-008  0.29553684E-008  0.29553684E-008  0.29553684E-008  0.29553684E-008  0.29553684E-008  0.29553684E-008  0.29553684E-008  0.29553684E-008
