  0.62532286E+000  0.14522929E-007  0.14522929E-007  0.14522929E-007  0.14522929E-007  0.14522929E-007  0.14522929E-007  0.14522929E-007  0.14522929E-007  0.14522929E-007  0.14522929E-007  0.14522929E-007  0.14522929E-007  0.14522929E-007  0.14522929E-007  0.14522929E-007  0.14522929E-007  0.14522929E-007  0.14522929E-007  0.14522929E-007  0.14522929E-007  0.14522929E-007  0.14522929E-007  0.14522929E-007  0.14522929E-007  0.14522929E-007  0.14522929E-007  0.14522929E-007  0.14522929E-007  0.14522929E-007  0.14522929E-007  0.14522929E-007  0.14522929E-007  0.14522929E-007  0.14522929E-007
  0.62532286E+000  0.14522929E-007  0.14522929E-007  0.14522929E-007  0.14522929E-007  0.14522929E-007  0.14522929E-007  0.14522929E-007  0.14522929E-007  0.14522929E-007  0.14522929E-007  0.14522929E-007  0.14522929E-007  0.14522929E-007  0.14522929E-007  0.14522929E-007  0.14522929E-007  0.14522929E-007  0.14522929E-007  0.14522929E-007  0.14522929E-007  0.14522929E-007  0.14522929E-007  0.14522929E-007  0.14522929E-007  0.14522929E-007  0.14522929E-007  0.14522929E-007  0.14522929E-007  0.14522929E-007  0.14522929E-007  0.14522929E-007  0.14522929E-007  0.14522929E-007  0.14522929E-007
  0.62532286E+000  0.14522929E-007  0.14522929E-007  0.14522929E-007  0.14522929E-007  0.14522929E-007  0.14522929E-007  0.14522929E-007  0.14522929E-007  0.14522929E-007  0.14522929E-007  0.14522929E-007  0.14522929E-007  0.14522929E-007  0.14522929E-007  0.14522929E-007  0.14522929E-007  0.14522929E-007  0.14522929E-007  0.14522929E-007  0.14522929E-007  0.14522929E-007  0.14522929E-007  0.14522929E-007  0.14522929E-007  0.14522929E-007  0.14522929E-007  0.14522929E-007  0.14522929E-007  0.14522929E-007  0.14522929E-007  0.14522929E-007  0.14522929E-007  0.14522929E-007  0.14522929E-007
  0.62532286E+000  0.14522929E-007  0.14522929E-007  0.14522929E-007  0.14522929E-007  0.14522929E-007  0.14522929E-007  0.14522929E-007  0.14522929E-007  0.14522929E-007  0.14522929E-007  0.14522929E-007  0.14522929E-007  0.14522929E-007  0.14522929E-007  0.14522929E-007  0.14522929E-007  0.14522929E-007  0.14522929E-007  0.14522929E-007  0.14522929E-007  0.14522929E-007  0.14522929E-007  0.14522929E-007  0.14522929E-007  0.14522929E-007  0.14522929E-007  0.14522929E-007  0.14522929E-007  0.14522929E-007  0.14522929E-007  0.14522929E-007  0.14522929E-007  0.14522929E-007  0.14522929E-007
  0.62532286E+000  0.14522929E-007  0.14522929E-007  0.14522929E-007  0.14522929E-007  0.14522929E-007  0.14522929E-007  0.14522929E-007  0.14522929E-007  0.14522929E-007  0.14522929E-007  0.14522929E-007  0.14522929E-007  0.14522929E-007  0.14522929E-007  0.14522929E-007  0.14522929E-007  0.14522929E-007  0.14522929E-007  0.14522929E-007  0.14522929E-007  0.14522929E-007  0.14522929E-007  0.14522929E-007  0.14522929E-007  0.14522929E-007  0.14522929E-007  0.14522929E-007  0.14522929E-007  0.14522929E-007  0.14522929E-007  0.14522929E-007  0.14522929E-007  0.14522929E-007  0.14522929E-007
  0.62532286E+000  0.14522929E-007  0.14522929E-007  0.14522929E-007  0.14522929E-007  0.14522929E-007  0.14522929E-007  0.14522929E-007  0.14522929E-007  0.14522929E-007  0.14522929E-007  0.14522929E-007  0.14522929E-007  0.14522929E-007  0.14522929E-007  0.14522929E-007  0.14522929E-007  0.14522929E-007  0.14522929E-007  0.14522929E-007  0.14522929E-007  0.14522929E-007  0.14522929E-007  0.14522929E-007  0.14522929E-007  0.14522929E-007  0.14522929E-007  0.14522929E-007  0.14522929E-007  0.14522929E-007  0.14522929E-007  0.14522929E-007  0.14522929E-007  0.14522929E-007  0.14522929E-007
  0.62532286E+000  0.14522929E-007  0.14522929E-007  0.14522929E-007  0.14522929E-007  0.14522929E-007  0.14522929E-007  0.14522929E-007  0.14522929E-007  0.14522929E-007  0.14522929E-007  0.14522929E-007  0.14522929E-007  0.14522929E-007  0.14522929E-007  0.14522929E-007  0.14522929E-007  0.14522929E-007  0.14522929E-007  0.14522929E-007  0.14522929E-007  0.14522929E-007  0.14522929E-007  0.14522929E-007  0.14522929E-007  0.14522929E-007  0.14522929E-007  0.14522929E-007  0.14522929E-007  0.14522929E-007  0.14522929E-007  0.14522929E-007  0.14522929E-007  0.14522929E-007  0.14522929E-007
  0.62532286E+000  0.14522929E-007  0.14522929E-007  0.14522929E-007  0.14522929E-007  0.14522929E-007  0.14522929E-007  0.14522929E-007  0.14522929E-007  0.14522929E-007  0.14522929E-007  0.14522929E-007  0.14522929E-007  0.14522929E-007  0.14522929E-007  0.14522929E-007  0.14522929E-007  0.14522929E-007  0.14522929E-007  0.14522929E-007  0.14522929E-007  0.14522929E-007  0.14522929E-007  0.14522929E-007  0.14522929E-007  0.14522929E-007  0.14522929E-007  0.14522929E-007  0.14522929E-007  0.14522929E-007  0.14522929E-007  0.14522929E-007  0.14522929E-007  0.14522929E-007  0.14522929E-007
  0.62532286E+000  0.14522929E-007  0.14522929E-007  0.14522929E-007  0.14522929E-007  0.14522929E-007  0.14522929E-007  0.14522929E-007  0.14522929E-007  0.14522929E-007  0.14522929E-007  0.14522929E-007  0.14522929E-007  0.14522929E-007  0.14522929E-007  0.14522929E-007  0.14522929E-007  0.14522929E-007  0.14522929E-007  0.14522929E-007  0.14522929E-007  0.14522929E-007  0.14522929E-007  0.14522929E-007  0.14522929E-007  0.14522929E-007  0.14522929E-007  0.14522929E-007  0.14522929E-007  0.14522929E-007  0.14522929E-007  0.14522929E-007  0.14522929E-007  0.14522929E-007  0.14522929E-007
  0.62532286E+000  0.14522929E-007  0.14522929E-007  0.14522929E-007  0.14522929E-007  0.14522929E-007  0.14522929E-007  0.14522929E-007  0.14522929E-007  0.14522929E-007  0.14522929E-007  0.14522929E-007  0.14522929E-007  0.14522929E-007  0.14522929E-007  0.14522929E-007  0.14522929E-007  0.14522929E-007  0.14522929E-007  0.14522929E-007  0.14522929E-007  0.14522929E-007  0.14522929E-007  0.14522929E-007  0.14522929E-007  0.14522929E-007  0.14522929E-007  0.14522929E-007  0.14522929E-007  0.14522929E-007  0.14522929E-007  0.14522929E-007  0.14522929E-007  0.14522929E-007  0.14522929E-007
  0.62532286E+000  0.14522929E-007  0.14522929E-007  0.14522929E-007  0.14522929E-007  0.14522929E-007  0.14522929E-007  0.14522929E-007  0.14522929E-007  0.14522929E-007  0.14522929E-007  0.14522929E-007  0.14522929E-007  0.14522929E-007  0.14522929E-007  0.14522929E-007  0.14522929E-007  0.14522929E-007  0.14522929E-007  0.14522929E-007  0.14522929E-007  0.14522929E-007  0.14522929E-007  0.14522929E-007  0.14522929E-007  0.14522929E-007  0.14522929E-007  0.14522929E-007  0.14522929E-007  0.14522929E-007  0.14522929E-007  0.14522929E-007  0.14522929E-007  0.14522929E-007  0.14522929E-007
  0.62532286E+000  0.14522929E-007  0.14522929E-007  0.14522929E-007  0.14522929E-007  0.14522929E-007  0.14522929E-007  0.14522929E-007  0.14522929E-007  0.14522929E-007  0.14522929E-007  0.14522929E-007  0.14522929E-007  0.14522929E-007  0.14522929E-007  0.14522929E-007  0.14522929E-007  0.14522929E-007  0.14522929E-007  0.14522929E-007  0.14522929E-007  0.14522929E-007  0.14522929E-007  0.14522929E-007  0.14522929E-007  0.14522929E-007  0.14522929E-007  0.14522929E-007  0.14522929E-007  0.14522929E-007  0.14522929E-007  0.14522929E-007  0.14522929E-007  0.14522929E-007  0.14522929E-007
  0.62532286E+000  0.14522929E-007  0.14522929E-007  0.14522929E-007  0.14522929E-007  0.14522929E-007  0.14522929E-007  0.14522929E-007  0.14522929E-007  0.14522929E-007  0.14522929E-007  0.14522929E-007  0.14522929E-007  0.14522929E-007  0.14522929E-007  0.14522929E-007  0.14522929E-007  0.14522929E-007  0.14522929E-007  0.14522929E-007  0.14522929E-007  0.14522929E-007  0.14522929E-007  0.14522929E-007  0.14522929E-007  0.14522929E-007  0.14522929E-007  0.14522929E-007  0.14522929E-007  0.14522929E-007  0.14522929E-007  0.14522929E-007  0.14522929E-007  0.14522929E-007  0.14522929E-007
  0.62532286E+000  0.14522929E-007  0.14522929E-007  0.14522929E-007  0.14522929E-007  0.14522929E-007  0.14522929E-007  0.14522929E-007  0.14522929E-007  0.14522929E-007  0.14522929E-007  0.14522929E-007  0.14522929E-007  0.14522929E-007  0.14522929E-007  0.14522929E-007  0.14522929E-007  0.14522929E-007  0.14522929E-007  0.14522929E-007  0.14522929E-007  0.14522929E-007  0.14522929E-007  0.14522929E-007  0.14522929E-007  0.14522929E-007  0.14522929E-007  0.14522929E-007  0.14522929E-007  0.14522929E-007  0.14522929E-007  0.14522929E-007  0.14522929E-007  0.14522929E-007  0.14522929E-007
  0.62532286E+000  0.14522929E-007  0.14522929E-007  0.14522929E-007  0.14522929E-007  0.14522929E-007  0.14522929E-007  0.14522929E-007  0.14522929E-007  0.14522929E-007  0.14522929E-007  0.14522929E-007  0.14522929E-007  0.14522929E-007  0.14522929E-007  0.14522929E-007  0.14522929E-007  0.14522929E-007  0.14522929E-007  0.14522929E-007  0.14522929E-007  0.14522929E-007  0.14522929E-007  0.14522929E-007  0.14522929E-007  0.14522929E-007  0.14522929E-007  0.14522929E-007  0.14522929E-007  0.14522929E-007  0.14522929E-007  0.14522929E-007  0.14522929E-007  0.14522929E-007  0.14522929E-007
  0.62532286E+000  0.14522929E-007  0.14522929E-007  0.14522929E-007  0.14522929E-007  0.14522929E-007  0.14522929E-007  0.14522929E-007  0.14522929E-007  0.14522929E-007  0.14522929E-007  0.14522929E-007  0.14522929E-007  0.14522929E-007  0.14522929E-007  0.14522929E-007  0.14522929E-007  0.14522929E-007  0.14522929E-007  0.14522929E-007  0.14522929E-007  0.14522929E-007  0.14522929E-007  0.14522929E-007  0.14522929E-007  0.14522929E-007  0.14522929E-007  0.14522929E-007  0.14522929E-007  0.14522929E-007  0.14522929E-007  0.14522929E-007  0.14522929E-007  0.14522929E-007  0.14522929E-007
  0.62532286E+000  0.14522929E-007  0.14522929E-007  0.14522929E-007  0.14522929E-007  0.14522929E-007  0.14522929E-007  0.14522929E-007  0.14522929E-007  0.14522929E-007  0.14522929E-007  0.14522929E-007  0.14522929E-007  0.14522929E-007  0.14522929E-007  0.14522929E-007  0.14522929E-007  0.14522929E-007  0.14522929E-007  0.14522929E-007  0.14522929E-007  0.14522929E-007  0.14522929E-007  0.14522929E-007  0.14522929E-007  0.14522929E-007  0.14522929E-007  0.14522929E-007  0.14522929E-007  0.14522929E-007  0.14522929E-007  0.14522929E-007  0.14522929E-007  0.14522929E-007  0.14522929E-007
  0.62532286E+000  0.14522929E-007  0.14522929E-007  0.14522929E-007  0.14522929E-007  0.14522929E-007  0.14522929E-007  0.14522929E-007  0.14522929E-007  0.14522929E-007  0.14522929E-007  0.14522929E-007  0.14522929E-007  0.14522929E-007  0.14522929E-007  0.14522929E-007  0.14522929E-007  0.14522929E-007  0.14522929E-007  0.14522929E-007  0.14522929E-007  0.14522929E-007  0.14522929E-007  0.14522929E-007  0.14522929E-007  0.14522929E-007  0.14522929E-007  0.14522929E-007  0.14522929E-007  0.14522929E-007  0.14522929E-007  0.14522929E-007  0.14522929E-007  0.14522929E-007  0.14522929E-007
  0.62532286E+000  0.14522929E-007  0.14522929E-007  0.14522929E-007  0.14522929E-007  0.14522929E-007  0.14522929E-007  0.14522929E-007  0.14522929E-007  0.14522929E-007  0.14522929E-007  0.14522929E-007  0.14522929E-007  0.14522929E-007  0.14522929E-007  0.14522929E-007  0.14522929E-007  0.14522929E-007  0.14522929E-007  0.14522929E-007  0.14522929E-007  0.14522929E-007  0.14522929E-007  0.14522929E-007  0.14522929E-007  0.14522929E-007  0.14522929E-007  0.14522929E-007  0.14522929E-007  0.14522929E-007  0.14522929E-007  0.14522929E-007  0.14522929E-007  0.14522929E-007  0.14522929E-007
  0.62532286E+000  0.14522929E-007  0.14522929E-007  0.14522929E-007  0.14522929E-007  0.14522929E-007  0.14522929E-007  0.14522929E-007  0.14522929E-007  0.14522929E-007  0.14522929E-007  0.14522929E-007  0.14522929E-007  0.14522929E-007  0.14522929E-007  0.14522929E-007  0.14522929E-007  0.14522929E-007  0.14522929E-007  0.14522929E-007  0.14522929E-007  0.14522929E-007  0.14522929E-007  0.14522929E-007  0.14522929E-007  0.14522929E-007  0.14522929E-007  0.14522929E-007  0.14522929E-007  0.14522929E-007  0.14522929E-007  0.14522929E-007  0.14522929E-007  0.14522929E-007  0.14522929E-007
  0.10000000E+001  0.62529023E+000  0.14522929E-007  0.14522929E-007  0.14522929E-007  0.14522929E-007  0.14522929E-007  0.14522929E-007  0.14522929E-007  0.14522929E-007  0.14522929E-007  0.14522929E-007  0.14522929E-007  0.14522929E-007  0.14522929E-007  0.14522929E-007  0.14522929E-007  0.14522929E-007  0.14522929E-007  0.14522929E-007  0.14522929E-007  0.14522929E-007  0.14522929E-007  0.14522929E-007  0.14522929E-007  0.14522929E-007  0.14522929E-007  0.14522929E-007  0.14522929E-007  0.14522929E-007  0.14522929E-007  0.14522929E-007  0.14522929E-007  0.14522929E-007  0.14522929E-007
  0.10000000E+001  0.10000000E+001  0.10000000E+001  0.10000000E+001  0.10000000E+001  0.62350126E+000  0.10000000E+001  0.62219113E+000  0.14522929E-007  0.14522929E-007  0.14522929E-007  0.14522929E-007  0.14522929E-007  0.14522929E-007  0.14522929E-007  0.14522929E-007  0.14522929E-007  0.14522929E-007  0.14522929E-007  0.14522929E-007  0.14522929E-007  0.14522929E-007  0.14522929E-007  0.14522929E-007  0.14522929E-007  0.14522929E-007  0.14522929E-007  0.14522929E-007  0.14522929E-007  0.14522929E-007  0.14522929E-007  0.14522929E-007  0.14522929E-007  0.14522929E-007  0.14522929E-007
  0.10000000E+001  0.10000000E+001  0.10000000E+001  0.10000000E+001  0.10000000E+001  0.10000000E+001  0.10000000E+001  0.10000000E+001  0.10000000E+001  0.10000000E+001  0.10000000E+001  0.10000000E+001  0.10000000E+001  0.10000000E+001  0.10000000E+001  0.10000000E+001  0.62054014E+000  0.14522929E-007  0.14522929E-007  0.14522929E-007  0.14522929E-007  0.14522929E-007  0.14522929E-007  0.14522929E-007  0.14522929E-007  0.14522929E-007  0.14522929E-007  0.14522929E-007  0.14522929E-007  0.14522929E-007  0.14522929E-007  0.14522929E-007  0.14522929E-007  0.14522929E-007  0.14522929E-007
  0.10000000E+001  0.10000000E+001  0.10000000E+001  0.10000000E+001  0.10000000E+001  0.10000000E+001  0.10000000E+001  0.10000000E+001  0.10000000E+001  0.10000000E+001  0.10000000E+001  0.10000000E+001  0.10000000E+001  0.10000000E+001  0.10000000E+001  0.10000000E+001  0.62054014E+000  0.14522929E-007  0.14522929E-007  0.14522929E-007  0.14522929E-007  0.14522929E-007  0.14522929E-007  0.14522929E-007  0.14522929E-007  0.14522929E-007  0.14522929E-007  0.14522929E-007  0.14522929E-007  0.14522929E-007  0.14522929E-007  0.14522929E-007  0.14522929E-007  0.14522929E-007  0.14522929E-007
  0.10000000E+001  0.10000000E+001  0.10000000E+001  0.62481433E+000  0.14522929E-007  0.10000000E+001  0.10000000E+001  0.10000000E+001  0.10000000E+001  0.10000000E+001  0.10000000E+001  0.10000000E+001  0.10000000E+001  0.10000000E+001  0.62132553E+000  0.10000000E+001  0.62054014E+000  0.14522929E-007  0.14522929E-007  0.14522929E-007  0.14522929E-007  0.14522929E-007  0.14522929E-007  0.14522929E-007  0.14522929E-007  0.14522929E-007  0.14522929E-007  0.14522929E-007  0.14522929E-007  0.14522929E-007  0.14522929E-007  0.14522929E-007  0.14522929E-007  0.14522929E-007  0.14522929E-007
