  0.60730091E+000  0.55483179E-008  0.55483179E-008  0.55483179E-008  0.55483179E-008  0.55483179E-008  0.55483179E-008  0.55483179E-008  0.55483179E-008  0.55483179E-008  0.55483179E-008  0.55483179E-008  0.55483179E-008  0.55483179E-008  0.55483179E-008  0.55483179E-008  0.55483179E-008  0.55483179E-008  0.55483179E-008  0.55483179E-008  0.55483179E-008  0.55483179E-008  0.55483179E-008  0.55483179E-008  0.55483179E-008  0.55483179E-008  0.55483179E-008  0.55483179E-008  0.55483179E-008  0.55483179E-008  0.55483179E-008  0.55483179E-008  0.55483179E-008  0.55483179E-008  0.55483179E-008
  0.60730091E+000  0.55483179E-008  0.55483179E-008  0.55483179E-008  0.55483179E-008  0.55483179E-008  0.55483179E-008  0.55483179E-008  0.55483179E-008  0.55483179E-008  0.55483179E-008  0.55483179E-008  0.55483179E-008  0.55483179E-008  0.55483179E-008  0.55483179E-008  0.55483179E-008  0.55483179E-008  0.55483179E-008  0.55483179E-008  0.55483179E-008  0.55483179E-008  0.55483179E-008  0.55483179E-008  0.55483179E-008  0.55483179E-008  0.55483179E-008  0.55483179E-008  0.55483179E-008  0.55483179E-008  0.55483179E-008  0.55483179E-008  0.55483179E-008  0.55483179E-008  0.55483179E-008
  0.60730091E+000  0.55483179E-008  0.55483179E-008  0.55483179E-008  0.55483179E-008  0.55483179E-008  0.55483179E-008  0.55483179E-008  0.55483179E-008  0.55483179E-008  0.55483179E-008  0.55483179E-008  0.55483179E-008  0.55483179E-008  0.55483179E-008  0.55483179E-008  0.55483179E-008  0.55483179E-008  0.55483179E-008  0.55483179E-008  0.55483179E-008  0.55483179E-008  0.55483179E-008  0.55483179E-008  0.55483179E-008  0.55483179E-008  0.55483179E-008  0.55483179E-008  0.55483179E-008  0.55483179E-008  0.55483179E-008  0.55483179E-008  0.55483179E-008  0.55483179E-008  0.55483179E-008
  0.60730091E+000  0.55483179E-008  0.55483179E-008  0.55483179E-008  0.55483179E-008  0.55483179E-008  0.55483179E-008  0.55483179E-008  0.55483179E-008  0.55483179E-008  0.55483179E-008  0.55483179E-008  0.55483179E-008  0.55483179E-008  0.55483179E-008  0.55483179E-008  0.55483179E-008  0.55483179E-008  0.55483179E-008  0.55483179E-008  0.55483179E-008  0.55483179E-008  0.55483179E-008  0.55483179E-008  0.55483179E-008  0.55483179E-008  0.55483179E-008  0.55483179E-008  0.55483179E-008  0.55483179E-008  0.55483179E-008  0.55483179E-008  0.55483179E-008  0.55483179E-008  0.55483179E-008
  0.60730091E+000  0.55483179E-008  0.55483179E-008  0.55483179E-008  0.55483179E-008  0.55483179E-008  0.55483179E-008  0.55483179E-008  0.55483179E-008  0.55483179E-008  0.55483179E-008  0.55483179E-008  0.55483179E-008  0.55483179E-008  0.55483179E-008  0.55483179E-008  0.55483179E-008  0.55483179E-008  0.55483179E-008  0.55483179E-008  0.55483179E-008  0.55483179E-008  0.55483179E-008  0.55483179E-008  0.55483179E-008  0.55483179E-008  0.55483179E-008  0.55483179E-008  0.55483179E-008  0.55483179E-008  0.55483179E-008  0.55483179E-008  0.55483179E-008  0.55483179E-008  0.55483179E-008
  0.60730091E+000  0.55483179E-008  0.55483179E-008  0.55483179E-008  0.55483179E-008  0.55483179E-008  0.55483179E-008  0.55483179E-008  0.55483179E-008  0.55483179E-008  0.55483179E-008  0.55483179E-008  0.55483179E-008  0.55483179E-008  0.55483179E-008  0.55483179E-008  0.55483179E-008  0.55483179E-008  0.55483179E-008  0.55483179E-008  0.55483179E-008  0.55483179E-008  0.55483179E-008  0.55483179E-008  0.55483179E-008  0.55483179E-008  0.55483179E-008  0.55483179E-008  0.55483179E-008  0.55483179E-008  0.55483179E-008  0.55483179E-008  0.55483179E-008  0.55483179E-008  0.55483179E-008
  0.60730091E+000  0.55483179E-008  0.55483179E-008  0.55483179E-008  0.55483179E-008  0.55483179E-008  0.55483179E-008  0.55483179E-008  0.55483179E-008  0.55483179E-008  0.55483179E-008  0.55483179E-008  0.55483179E-008  0.55483179E-008  0.55483179E-008  0.55483179E-008  0.55483179E-008  0.55483179E-008  0.55483179E-008  0.55483179E-008  0.55483179E-008  0.55483179E-008  0.55483179E-008  0.55483179E-008  0.55483179E-008  0.55483179E-008  0.55483179E-008  0.55483179E-008  0.55483179E-008  0.55483179E-008  0.55483179E-008  0.55483179E-008  0.55483179E-008  0.55483179E-008  0.55483179E-008
  0.60730091E+000  0.55483179E-008  0.55483179E-008  0.55483179E-008  0.55483179E-008  0.55483179E-008  0.55483179E-008  0.55483179E-008  0.55483179E-008  0.55483179E-008  0.55483179E-008  0.55483179E-008  0.55483179E-008  0.55483179E-008  0.55483179E-008  0.55483179E-008  0.55483179E-008  0.55483179E-008  0.55483179E-008  0.55483179E-008  0.55483179E-008  0.55483179E-008  0.55483179E-008  0.55483179E-008  0.55483179E-008  0.55483179E-008  0.55483179E-008  0.55483179E-008  0.55483179E-008  0.55483179E-008  0.55483179E-008  0.55483179E-008  0.55483179E-008  0.55483179E-008  0.55483179E-008
  0.60730091E+000  0.55483179E-008  0.55483179E-008  0.55483179E-008  0.55483179E-008  0.55483179E-008  0.55483179E-008  0.55483179E-008  0.55483179E-008  0.55483179E-008  0.55483179E-008  0.55483179E-008  0.55483179E-008  0.55483179E-008  0.55483179E-008  0.55483179E-008  0.55483179E-008  0.55483179E-008  0.55483179E-008  0.55483179E-008  0.55483179E-008  0.55483179E-008  0.55483179E-008  0.55483179E-008  0.55483179E-008  0.55483179E-008  0.55483179E-008  0.55483179E-008  0.55483179E-008  0.55483179E-008  0.55483179E-008  0.55483179E-008  0.55483179E-008  0.55483179E-008  0.55483179E-008
  0.60730091E+000  0.55483179E-008  0.55483179E-008  0.55483179E-008  0.55483179E-008  0.55483179E-008  0.55483179E-008  0.55483179E-008  0.55483179E-008  0.55483179E-008  0.55483179E-008  0.55483179E-008  0.55483179E-008  0.55483179E-008  0.55483179E-008  0.55483179E-008  0.55483179E-008  0.55483179E-008  0.55483179E-008  0.55483179E-008  0.55483179E-008  0.55483179E-008  0.55483179E-008  0.55483179E-008  0.55483179E-008  0.55483179E-008  0.55483179E-008  0.55483179E-008  0.55483179E-008  0.55483179E-008  0.55483179E-008  0.55483179E-008  0.55483179E-008  0.55483179E-008  0.55483179E-008
  0.60730091E+000  0.55483179E-008  0.55483179E-008  0.55483179E-008  0.55483179E-008  0.55483179E-008  0.55483179E-008  0.55483179E-008  0.55483179E-008  0.55483179E-008  0.55483179E-008  0.55483179E-008  0.55483179E-008  0.55483179E-008  0.55483179E-008  0.55483179E-008  0.55483179E-008  0.55483179E-008  0.55483179E-008  0.55483179E-008  0.55483179E-008  0.55483179E-008  0.55483179E-008  0.55483179E-008  0.55483179E-008  0.55483179E-008  0.55483179E-008  0.55483179E-008  0.55483179E-008  0.55483179E-008  0.55483179E-008  0.55483179E-008  0.55483179E-008  0.55483179E-008  0.55483179E-008
  0.60730091E+000  0.55483179E-008  0.55483179E-008  0.55483179E-008  0.55483179E-008  0.55483179E-008  0.55483179E-008  0.55483179E-008  0.55483179E-008  0.55483179E-008  0.55483179E-008  0.55483179E-008  0.55483179E-008  0.55483179E-008  0.55483179E-008  0.55483179E-008  0.55483179E-008  0.55483179E-008  0.55483179E-008  0.55483179E-008  0.55483179E-008  0.55483179E-008  0.55483179E-008  0.55483179E-008  0.55483179E-008  0.55483179E-008  0.55483179E-008  0.55483179E-008  0.55483179E-008  0.55483179E-008  0.55483179E-008  0.55483179E-008  0.55483179E-008  0.55483179E-008  0.55483179E-008
  0.60730091E+000  0.55483179E-008  0.55483179E-008  0.55483179E-008  0.55483179E-008  0.55483179E-008  0.55483179E-008  0.55483179E-008  0.55483179E-008  0.55483179E-008  0.55483179E-008  0.55483179E-008  0.55483179E-008  0.55483179E-008  0.55483179E-008  0.55483179E-008  0.55483179E-008  0.55483179E-008  0.55483179E-008  0.55483179E-008  0.55483179E-008  0.55483179E-008  0.55483179E-008  0.55483179E-008  0.55483179E-008  0.55483179E-008  0.55483179E-008  0.55483179E-008  0.55483179E-008  0.55483179E-008  0.55483179E-008  0.55483179E-008  0.55483179E-008  0.55483179E-008  0.55483179E-008
  0.60730091E+000  0.55483179E-008  0.55483179E-008  0.55483179E-008  0.55483179E-008  0.55483179E-008  0.55483179E-008  0.55483179E-008  0.55483179E-008  0.55483179E-008  0.55483179E-008  0.55483179E-008  0.55483179E-008  0.55483179E-008  0.55483179E-008  0.55483179E-008  0.55483179E-008  0.55483179E-008  0.55483179E-008  0.55483179E-008  0.55483179E-008  0.55483179E-008  0.55483179E-008  0.55483179E-008  0.55483179E-008  0.55483179E-008  0.55483179E-008  0.55483179E-008  0.55483179E-008  0.55483179E-008  0.55483179E-008  0.55483179E-008  0.55483179E-008  0.55483179E-008  0.55483179E-008
  0.60730091E+000  0.55483179E-008  0.55483179E-008  0.55483179E-008  0.55483179E-008  0.55483179E-008  0.55483179E-008  0.55483179E-008  0.55483179E-008  0.55483179E-008  0.55483179E-008  0.55483179E-008  0.55483179E-008  0.55483179E-008  0.55483179E-008  0.55483179E-008  0.55483179E-008  0.55483179E-008  0.55483179E-008  0.55483179E-008  0.55483179E-008  0.55483179E-008  0.55483179E-008  0.55483179E-008  0.55483179E-008  0.55483179E-008  0.55483179E-008  0.55483179E-008  0.55483179E-008  0.55483179E-008  0.55483179E-008  0.55483179E-008  0.55483179E-008  0.55483179E-008  0.55483179E-008
  0.60730091E+000  0.55483179E-008  0.55483179E-008  0.55483179E-008  0.55483179E-008  0.55483179E-008  0.55483179E-008  0.55483179E-008  0.55483179E-008  0.55483179E-008  0.55483179E-008  0.55483179E-008  0.55483179E-008  0.55483179E-008  0.55483179E-008  0.55483179E-008  0.55483179E-008  0.55483179E-008  0.55483179E-008  0.55483179E-008  0.55483179E-008  0.55483179E-008  0.55483179E-008  0.55483179E-008  0.55483179E-008  0.55483179E-008  0.55483179E-008  0.55483179E-008  0.55483179E-008  0.55483179E-008  0.55483179E-008  0.55483179E-008  0.55483179E-008  0.55483179E-008  0.55483179E-008
  0.60730091E+000  0.55483179E-008  0.55483179E-008  0.55483179E-008  0.55483179E-008  0.55483179E-008  0.55483179E-008  0.55483179E-008  0.55483179E-008  0.55483179E-008  0.55483179E-008  0.55483179E-008  0.55483179E-008  0.55483179E-008  0.55483179E-008  0.55483179E-008  0.55483179E-008  0.55483179E-008  0.55483179E-008  0.55483179E-008  0.55483179E-008  0.55483179E-008  0.55483179E-008  0.55483179E-008  0.55483179E-008  0.55483179E-008  0.55483179E-008  0.55483179E-008  0.55483179E-008  0.55483179E-008  0.55483179E-008  0.55483179E-008  0.55483179E-008  0.55483179E-008  0.55483179E-008
  0.60730091E+000  0.55483179E-008  0.55483179E-008  0.55483179E-008  0.55483179E-008  0.55483179E-008  0.55483179E-008  0.55483179E-008  0.55483179E-008  0.55483179E-008  0.55483179E-008  0.55483179E-008  0.55483179E-008  0.55483179E-008  0.55483179E-008  0.55483179E-008  0.55483179E-008  0.55483179E-008  0.55483179E-008  0.55483179E-008  0.55483179E-008  0.55483179E-008  0.55483179E-008  0.55483179E-008  0.55483179E-008  0.55483179E-008  0.55483179E-008  0.55483179E-008  0.55483179E-008  0.55483179E-008  0.55483179E-008  0.55483179E-008  0.55483179E-008  0.55483179E-008  0.55483179E-008
  0.60730091E+000  0.55483179E-008  0.55483179E-008  0.55483179E-008  0.55483179E-008  0.55483179E-008  0.55483179E-008  0.55483179E-008  0.55483179E-008  0.55483179E-008  0.55483179E-008  0.55483179E-008  0.55483179E-008  0.55483179E-008  0.55483179E-008  0.55483179E-008  0.55483179E-008  0.55483179E-008  0.55483179E-008  0.55483179E-008  0.55483179E-008  0.55483179E-008  0.55483179E-008  0.55483179E-008  0.55483179E-008  0.55483179E-008  0.55483179E-008  0.55483179E-008  0.55483179E-008  0.55483179E-008  0.55483179E-008  0.55483179E-008  0.55483179E-008  0.55483179E-008  0.55483179E-008
  0.60730091E+000  0.55483179E-008  0.55483179E-008  0.55483179E-008  0.55483179E-008  0.55483179E-008  0.55483179E-008  0.55483179E-008  0.55483179E-008  0.55483179E-008  0.55483179E-008  0.55483179E-008  0.55483179E-008  0.55483179E-008  0.55483179E-008  0.55483179E-008  0.55483179E-008  0.55483179E-008  0.55483179E-008  0.55483179E-008  0.55483179E-008  0.55483179E-008  0.55483179E-008  0.55483179E-008  0.55483179E-008  0.55483179E-008  0.55483179E-008  0.55483179E-008  0.55483179E-008  0.55483179E-008  0.55483179E-008  0.55483179E-008  0.55483179E-008  0.55483179E-008  0.55483179E-008
  0.60730091E+000  0.55483179E-008  0.55483179E-008  0.55483179E-008  0.55483179E-008  0.55483179E-008  0.55483179E-008  0.55483179E-008  0.55483179E-008  0.55483179E-008  0.55483179E-008  0.55483179E-008  0.55483179E-008  0.55483179E-008  0.55483179E-008  0.55483179E-008  0.55483179E-008  0.55483179E-008  0.55483179E-008  0.55483179E-008  0.55483179E-008  0.55483179E-008  0.55483179E-008  0.55483179E-008  0.55483179E-008  0.55483179E-008  0.55483179E-008  0.55483179E-008  0.55483179E-008  0.55483179E-008  0.55483179E-008  0.55483179E-008  0.55483179E-008  0.55483179E-008  0.55483179E-008
  0.60730091E+000  0.55483179E-008  0.55483179E-008  0.55483179E-008  0.55483179E-008  0.55483179E-008  0.55483179E-008  0.55483179E-008  0.55483179E-008  0.55483179E-008  0.55483179E-008  0.55483179E-008  0.55483179E-008  0.55483179E-008  0.55483179E-008  0.55483179E-008  0.55483179E-008  0.55483179E-008  0.55483179E-008  0.55483179E-008  0.55483179E-008  0.55483179E-008  0.55483179E-008  0.55483179E-008  0.55483179E-008  0.55483179E-008  0.55483179E-008  0.55483179E-008  0.55483179E-008  0.55483179E-008  0.55483179E-008  0.55483179E-008  0.55483179E-008  0.55483179E-008  0.55483179E-008
  0.60730091E+000  0.55483179E-008  0.55483179E-008  0.55483179E-008  0.55483179E-008  0.55483179E-008  0.55483179E-008  0.55483179E-008  0.55483179E-008  0.55483179E-008  0.55483179E-008  0.55483179E-008  0.55483179E-008  0.55483179E-008  0.55483179E-008  0.55483179E-008  0.55483179E-008  0.55483179E-008  0.55483179E-008  0.55483179E-008  0.55483179E-008  0.55483179E-008  0.55483179E-008  0.55483179E-008  0.55483179E-008  0.55483179E-008  0.55483179E-008  0.55483179E-008  0.55483179E-008  0.55483179E-008  0.55483179E-008  0.55483179E-008  0.55483179E-008  0.55483179E-008  0.55483179E-008
  0.60730091E+000  0.55483179E-008  0.55483179E-008  0.55483179E-008  0.55483179E-008  0.55483179E-008  0.55483179E-008  0.55483179E-008  0.55483179E-008  0.55483179E-008  0.55483179E-008  0.55483179E-008  0.55483179E-008  0.55483179E-008  0.55483179E-008  0.55483179E-008  0.55483179E-008  0.55483179E-008  0.55483179E-008  0.55483179E-008  0.55483179E-008  0.55483179E-008  0.55483179E-008  0.55483179E-008  0.55483179E-008  0.55483179E-008  0.55483179E-008  0.55483179E-008  0.55483179E-008  0.55483179E-008  0.55483179E-008  0.55483179E-008  0.55483179E-008  0.55483179E-008  0.55483179E-008
  0.60730091E+000  0.55483179E-008  0.55483179E-008  0.55483179E-008  0.55483179E-008  0.55483179E-008  0.55483179E-008  0.55483179E-008  0.55483179E-008  0.55483179E-008  0.55483179E-008  0.55483179E-008  0.55483179E-008  0.55483179E-008  0.55483179E-008  0.55483179E-008  0.55483179E-008  0.55483179E-008  0.55483179E-008  0.55483179E-008  0.55483179E-008  0.55483179E-008  0.55483179E-008  0.55483179E-008  0.55483179E-008  0.55483179E-008  0.55483179E-008  0.55483179E-008  0.55483179E-008  0.55483179E-008  0.55483179E-008  0.55483179E-008  0.55483179E-008  0.55483179E-008  0.55483179E-008
