  0.61078036E+000  0.63109462E-008  0.63109462E-008  0.63109462E-008  0.63109462E-008  0.63109462E-008  0.63109462E-008  0.63109462E-008  0.63109462E-008  0.63109462E-008  0.63109462E-008  0.63109462E-008  0.63109462E-008  0.63109462E-008  0.63109462E-008  0.63109462E-008  0.63109462E-008  0.63109462E-008  0.63109462E-008  0.63109462E-008  0.63109462E-008  0.63109462E-008  0.63109462E-008  0.63109462E-008  0.63109462E-008  0.63109462E-008  0.63109462E-008  0.63109462E-008  0.63109462E-008  0.63109462E-008  0.63109462E-008  0.63109462E-008  0.63109462E-008  0.63109462E-008  0.63109462E-008
  0.61078036E+000  0.63109462E-008  0.63109462E-008  0.63109462E-008  0.63109462E-008  0.63109462E-008  0.63109462E-008  0.63109462E-008  0.63109462E-008  0.63109462E-008  0.63109462E-008  0.63109462E-008  0.63109462E-008  0.63109462E-008  0.63109462E-008  0.63109462E-008  0.63109462E-008  0.63109462E-008  0.63109462E-008  0.63109462E-008  0.63109462E-008  0.63109462E-008  0.63109462E-008  0.63109462E-008  0.63109462E-008  0.63109462E-008  0.63109462E-008  0.63109462E-008  0.63109462E-008  0.63109462E-008  0.63109462E-008  0.63109462E-008  0.63109462E-008  0.63109462E-008  0.63109462E-008
  0.61078036E+000  0.63109462E-008  0.63109462E-008  0.63109462E-008  0.63109462E-008  0.63109462E-008  0.63109462E-008  0.63109462E-008  0.63109462E-008  0.63109462E-008  0.63109462E-008  0.63109462E-008  0.63109462E-008  0.63109462E-008  0.63109462E-008  0.63109462E-008  0.63109462E-008  0.63109462E-008  0.63109462E-008  0.63109462E-008  0.63109462E-008  0.63109462E-008  0.63109462E-008  0.63109462E-008  0.63109462E-008  0.63109462E-008  0.63109462E-008  0.63109462E-008  0.63109462E-008  0.63109462E-008  0.63109462E-008  0.63109462E-008  0.63109462E-008  0.63109462E-008  0.63109462E-008
  0.61078036E+000  0.63109462E-008  0.63109462E-008  0.63109462E-008  0.63109462E-008  0.63109462E-008  0.63109462E-008  0.63109462E-008  0.63109462E-008  0.63109462E-008  0.63109462E-008  0.63109462E-008  0.63109462E-008  0.63109462E-008  0.63109462E-008  0.63109462E-008  0.63109462E-008  0.63109462E-008  0.63109462E-008  0.63109462E-008  0.63109462E-008  0.63109462E-008  0.63109462E-008  0.63109462E-008  0.63109462E-008  0.63109462E-008  0.63109462E-008  0.63109462E-008  0.63109462E-008  0.63109462E-008  0.63109462E-008  0.63109462E-008  0.63109462E-008  0.63109462E-008  0.63109462E-008
  0.61078036E+000  0.63109462E-008  0.63109462E-008  0.63109462E-008  0.63109462E-008  0.63109462E-008  0.63109462E-008  0.63109462E-008  0.63109462E-008  0.63109462E-008  0.63109462E-008  0.63109462E-008  0.63109462E-008  0.63109462E-008  0.63109462E-008  0.63109462E-008  0.63109462E-008  0.63109462E-008  0.63109462E-008  0.63109462E-008  0.63109462E-008  0.63109462E-008  0.63109462E-008  0.63109462E-008  0.63109462E-008  0.63109462E-008  0.63109462E-008  0.63109462E-008  0.63109462E-008  0.63109462E-008  0.63109462E-008  0.63109462E-008  0.63109462E-008  0.63109462E-008  0.63109462E-008
  0.61078036E+000  0.63109462E-008  0.63109462E-008  0.63109462E-008  0.63109462E-008  0.63109462E-008  0.63109462E-008  0.63109462E-008  0.63109462E-008  0.63109462E-008  0.63109462E-008  0.63109462E-008  0.63109462E-008  0.63109462E-008  0.63109462E-008  0.63109462E-008  0.63109462E-008  0.63109462E-008  0.63109462E-008  0.63109462E-008  0.63109462E-008  0.63109462E-008  0.63109462E-008  0.63109462E-008  0.63109462E-008  0.63109462E-008  0.63109462E-008  0.63109462E-008  0.63109462E-008  0.63109462E-008  0.63109462E-008  0.63109462E-008  0.63109462E-008  0.63109462E-008  0.63109462E-008
  0.61078036E+000  0.63109462E-008  0.63109462E-008  0.63109462E-008  0.63109462E-008  0.63109462E-008  0.63109462E-008  0.63109462E-008  0.63109462E-008  0.63109462E-008  0.63109462E-008  0.63109462E-008  0.63109462E-008  0.63109462E-008  0.63109462E-008  0.63109462E-008  0.63109462E-008  0.63109462E-008  0.63109462E-008  0.63109462E-008  0.63109462E-008  0.63109462E-008  0.63109462E-008  0.63109462E-008  0.63109462E-008  0.63109462E-008  0.63109462E-008  0.63109462E-008  0.63109462E-008  0.63109462E-008  0.63109462E-008  0.63109462E-008  0.63109462E-008  0.63109462E-008  0.63109462E-008
  0.61078036E+000  0.63109462E-008  0.63109462E-008  0.63109462E-008  0.63109462E-008  0.63109462E-008  0.63109462E-008  0.63109462E-008  0.63109462E-008  0.63109462E-008  0.63109462E-008  0.63109462E-008  0.63109462E-008  0.63109462E-008  0.63109462E-008  0.63109462E-008  0.63109462E-008  0.63109462E-008  0.63109462E-008  0.63109462E-008  0.63109462E-008  0.63109462E-008  0.63109462E-008  0.63109462E-008  0.63109462E-008  0.63109462E-008  0.63109462E-008  0.63109462E-008  0.63109462E-008  0.63109462E-008  0.63109462E-008  0.63109462E-008  0.63109462E-008  0.63109462E-008  0.63109462E-008
  0.61078036E+000  0.63109462E-008  0.63109462E-008  0.63109462E-008  0.63109462E-008  0.63109462E-008  0.63109462E-008  0.63109462E-008  0.63109462E-008  0.63109462E-008  0.63109462E-008  0.63109462E-008  0.63109462E-008  0.63109462E-008  0.63109462E-008  0.63109462E-008  0.63109462E-008  0.63109462E-008  0.63109462E-008  0.63109462E-008  0.63109462E-008  0.63109462E-008  0.63109462E-008  0.63109462E-008  0.63109462E-008  0.63109462E-008  0.63109462E-008  0.63109462E-008  0.63109462E-008  0.63109462E-008  0.63109462E-008  0.63109462E-008  0.63109462E-008  0.63109462E-008  0.63109462E-008
  0.61078036E+000  0.63109462E-008  0.63109462E-008  0.63109462E-008  0.63109462E-008  0.63109462E-008  0.63109462E-008  0.63109462E-008  0.63109462E-008  0.63109462E-008  0.63109462E-008  0.63109462E-008  0.63109462E-008  0.63109462E-008  0.63109462E-008  0.63109462E-008  0.63109462E-008  0.63109462E-008  0.63109462E-008  0.63109462E-008  0.63109462E-008  0.63109462E-008  0.63109462E-008  0.63109462E-008  0.63109462E-008  0.63109462E-008  0.63109462E-008  0.63109462E-008  0.63109462E-008  0.63109462E-008  0.63109462E-008  0.63109462E-008  0.63109462E-008  0.63109462E-008  0.63109462E-008
  0.61078036E+000  0.63109462E-008  0.63109462E-008  0.63109462E-008  0.63109462E-008  0.63109462E-008  0.63109462E-008  0.63109462E-008  0.63109462E-008  0.63109462E-008  0.63109462E-008  0.63109462E-008  0.63109462E-008  0.63109462E-008  0.63109462E-008  0.63109462E-008  0.63109462E-008  0.63109462E-008  0.63109462E-008  0.63109462E-008  0.63109462E-008  0.63109462E-008  0.63109462E-008  0.63109462E-008  0.63109462E-008  0.63109462E-008  0.63109462E-008  0.63109462E-008  0.63109462E-008  0.63109462E-008  0.63109462E-008  0.63109462E-008  0.63109462E-008  0.63109462E-008  0.63109462E-008
  0.61078036E+000  0.63109462E-008  0.63109462E-008  0.63109462E-008  0.63109462E-008  0.63109462E-008  0.63109462E-008  0.63109462E-008  0.63109462E-008  0.63109462E-008  0.63109462E-008  0.63109462E-008  0.63109462E-008  0.63109462E-008  0.63109462E-008  0.63109462E-008  0.63109462E-008  0.63109462E-008  0.63109462E-008  0.63109462E-008  0.63109462E-008  0.63109462E-008  0.63109462E-008  0.63109462E-008  0.63109462E-008  0.63109462E-008  0.63109462E-008  0.63109462E-008  0.63109462E-008  0.63109462E-008  0.63109462E-008  0.63109462E-008  0.63109462E-008  0.63109462E-008  0.63109462E-008
  0.61078036E+000  0.63109462E-008  0.63109462E-008  0.63109462E-008  0.63109462E-008  0.63109462E-008  0.63109462E-008  0.63109462E-008  0.63109462E-008  0.63109462E-008  0.63109462E-008  0.63109462E-008  0.63109462E-008  0.63109462E-008  0.63109462E-008  0.63109462E-008  0.63109462E-008  0.63109462E-008  0.63109462E-008  0.63109462E-008  0.63109462E-008  0.63109462E-008  0.63109462E-008  0.63109462E-008  0.63109462E-008  0.63109462E-008  0.63109462E-008  0.63109462E-008  0.63109462E-008  0.63109462E-008  0.63109462E-008  0.63109462E-008  0.63109462E-008  0.63109462E-008  0.63109462E-008
  0.61078036E+000  0.63109462E-008  0.63109462E-008  0.63109462E-008  0.63109462E-008  0.63109462E-008  0.63109462E-008  0.63109462E-008  0.63109462E-008  0.63109462E-008  0.63109462E-008  0.63109462E-008  0.63109462E-008  0.63109462E-008  0.63109462E-008  0.63109462E-008  0.63109462E-008  0.63109462E-008  0.63109462E-008  0.63109462E-008  0.63109462E-008  0.63109462E-008  0.63109462E-008  0.63109462E-008  0.63109462E-008  0.63109462E-008  0.63109462E-008  0.63109462E-008  0.63109462E-008  0.63109462E-008  0.63109462E-008  0.63109462E-008  0.63109462E-008  0.63109462E-008  0.63109462E-008
  0.61078036E+000  0.63109462E-008  0.63109462E-008  0.63109462E-008  0.63109462E-008  0.63109462E-008  0.63109462E-008  0.63109462E-008  0.63109462E-008  0.63109462E-008  0.63109462E-008  0.63109462E-008  0.63109462E-008  0.63109462E-008  0.63109462E-008  0.63109462E-008  0.63109462E-008  0.63109462E-008  0.63109462E-008  0.63109462E-008  0.63109462E-008  0.63109462E-008  0.63109462E-008  0.63109462E-008  0.63109462E-008  0.63109462E-008  0.63109462E-008  0.63109462E-008  0.63109462E-008  0.63109462E-008  0.63109462E-008  0.63109462E-008  0.63109462E-008  0.63109462E-008  0.63109462E-008
  0.61078036E+000  0.63109462E-008  0.63109462E-008  0.63109462E-008  0.63109462E-008  0.63109462E-008  0.63109462E-008  0.63109462E-008  0.63109462E-008  0.63109462E-008  0.63109462E-008  0.63109462E-008  0.63109462E-008  0.63109462E-008  0.63109462E-008  0.63109462E-008  0.63109462E-008  0.63109462E-008  0.63109462E-008  0.63109462E-008  0.63109462E-008  0.63109462E-008  0.63109462E-008  0.63109462E-008  0.63109462E-008  0.63109462E-008  0.63109462E-008  0.63109462E-008  0.63109462E-008  0.63109462E-008  0.63109462E-008  0.63109462E-008  0.63109462E-008  0.63109462E-008  0.63109462E-008
  0.61078036E+000  0.63109462E-008  0.63109462E-008  0.63109462E-008  0.63109462E-008  0.63109462E-008  0.63109462E-008  0.63109462E-008  0.63109462E-008  0.63109462E-008  0.63109462E-008  0.63109462E-008  0.63109462E-008  0.63109462E-008  0.63109462E-008  0.63109462E-008  0.63109462E-008  0.63109462E-008  0.63109462E-008  0.63109462E-008  0.63109462E-008  0.63109462E-008  0.63109462E-008  0.63109462E-008  0.63109462E-008  0.63109462E-008  0.63109462E-008  0.63109462E-008  0.63109462E-008  0.63109462E-008  0.63109462E-008  0.63109462E-008  0.63109462E-008  0.63109462E-008  0.63109462E-008
  0.61078036E+000  0.63109462E-008  0.63109462E-008  0.63109462E-008  0.63109462E-008  0.63109462E-008  0.63109462E-008  0.63109462E-008  0.63109462E-008  0.63109462E-008  0.63109462E-008  0.63109462E-008  0.63109462E-008  0.63109462E-008  0.63109462E-008  0.63109462E-008  0.63109462E-008  0.63109462E-008  0.63109462E-008  0.63109462E-008  0.63109462E-008  0.63109462E-008  0.63109462E-008  0.63109462E-008  0.63109462E-008  0.63109462E-008  0.63109462E-008  0.63109462E-008  0.63109462E-008  0.63109462E-008  0.63109462E-008  0.63109462E-008  0.63109462E-008  0.63109462E-008  0.63109462E-008
  0.61078036E+000  0.63109462E-008  0.63109462E-008  0.63109462E-008  0.63109462E-008  0.63109462E-008  0.63109462E-008  0.63109462E-008  0.63109462E-008  0.63109462E-008  0.63109462E-008  0.63109462E-008  0.63109462E-008  0.63109462E-008  0.63109462E-008  0.63109462E-008  0.63109462E-008  0.63109462E-008  0.63109462E-008  0.63109462E-008  0.63109462E-008  0.63109462E-008  0.63109462E-008  0.63109462E-008  0.63109462E-008  0.63109462E-008  0.63109462E-008  0.63109462E-008  0.63109462E-008  0.63109462E-008  0.63109462E-008  0.63109462E-008  0.63109462E-008  0.63109462E-008  0.63109462E-008
  0.61078036E+000  0.63109462E-008  0.63109462E-008  0.63109462E-008  0.63109462E-008  0.63109462E-008  0.63109462E-008  0.63109462E-008  0.63109462E-008  0.63109462E-008  0.63109462E-008  0.63109462E-008  0.63109462E-008  0.63109462E-008  0.63109462E-008  0.63109462E-008  0.63109462E-008  0.63109462E-008  0.63109462E-008  0.63109462E-008  0.63109462E-008  0.63109462E-008  0.63109462E-008  0.63109462E-008  0.63109462E-008  0.63109462E-008  0.63109462E-008  0.63109462E-008  0.63109462E-008  0.63109462E-008  0.63109462E-008  0.63109462E-008  0.63109462E-008  0.63109462E-008  0.63109462E-008
  0.10000000E+001  0.10000000E+001  0.10000000E+001  0.10000000E+001  0.10000000E+001  0.10000000E+001  0.10000000E+001  0.10000000E+001  0.10000000E+001  0.10000000E+001  0.60265326E+000  0.63109462E-008  0.63109462E-008  0.63109462E-008  0.63109462E-008  0.63109462E-008  0.63109462E-008  0.63109462E-008  0.63109462E-008  0.63109462E-008  0.63109462E-008  0.63109462E-008  0.63109462E-008  0.63109462E-008  0.63109462E-008  0.63109462E-008  0.63109462E-008  0.63109462E-008  0.63109462E-008  0.63109462E-008  0.63109462E-008  0.63109462E-008  0.63109462E-008  0.63109462E-008  0.63109462E-008
  0.61078036E+000  0.63109462E-008  0.63109462E-008  0.63109462E-008  0.63109462E-008  0.63109462E-008  0.63109462E-008  0.63109462E-008  0.63109462E-008  0.63109462E-008  0.63109462E-008  0.63109462E-008  0.63109462E-008  0.63109462E-008  0.63109462E-008  0.63109462E-008  0.63109462E-008  0.63109462E-008  0.63109462E-008  0.63109462E-008  0.63109462E-008  0.63109462E-008  0.63109462E-008  0.63109462E-008  0.63109462E-008  0.63109462E-008  0.63109462E-008  0.63109462E-008  0.63109462E-008  0.63109462E-008  0.63109462E-008  0.63109462E-008  0.63109462E-008  0.63109462E-008  0.63109462E-008
  0.61078036E+000  0.10000000E+001  0.10000000E+001  0.10000000E+001  0.10000000E+001  0.10000000E+001  0.10000000E+001  0.10000000E+001  0.10000000E+001  0.10000000E+001  0.10000000E+001  0.10000000E+001  0.10000000E+001  0.10000000E+001  0.10000000E+001  0.10000000E+001  0.10000000E+001  0.10000000E+001  0.10000000E+001  0.10000000E+001  0.10000000E+001  0.10000000E+001  0.10000000E+001  0.10000000E+001  0.10000000E+001  0.10000000E+001  0.10000000E+001  0.10000000E+001  0.10000000E+001  0.10000000E+001  0.10000000E+001  0.10000000E+001  0.10000000E+001  0.10000000E+001  0.48460501E+000
  0.10000000E+001  0.10000000E+001  0.10000000E+001  0.10000000E+001  0.10000000E+001  0.60670190E+000  0.63109462E-008  0.63109462E-008  0.63109462E-008  0.63109462E-008  0.63109462E-008  0.63109462E-008  0.63109462E-008  0.63109462E-008  0.63109462E-008  0.63109462E-008  0.63109462E-008  0.63109462E-008  0.63109462E-008  0.63109462E-008  0.63109462E-008  0.63109462E-008  0.63109462E-008  0.63109462E-008  0.63109462E-008  0.63109462E-008  0.63109462E-008  0.63109462E-008  0.63109462E-008  0.63109462E-008  0.63109462E-008  0.63109462E-008  0.63109462E-008  0.63109462E-008  0.63109462E-008
  0.10000000E+001  0.10000000E+001  0.10000000E+001  0.10000000E+001  0.10000000E+001  0.60670190E+000  0.63109462E-008  0.63109462E-008  0.63109462E-008  0.10000000E+001  0.10000000E+001  0.60263801E+000  0.63109462E-008  0.63109462E-008  0.63109462E-008  0.10000000E+001  0.10000000E+001  0.59870604E+000  0.63109462E-008  0.63109462E-008  0.63109462E-008  0.63109462E-008  0.63109462E-008  0.63109462E-008  0.63109462E-008  0.63109462E-008  0.10000000E+001  0.55492679E+000  0.10000000E+001  0.53821615E+000  0.63109462E-008  0.63109462E-008  0.10000000E+001  0.49657615E+000  0.63109462E-008
