  0.59868464E+000  0.42595978E-008  0.42595978E-008  0.42595978E-008  0.42595978E-008  0.42595978E-008  0.42595978E-008  0.42595978E-008  0.42595978E-008  0.42595978E-008  0.42595978E-008  0.42595978E-008  0.42595978E-008  0.42595978E-008  0.42595978E-008  0.42595978E-008  0.42595978E-008  0.42595978E-008  0.42595978E-008  0.42595978E-008  0.42595978E-008  0.42595978E-008  0.42595978E-008  0.42595978E-008  0.42595978E-008  0.42595978E-008  0.42595978E-008  0.42595978E-008  0.42595978E-008  0.42595978E-008  0.42595978E-008  0.42595978E-008  0.42595978E-008  0.42595978E-008  0.42595978E-008
  0.59868464E+000  0.42595978E-008  0.42595978E-008  0.42595978E-008  0.42595978E-008  0.42595978E-008  0.42595978E-008  0.42595978E-008  0.42595978E-008  0.42595978E-008  0.42595978E-008  0.42595978E-008  0.42595978E-008  0.42595978E-008  0.42595978E-008  0.42595978E-008  0.42595978E-008  0.42595978E-008  0.42595978E-008  0.42595978E-008  0.42595978E-008  0.42595978E-008  0.42595978E-008  0.42595978E-008  0.42595978E-008  0.42595978E-008  0.42595978E-008  0.42595978E-008  0.42595978E-008  0.42595978E-008  0.42595978E-008  0.42595978E-008  0.42595978E-008  0.42595978E-008  0.42595978E-008
  0.59868464E+000  0.42595978E-008  0.42595978E-008  0.42595978E-008  0.42595978E-008  0.42595978E-008  0.42595978E-008  0.42595978E-008  0.42595978E-008  0.42595978E-008  0.42595978E-008  0.42595978E-008  0.42595978E-008  0.42595978E-008  0.42595978E-008  0.42595978E-008  0.42595978E-008  0.42595978E-008  0.42595978E-008  0.42595978E-008  0.42595978E-008  0.42595978E-008  0.42595978E-008  0.42595978E-008  0.42595978E-008  0.42595978E-008  0.42595978E-008  0.42595978E-008  0.42595978E-008  0.42595978E-008  0.42595978E-008  0.42595978E-008  0.42595978E-008  0.42595978E-008  0.42595978E-008
  0.59868464E+000  0.42595978E-008  0.42595978E-008  0.42595978E-008  0.42595978E-008  0.42595978E-008  0.42595978E-008  0.42595978E-008  0.42595978E-008  0.42595978E-008  0.42595978E-008  0.42595978E-008  0.42595978E-008  0.42595978E-008  0.42595978E-008  0.42595978E-008  0.42595978E-008  0.42595978E-008  0.42595978E-008  0.42595978E-008  0.42595978E-008  0.42595978E-008  0.42595978E-008  0.42595978E-008  0.42595978E-008  0.42595978E-008  0.42595978E-008  0.42595978E-008  0.42595978E-008  0.42595978E-008  0.42595978E-008  0.42595978E-008  0.42595978E-008  0.42595978E-008  0.42595978E-008
  0.59868464E+000  0.42595978E-008  0.42595978E-008  0.42595978E-008  0.42595978E-008  0.42595978E-008  0.42595978E-008  0.42595978E-008  0.42595978E-008  0.42595978E-008  0.42595978E-008  0.42595978E-008  0.42595978E-008  0.42595978E-008  0.42595978E-008  0.42595978E-008  0.42595978E-008  0.42595978E-008  0.42595978E-008  0.42595978E-008  0.42595978E-008  0.42595978E-008  0.42595978E-008  0.42595978E-008  0.42595978E-008  0.42595978E-008  0.42595978E-008  0.42595978E-008  0.42595978E-008  0.42595978E-008  0.42595978E-008  0.42595978E-008  0.42595978E-008  0.42595978E-008  0.42595978E-008
  0.59868464E+000  0.42595978E-008  0.42595978E-008  0.42595978E-008  0.42595978E-008  0.42595978E-008  0.42595978E-008  0.42595978E-008  0.42595978E-008  0.42595978E-008  0.42595978E-008  0.42595978E-008  0.42595978E-008  0.42595978E-008  0.42595978E-008  0.42595978E-008  0.42595978E-008  0.42595978E-008  0.42595978E-008  0.42595978E-008  0.42595978E-008  0.42595978E-008  0.42595978E-008  0.42595978E-008  0.42595978E-008  0.42595978E-008  0.42595978E-008  0.42595978E-008  0.42595978E-008  0.42595978E-008  0.42595978E-008  0.42595978E-008  0.42595978E-008  0.42595978E-008  0.42595978E-008
  0.59868464E+000  0.42595978E-008  0.42595978E-008  0.42595978E-008  0.42595978E-008  0.42595978E-008  0.42595978E-008  0.42595978E-008  0.42595978E-008  0.42595978E-008  0.42595978E-008  0.42595978E-008  0.42595978E-008  0.42595978E-008  0.42595978E-008  0.42595978E-008  0.42595978E-008  0.42595978E-008  0.42595978E-008  0.42595978E-008  0.42595978E-008  0.42595978E-008  0.42595978E-008  0.42595978E-008  0.42595978E-008  0.42595978E-008  0.42595978E-008  0.42595978E-008  0.42595978E-008  0.42595978E-008  0.42595978E-008  0.42595978E-008  0.42595978E-008  0.42595978E-008  0.42595978E-008
  0.59868464E+000  0.42595978E-008  0.42595978E-008  0.42595978E-008  0.42595978E-008  0.42595978E-008  0.42595978E-008  0.42595978E-008  0.42595978E-008  0.42595978E-008  0.42595978E-008  0.42595978E-008  0.42595978E-008  0.42595978E-008  0.42595978E-008  0.42595978E-008  0.42595978E-008  0.42595978E-008  0.42595978E-008  0.42595978E-008  0.42595978E-008  0.42595978E-008  0.42595978E-008  0.42595978E-008  0.42595978E-008  0.42595978E-008  0.42595978E-008  0.42595978E-008  0.42595978E-008  0.42595978E-008  0.42595978E-008  0.42595978E-008  0.42595978E-008  0.42595978E-008  0.42595978E-008
  0.59868464E+000  0.42595978E-008  0.42595978E-008  0.42595978E-008  0.42595978E-008  0.42595978E-008  0.42595978E-008  0.42595978E-008  0.42595978E-008  0.42595978E-008  0.42595978E-008  0.42595978E-008  0.42595978E-008  0.42595978E-008  0.42595978E-008  0.42595978E-008  0.42595978E-008  0.42595978E-008  0.42595978E-008  0.42595978E-008  0.42595978E-008  0.42595978E-008  0.42595978E-008  0.42595978E-008  0.42595978E-008  0.42595978E-008  0.42595978E-008  0.42595978E-008  0.42595978E-008  0.42595978E-008  0.42595978E-008  0.42595978E-008  0.42595978E-008  0.42595978E-008  0.42595978E-008
  0.59868464E+000  0.42595978E-008  0.42595978E-008  0.42595978E-008  0.42595978E-008  0.42595978E-008  0.42595978E-008  0.42595978E-008  0.42595978E-008  0.42595978E-008  0.42595978E-008  0.42595978E-008  0.42595978E-008  0.42595978E-008  0.42595978E-008  0.42595978E-008  0.42595978E-008  0.42595978E-008  0.42595978E-008  0.42595978E-008  0.42595978E-008  0.42595978E-008  0.42595978E-008  0.42595978E-008  0.42595978E-008  0.42595978E-008  0.42595978E-008  0.42595978E-008  0.42595978E-008  0.42595978E-008  0.42595978E-008  0.42595978E-008  0.42595978E-008  0.42595978E-008  0.42595978E-008
  0.59868464E+000  0.42595978E-008  0.42595978E-008  0.42595978E-008  0.42595978E-008  0.42595978E-008  0.42595978E-008  0.42595978E-008  0.42595978E-008  0.42595978E-008  0.42595978E-008  0.42595978E-008  0.42595978E-008  0.42595978E-008  0.42595978E-008  0.42595978E-008  0.42595978E-008  0.42595978E-008  0.42595978E-008  0.42595978E-008  0.42595978E-008  0.42595978E-008  0.42595978E-008  0.42595978E-008  0.42595978E-008  0.42595978E-008  0.42595978E-008  0.42595978E-008  0.42595978E-008  0.42595978E-008  0.42595978E-008  0.42595978E-008  0.42595978E-008  0.42595978E-008  0.42595978E-008
  0.59868464E+000  0.42595978E-008  0.42595978E-008  0.42595978E-008  0.42595978E-008  0.42595978E-008  0.42595978E-008  0.42595978E-008  0.42595978E-008  0.42595978E-008  0.42595978E-008  0.42595978E-008  0.42595978E-008  0.42595978E-008  0.42595978E-008  0.42595978E-008  0.42595978E-008  0.42595978E-008  0.42595978E-008  0.42595978E-008  0.42595978E-008  0.42595978E-008  0.42595978E-008  0.42595978E-008  0.42595978E-008  0.42595978E-008  0.42595978E-008  0.42595978E-008  0.42595978E-008  0.42595978E-008  0.42595978E-008  0.42595978E-008  0.42595978E-008  0.42595978E-008  0.42595978E-008
  0.59868464E+000  0.42595978E-008  0.42595978E-008  0.42595978E-008  0.42595978E-008  0.42595978E-008  0.42595978E-008  0.42595978E-008  0.42595978E-008  0.42595978E-008  0.42595978E-008  0.42595978E-008  0.42595978E-008  0.42595978E-008  0.42595978E-008  0.42595978E-008  0.42595978E-008  0.42595978E-008  0.42595978E-008  0.42595978E-008  0.42595978E-008  0.42595978E-008  0.42595978E-008  0.42595978E-008  0.42595978E-008  0.42595978E-008  0.42595978E-008  0.42595978E-008  0.42595978E-008  0.42595978E-008  0.42595978E-008  0.42595978E-008  0.42595978E-008  0.42595978E-008  0.42595978E-008
  0.59868464E+000  0.42595978E-008  0.42595978E-008  0.42595978E-008  0.42595978E-008  0.42595978E-008  0.42595978E-008  0.42595978E-008  0.42595978E-008  0.42595978E-008  0.42595978E-008  0.42595978E-008  0.42595978E-008  0.42595978E-008  0.42595978E-008  0.42595978E-008  0.42595978E-008  0.42595978E-008  0.42595978E-008  0.42595978E-008  0.42595978E-008  0.42595978E-008  0.42595978E-008  0.42595978E-008  0.42595978E-008  0.42595978E-008  0.42595978E-008  0.42595978E-008  0.42595978E-008  0.42595978E-008  0.42595978E-008  0.42595978E-008  0.42595978E-008  0.42595978E-008  0.42595978E-008
  0.59868464E+000  0.42595978E-008  0.42595978E-008  0.42595978E-008  0.42595978E-008  0.42595978E-008  0.42595978E-008  0.42595978E-008  0.42595978E-008  0.42595978E-008  0.42595978E-008  0.42595978E-008  0.42595978E-008  0.42595978E-008  0.42595978E-008  0.42595978E-008  0.42595978E-008  0.42595978E-008  0.42595978E-008  0.42595978E-008  0.42595978E-008  0.42595978E-008  0.42595978E-008  0.42595978E-008  0.42595978E-008  0.42595978E-008  0.42595978E-008  0.42595978E-008  0.42595978E-008  0.42595978E-008  0.42595978E-008  0.42595978E-008  0.42595978E-008  0.42595978E-008  0.42595978E-008
  0.59868464E+000  0.42595978E-008  0.42595978E-008  0.42595978E-008  0.42595978E-008  0.42595978E-008  0.42595978E-008  0.42595978E-008  0.42595978E-008  0.42595978E-008  0.42595978E-008  0.42595978E-008  0.42595978E-008  0.42595978E-008  0.42595978E-008  0.42595978E-008  0.42595978E-008  0.42595978E-008  0.42595978E-008  0.42595978E-008  0.42595978E-008  0.42595978E-008  0.42595978E-008  0.42595978E-008  0.42595978E-008  0.42595978E-008  0.42595978E-008  0.42595978E-008  0.42595978E-008  0.42595978E-008  0.42595978E-008  0.42595978E-008  0.42595978E-008  0.42595978E-008  0.42595978E-008
  0.59868464E+000  0.42595978E-008  0.42595978E-008  0.42595978E-008  0.42595978E-008  0.42595978E-008  0.42595978E-008  0.42595978E-008  0.42595978E-008  0.42595978E-008  0.42595978E-008  0.42595978E-008  0.42595978E-008  0.42595978E-008  0.42595978E-008  0.42595978E-008  0.42595978E-008  0.42595978E-008  0.42595978E-008  0.42595978E-008  0.42595978E-008  0.42595978E-008  0.42595978E-008  0.42595978E-008  0.42595978E-008  0.42595978E-008  0.42595978E-008  0.42595978E-008  0.42595978E-008  0.42595978E-008  0.42595978E-008  0.42595978E-008  0.42595978E-008  0.42595978E-008  0.42595978E-008
  0.59868464E+000  0.42595978E-008  0.42595978E-008  0.42595978E-008  0.42595978E-008  0.42595978E-008  0.42595978E-008  0.42595978E-008  0.42595978E-008  0.42595978E-008  0.42595978E-008  0.42595978E-008  0.42595978E-008  0.42595978E-008  0.42595978E-008  0.42595978E-008  0.42595978E-008  0.42595978E-008  0.42595978E-008  0.42595978E-008  0.42595978E-008  0.42595978E-008  0.42595978E-008  0.42595978E-008  0.42595978E-008  0.42595978E-008  0.42595978E-008  0.42595978E-008  0.42595978E-008  0.42595978E-008  0.42595978E-008  0.42595978E-008  0.42595978E-008  0.42595978E-008  0.42595978E-008
  0.59868464E+000  0.42595978E-008  0.42595978E-008  0.42595978E-008  0.42595978E-008  0.42595978E-008  0.42595978E-008  0.42595978E-008  0.42595978E-008  0.42595978E-008  0.42595978E-008  0.42595978E-008  0.42595978E-008  0.42595978E-008  0.42595978E-008  0.42595978E-008  0.42595978E-008  0.42595978E-008  0.42595978E-008  0.42595978E-008  0.42595978E-008  0.42595978E-008  0.42595978E-008  0.42595978E-008  0.42595978E-008  0.42595978E-008  0.42595978E-008  0.42595978E-008  0.42595978E-008  0.42595978E-008  0.42595978E-008  0.42595978E-008  0.42595978E-008  0.42595978E-008  0.42595978E-008
  0.59868464E+000  0.42595978E-008  0.42595978E-008  0.42595978E-008  0.42595978E-008  0.42595978E-008  0.42595978E-008  0.42595978E-008  0.42595978E-008  0.42595978E-008  0.42595978E-008  0.42595978E-008  0.42595978E-008  0.42595978E-008  0.42595978E-008  0.42595978E-008  0.42595978E-008  0.42595978E-008  0.42595978E-008  0.42595978E-008  0.42595978E-008  0.42595978E-008  0.42595978E-008  0.42595978E-008  0.42595978E-008  0.42595978E-008  0.42595978E-008  0.42595978E-008  0.42595978E-008  0.42595978E-008  0.42595978E-008  0.42595978E-008  0.42595978E-008  0.42595978E-008  0.42595978E-008
  0.59868464E+000  0.42595978E-008  0.42595978E-008  0.42595978E-008  0.42595978E-008  0.42595978E-008  0.42595978E-008  0.42595978E-008  0.42595978E-008  0.42595978E-008  0.42595978E-008  0.42595978E-008  0.42595978E-008  0.42595978E-008  0.42595978E-008  0.42595978E-008  0.42595978E-008  0.42595978E-008  0.42595978E-008  0.42595978E-008  0.42595978E-008  0.42595978E-008  0.42595978E-008  0.42595978E-008  0.42595978E-008  0.42595978E-008  0.42595978E-008  0.42595978E-008  0.42595978E-008  0.42595978E-008  0.42595978E-008  0.42595978E-008  0.42595978E-008  0.42595978E-008  0.42595978E-008
  0.59868464E+000  0.42595978E-008  0.42595978E-008  0.42595978E-008  0.42595978E-008  0.42595978E-008  0.42595978E-008  0.42595978E-008  0.42595978E-008  0.42595978E-008  0.42595978E-008  0.42595978E-008  0.42595978E-008  0.42595978E-008  0.42595978E-008  0.42595978E-008  0.42595978E-008  0.42595978E-008  0.42595978E-008  0.42595978E-008  0.42595978E-008  0.42595978E-008  0.42595978E-008  0.42595978E-008  0.42595978E-008  0.42595978E-008  0.42595978E-008  0.42595978E-008  0.42595978E-008  0.42595978E-008  0.42595978E-008  0.42595978E-008  0.42595978E-008  0.42595978E-008  0.42595978E-008
  0.59868464E+000  0.42595978E-008  0.42595978E-008  0.42595978E-008  0.42595978E-008  0.42595978E-008  0.42595978E-008  0.42595978E-008  0.42595978E-008  0.42595978E-008  0.42595978E-008  0.42595978E-008  0.42595978E-008  0.42595978E-008  0.42595978E-008  0.42595978E-008  0.42595978E-008  0.42595978E-008  0.42595978E-008  0.42595978E-008  0.42595978E-008  0.42595978E-008  0.42595978E-008  0.42595978E-008  0.42595978E-008  0.42595978E-008  0.42595978E-008  0.42595978E-008  0.42595978E-008  0.42595978E-008  0.42595978E-008  0.42595978E-008  0.42595978E-008  0.42595978E-008  0.42595978E-008
  0.59868464E+000  0.42595978E-008  0.42595978E-008  0.42595978E-008  0.42595978E-008  0.42595978E-008  0.42595978E-008  0.42595978E-008  0.42595978E-008  0.42595978E-008  0.42595978E-008  0.42595978E-008  0.42595978E-008  0.42595978E-008  0.42595978E-008  0.42595978E-008  0.42595978E-008  0.42595978E-008  0.42595978E-008  0.42595978E-008  0.42595978E-008  0.42595978E-008  0.42595978E-008  0.42595978E-008  0.42595978E-008  0.42595978E-008  0.42595978E-008  0.42595978E-008  0.42595978E-008  0.42595978E-008  0.42595978E-008  0.42595978E-008  0.42595978E-008  0.42595978E-008  0.42595978E-008
  0.59868464E+000  0.42595978E-008  0.42595978E-008  0.42595978E-008  0.42595978E-008  0.42595978E-008  0.42595978E-008  0.42595978E-008  0.42595978E-008  0.42595978E-008  0.42595978E-008  0.42595978E-008  0.42595978E-008  0.42595978E-008  0.42595978E-008  0.42595978E-008  0.42595978E-008  0.42595978E-008  0.42595978E-008  0.42595978E-008  0.42595978E-008  0.42595978E-008  0.42595978E-008  0.42595978E-008  0.42595978E-008  0.42595978E-008  0.42595978E-008  0.42595978E-008  0.42595978E-008  0.42595978E-008  0.42595978E-008  0.42595978E-008  0.42595978E-008  0.42595978E-008  0.42595978E-008
