  0.56304852E+000  0.21274154E-008  0.21274154E-008  0.21274154E-008  0.21274154E-008  0.21274154E-008  0.21274154E-008  0.21274154E-008  0.21274154E-008  0.21274154E-008  0.21274154E-008  0.21274154E-008  0.21274154E-008  0.21274154E-008  0.21274154E-008  0.21274154E-008  0.21274154E-008  0.21274154E-008  0.21274154E-008  0.21274154E-008  0.21274154E-008  0.21274154E-008  0.21274154E-008  0.21274154E-008  0.21274154E-008  0.21274154E-008  0.21274154E-008  0.21274154E-008  0.21274154E-008  0.21274154E-008  0.21274154E-008  0.21274154E-008  0.21274154E-008  0.21274154E-008  0.21274154E-008
  0.56304852E+000  0.21274154E-008  0.21274154E-008  0.21274154E-008  0.21274154E-008  0.21274154E-008  0.21274154E-008  0.21274154E-008  0.21274154E-008  0.21274154E-008  0.21274154E-008  0.21274154E-008  0.21274154E-008  0.21274154E-008  0.21274154E-008  0.21274154E-008  0.21274154E-008  0.21274154E-008  0.21274154E-008  0.21274154E-008  0.21274154E-008  0.21274154E-008  0.21274154E-008  0.21274154E-008  0.21274154E-008  0.21274154E-008  0.21274154E-008  0.21274154E-008  0.21274154E-008  0.21274154E-008  0.21274154E-008  0.21274154E-008  0.21274154E-008  0.21274154E-008  0.21274154E-008
  0.56304852E+000  0.21274154E-008  0.21274154E-008  0.21274154E-008  0.21274154E-008  0.21274154E-008  0.21274154E-008  0.21274154E-008  0.21274154E-008  0.21274154E-008  0.21274154E-008  0.21274154E-008  0.21274154E-008  0.21274154E-008  0.21274154E-008  0.21274154E-008  0.21274154E-008  0.21274154E-008  0.21274154E-008  0.21274154E-008  0.21274154E-008  0.21274154E-008  0.21274154E-008  0.21274154E-008  0.21274154E-008  0.21274154E-008  0.21274154E-008  0.21274154E-008  0.21274154E-008  0.21274154E-008  0.21274154E-008  0.21274154E-008  0.21274154E-008  0.21274154E-008  0.21274154E-008
  0.56304852E+000  0.21274154E-008  0.21274154E-008  0.21274154E-008  0.21274154E-008  0.21274154E-008  0.21274154E-008  0.21274154E-008  0.21274154E-008  0.21274154E-008  0.21274154E-008  0.21274154E-008  0.21274154E-008  0.21274154E-008  0.21274154E-008  0.21274154E-008  0.21274154E-008  0.21274154E-008  0.21274154E-008  0.21274154E-008  0.21274154E-008  0.21274154E-008  0.21274154E-008  0.21274154E-008  0.21274154E-008  0.21274154E-008  0.21274154E-008  0.21274154E-008  0.21274154E-008  0.21274154E-008  0.21274154E-008  0.21274154E-008  0.21274154E-008  0.21274154E-008  0.21274154E-008
  0.56304852E+000  0.21274154E-008  0.21274154E-008  0.21274154E-008  0.21274154E-008  0.21274154E-008  0.21274154E-008  0.21274154E-008  0.21274154E-008  0.21274154E-008  0.21274154E-008  0.21274154E-008  0.21274154E-008  0.21274154E-008  0.21274154E-008  0.21274154E-008  0.21274154E-008  0.21274154E-008  0.21274154E-008  0.21274154E-008  0.21274154E-008  0.21274154E-008  0.21274154E-008  0.21274154E-008  0.21274154E-008  0.21274154E-008  0.21274154E-008  0.21274154E-008  0.21274154E-008  0.21274154E-008  0.21274154E-008  0.21274154E-008  0.21274154E-008  0.21274154E-008  0.21274154E-008
  0.56304852E+000  0.21274154E-008  0.21274154E-008  0.21274154E-008  0.21274154E-008  0.21274154E-008  0.21274154E-008  0.21274154E-008  0.21274154E-008  0.21274154E-008  0.21274154E-008  0.21274154E-008  0.21274154E-008  0.21274154E-008  0.21274154E-008  0.21274154E-008  0.21274154E-008  0.21274154E-008  0.21274154E-008  0.21274154E-008  0.21274154E-008  0.21274154E-008  0.21274154E-008  0.21274154E-008  0.21274154E-008  0.21274154E-008  0.21274154E-008  0.21274154E-008  0.21274154E-008  0.21274154E-008  0.21274154E-008  0.21274154E-008  0.21274154E-008  0.21274154E-008  0.21274154E-008
  0.56304852E+000  0.21274154E-008  0.21274154E-008  0.21274154E-008  0.21274154E-008  0.21274154E-008  0.21274154E-008  0.21274154E-008  0.21274154E-008  0.21274154E-008  0.21274154E-008  0.21274154E-008  0.21274154E-008  0.21274154E-008  0.21274154E-008  0.21274154E-008  0.21274154E-008  0.21274154E-008  0.21274154E-008  0.21274154E-008  0.21274154E-008  0.21274154E-008  0.21274154E-008  0.21274154E-008  0.21274154E-008  0.21274154E-008  0.21274154E-008  0.21274154E-008  0.21274154E-008  0.21274154E-008  0.21274154E-008  0.21274154E-008  0.21274154E-008  0.21274154E-008  0.21274154E-008
  0.56304852E+000  0.21274154E-008  0.21274154E-008  0.21274154E-008  0.21274154E-008  0.21274154E-008  0.21274154E-008  0.21274154E-008  0.21274154E-008  0.21274154E-008  0.21274154E-008  0.21274154E-008  0.21274154E-008  0.21274154E-008  0.21274154E-008  0.21274154E-008  0.21274154E-008  0.21274154E-008  0.21274154E-008  0.21274154E-008  0.21274154E-008  0.21274154E-008  0.21274154E-008  0.21274154E-008  0.21274154E-008  0.21274154E-008  0.21274154E-008  0.21274154E-008  0.21274154E-008  0.21274154E-008  0.21274154E-008  0.21274154E-008  0.21274154E-008  0.21274154E-008  0.21274154E-008
  0.56304852E+000  0.21274154E-008  0.21274154E-008  0.21274154E-008  0.21274154E-008  0.21274154E-008  0.21274154E-008  0.21274154E-008  0.21274154E-008  0.21274154E-008  0.21274154E-008  0.21274154E-008  0.21274154E-008  0.21274154E-008  0.21274154E-008  0.21274154E-008  0.21274154E-008  0.21274154E-008  0.21274154E-008  0.21274154E-008  0.21274154E-008  0.21274154E-008  0.21274154E-008  0.21274154E-008  0.21274154E-008  0.21274154E-008  0.21274154E-008  0.21274154E-008  0.21274154E-008  0.21274154E-008  0.21274154E-008  0.21274154E-008  0.21274154E-008  0.21274154E-008  0.21274154E-008
  0.56304852E+000  0.21274154E-008  0.21274154E-008  0.21274154E-008  0.21274154E-008  0.21274154E-008  0.21274154E-008  0.21274154E-008  0.21274154E-008  0.21274154E-008  0.21274154E-008  0.21274154E-008  0.21274154E-008  0.21274154E-008  0.21274154E-008  0.21274154E-008  0.21274154E-008  0.21274154E-008  0.21274154E-008  0.21274154E-008  0.21274154E-008  0.21274154E-008  0.21274154E-008  0.21274154E-008  0.21274154E-008  0.21274154E-008  0.21274154E-008  0.21274154E-008  0.21274154E-008  0.21274154E-008  0.21274154E-008  0.21274154E-008  0.21274154E-008  0.21274154E-008  0.21274154E-008
  0.56304852E+000  0.21274154E-008  0.21274154E-008  0.21274154E-008  0.21274154E-008  0.21274154E-008  0.21274154E-008  0.21274154E-008  0.21274154E-008  0.21274154E-008  0.21274154E-008  0.21274154E-008  0.21274154E-008  0.21274154E-008  0.21274154E-008  0.21274154E-008  0.21274154E-008  0.21274154E-008  0.21274154E-008  0.21274154E-008  0.21274154E-008  0.21274154E-008  0.21274154E-008  0.21274154E-008  0.21274154E-008  0.21274154E-008  0.21274154E-008  0.21274154E-008  0.21274154E-008  0.21274154E-008  0.21274154E-008  0.21274154E-008  0.21274154E-008  0.21274154E-008  0.21274154E-008
  0.56304852E+000  0.21274154E-008  0.21274154E-008  0.21274154E-008  0.21274154E-008  0.21274154E-008  0.21274154E-008  0.21274154E-008  0.21274154E-008  0.21274154E-008  0.21274154E-008  0.21274154E-008  0.21274154E-008  0.21274154E-008  0.21274154E-008  0.21274154E-008  0.21274154E-008  0.21274154E-008  0.21274154E-008  0.21274154E-008  0.21274154E-008  0.21274154E-008  0.21274154E-008  0.21274154E-008  0.21274154E-008  0.21274154E-008  0.21274154E-008  0.21274154E-008  0.21274154E-008  0.21274154E-008  0.21274154E-008  0.21274154E-008  0.21274154E-008  0.21274154E-008  0.21274154E-008
  0.56304852E+000  0.21274154E-008  0.21274154E-008  0.21274154E-008  0.21274154E-008  0.21274154E-008  0.21274154E-008  0.21274154E-008  0.21274154E-008  0.21274154E-008  0.21274154E-008  0.21274154E-008  0.21274154E-008  0.21274154E-008  0.21274154E-008  0.21274154E-008  0.21274154E-008  0.21274154E-008  0.21274154E-008  0.21274154E-008  0.21274154E-008  0.21274154E-008  0.21274154E-008  0.21274154E-008  0.21274154E-008  0.21274154E-008  0.21274154E-008  0.21274154E-008  0.21274154E-008  0.21274154E-008  0.21274154E-008  0.21274154E-008  0.21274154E-008  0.21274154E-008  0.21274154E-008
  0.56304852E+000  0.21274154E-008  0.21274154E-008  0.21274154E-008  0.21274154E-008  0.21274154E-008  0.21274154E-008  0.21274154E-008  0.21274154E-008  0.21274154E-008  0.21274154E-008  0.21274154E-008  0.21274154E-008  0.21274154E-008  0.21274154E-008  0.21274154E-008  0.21274154E-008  0.21274154E-008  0.21274154E-008  0.21274154E-008  0.21274154E-008  0.21274154E-008  0.21274154E-008  0.21274154E-008  0.21274154E-008  0.21274154E-008  0.21274154E-008  0.21274154E-008  0.21274154E-008  0.21274154E-008  0.21274154E-008  0.21274154E-008  0.21274154E-008  0.21274154E-008  0.21274154E-008
  0.56304852E+000  0.21274154E-008  0.21274154E-008  0.21274154E-008  0.21274154E-008  0.21274154E-008  0.21274154E-008  0.21274154E-008  0.21274154E-008  0.21274154E-008  0.21274154E-008  0.21274154E-008  0.21274154E-008  0.21274154E-008  0.21274154E-008  0.21274154E-008  0.21274154E-008  0.21274154E-008  0.21274154E-008  0.21274154E-008  0.21274154E-008  0.21274154E-008  0.21274154E-008  0.21274154E-008  0.21274154E-008  0.21274154E-008  0.21274154E-008  0.21274154E-008  0.21274154E-008  0.21274154E-008  0.21274154E-008  0.21274154E-008  0.21274154E-008  0.21274154E-008  0.21274154E-008
  0.56304852E+000  0.21274154E-008  0.21274154E-008  0.21274154E-008  0.21274154E-008  0.21274154E-008  0.21274154E-008  0.21274154E-008  0.21274154E-008  0.21274154E-008  0.21274154E-008  0.21274154E-008  0.21274154E-008  0.21274154E-008  0.21274154E-008  0.21274154E-008  0.21274154E-008  0.21274154E-008  0.21274154E-008  0.21274154E-008  0.21274154E-008  0.21274154E-008  0.21274154E-008  0.21274154E-008  0.21274154E-008  0.21274154E-008  0.21274154E-008  0.21274154E-008  0.21274154E-008  0.21274154E-008  0.21274154E-008  0.21274154E-008  0.21274154E-008  0.21274154E-008  0.21274154E-008
  0.56304852E+000  0.21274154E-008  0.21274154E-008  0.21274154E-008  0.21274154E-008  0.21274154E-008  0.21274154E-008  0.21274154E-008  0.21274154E-008  0.21274154E-008  0.21274154E-008  0.21274154E-008  0.21274154E-008  0.21274154E-008  0.21274154E-008  0.21274154E-008  0.21274154E-008  0.21274154E-008  0.21274154E-008  0.21274154E-008  0.21274154E-008  0.21274154E-008  0.21274154E-008  0.21274154E-008  0.21274154E-008  0.21274154E-008  0.21274154E-008  0.21274154E-008  0.21274154E-008  0.21274154E-008  0.21274154E-008  0.21274154E-008  0.21274154E-008  0.21274154E-008  0.21274154E-008
  0.56304852E+000  0.21274154E-008  0.21274154E-008  0.21274154E-008  0.21274154E-008  0.21274154E-008  0.21274154E-008  0.21274154E-008  0.21274154E-008  0.21274154E-008  0.21274154E-008  0.21274154E-008  0.21274154E-008  0.21274154E-008  0.21274154E-008  0.21274154E-008  0.21274154E-008  0.21274154E-008  0.21274154E-008  0.21274154E-008  0.21274154E-008  0.21274154E-008  0.21274154E-008  0.21274154E-008  0.21274154E-008  0.21274154E-008  0.21274154E-008  0.21274154E-008  0.21274154E-008  0.21274154E-008  0.21274154E-008  0.21274154E-008  0.21274154E-008  0.21274154E-008  0.21274154E-008
  0.56304852E+000  0.21274154E-008  0.21274154E-008  0.21274154E-008  0.21274154E-008  0.21274154E-008  0.21274154E-008  0.21274154E-008  0.21274154E-008  0.21274154E-008  0.21274154E-008  0.21274154E-008  0.21274154E-008  0.21274154E-008  0.21274154E-008  0.21274154E-008  0.21274154E-008  0.21274154E-008  0.21274154E-008  0.21274154E-008  0.21274154E-008  0.21274154E-008  0.21274154E-008  0.21274154E-008  0.21274154E-008  0.21274154E-008  0.21274154E-008  0.21274154E-008  0.21274154E-008  0.21274154E-008  0.21274154E-008  0.21274154E-008  0.21274154E-008  0.21274154E-008  0.21274154E-008
  0.56304852E+000  0.21274154E-008  0.21274154E-008  0.21274154E-008  0.21274154E-008  0.21274154E-008  0.21274154E-008  0.21274154E-008  0.21274154E-008  0.21274154E-008  0.21274154E-008  0.21274154E-008  0.21274154E-008  0.21274154E-008  0.21274154E-008  0.21274154E-008  0.21274154E-008  0.21274154E-008  0.21274154E-008  0.21274154E-008  0.21274154E-008  0.21274154E-008  0.21274154E-008  0.21274154E-008  0.21274154E-008  0.21274154E-008  0.21274154E-008  0.21274154E-008  0.21274154E-008  0.21274154E-008  0.21274154E-008  0.21274154E-008  0.21274154E-008  0.21274154E-008  0.21274154E-008
  0.56304852E+000  0.21274154E-008  0.21274154E-008  0.21274154E-008  0.21274154E-008  0.21274154E-008  0.21274154E-008  0.21274154E-008  0.21274154E-008  0.21274154E-008  0.21274154E-008  0.21274154E-008  0.21274154E-008  0.21274154E-008  0.21274154E-008  0.21274154E-008  0.21274154E-008  0.21274154E-008  0.21274154E-008  0.21274154E-008  0.21274154E-008  0.21274154E-008  0.21274154E-008  0.21274154E-008  0.21274154E-008  0.21274154E-008  0.21274154E-008  0.21274154E-008  0.21274154E-008  0.21274154E-008  0.21274154E-008  0.21274154E-008  0.21274154E-008  0.21274154E-008  0.21274154E-008
  0.56304852E+000  0.10000000E+001  0.10000000E+001  0.10000000E+001  0.55674923E+000  0.10000000E+001  0.10000000E+001  0.10000000E+001  0.10000000E+001  0.54158921E+000  0.21274154E-008  0.21274154E-008  0.21274154E-008  0.21274154E-008  0.21274154E-008  0.21274154E-008  0.21274154E-008  0.21274154E-008  0.21274154E-008  0.21274154E-008  0.21274154E-008  0.21274154E-008  0.21274154E-008  0.21274154E-008  0.10000000E+001  0.10000000E+001  0.44407838E+000  0.21274154E-008  0.21274154E-008  0.21274154E-008  0.21274154E-008  0.21274154E-008  0.21274154E-008  0.21274154E-008  0.21274154E-008
  0.56304852E+000  0.10000000E+001  0.56192889E+000  0.10000000E+001  0.55674923E+000  0.10000000E+001  0.54749338E+000  0.10000000E+001  0.54247124E+000  0.10000000E+001  0.10000000E+001  0.10000000E+001  0.10000000E+001  0.10000000E+001  0.10000000E+001  0.10000000E+001  0.10000000E+001  0.10000000E+001  0.10000000E+001  0.10000000E+001  0.10000000E+001  0.10000000E+001  0.10000000E+001  0.10000000E+001  0.10000000E+001  0.10000000E+001  0.10000000E+001  0.10000000E+001  0.10000000E+001  0.10000000E+001  0.10000000E+001  0.10000000E+001  0.10000000E+001  0.10000000E+001  0.30325985E+000
  0.56304852E+000  0.21274154E-008  0.21274154E-008  0.10000000E+001  0.10000000E+001  0.10000000E+001  0.10000000E+001  0.10000000E+001  0.10000000E+001  0.10000000E+001  0.10000000E+001  0.10000000E+001  0.10000000E+001  0.10000000E+001  0.10000000E+001  0.10000000E+001  0.10000000E+001  0.10000000E+001  0.10000000E+001  0.10000000E+001  0.10000000E+001  0.10000000E+001  0.10000000E+001  0.10000000E+001  0.10000000E+001  0.10000000E+001  0.10000000E+001  0.42836626E+000  0.10000000E+001  0.10000000E+001  0.37650692E+000  0.21274154E-008  0.21274154E-008  0.21274154E-008  0.21274154E-008
  0.10000000E+001  0.10000000E+001  0.10000000E+001  0.10000000E+001  0.10000000E+001  0.10000000E+001  0.10000000E+001  0.10000000E+001  0.10000000E+001  0.10000000E+001  0.10000000E+001  0.10000000E+001  0.10000000E+001  0.10000000E+001  0.10000000E+001  0.53744701E+000  0.21274154E-008  0.21274154E-008  0.21274154E-008  0.10000000E+001  0.10000000E+001  0.10000000E+001  0.10000000E+001  0.10000000E+001  0.10000000E+001  0.10000000E+001  0.10000000E+001  0.42836626E+000  0.10000000E+001  0.39440715E+000  0.21274154E-008  0.21274154E-008  0.21274154E-008  0.21274154E-008  0.21274154E-008
