  0.60550607E+000  0.52212992E-008  0.52212992E-008  0.52212992E-008  0.52212992E-008  0.52212992E-008  0.52212992E-008  0.52212992E-008  0.52212992E-008  0.52212992E-008  0.52212992E-008  0.52212992E-008  0.52212992E-008  0.52212992E-008  0.52212992E-008  0.52212992E-008  0.52212992E-008  0.52212992E-008  0.52212992E-008  0.52212992E-008  0.52212992E-008  0.52212992E-008  0.52212992E-008  0.52212992E-008  0.52212992E-008  0.52212992E-008  0.52212992E-008  0.52212992E-008  0.52212992E-008  0.52212992E-008  0.52212992E-008  0.52212992E-008  0.52212992E-008  0.52212992E-008  0.52212992E-008
  0.60550607E+000  0.52212992E-008  0.52212992E-008  0.52212992E-008  0.52212992E-008  0.52212992E-008  0.52212992E-008  0.52212992E-008  0.52212992E-008  0.52212992E-008  0.52212992E-008  0.52212992E-008  0.52212992E-008  0.52212992E-008  0.52212992E-008  0.52212992E-008  0.52212992E-008  0.52212992E-008  0.52212992E-008  0.52212992E-008  0.52212992E-008  0.52212992E-008  0.52212992E-008  0.52212992E-008  0.52212992E-008  0.52212992E-008  0.52212992E-008  0.52212992E-008  0.52212992E-008  0.52212992E-008  0.52212992E-008  0.52212992E-008  0.52212992E-008  0.52212992E-008  0.52212992E-008
  0.60550607E+000  0.52212992E-008  0.52212992E-008  0.52212992E-008  0.52212992E-008  0.52212992E-008  0.52212992E-008  0.52212992E-008  0.52212992E-008  0.52212992E-008  0.52212992E-008  0.52212992E-008  0.52212992E-008  0.52212992E-008  0.52212992E-008  0.52212992E-008  0.52212992E-008  0.52212992E-008  0.52212992E-008  0.52212992E-008  0.52212992E-008  0.52212992E-008  0.52212992E-008  0.52212992E-008  0.52212992E-008  0.52212992E-008  0.52212992E-008  0.52212992E-008  0.52212992E-008  0.52212992E-008  0.52212992E-008  0.52212992E-008  0.52212992E-008  0.52212992E-008  0.52212992E-008
  0.60550607E+000  0.52212992E-008  0.52212992E-008  0.52212992E-008  0.52212992E-008  0.52212992E-008  0.52212992E-008  0.52212992E-008  0.52212992E-008  0.52212992E-008  0.52212992E-008  0.52212992E-008  0.52212992E-008  0.52212992E-008  0.52212992E-008  0.52212992E-008  0.52212992E-008  0.52212992E-008  0.52212992E-008  0.52212992E-008  0.52212992E-008  0.52212992E-008  0.52212992E-008  0.52212992E-008  0.52212992E-008  0.52212992E-008  0.52212992E-008  0.52212992E-008  0.52212992E-008  0.52212992E-008  0.52212992E-008  0.52212992E-008  0.52212992E-008  0.52212992E-008  0.52212992E-008
  0.60550607E+000  0.52212992E-008  0.52212992E-008  0.52212992E-008  0.52212992E-008  0.52212992E-008  0.52212992E-008  0.52212992E-008  0.52212992E-008  0.52212992E-008  0.52212992E-008  0.52212992E-008  0.52212992E-008  0.52212992E-008  0.52212992E-008  0.52212992E-008  0.52212992E-008  0.52212992E-008  0.52212992E-008  0.52212992E-008  0.52212992E-008  0.52212992E-008  0.52212992E-008  0.52212992E-008  0.52212992E-008  0.52212992E-008  0.52212992E-008  0.52212992E-008  0.52212992E-008  0.52212992E-008  0.52212992E-008  0.52212992E-008  0.52212992E-008  0.52212992E-008  0.52212992E-008
  0.60550607E+000  0.52212992E-008  0.52212992E-008  0.52212992E-008  0.52212992E-008  0.52212992E-008  0.52212992E-008  0.52212992E-008  0.52212992E-008  0.52212992E-008  0.52212992E-008  0.52212992E-008  0.52212992E-008  0.52212992E-008  0.52212992E-008  0.52212992E-008  0.52212992E-008  0.52212992E-008  0.52212992E-008  0.52212992E-008  0.52212992E-008  0.52212992E-008  0.52212992E-008  0.52212992E-008  0.52212992E-008  0.52212992E-008  0.52212992E-008  0.52212992E-008  0.52212992E-008  0.52212992E-008  0.52212992E-008  0.52212992E-008  0.52212992E-008  0.52212992E-008  0.52212992E-008
  0.60550607E+000  0.52212992E-008  0.52212992E-008  0.52212992E-008  0.52212992E-008  0.52212992E-008  0.52212992E-008  0.52212992E-008  0.52212992E-008  0.52212992E-008  0.52212992E-008  0.52212992E-008  0.52212992E-008  0.52212992E-008  0.52212992E-008  0.52212992E-008  0.52212992E-008  0.52212992E-008  0.52212992E-008  0.52212992E-008  0.52212992E-008  0.52212992E-008  0.52212992E-008  0.52212992E-008  0.52212992E-008  0.52212992E-008  0.52212992E-008  0.52212992E-008  0.52212992E-008  0.52212992E-008  0.52212992E-008  0.52212992E-008  0.52212992E-008  0.52212992E-008  0.52212992E-008
  0.60550607E+000  0.52212992E-008  0.52212992E-008  0.52212992E-008  0.52212992E-008  0.52212992E-008  0.52212992E-008  0.52212992E-008  0.52212992E-008  0.52212992E-008  0.52212992E-008  0.52212992E-008  0.52212992E-008  0.52212992E-008  0.52212992E-008  0.52212992E-008  0.52212992E-008  0.52212992E-008  0.52212992E-008  0.52212992E-008  0.52212992E-008  0.52212992E-008  0.52212992E-008  0.52212992E-008  0.52212992E-008  0.52212992E-008  0.52212992E-008  0.52212992E-008  0.52212992E-008  0.52212992E-008  0.52212992E-008  0.52212992E-008  0.52212992E-008  0.52212992E-008  0.52212992E-008
  0.60550607E+000  0.52212992E-008  0.52212992E-008  0.52212992E-008  0.52212992E-008  0.52212992E-008  0.52212992E-008  0.52212992E-008  0.52212992E-008  0.52212992E-008  0.52212992E-008  0.52212992E-008  0.52212992E-008  0.52212992E-008  0.52212992E-008  0.52212992E-008  0.52212992E-008  0.52212992E-008  0.52212992E-008  0.52212992E-008  0.52212992E-008  0.52212992E-008  0.52212992E-008  0.52212992E-008  0.52212992E-008  0.52212992E-008  0.52212992E-008  0.52212992E-008  0.52212992E-008  0.52212992E-008  0.52212992E-008  0.52212992E-008  0.52212992E-008  0.52212992E-008  0.52212992E-008
  0.60550607E+000  0.52212992E-008  0.52212992E-008  0.52212992E-008  0.52212992E-008  0.52212992E-008  0.52212992E-008  0.52212992E-008  0.52212992E-008  0.52212992E-008  0.52212992E-008  0.52212992E-008  0.52212992E-008  0.52212992E-008  0.52212992E-008  0.52212992E-008  0.52212992E-008  0.52212992E-008  0.52212992E-008  0.52212992E-008  0.52212992E-008  0.52212992E-008  0.52212992E-008  0.52212992E-008  0.52212992E-008  0.52212992E-008  0.52212992E-008  0.52212992E-008  0.52212992E-008  0.52212992E-008  0.52212992E-008  0.52212992E-008  0.52212992E-008  0.52212992E-008  0.52212992E-008
  0.60550607E+000  0.52212992E-008  0.52212992E-008  0.52212992E-008  0.52212992E-008  0.52212992E-008  0.52212992E-008  0.52212992E-008  0.52212992E-008  0.52212992E-008  0.52212992E-008  0.52212992E-008  0.52212992E-008  0.52212992E-008  0.52212992E-008  0.52212992E-008  0.52212992E-008  0.52212992E-008  0.52212992E-008  0.52212992E-008  0.52212992E-008  0.52212992E-008  0.52212992E-008  0.52212992E-008  0.52212992E-008  0.52212992E-008  0.52212992E-008  0.52212992E-008  0.52212992E-008  0.52212992E-008  0.52212992E-008  0.52212992E-008  0.52212992E-008  0.52212992E-008  0.52212992E-008
  0.60550607E+000  0.52212992E-008  0.52212992E-008  0.52212992E-008  0.52212992E-008  0.52212992E-008  0.52212992E-008  0.52212992E-008  0.52212992E-008  0.52212992E-008  0.52212992E-008  0.52212992E-008  0.52212992E-008  0.52212992E-008  0.52212992E-008  0.52212992E-008  0.52212992E-008  0.52212992E-008  0.52212992E-008  0.52212992E-008  0.52212992E-008  0.52212992E-008  0.52212992E-008  0.52212992E-008  0.52212992E-008  0.52212992E-008  0.52212992E-008  0.52212992E-008  0.52212992E-008  0.52212992E-008  0.52212992E-008  0.52212992E-008  0.52212992E-008  0.52212992E-008  0.52212992E-008
  0.60550607E+000  0.52212992E-008  0.52212992E-008  0.52212992E-008  0.52212992E-008  0.52212992E-008  0.52212992E-008  0.52212992E-008  0.52212992E-008  0.52212992E-008  0.52212992E-008  0.52212992E-008  0.52212992E-008  0.52212992E-008  0.52212992E-008  0.52212992E-008  0.52212992E-008  0.52212992E-008  0.52212992E-008  0.52212992E-008  0.52212992E-008  0.52212992E-008  0.52212992E-008  0.52212992E-008  0.52212992E-008  0.52212992E-008  0.52212992E-008  0.52212992E-008  0.52212992E-008  0.52212992E-008  0.52212992E-008  0.52212992E-008  0.52212992E-008  0.52212992E-008  0.52212992E-008
  0.60550607E+000  0.52212992E-008  0.52212992E-008  0.52212992E-008  0.52212992E-008  0.52212992E-008  0.52212992E-008  0.52212992E-008  0.52212992E-008  0.52212992E-008  0.52212992E-008  0.52212992E-008  0.52212992E-008  0.52212992E-008  0.52212992E-008  0.52212992E-008  0.52212992E-008  0.52212992E-008  0.52212992E-008  0.52212992E-008  0.52212992E-008  0.52212992E-008  0.52212992E-008  0.52212992E-008  0.52212992E-008  0.52212992E-008  0.52212992E-008  0.52212992E-008  0.52212992E-008  0.52212992E-008  0.52212992E-008  0.52212992E-008  0.52212992E-008  0.52212992E-008  0.52212992E-008
  0.60550607E+000  0.52212992E-008  0.52212992E-008  0.52212992E-008  0.52212992E-008  0.52212992E-008  0.52212992E-008  0.52212992E-008  0.52212992E-008  0.52212992E-008  0.52212992E-008  0.52212992E-008  0.52212992E-008  0.52212992E-008  0.52212992E-008  0.52212992E-008  0.52212992E-008  0.52212992E-008  0.52212992E-008  0.52212992E-008  0.52212992E-008  0.52212992E-008  0.52212992E-008  0.52212992E-008  0.52212992E-008  0.52212992E-008  0.52212992E-008  0.52212992E-008  0.52212992E-008  0.52212992E-008  0.52212992E-008  0.52212992E-008  0.52212992E-008  0.52212992E-008  0.52212992E-008
  0.60550607E+000  0.52212992E-008  0.52212992E-008  0.52212992E-008  0.52212992E-008  0.52212992E-008  0.52212992E-008  0.52212992E-008  0.52212992E-008  0.52212992E-008  0.52212992E-008  0.52212992E-008  0.52212992E-008  0.52212992E-008  0.52212992E-008  0.52212992E-008  0.52212992E-008  0.52212992E-008  0.52212992E-008  0.52212992E-008  0.52212992E-008  0.52212992E-008  0.52212992E-008  0.52212992E-008  0.52212992E-008  0.52212992E-008  0.52212992E-008  0.52212992E-008  0.52212992E-008  0.52212992E-008  0.52212992E-008  0.52212992E-008  0.52212992E-008  0.52212992E-008  0.52212992E-008
  0.60550607E+000  0.52212992E-008  0.52212992E-008  0.52212992E-008  0.52212992E-008  0.52212992E-008  0.52212992E-008  0.52212992E-008  0.52212992E-008  0.52212992E-008  0.52212992E-008  0.52212992E-008  0.52212992E-008  0.52212992E-008  0.52212992E-008  0.52212992E-008  0.52212992E-008  0.52212992E-008  0.52212992E-008  0.52212992E-008  0.52212992E-008  0.52212992E-008  0.52212992E-008  0.52212992E-008  0.52212992E-008  0.52212992E-008  0.52212992E-008  0.52212992E-008  0.52212992E-008  0.52212992E-008  0.52212992E-008  0.52212992E-008  0.52212992E-008  0.52212992E-008  0.52212992E-008
  0.60550607E+000  0.52212992E-008  0.52212992E-008  0.52212992E-008  0.52212992E-008  0.52212992E-008  0.52212992E-008  0.52212992E-008  0.52212992E-008  0.52212992E-008  0.52212992E-008  0.52212992E-008  0.52212992E-008  0.52212992E-008  0.52212992E-008  0.52212992E-008  0.52212992E-008  0.52212992E-008  0.52212992E-008  0.52212992E-008  0.52212992E-008  0.52212992E-008  0.52212992E-008  0.52212992E-008  0.52212992E-008  0.52212992E-008  0.52212992E-008  0.52212992E-008  0.52212992E-008  0.52212992E-008  0.52212992E-008  0.52212992E-008  0.52212992E-008  0.52212992E-008  0.52212992E-008
  0.60550607E+000  0.52212992E-008  0.52212992E-008  0.52212992E-008  0.52212992E-008  0.52212992E-008  0.52212992E-008  0.52212992E-008  0.52212992E-008  0.52212992E-008  0.52212992E-008  0.52212992E-008  0.52212992E-008  0.52212992E-008  0.52212992E-008  0.52212992E-008  0.52212992E-008  0.52212992E-008  0.52212992E-008  0.52212992E-008  0.52212992E-008  0.52212992E-008  0.52212992E-008  0.52212992E-008  0.52212992E-008  0.52212992E-008  0.52212992E-008  0.52212992E-008  0.52212992E-008  0.52212992E-008  0.52212992E-008  0.52212992E-008  0.52212992E-008  0.52212992E-008  0.52212992E-008
  0.60550607E+000  0.52212992E-008  0.52212992E-008  0.52212992E-008  0.52212992E-008  0.52212992E-008  0.52212992E-008  0.52212992E-008  0.52212992E-008  0.52212992E-008  0.52212992E-008  0.52212992E-008  0.52212992E-008  0.52212992E-008  0.52212992E-008  0.52212992E-008  0.52212992E-008  0.52212992E-008  0.52212992E-008  0.52212992E-008  0.52212992E-008  0.52212992E-008  0.52212992E-008  0.52212992E-008  0.52212992E-008  0.52212992E-008  0.52212992E-008  0.52212992E-008  0.52212992E-008  0.52212992E-008  0.52212992E-008  0.52212992E-008  0.52212992E-008  0.52212992E-008  0.52212992E-008
  0.60550607E+000  0.52212992E-008  0.52212992E-008  0.52212992E-008  0.52212992E-008  0.52212992E-008  0.52212992E-008  0.52212992E-008  0.52212992E-008  0.52212992E-008  0.52212992E-008  0.52212992E-008  0.52212992E-008  0.52212992E-008  0.52212992E-008  0.52212992E-008  0.52212992E-008  0.52212992E-008  0.52212992E-008  0.52212992E-008  0.52212992E-008  0.52212992E-008  0.52212992E-008  0.52212992E-008  0.52212992E-008  0.52212992E-008  0.52212992E-008  0.52212992E-008  0.52212992E-008  0.52212992E-008  0.52212992E-008  0.52212992E-008  0.52212992E-008  0.52212992E-008  0.52212992E-008
  0.60550607E+000  0.52212992E-008  0.52212992E-008  0.52212992E-008  0.52212992E-008  0.52212992E-008  0.52212992E-008  0.52212992E-008  0.52212992E-008  0.52212992E-008  0.52212992E-008  0.52212992E-008  0.52212992E-008  0.52212992E-008  0.52212992E-008  0.52212992E-008  0.52212992E-008  0.52212992E-008  0.52212992E-008  0.52212992E-008  0.52212992E-008  0.52212992E-008  0.52212992E-008  0.52212992E-008  0.52212992E-008  0.52212992E-008  0.52212992E-008  0.52212992E-008  0.52212992E-008  0.52212992E-008  0.52212992E-008  0.52212992E-008  0.10000000E+001  0.10000000E+001  0.45877489E+000
  0.60550607E+000  0.52212992E-008  0.52212992E-008  0.52212992E-008  0.52212992E-008  0.52212992E-008  0.52212992E-008  0.52212992E-008  0.52212992E-008  0.10000000E+001  0.59579107E+000  0.10000000E+001  0.59565920E+000  0.52212992E-008  0.52212992E-008  0.52212992E-008  0.52212992E-008  0.52212992E-008  0.52212992E-008  0.52212992E-008  0.52212992E-008  0.52212992E-008  0.52212992E-008  0.52212992E-008  0.52212992E-008  0.52212992E-008  0.52212992E-008  0.52212992E-008  0.52212992E-008  0.52212992E-008  0.52212992E-008  0.52212992E-008  0.52212992E-008  0.52212992E-008  0.52212992E-008
  0.10000000E+001  0.10000000E+001  0.10000000E+001  0.10000000E+001  0.10000000E+001  0.10000000E+001  0.10000000E+001  0.10000000E+001  0.10000000E+001  0.10000000E+001  0.10000000E+001  0.10000000E+001  0.59565920E+000  0.52212992E-008  0.52212992E-008  0.52212992E-008  0.52212992E-008  0.52212992E-008  0.52212992E-008  0.52212992E-008  0.52212992E-008  0.52212992E-008  0.52212992E-008  0.52212992E-008  0.52212992E-008  0.52212992E-008  0.52212992E-008  0.10000000E+001  0.10000000E+001  0.10000000E+001  0.10000000E+001  0.10000000E+001  0.10000000E+001  0.10000000E+001  0.45877489E+000
  0.10000000E+001  0.10000000E+001  0.10000000E+001  0.10000000E+001  0.10000000E+001  0.10000000E+001  0.10000000E+001  0.59713519E+000  0.10000000E+001  0.59587719E+000  0.10000000E+001  0.10000000E+001  0.59565920E+000  0.52212992E-008  0.10000000E+001  0.10000000E+001  0.10000000E+001  0.10000000E+001  0.10000000E+001  0.10000000E+001  0.10000000E+001  0.10000000E+001  0.10000000E+001  0.10000000E+001  0.56262197E+000  0.52212992E-008  0.52212992E-008  0.52212992E-008  0.52212992E-008  0.52212992E-008  0.52212992E-008  0.52212992E-008  0.52212992E-008  0.52212992E-008  0.52212992E-008
