  0.58471651E+000  0.30765115E-008  0.30765115E-008  0.30765115E-008  0.30765115E-008  0.30765115E-008  0.30765115E-008  0.30765115E-008  0.30765115E-008  0.30765115E-008  0.30765115E-008  0.30765115E-008  0.30765115E-008  0.30765115E-008  0.30765115E-008  0.30765115E-008  0.30765115E-008  0.30765115E-008  0.30765115E-008  0.30765115E-008  0.30765115E-008  0.30765115E-008  0.30765115E-008  0.30765115E-008  0.30765115E-008  0.30765115E-008  0.30765115E-008  0.30765115E-008  0.30765115E-008  0.30765115E-008  0.30765115E-008  0.30765115E-008  0.30765115E-008  0.30765115E-008  0.30765115E-008
  0.58471651E+000  0.30765115E-008  0.30765115E-008  0.30765115E-008  0.30765115E-008  0.30765115E-008  0.30765115E-008  0.30765115E-008  0.30765115E-008  0.30765115E-008  0.30765115E-008  0.30765115E-008  0.30765115E-008  0.30765115E-008  0.30765115E-008  0.30765115E-008  0.30765115E-008  0.30765115E-008  0.30765115E-008  0.30765115E-008  0.30765115E-008  0.30765115E-008  0.30765115E-008  0.30765115E-008  0.30765115E-008  0.30765115E-008  0.30765115E-008  0.30765115E-008  0.30765115E-008  0.30765115E-008  0.30765115E-008  0.30765115E-008  0.30765115E-008  0.30765115E-008  0.30765115E-008
  0.58471651E+000  0.30765115E-008  0.30765115E-008  0.30765115E-008  0.30765115E-008  0.30765115E-008  0.30765115E-008  0.30765115E-008  0.30765115E-008  0.30765115E-008  0.30765115E-008  0.30765115E-008  0.30765115E-008  0.30765115E-008  0.30765115E-008  0.30765115E-008  0.30765115E-008  0.30765115E-008  0.30765115E-008  0.30765115E-008  0.30765115E-008  0.30765115E-008  0.30765115E-008  0.30765115E-008  0.30765115E-008  0.30765115E-008  0.30765115E-008  0.30765115E-008  0.30765115E-008  0.30765115E-008  0.30765115E-008  0.30765115E-008  0.30765115E-008  0.30765115E-008  0.30765115E-008
  0.58471651E+000  0.30765115E-008  0.30765115E-008  0.30765115E-008  0.30765115E-008  0.30765115E-008  0.30765115E-008  0.30765115E-008  0.30765115E-008  0.30765115E-008  0.30765115E-008  0.30765115E-008  0.30765115E-008  0.30765115E-008  0.30765115E-008  0.30765115E-008  0.30765115E-008  0.30765115E-008  0.30765115E-008  0.30765115E-008  0.30765115E-008  0.30765115E-008  0.30765115E-008  0.30765115E-008  0.30765115E-008  0.30765115E-008  0.30765115E-008  0.30765115E-008  0.30765115E-008  0.30765115E-008  0.30765115E-008  0.30765115E-008  0.30765115E-008  0.30765115E-008  0.30765115E-008
  0.58471651E+000  0.30765115E-008  0.30765115E-008  0.30765115E-008  0.30765115E-008  0.30765115E-008  0.30765115E-008  0.30765115E-008  0.30765115E-008  0.30765115E-008  0.30765115E-008  0.30765115E-008  0.30765115E-008  0.30765115E-008  0.30765115E-008  0.30765115E-008  0.30765115E-008  0.30765115E-008  0.30765115E-008  0.30765115E-008  0.30765115E-008  0.30765115E-008  0.30765115E-008  0.30765115E-008  0.30765115E-008  0.30765115E-008  0.30765115E-008  0.30765115E-008  0.30765115E-008  0.30765115E-008  0.30765115E-008  0.30765115E-008  0.30765115E-008  0.30765115E-008  0.30765115E-008
  0.58471651E+000  0.30765115E-008  0.30765115E-008  0.30765115E-008  0.30765115E-008  0.30765115E-008  0.30765115E-008  0.30765115E-008  0.30765115E-008  0.30765115E-008  0.30765115E-008  0.30765115E-008  0.30765115E-008  0.30765115E-008  0.30765115E-008  0.30765115E-008  0.30765115E-008  0.30765115E-008  0.30765115E-008  0.30765115E-008  0.30765115E-008  0.30765115E-008  0.30765115E-008  0.30765115E-008  0.30765115E-008  0.30765115E-008  0.30765115E-008  0.30765115E-008  0.30765115E-008  0.30765115E-008  0.30765115E-008  0.30765115E-008  0.30765115E-008  0.30765115E-008  0.30765115E-008
  0.58471651E+000  0.30765115E-008  0.30765115E-008  0.30765115E-008  0.30765115E-008  0.30765115E-008  0.30765115E-008  0.30765115E-008  0.30765115E-008  0.30765115E-008  0.30765115E-008  0.30765115E-008  0.30765115E-008  0.30765115E-008  0.30765115E-008  0.30765115E-008  0.30765115E-008  0.30765115E-008  0.30765115E-008  0.30765115E-008  0.30765115E-008  0.30765115E-008  0.30765115E-008  0.30765115E-008  0.30765115E-008  0.30765115E-008  0.30765115E-008  0.30765115E-008  0.30765115E-008  0.30765115E-008  0.30765115E-008  0.30765115E-008  0.30765115E-008  0.30765115E-008  0.30765115E-008
  0.58471651E+000  0.30765115E-008  0.30765115E-008  0.30765115E-008  0.30765115E-008  0.30765115E-008  0.30765115E-008  0.30765115E-008  0.30765115E-008  0.30765115E-008  0.30765115E-008  0.30765115E-008  0.30765115E-008  0.30765115E-008  0.30765115E-008  0.30765115E-008  0.30765115E-008  0.30765115E-008  0.30765115E-008  0.30765115E-008  0.30765115E-008  0.30765115E-008  0.30765115E-008  0.30765115E-008  0.30765115E-008  0.30765115E-008  0.30765115E-008  0.30765115E-008  0.30765115E-008  0.30765115E-008  0.30765115E-008  0.30765115E-008  0.30765115E-008  0.30765115E-008  0.30765115E-008
  0.58471651E+000  0.30765115E-008  0.30765115E-008  0.30765115E-008  0.30765115E-008  0.30765115E-008  0.30765115E-008  0.30765115E-008  0.30765115E-008  0.30765115E-008  0.30765115E-008  0.30765115E-008  0.30765115E-008  0.30765115E-008  0.30765115E-008  0.30765115E-008  0.30765115E-008  0.30765115E-008  0.30765115E-008  0.30765115E-008  0.30765115E-008  0.30765115E-008  0.30765115E-008  0.30765115E-008  0.30765115E-008  0.30765115E-008  0.30765115E-008  0.30765115E-008  0.30765115E-008  0.30765115E-008  0.30765115E-008  0.30765115E-008  0.30765115E-008  0.30765115E-008  0.30765115E-008
  0.58471651E+000  0.30765115E-008  0.30765115E-008  0.30765115E-008  0.30765115E-008  0.30765115E-008  0.30765115E-008  0.30765115E-008  0.30765115E-008  0.30765115E-008  0.30765115E-008  0.30765115E-008  0.30765115E-008  0.30765115E-008  0.30765115E-008  0.30765115E-008  0.30765115E-008  0.30765115E-008  0.30765115E-008  0.30765115E-008  0.30765115E-008  0.30765115E-008  0.30765115E-008  0.30765115E-008  0.30765115E-008  0.30765115E-008  0.30765115E-008  0.30765115E-008  0.30765115E-008  0.30765115E-008  0.30765115E-008  0.30765115E-008  0.30765115E-008  0.30765115E-008  0.30765115E-008
  0.58471651E+000  0.30765115E-008  0.30765115E-008  0.30765115E-008  0.30765115E-008  0.30765115E-008  0.30765115E-008  0.30765115E-008  0.30765115E-008  0.30765115E-008  0.30765115E-008  0.30765115E-008  0.30765115E-008  0.30765115E-008  0.30765115E-008  0.30765115E-008  0.30765115E-008  0.30765115E-008  0.30765115E-008  0.30765115E-008  0.30765115E-008  0.30765115E-008  0.30765115E-008  0.30765115E-008  0.30765115E-008  0.30765115E-008  0.30765115E-008  0.30765115E-008  0.30765115E-008  0.30765115E-008  0.30765115E-008  0.30765115E-008  0.30765115E-008  0.30765115E-008  0.30765115E-008
  0.58471651E+000  0.30765115E-008  0.30765115E-008  0.30765115E-008  0.30765115E-008  0.30765115E-008  0.30765115E-008  0.30765115E-008  0.30765115E-008  0.30765115E-008  0.30765115E-008  0.30765115E-008  0.30765115E-008  0.30765115E-008  0.30765115E-008  0.30765115E-008  0.30765115E-008  0.30765115E-008  0.30765115E-008  0.30765115E-008  0.30765115E-008  0.30765115E-008  0.30765115E-008  0.30765115E-008  0.30765115E-008  0.30765115E-008  0.30765115E-008  0.30765115E-008  0.30765115E-008  0.30765115E-008  0.30765115E-008  0.30765115E-008  0.30765115E-008  0.30765115E-008  0.30765115E-008
  0.58471651E+000  0.30765115E-008  0.30765115E-008  0.30765115E-008  0.30765115E-008  0.30765115E-008  0.30765115E-008  0.30765115E-008  0.30765115E-008  0.30765115E-008  0.30765115E-008  0.30765115E-008  0.30765115E-008  0.30765115E-008  0.30765115E-008  0.30765115E-008  0.30765115E-008  0.30765115E-008  0.30765115E-008  0.30765115E-008  0.30765115E-008  0.30765115E-008  0.30765115E-008  0.30765115E-008  0.30765115E-008  0.30765115E-008  0.30765115E-008  0.30765115E-008  0.30765115E-008  0.30765115E-008  0.30765115E-008  0.30765115E-008  0.30765115E-008  0.30765115E-008  0.30765115E-008
  0.58471651E+000  0.30765115E-008  0.30765115E-008  0.30765115E-008  0.30765115E-008  0.30765115E-008  0.30765115E-008  0.30765115E-008  0.30765115E-008  0.30765115E-008  0.30765115E-008  0.30765115E-008  0.30765115E-008  0.30765115E-008  0.30765115E-008  0.30765115E-008  0.30765115E-008  0.30765115E-008  0.30765115E-008  0.30765115E-008  0.30765115E-008  0.30765115E-008  0.30765115E-008  0.30765115E-008  0.30765115E-008  0.30765115E-008  0.30765115E-008  0.30765115E-008  0.30765115E-008  0.30765115E-008  0.30765115E-008  0.30765115E-008  0.30765115E-008  0.30765115E-008  0.30765115E-008
  0.58471651E+000  0.30765115E-008  0.30765115E-008  0.30765115E-008  0.30765115E-008  0.30765115E-008  0.30765115E-008  0.30765115E-008  0.30765115E-008  0.30765115E-008  0.30765115E-008  0.30765115E-008  0.30765115E-008  0.30765115E-008  0.30765115E-008  0.30765115E-008  0.30765115E-008  0.30765115E-008  0.30765115E-008  0.30765115E-008  0.30765115E-008  0.30765115E-008  0.30765115E-008  0.30765115E-008  0.30765115E-008  0.30765115E-008  0.30765115E-008  0.30765115E-008  0.30765115E-008  0.30765115E-008  0.30765115E-008  0.30765115E-008  0.30765115E-008  0.30765115E-008  0.30765115E-008
  0.58471651E+000  0.30765115E-008  0.30765115E-008  0.30765115E-008  0.30765115E-008  0.30765115E-008  0.30765115E-008  0.30765115E-008  0.30765115E-008  0.30765115E-008  0.30765115E-008  0.30765115E-008  0.30765115E-008  0.30765115E-008  0.30765115E-008  0.30765115E-008  0.30765115E-008  0.30765115E-008  0.30765115E-008  0.30765115E-008  0.30765115E-008  0.30765115E-008  0.30765115E-008  0.30765115E-008  0.30765115E-008  0.30765115E-008  0.30765115E-008  0.30765115E-008  0.30765115E-008  0.30765115E-008  0.30765115E-008  0.30765115E-008  0.30765115E-008  0.30765115E-008  0.30765115E-008
  0.58471651E+000  0.30765115E-008  0.30765115E-008  0.30765115E-008  0.30765115E-008  0.30765115E-008  0.30765115E-008  0.30765115E-008  0.30765115E-008  0.30765115E-008  0.30765115E-008  0.30765115E-008  0.30765115E-008  0.30765115E-008  0.30765115E-008  0.30765115E-008  0.30765115E-008  0.30765115E-008  0.30765115E-008  0.30765115E-008  0.30765115E-008  0.30765115E-008  0.30765115E-008  0.30765115E-008  0.30765115E-008  0.30765115E-008  0.30765115E-008  0.30765115E-008  0.30765115E-008  0.30765115E-008  0.30765115E-008  0.30765115E-008  0.30765115E-008  0.30765115E-008  0.30765115E-008
  0.58471651E+000  0.30765115E-008  0.30765115E-008  0.30765115E-008  0.30765115E-008  0.30765115E-008  0.30765115E-008  0.30765115E-008  0.30765115E-008  0.30765115E-008  0.30765115E-008  0.30765115E-008  0.30765115E-008  0.30765115E-008  0.30765115E-008  0.30765115E-008  0.30765115E-008  0.30765115E-008  0.30765115E-008  0.30765115E-008  0.30765115E-008  0.30765115E-008  0.30765115E-008  0.30765115E-008  0.30765115E-008  0.30765115E-008  0.30765115E-008  0.30765115E-008  0.30765115E-008  0.30765115E-008  0.30765115E-008  0.30765115E-008  0.30765115E-008  0.30765115E-008  0.30765115E-008
  0.58471651E+000  0.30765115E-008  0.30765115E-008  0.30765115E-008  0.30765115E-008  0.30765115E-008  0.30765115E-008  0.30765115E-008  0.30765115E-008  0.30765115E-008  0.30765115E-008  0.30765115E-008  0.30765115E-008  0.30765115E-008  0.30765115E-008  0.30765115E-008  0.30765115E-008  0.30765115E-008  0.30765115E-008  0.30765115E-008  0.30765115E-008  0.30765115E-008  0.30765115E-008  0.30765115E-008  0.30765115E-008  0.30765115E-008  0.30765115E-008  0.30765115E-008  0.30765115E-008  0.30765115E-008  0.30765115E-008  0.30765115E-008  0.30765115E-008  0.30765115E-008  0.30765115E-008
  0.58471651E+000  0.30765115E-008  0.30765115E-008  0.30765115E-008  0.30765115E-008  0.30765115E-008  0.30765115E-008  0.30765115E-008  0.30765115E-008  0.30765115E-008  0.30765115E-008  0.30765115E-008  0.30765115E-008  0.30765115E-008  0.30765115E-008  0.30765115E-008  0.30765115E-008  0.30765115E-008  0.30765115E-008  0.30765115E-008  0.30765115E-008  0.30765115E-008  0.30765115E-008  0.30765115E-008  0.30765115E-008  0.30765115E-008  0.30765115E-008  0.30765115E-008  0.30765115E-008  0.30765115E-008  0.30765115E-008  0.30765115E-008  0.30765115E-008  0.30765115E-008  0.30765115E-008
  0.58471651E+000  0.30765115E-008  0.30765115E-008  0.30765115E-008  0.30765115E-008  0.30765115E-008  0.30765115E-008  0.30765115E-008  0.30765115E-008  0.30765115E-008  0.30765115E-008  0.30765115E-008  0.30765115E-008  0.30765115E-008  0.30765115E-008  0.30765115E-008  0.30765115E-008  0.30765115E-008  0.30765115E-008  0.30765115E-008  0.30765115E-008  0.30765115E-008  0.30765115E-008  0.30765115E-008  0.30765115E-008  0.30765115E-008  0.30765115E-008  0.30765115E-008  0.30765115E-008  0.30765115E-008  0.30765115E-008  0.30765115E-008  0.30765115E-008  0.30765115E-008  0.30765115E-008
  0.58471651E+000  0.30765115E-008  0.30765115E-008  0.30765115E-008  0.30765115E-008  0.30765115E-008  0.30765115E-008  0.30765115E-008  0.30765115E-008  0.30765115E-008  0.30765115E-008  0.30765115E-008  0.30765115E-008  0.30765115E-008  0.30765115E-008  0.30765115E-008  0.30765115E-008  0.30765115E-008  0.30765115E-008  0.30765115E-008  0.30765115E-008  0.30765115E-008  0.30765115E-008  0.30765115E-008  0.30765115E-008  0.30765115E-008  0.30765115E-008  0.30765115E-008  0.30765115E-008  0.30765115E-008  0.30765115E-008  0.30765115E-008  0.30765115E-008  0.30765115E-008  0.30765115E-008
  0.58471651E+000  0.30765115E-008  0.30765115E-008  0.30765115E-008  0.30765115E-008  0.30765115E-008  0.30765115E-008  0.30765115E-008  0.30765115E-008  0.30765115E-008  0.30765115E-008  0.30765115E-008  0.30765115E-008  0.30765115E-008  0.30765115E-008  0.30765115E-008  0.30765115E-008  0.30765115E-008  0.30765115E-008  0.30765115E-008  0.30765115E-008  0.30765115E-008  0.30765115E-008  0.30765115E-008  0.30765115E-008  0.30765115E-008  0.30765115E-008  0.30765115E-008  0.30765115E-008  0.30765115E-008  0.30765115E-008  0.30765115E-008  0.30765115E-008  0.30765115E-008  0.30765115E-008
  0.58471651E+000  0.30765115E-008  0.30765115E-008  0.30765115E-008  0.30765115E-008  0.30765115E-008  0.30765115E-008  0.30765115E-008  0.30765115E-008  0.30765115E-008  0.30765115E-008  0.30765115E-008  0.30765115E-008  0.30765115E-008  0.30765115E-008  0.30765115E-008  0.30765115E-008  0.30765115E-008  0.30765115E-008  0.10000000E+001  0.10000000E+001  0.10000000E+001  0.10000000E+001  0.10000000E+001  0.10000000E+001  0.10000000E+001  0.10000000E+001  0.10000000E+001  0.10000000E+001  0.10000000E+001  0.10000000E+001  0.10000000E+001  0.10000000E+001  0.10000000E+001  0.37200455E+000
  0.58471651E+000  0.30765115E-008  0.30765115E-008  0.30765115E-008  0.30765115E-008  0.30765115E-008  0.30765115E-008  0.30765115E-008  0.30765115E-008  0.30765115E-008  0.30765115E-008  0.30765115E-008  0.30765115E-008  0.30765115E-008  0.30765115E-008  0.30765115E-008  0.30765115E-008  0.30765115E-008  0.30765115E-008  0.10000000E+001  0.10000000E+001  0.10000000E+001  0.10000000E+001  0.10000000E+001  0.10000000E+001  0.10000000E+001  0.10000000E+001  0.10000000E+001  0.46835158E+000  0.10000000E+001  0.10000000E+001  0.10000000E+001  0.10000000E+001  0.10000000E+001  0.37200455E+000
