  0.62220727E+000  0.11381442E-007  0.11381442E-007  0.11381442E-007  0.11381442E-007  0.11381442E-007  0.11381442E-007  0.11381442E-007  0.11381442E-007  0.11381442E-007  0.11381442E-007  0.11381442E-007  0.11381442E-007  0.11381442E-007  0.11381442E-007  0.11381442E-007  0.11381442E-007  0.11381442E-007  0.11381442E-007  0.11381442E-007  0.11381442E-007  0.11381442E-007  0.11381442E-007  0.11381442E-007  0.11381442E-007  0.11381442E-007  0.11381442E-007  0.11381442E-007  0.11381442E-007  0.11381442E-007  0.11381442E-007  0.11381442E-007  0.11381442E-007  0.11381442E-007  0.11381442E-007
  0.62220727E+000  0.11381442E-007  0.11381442E-007  0.11381442E-007  0.11381442E-007  0.11381442E-007  0.11381442E-007  0.11381442E-007  0.11381442E-007  0.11381442E-007  0.11381442E-007  0.11381442E-007  0.11381442E-007  0.11381442E-007  0.11381442E-007  0.11381442E-007  0.11381442E-007  0.11381442E-007  0.11381442E-007  0.11381442E-007  0.11381442E-007  0.11381442E-007  0.11381442E-007  0.11381442E-007  0.11381442E-007  0.11381442E-007  0.11381442E-007  0.11381442E-007  0.11381442E-007  0.11381442E-007  0.11381442E-007  0.11381442E-007  0.11381442E-007  0.11381442E-007  0.11381442E-007
  0.62220727E+000  0.11381442E-007  0.11381442E-007  0.11381442E-007  0.11381442E-007  0.11381442E-007  0.11381442E-007  0.11381442E-007  0.11381442E-007  0.11381442E-007  0.11381442E-007  0.11381442E-007  0.11381442E-007  0.11381442E-007  0.11381442E-007  0.11381442E-007  0.11381442E-007  0.11381442E-007  0.11381442E-007  0.11381442E-007  0.11381442E-007  0.11381442E-007  0.11381442E-007  0.11381442E-007  0.11381442E-007  0.11381442E-007  0.11381442E-007  0.11381442E-007  0.11381442E-007  0.11381442E-007  0.11381442E-007  0.11381442E-007  0.11381442E-007  0.11381442E-007  0.11381442E-007
  0.62220727E+000  0.11381442E-007  0.11381442E-007  0.11381442E-007  0.11381442E-007  0.11381442E-007  0.11381442E-007  0.11381442E-007  0.11381442E-007  0.11381442E-007  0.11381442E-007  0.11381442E-007  0.11381442E-007  0.11381442E-007  0.11381442E-007  0.11381442E-007  0.11381442E-007  0.11381442E-007  0.11381442E-007  0.11381442E-007  0.11381442E-007  0.11381442E-007  0.11381442E-007  0.11381442E-007  0.11381442E-007  0.11381442E-007  0.11381442E-007  0.11381442E-007  0.11381442E-007  0.11381442E-007  0.11381442E-007  0.11381442E-007  0.11381442E-007  0.11381442E-007  0.11381442E-007
  0.62220727E+000  0.11381442E-007  0.11381442E-007  0.11381442E-007  0.11381442E-007  0.11381442E-007  0.11381442E-007  0.11381442E-007  0.11381442E-007  0.11381442E-007  0.11381442E-007  0.11381442E-007  0.11381442E-007  0.11381442E-007  0.11381442E-007  0.11381442E-007  0.11381442E-007  0.11381442E-007  0.11381442E-007  0.11381442E-007  0.11381442E-007  0.11381442E-007  0.11381442E-007  0.11381442E-007  0.11381442E-007  0.11381442E-007  0.11381442E-007  0.11381442E-007  0.11381442E-007  0.11381442E-007  0.11381442E-007  0.11381442E-007  0.11381442E-007  0.11381442E-007  0.11381442E-007
  0.62220727E+000  0.11381442E-007  0.11381442E-007  0.11381442E-007  0.11381442E-007  0.11381442E-007  0.11381442E-007  0.11381442E-007  0.11381442E-007  0.11381442E-007  0.11381442E-007  0.11381442E-007  0.11381442E-007  0.11381442E-007  0.11381442E-007  0.11381442E-007  0.11381442E-007  0.11381442E-007  0.11381442E-007  0.11381442E-007  0.11381442E-007  0.11381442E-007  0.11381442E-007  0.11381442E-007  0.11381442E-007  0.11381442E-007  0.11381442E-007  0.11381442E-007  0.11381442E-007  0.11381442E-007  0.11381442E-007  0.11381442E-007  0.11381442E-007  0.11381442E-007  0.11381442E-007
  0.62220727E+000  0.11381442E-007  0.11381442E-007  0.11381442E-007  0.11381442E-007  0.11381442E-007  0.11381442E-007  0.11381442E-007  0.11381442E-007  0.11381442E-007  0.11381442E-007  0.11381442E-007  0.11381442E-007  0.11381442E-007  0.11381442E-007  0.11381442E-007  0.11381442E-007  0.11381442E-007  0.11381442E-007  0.11381442E-007  0.11381442E-007  0.11381442E-007  0.11381442E-007  0.11381442E-007  0.11381442E-007  0.11381442E-007  0.11381442E-007  0.11381442E-007  0.11381442E-007  0.11381442E-007  0.11381442E-007  0.11381442E-007  0.11381442E-007  0.11381442E-007  0.11381442E-007
  0.62220727E+000  0.11381442E-007  0.11381442E-007  0.11381442E-007  0.11381442E-007  0.11381442E-007  0.11381442E-007  0.11381442E-007  0.11381442E-007  0.11381442E-007  0.11381442E-007  0.11381442E-007  0.11381442E-007  0.11381442E-007  0.11381442E-007  0.11381442E-007  0.11381442E-007  0.11381442E-007  0.11381442E-007  0.11381442E-007  0.11381442E-007  0.11381442E-007  0.11381442E-007  0.11381442E-007  0.11381442E-007  0.11381442E-007  0.11381442E-007  0.11381442E-007  0.11381442E-007  0.11381442E-007  0.11381442E-007  0.11381442E-007  0.11381442E-007  0.11381442E-007  0.11381442E-007
  0.62220727E+000  0.11381442E-007  0.11381442E-007  0.11381442E-007  0.11381442E-007  0.11381442E-007  0.11381442E-007  0.11381442E-007  0.11381442E-007  0.11381442E-007  0.11381442E-007  0.11381442E-007  0.11381442E-007  0.11381442E-007  0.11381442E-007  0.11381442E-007  0.11381442E-007  0.11381442E-007  0.11381442E-007  0.11381442E-007  0.11381442E-007  0.11381442E-007  0.11381442E-007  0.11381442E-007  0.11381442E-007  0.11381442E-007  0.11381442E-007  0.11381442E-007  0.11381442E-007  0.11381442E-007  0.11381442E-007  0.11381442E-007  0.11381442E-007  0.11381442E-007  0.11381442E-007
  0.62220727E+000  0.11381442E-007  0.11381442E-007  0.11381442E-007  0.11381442E-007  0.11381442E-007  0.11381442E-007  0.11381442E-007  0.11381442E-007  0.11381442E-007  0.11381442E-007  0.11381442E-007  0.11381442E-007  0.11381442E-007  0.11381442E-007  0.11381442E-007  0.11381442E-007  0.11381442E-007  0.11381442E-007  0.11381442E-007  0.11381442E-007  0.11381442E-007  0.11381442E-007  0.11381442E-007  0.11381442E-007  0.11381442E-007  0.11381442E-007  0.11381442E-007  0.11381442E-007  0.11381442E-007  0.11381442E-007  0.11381442E-007  0.11381442E-007  0.11381442E-007  0.11381442E-007
  0.62220727E+000  0.11381442E-007  0.11381442E-007  0.11381442E-007  0.11381442E-007  0.11381442E-007  0.11381442E-007  0.11381442E-007  0.11381442E-007  0.11381442E-007  0.11381442E-007  0.11381442E-007  0.11381442E-007  0.11381442E-007  0.11381442E-007  0.11381442E-007  0.11381442E-007  0.11381442E-007  0.11381442E-007  0.11381442E-007  0.11381442E-007  0.11381442E-007  0.11381442E-007  0.11381442E-007  0.11381442E-007  0.11381442E-007  0.11381442E-007  0.11381442E-007  0.11381442E-007  0.11381442E-007  0.11381442E-007  0.11381442E-007  0.11381442E-007  0.11381442E-007  0.11381442E-007
  0.62220727E+000  0.11381442E-007  0.11381442E-007  0.11381442E-007  0.11381442E-007  0.11381442E-007  0.11381442E-007  0.11381442E-007  0.11381442E-007  0.11381442E-007  0.11381442E-007  0.11381442E-007  0.11381442E-007  0.11381442E-007  0.11381442E-007  0.11381442E-007  0.11381442E-007  0.11381442E-007  0.11381442E-007  0.11381442E-007  0.11381442E-007  0.11381442E-007  0.11381442E-007  0.11381442E-007  0.11381442E-007  0.11381442E-007  0.11381442E-007  0.11381442E-007  0.11381442E-007  0.11381442E-007  0.11381442E-007  0.11381442E-007  0.11381442E-007  0.11381442E-007  0.11381442E-007
  0.62220727E+000  0.11381442E-007  0.11381442E-007  0.11381442E-007  0.11381442E-007  0.11381442E-007  0.11381442E-007  0.11381442E-007  0.11381442E-007  0.11381442E-007  0.11381442E-007  0.11381442E-007  0.11381442E-007  0.11381442E-007  0.11381442E-007  0.11381442E-007  0.11381442E-007  0.11381442E-007  0.11381442E-007  0.11381442E-007  0.11381442E-007  0.11381442E-007  0.11381442E-007  0.11381442E-007  0.11381442E-007  0.11381442E-007  0.11381442E-007  0.11381442E-007  0.11381442E-007  0.11381442E-007  0.11381442E-007  0.11381442E-007  0.11381442E-007  0.11381442E-007  0.11381442E-007
  0.62220727E+000  0.11381442E-007  0.11381442E-007  0.11381442E-007  0.11381442E-007  0.11381442E-007  0.11381442E-007  0.11381442E-007  0.11381442E-007  0.11381442E-007  0.11381442E-007  0.11381442E-007  0.11381442E-007  0.11381442E-007  0.11381442E-007  0.11381442E-007  0.11381442E-007  0.11381442E-007  0.11381442E-007  0.11381442E-007  0.11381442E-007  0.11381442E-007  0.11381442E-007  0.11381442E-007  0.11381442E-007  0.11381442E-007  0.11381442E-007  0.11381442E-007  0.11381442E-007  0.11381442E-007  0.11381442E-007  0.11381442E-007  0.11381442E-007  0.11381442E-007  0.11381442E-007
  0.62220727E+000  0.11381442E-007  0.11381442E-007  0.11381442E-007  0.11381442E-007  0.11381442E-007  0.11381442E-007  0.11381442E-007  0.11381442E-007  0.11381442E-007  0.11381442E-007  0.11381442E-007  0.11381442E-007  0.11381442E-007  0.11381442E-007  0.11381442E-007  0.11381442E-007  0.11381442E-007  0.11381442E-007  0.11381442E-007  0.11381442E-007  0.11381442E-007  0.11381442E-007  0.11381442E-007  0.11381442E-007  0.11381442E-007  0.11381442E-007  0.11381442E-007  0.11381442E-007  0.11381442E-007  0.11381442E-007  0.11381442E-007  0.11381442E-007  0.11381442E-007  0.11381442E-007
  0.62220727E+000  0.11381442E-007  0.11381442E-007  0.11381442E-007  0.11381442E-007  0.11381442E-007  0.11381442E-007  0.11381442E-007  0.11381442E-007  0.11381442E-007  0.11381442E-007  0.11381442E-007  0.11381442E-007  0.11381442E-007  0.11381442E-007  0.11381442E-007  0.11381442E-007  0.11381442E-007  0.11381442E-007  0.11381442E-007  0.11381442E-007  0.11381442E-007  0.11381442E-007  0.11381442E-007  0.11381442E-007  0.11381442E-007  0.11381442E-007  0.11381442E-007  0.11381442E-007  0.11381442E-007  0.11381442E-007  0.11381442E-007  0.11381442E-007  0.11381442E-007  0.11381442E-007
  0.62220727E+000  0.11381442E-007  0.11381442E-007  0.11381442E-007  0.11381442E-007  0.11381442E-007  0.11381442E-007  0.11381442E-007  0.11381442E-007  0.11381442E-007  0.11381442E-007  0.11381442E-007  0.11381442E-007  0.11381442E-007  0.11381442E-007  0.11381442E-007  0.11381442E-007  0.11381442E-007  0.11381442E-007  0.11381442E-007  0.11381442E-007  0.11381442E-007  0.11381442E-007  0.11381442E-007  0.11381442E-007  0.11381442E-007  0.11381442E-007  0.11381442E-007  0.11381442E-007  0.11381442E-007  0.11381442E-007  0.11381442E-007  0.11381442E-007  0.11381442E-007  0.11381442E-007
  0.62220727E+000  0.11381442E-007  0.11381442E-007  0.11381442E-007  0.11381442E-007  0.11381442E-007  0.11381442E-007  0.11381442E-007  0.11381442E-007  0.11381442E-007  0.11381442E-007  0.11381442E-007  0.11381442E-007  0.11381442E-007  0.11381442E-007  0.11381442E-007  0.11381442E-007  0.11381442E-007  0.11381442E-007  0.11381442E-007  0.11381442E-007  0.11381442E-007  0.11381442E-007  0.11381442E-007  0.11381442E-007  0.11381442E-007  0.11381442E-007  0.11381442E-007  0.11381442E-007  0.11381442E-007  0.11381442E-007  0.11381442E-007  0.11381442E-007  0.11381442E-007  0.11381442E-007
  0.62220727E+000  0.11381442E-007  0.11381442E-007  0.11381442E-007  0.11381442E-007  0.11381442E-007  0.11381442E-007  0.11381442E-007  0.11381442E-007  0.11381442E-007  0.11381442E-007  0.11381442E-007  0.11381442E-007  0.11381442E-007  0.11381442E-007  0.11381442E-007  0.11381442E-007  0.11381442E-007  0.11381442E-007  0.11381442E-007  0.11381442E-007  0.11381442E-007  0.11381442E-007  0.11381442E-007  0.11381442E-007  0.11381442E-007  0.11381442E-007  0.11381442E-007  0.11381442E-007  0.11381442E-007  0.11381442E-007  0.11381442E-007  0.11381442E-007  0.11381442E-007  0.11381442E-007
  0.62220727E+000  0.11381442E-007  0.11381442E-007  0.11381442E-007  0.11381442E-007  0.11381442E-007  0.11381442E-007  0.11381442E-007  0.11381442E-007  0.11381442E-007  0.11381442E-007  0.11381442E-007  0.11381442E-007  0.11381442E-007  0.11381442E-007  0.11381442E-007  0.11381442E-007  0.11381442E-007  0.11381442E-007  0.11381442E-007  0.11381442E-007  0.11381442E-007  0.11381442E-007  0.11381442E-007  0.11381442E-007  0.11381442E-007  0.11381442E-007  0.11381442E-007  0.11381442E-007  0.11381442E-007  0.11381442E-007  0.11381442E-007  0.11381442E-007  0.11381442E-007  0.11381442E-007
  0.10000000E+001  0.62216585E+000  0.11381442E-007  0.11381442E-007  0.11381442E-007  0.11381442E-007  0.11381442E-007  0.11381442E-007  0.11381442E-007  0.11381442E-007  0.11381442E-007  0.11381442E-007  0.11381442E-007  0.11381442E-007  0.11381442E-007  0.11381442E-007  0.11381442E-007  0.11381442E-007  0.11381442E-007  0.11381442E-007  0.11381442E-007  0.11381442E-007  0.11381442E-007  0.11381442E-007  0.11381442E-007  0.11381442E-007  0.11381442E-007  0.11381442E-007  0.11381442E-007  0.11381442E-007  0.11381442E-007  0.11381442E-007  0.11381442E-007  0.11381442E-007  0.11381442E-007
  0.62220727E+000  0.11381442E-007  0.11381442E-007  0.11381442E-007  0.11381442E-007  0.11381442E-007  0.11381442E-007  0.11381442E-007  0.11381442E-007  0.11381442E-007  0.11381442E-007  0.11381442E-007  0.11381442E-007  0.11381442E-007  0.11381442E-007  0.11381442E-007  0.11381442E-007  0.11381442E-007  0.11381442E-007  0.11381442E-007  0.11381442E-007  0.11381442E-007  0.11381442E-007  0.11381442E-007  0.11381442E-007  0.11381442E-007  0.11381442E-007  0.11381442E-007  0.11381442E-007  0.11381442E-007  0.11381442E-007  0.11381442E-007  0.11381442E-007  0.11381442E-007  0.11381442E-007
  0.62220727E+000  0.11381442E-007  0.10000000E+001  0.10000000E+001  0.62088323E+000  0.11381442E-007  0.11381442E-007  0.11381442E-007  0.11381442E-007  0.11381442E-007  0.11381442E-007  0.11381442E-007  0.11381442E-007  0.11381442E-007  0.11381442E-007  0.11381442E-007  0.11381442E-007  0.11381442E-007  0.11381442E-007  0.11381442E-007  0.11381442E-007  0.11381442E-007  0.11381442E-007  0.11381442E-007  0.11381442E-007  0.11381442E-007  0.11381442E-007  0.11381442E-007  0.11381442E-007  0.11381442E-007  0.11381442E-007  0.11381442E-007  0.11381442E-007  0.11381442E-007  0.11381442E-007
  0.10000000E+001  0.10000000E+001  0.10000000E+001  0.10000000E+001  0.62088323E+000  0.11381442E-007  0.11381442E-007  0.11381442E-007  0.11381442E-007  0.11381442E-007  0.11381442E-007  0.11381442E-007  0.11381442E-007  0.11381442E-007  0.11381442E-007  0.11381442E-007  0.11381442E-007  0.11381442E-007  0.11381442E-007  0.11381442E-007  0.11381442E-007  0.11381442E-007  0.11381442E-007  0.11381442E-007  0.11381442E-007  0.11381442E-007  0.11381442E-007  0.11381442E-007  0.11381442E-007  0.11381442E-007  0.11381442E-007  0.11381442E-007  0.11381442E-007  0.11381442E-007  0.11381442E-007
  0.10000000E+001  0.10000000E+001  0.10000000E+001  0.10000000E+001  0.62088323E+000  0.11381442E-007  0.11381442E-007  0.11381442E-007  0.11381442E-007  0.11381442E-007  0.11381442E-007  0.11381442E-007  0.11381442E-007  0.11381442E-007  0.11381442E-007  0.11381442E-007  0.11381442E-007  0.11381442E-007  0.11381442E-007  0.11381442E-007  0.11381442E-007  0.11381442E-007  0.11381442E-007  0.11381442E-007  0.11381442E-007  0.11381442E-007  0.11381442E-007  0.11381442E-007  0.11381442E-007  0.11381442E-007  0.11381442E-007  0.11381442E-007  0.11381442E-007  0.11381442E-007  0.11381442E-007
