  0.61748570E+000  0.85572490E-008  0.85572490E-008  0.85572490E-008  0.85572490E-008  0.85572490E-008  0.85572490E-008  0.85572490E-008  0.85572490E-008  0.85572490E-008  0.85572490E-008  0.85572490E-008  0.85572490E-008  0.85572490E-008  0.85572490E-008  0.85572490E-008  0.85572490E-008  0.85572490E-008  0.85572490E-008  0.85572490E-008  0.85572490E-008  0.85572490E-008  0.85572490E-008  0.85572490E-008  0.85572490E-008  0.85572490E-008  0.85572490E-008  0.85572490E-008  0.85572490E-008  0.85572490E-008  0.85572490E-008  0.85572490E-008  0.85572490E-008  0.85572490E-008  0.85572490E-008
  0.61748570E+000  0.85572490E-008  0.85572490E-008  0.85572490E-008  0.85572490E-008  0.85572490E-008  0.85572490E-008  0.85572490E-008  0.85572490E-008  0.85572490E-008  0.85572490E-008  0.85572490E-008  0.85572490E-008  0.85572490E-008  0.85572490E-008  0.85572490E-008  0.85572490E-008  0.85572490E-008  0.85572490E-008  0.85572490E-008  0.85572490E-008  0.85572490E-008  0.85572490E-008  0.85572490E-008  0.85572490E-008  0.85572490E-008  0.85572490E-008  0.85572490E-008  0.85572490E-008  0.85572490E-008  0.85572490E-008  0.85572490E-008  0.85572490E-008  0.85572490E-008  0.85572490E-008
  0.61748570E+000  0.85572490E-008  0.85572490E-008  0.85572490E-008  0.85572490E-008  0.85572490E-008  0.85572490E-008  0.85572490E-008  0.85572490E-008  0.85572490E-008  0.85572490E-008  0.85572490E-008  0.85572490E-008  0.85572490E-008  0.85572490E-008  0.85572490E-008  0.85572490E-008  0.85572490E-008  0.85572490E-008  0.85572490E-008  0.85572490E-008  0.85572490E-008  0.85572490E-008  0.85572490E-008  0.85572490E-008  0.85572490E-008  0.85572490E-008  0.85572490E-008  0.85572490E-008  0.85572490E-008  0.85572490E-008  0.85572490E-008  0.85572490E-008  0.85572490E-008  0.85572490E-008
  0.61748570E+000  0.85572490E-008  0.85572490E-008  0.85572490E-008  0.85572490E-008  0.85572490E-008  0.85572490E-008  0.85572490E-008  0.85572490E-008  0.85572490E-008  0.85572490E-008  0.85572490E-008  0.85572490E-008  0.85572490E-008  0.85572490E-008  0.85572490E-008  0.85572490E-008  0.85572490E-008  0.85572490E-008  0.85572490E-008  0.85572490E-008  0.85572490E-008  0.85572490E-008  0.85572490E-008  0.85572490E-008  0.85572490E-008  0.85572490E-008  0.85572490E-008  0.85572490E-008  0.85572490E-008  0.85572490E-008  0.85572490E-008  0.85572490E-008  0.85572490E-008  0.85572490E-008
  0.61748570E+000  0.85572490E-008  0.85572490E-008  0.85572490E-008  0.85572490E-008  0.85572490E-008  0.85572490E-008  0.85572490E-008  0.85572490E-008  0.85572490E-008  0.85572490E-008  0.85572490E-008  0.85572490E-008  0.85572490E-008  0.85572490E-008  0.85572490E-008  0.85572490E-008  0.85572490E-008  0.85572490E-008  0.85572490E-008  0.85572490E-008  0.85572490E-008  0.85572490E-008  0.85572490E-008  0.85572490E-008  0.85572490E-008  0.85572490E-008  0.85572490E-008  0.85572490E-008  0.85572490E-008  0.85572490E-008  0.85572490E-008  0.85572490E-008  0.85572490E-008  0.85572490E-008
  0.61748570E+000  0.85572490E-008  0.85572490E-008  0.85572490E-008  0.85572490E-008  0.85572490E-008  0.85572490E-008  0.85572490E-008  0.85572490E-008  0.85572490E-008  0.85572490E-008  0.85572490E-008  0.85572490E-008  0.85572490E-008  0.85572490E-008  0.85572490E-008  0.85572490E-008  0.85572490E-008  0.85572490E-008  0.85572490E-008  0.85572490E-008  0.85572490E-008  0.85572490E-008  0.85572490E-008  0.85572490E-008  0.85572490E-008  0.85572490E-008  0.85572490E-008  0.85572490E-008  0.85572490E-008  0.85572490E-008  0.85572490E-008  0.85572490E-008  0.85572490E-008  0.85572490E-008
  0.61748570E+000  0.85572490E-008  0.85572490E-008  0.85572490E-008  0.85572490E-008  0.85572490E-008  0.85572490E-008  0.85572490E-008  0.85572490E-008  0.85572490E-008  0.85572490E-008  0.85572490E-008  0.85572490E-008  0.85572490E-008  0.85572490E-008  0.85572490E-008  0.85572490E-008  0.85572490E-008  0.85572490E-008  0.85572490E-008  0.85572490E-008  0.85572490E-008  0.85572490E-008  0.85572490E-008  0.85572490E-008  0.85572490E-008  0.85572490E-008  0.85572490E-008  0.85572490E-008  0.85572490E-008  0.85572490E-008  0.85572490E-008  0.85572490E-008  0.85572490E-008  0.85572490E-008
  0.61748570E+000  0.85572490E-008  0.85572490E-008  0.85572490E-008  0.85572490E-008  0.85572490E-008  0.85572490E-008  0.85572490E-008  0.85572490E-008  0.85572490E-008  0.85572490E-008  0.85572490E-008  0.85572490E-008  0.85572490E-008  0.85572490E-008  0.85572490E-008  0.85572490E-008  0.85572490E-008  0.85572490E-008  0.85572490E-008  0.85572490E-008  0.85572490E-008  0.85572490E-008  0.85572490E-008  0.85572490E-008  0.85572490E-008  0.85572490E-008  0.85572490E-008  0.85572490E-008  0.85572490E-008  0.85572490E-008  0.85572490E-008  0.85572490E-008  0.85572490E-008  0.85572490E-008
  0.61748570E+000  0.85572490E-008  0.85572490E-008  0.85572490E-008  0.85572490E-008  0.85572490E-008  0.85572490E-008  0.85572490E-008  0.85572490E-008  0.85572490E-008  0.85572490E-008  0.85572490E-008  0.85572490E-008  0.85572490E-008  0.85572490E-008  0.85572490E-008  0.85572490E-008  0.85572490E-008  0.85572490E-008  0.85572490E-008  0.85572490E-008  0.85572490E-008  0.85572490E-008  0.85572490E-008  0.85572490E-008  0.85572490E-008  0.85572490E-008  0.85572490E-008  0.85572490E-008  0.85572490E-008  0.85572490E-008  0.85572490E-008  0.85572490E-008  0.85572490E-008  0.85572490E-008
  0.61748570E+000  0.85572490E-008  0.85572490E-008  0.85572490E-008  0.85572490E-008  0.85572490E-008  0.85572490E-008  0.85572490E-008  0.85572490E-008  0.85572490E-008  0.85572490E-008  0.85572490E-008  0.85572490E-008  0.85572490E-008  0.85572490E-008  0.85572490E-008  0.85572490E-008  0.85572490E-008  0.85572490E-008  0.85572490E-008  0.85572490E-008  0.85572490E-008  0.85572490E-008  0.85572490E-008  0.85572490E-008  0.85572490E-008  0.85572490E-008  0.85572490E-008  0.85572490E-008  0.85572490E-008  0.85572490E-008  0.85572490E-008  0.85572490E-008  0.85572490E-008  0.85572490E-008
  0.61748570E+000  0.85572490E-008  0.85572490E-008  0.85572490E-008  0.85572490E-008  0.85572490E-008  0.85572490E-008  0.85572490E-008  0.85572490E-008  0.85572490E-008  0.85572490E-008  0.85572490E-008  0.85572490E-008  0.85572490E-008  0.85572490E-008  0.85572490E-008  0.85572490E-008  0.85572490E-008  0.85572490E-008  0.85572490E-008  0.85572490E-008  0.85572490E-008  0.85572490E-008  0.85572490E-008  0.85572490E-008  0.85572490E-008  0.85572490E-008  0.85572490E-008  0.85572490E-008  0.85572490E-008  0.85572490E-008  0.85572490E-008  0.85572490E-008  0.85572490E-008  0.85572490E-008
  0.61748570E+000  0.85572490E-008  0.85572490E-008  0.85572490E-008  0.85572490E-008  0.85572490E-008  0.85572490E-008  0.85572490E-008  0.85572490E-008  0.85572490E-008  0.85572490E-008  0.85572490E-008  0.85572490E-008  0.85572490E-008  0.85572490E-008  0.85572490E-008  0.85572490E-008  0.85572490E-008  0.85572490E-008  0.85572490E-008  0.85572490E-008  0.85572490E-008  0.85572490E-008  0.85572490E-008  0.85572490E-008  0.85572490E-008  0.85572490E-008  0.85572490E-008  0.85572490E-008  0.85572490E-008  0.85572490E-008  0.85572490E-008  0.85572490E-008  0.85572490E-008  0.85572490E-008
  0.61748570E+000  0.85572490E-008  0.85572490E-008  0.85572490E-008  0.85572490E-008  0.85572490E-008  0.85572490E-008  0.85572490E-008  0.85572490E-008  0.85572490E-008  0.85572490E-008  0.85572490E-008  0.85572490E-008  0.85572490E-008  0.85572490E-008  0.85572490E-008  0.85572490E-008  0.85572490E-008  0.85572490E-008  0.85572490E-008  0.85572490E-008  0.85572490E-008  0.85572490E-008  0.85572490E-008  0.85572490E-008  0.85572490E-008  0.85572490E-008  0.85572490E-008  0.85572490E-008  0.85572490E-008  0.85572490E-008  0.85572490E-008  0.85572490E-008  0.85572490E-008  0.85572490E-008
  0.61748570E+000  0.85572490E-008  0.85572490E-008  0.85572490E-008  0.85572490E-008  0.85572490E-008  0.85572490E-008  0.85572490E-008  0.85572490E-008  0.85572490E-008  0.85572490E-008  0.85572490E-008  0.85572490E-008  0.85572490E-008  0.85572490E-008  0.85572490E-008  0.85572490E-008  0.85572490E-008  0.85572490E-008  0.85572490E-008  0.85572490E-008  0.85572490E-008  0.85572490E-008  0.85572490E-008  0.85572490E-008  0.85572490E-008  0.85572490E-008  0.85572490E-008  0.85572490E-008  0.85572490E-008  0.85572490E-008  0.85572490E-008  0.85572490E-008  0.85572490E-008  0.85572490E-008
  0.61748570E+000  0.85572490E-008  0.85572490E-008  0.85572490E-008  0.85572490E-008  0.85572490E-008  0.85572490E-008  0.85572490E-008  0.85572490E-008  0.85572490E-008  0.85572490E-008  0.85572490E-008  0.85572490E-008  0.85572490E-008  0.85572490E-008  0.85572490E-008  0.85572490E-008  0.85572490E-008  0.85572490E-008  0.85572490E-008  0.85572490E-008  0.85572490E-008  0.85572490E-008  0.85572490E-008  0.85572490E-008  0.85572490E-008  0.85572490E-008  0.85572490E-008  0.85572490E-008  0.85572490E-008  0.85572490E-008  0.85572490E-008  0.85572490E-008  0.85572490E-008  0.85572490E-008
  0.61748570E+000  0.85572490E-008  0.85572490E-008  0.85572490E-008  0.85572490E-008  0.85572490E-008  0.85572490E-008  0.85572490E-008  0.85572490E-008  0.85572490E-008  0.85572490E-008  0.85572490E-008  0.85572490E-008  0.85572490E-008  0.85572490E-008  0.85572490E-008  0.85572490E-008  0.85572490E-008  0.85572490E-008  0.85572490E-008  0.85572490E-008  0.85572490E-008  0.85572490E-008  0.85572490E-008  0.85572490E-008  0.85572490E-008  0.85572490E-008  0.85572490E-008  0.85572490E-008  0.85572490E-008  0.85572490E-008  0.85572490E-008  0.85572490E-008  0.85572490E-008  0.85572490E-008
  0.61748570E+000  0.85572490E-008  0.85572490E-008  0.85572490E-008  0.85572490E-008  0.85572490E-008  0.85572490E-008  0.85572490E-008  0.85572490E-008  0.85572490E-008  0.85572490E-008  0.85572490E-008  0.85572490E-008  0.85572490E-008  0.85572490E-008  0.85572490E-008  0.85572490E-008  0.85572490E-008  0.85572490E-008  0.85572490E-008  0.85572490E-008  0.85572490E-008  0.85572490E-008  0.85572490E-008  0.85572490E-008  0.85572490E-008  0.85572490E-008  0.85572490E-008  0.85572490E-008  0.85572490E-008  0.85572490E-008  0.85572490E-008  0.85572490E-008  0.85572490E-008  0.85572490E-008
  0.61748570E+000  0.85572490E-008  0.85572490E-008  0.85572490E-008  0.85572490E-008  0.85572490E-008  0.85572490E-008  0.85572490E-008  0.85572490E-008  0.85572490E-008  0.85572490E-008  0.85572490E-008  0.85572490E-008  0.85572490E-008  0.85572490E-008  0.85572490E-008  0.85572490E-008  0.85572490E-008  0.85572490E-008  0.85572490E-008  0.85572490E-008  0.85572490E-008  0.85572490E-008  0.85572490E-008  0.85572490E-008  0.85572490E-008  0.85572490E-008  0.85572490E-008  0.85572490E-008  0.85572490E-008  0.85572490E-008  0.85572490E-008  0.85572490E-008  0.85572490E-008  0.85572490E-008
  0.61748570E+000  0.85572490E-008  0.85572490E-008  0.85572490E-008  0.85572490E-008  0.85572490E-008  0.85572490E-008  0.85572490E-008  0.85572490E-008  0.85572490E-008  0.85572490E-008  0.85572490E-008  0.85572490E-008  0.85572490E-008  0.85572490E-008  0.85572490E-008  0.85572490E-008  0.85572490E-008  0.85572490E-008  0.85572490E-008  0.85572490E-008  0.85572490E-008  0.85572490E-008  0.85572490E-008  0.85572490E-008  0.85572490E-008  0.85572490E-008  0.85572490E-008  0.85572490E-008  0.85572490E-008  0.85572490E-008  0.85572490E-008  0.85572490E-008  0.85572490E-008  0.85572490E-008
  0.61748570E+000  0.85572490E-008  0.85572490E-008  0.85572490E-008  0.85572490E-008  0.85572490E-008  0.85572490E-008  0.85572490E-008  0.85572490E-008  0.85572490E-008  0.85572490E-008  0.85572490E-008  0.85572490E-008  0.85572490E-008  0.85572490E-008  0.85572490E-008  0.85572490E-008  0.85572490E-008  0.85572490E-008  0.85572490E-008  0.85572490E-008  0.85572490E-008  0.85572490E-008  0.85572490E-008  0.85572490E-008  0.85572490E-008  0.85572490E-008  0.85572490E-008  0.85572490E-008  0.85572490E-008  0.85572490E-008  0.85572490E-008  0.85572490E-008  0.85572490E-008  0.85572490E-008
  0.61748570E+000  0.85572490E-008  0.85572490E-008  0.85572490E-008  0.85572490E-008  0.85572490E-008  0.85572490E-008  0.85572490E-008  0.85572490E-008  0.85572490E-008  0.85572490E-008  0.85572490E-008  0.85572490E-008  0.85572490E-008  0.85572490E-008  0.85572490E-008  0.85572490E-008  0.85572490E-008  0.85572490E-008  0.85572490E-008  0.85572490E-008  0.85572490E-008  0.85572490E-008  0.85572490E-008  0.85572490E-008  0.85572490E-008  0.85572490E-008  0.85572490E-008  0.85572490E-008  0.85572490E-008  0.85572490E-008  0.85572490E-008  0.85572490E-008  0.85572490E-008  0.85572490E-008
  0.61748570E+000  0.85572490E-008  0.85572490E-008  0.85572490E-008  0.85572490E-008  0.85572490E-008  0.85572490E-008  0.85572490E-008  0.85572490E-008  0.85572490E-008  0.85572490E-008  0.85572490E-008  0.85572490E-008  0.85572490E-008  0.85572490E-008  0.85572490E-008  0.85572490E-008  0.85572490E-008  0.85572490E-008  0.85572490E-008  0.85572490E-008  0.85572490E-008  0.85572490E-008  0.85572490E-008  0.85572490E-008  0.85572490E-008  0.85572490E-008  0.85572490E-008  0.85572490E-008  0.85572490E-008  0.85572490E-008  0.85572490E-008  0.85572490E-008  0.85572490E-008  0.85572490E-008
  0.61748570E+000  0.85572490E-008  0.85572490E-008  0.85572490E-008  0.85572490E-008  0.85572490E-008  0.85572490E-008  0.85572490E-008  0.85572490E-008  0.85572490E-008  0.85572490E-008  0.85572490E-008  0.85572490E-008  0.85572490E-008  0.85572490E-008  0.85572490E-008  0.85572490E-008  0.85572490E-008  0.85572490E-008  0.85572490E-008  0.85572490E-008  0.85572490E-008  0.85572490E-008  0.85572490E-008  0.85572490E-008  0.85572490E-008  0.85572490E-008  0.85572490E-008  0.85572490E-008  0.85572490E-008  0.85572490E-008  0.85572490E-008  0.85572490E-008  0.85572490E-008  0.85572490E-008
  0.61748570E+000  0.10000000E+001  0.10000000E+001  0.10000000E+001  0.10000000E+001  0.10000000E+001  0.10000000E+001  0.61225210E+000  0.85572490E-008  0.85572490E-008  0.85572490E-008  0.10000000E+001  0.10000000E+001  0.61114505E+000  0.85572490E-008  0.85572490E-008  0.85572490E-008  0.85572490E-008  0.85572490E-008  0.85572490E-008  0.85572490E-008  0.85572490E-008  0.85572490E-008  0.85572490E-008  0.85572490E-008  0.85572490E-008  0.85572490E-008  0.85572490E-008  0.85572490E-008  0.85572490E-008  0.85572490E-008  0.85572490E-008  0.85572490E-008  0.85572490E-008  0.85572490E-008
  0.61748570E+000  0.85572490E-008  0.85572490E-008  0.85572490E-008  0.85572490E-008  0.85572490E-008  0.85572490E-008  0.10000000E+001  0.10000000E+001  0.10000000E+001  0.61140870E+000  0.85572490E-008  0.85572490E-008  0.85572490E-008  0.85572490E-008  0.85572490E-008  0.85572490E-008  0.10000000E+001  0.60707863E+000  0.85572490E-008  0.85572490E-008  0.85572490E-008  0.85572490E-008  0.85572490E-008  0.10000000E+001  0.10000000E+001  0.10000000E+001  0.10000000E+001  0.10000000E+001  0.56227973E+000  0.85572490E-008  0.85572490E-008  0.85572490E-008  0.85572490E-008  0.85572490E-008
