  0.62010070E+000  0.99235296E-008  0.99235296E-008  0.99235296E-008  0.99235296E-008  0.99235296E-008  0.99235296E-008  0.99235296E-008  0.99235296E-008  0.99235296E-008  0.99235296E-008  0.99235296E-008  0.99235296E-008  0.99235296E-008  0.99235296E-008  0.99235296E-008  0.99235296E-008  0.99235296E-008  0.99235296E-008  0.99235296E-008  0.99235296E-008  0.99235296E-008  0.99235296E-008  0.99235296E-008  0.99235296E-008  0.99235296E-008  0.99235296E-008  0.99235296E-008  0.99235296E-008  0.99235296E-008  0.99235296E-008  0.99235296E-008  0.99235296E-008  0.99235296E-008  0.99235296E-008
  0.62010070E+000  0.99235296E-008  0.99235296E-008  0.99235296E-008  0.99235296E-008  0.99235296E-008  0.99235296E-008  0.99235296E-008  0.99235296E-008  0.99235296E-008  0.99235296E-008  0.99235296E-008  0.99235296E-008  0.99235296E-008  0.99235296E-008  0.99235296E-008  0.99235296E-008  0.99235296E-008  0.99235296E-008  0.99235296E-008  0.99235296E-008  0.99235296E-008  0.99235296E-008  0.99235296E-008  0.99235296E-008  0.99235296E-008  0.99235296E-008  0.99235296E-008  0.99235296E-008  0.99235296E-008  0.99235296E-008  0.99235296E-008  0.99235296E-008  0.99235296E-008  0.99235296E-008
  0.62010070E+000  0.99235296E-008  0.99235296E-008  0.99235296E-008  0.99235296E-008  0.99235296E-008  0.99235296E-008  0.99235296E-008  0.99235296E-008  0.99235296E-008  0.99235296E-008  0.99235296E-008  0.99235296E-008  0.99235296E-008  0.99235296E-008  0.99235296E-008  0.99235296E-008  0.99235296E-008  0.99235296E-008  0.99235296E-008  0.99235296E-008  0.99235296E-008  0.99235296E-008  0.99235296E-008  0.99235296E-008  0.99235296E-008  0.99235296E-008  0.99235296E-008  0.99235296E-008  0.99235296E-008  0.99235296E-008  0.99235296E-008  0.99235296E-008  0.99235296E-008  0.99235296E-008
  0.62010070E+000  0.99235296E-008  0.99235296E-008  0.99235296E-008  0.99235296E-008  0.99235296E-008  0.99235296E-008  0.99235296E-008  0.99235296E-008  0.99235296E-008  0.99235296E-008  0.99235296E-008  0.99235296E-008  0.99235296E-008  0.99235296E-008  0.99235296E-008  0.99235296E-008  0.99235296E-008  0.99235296E-008  0.99235296E-008  0.99235296E-008  0.99235296E-008  0.99235296E-008  0.99235296E-008  0.99235296E-008  0.99235296E-008  0.99235296E-008  0.99235296E-008  0.99235296E-008  0.99235296E-008  0.99235296E-008  0.99235296E-008  0.99235296E-008  0.99235296E-008  0.99235296E-008
  0.62010070E+000  0.99235296E-008  0.99235296E-008  0.99235296E-008  0.99235296E-008  0.99235296E-008  0.99235296E-008  0.99235296E-008  0.99235296E-008  0.99235296E-008  0.99235296E-008  0.99235296E-008  0.99235296E-008  0.99235296E-008  0.99235296E-008  0.99235296E-008  0.99235296E-008  0.99235296E-008  0.99235296E-008  0.99235296E-008  0.99235296E-008  0.99235296E-008  0.99235296E-008  0.99235296E-008  0.99235296E-008  0.99235296E-008  0.99235296E-008  0.99235296E-008  0.99235296E-008  0.99235296E-008  0.99235296E-008  0.99235296E-008  0.99235296E-008  0.99235296E-008  0.99235296E-008
  0.62010070E+000  0.99235296E-008  0.99235296E-008  0.99235296E-008  0.99235296E-008  0.99235296E-008  0.99235296E-008  0.99235296E-008  0.99235296E-008  0.99235296E-008  0.99235296E-008  0.99235296E-008  0.99235296E-008  0.99235296E-008  0.99235296E-008  0.99235296E-008  0.99235296E-008  0.99235296E-008  0.99235296E-008  0.99235296E-008  0.99235296E-008  0.99235296E-008  0.99235296E-008  0.99235296E-008  0.99235296E-008  0.99235296E-008  0.99235296E-008  0.99235296E-008  0.99235296E-008  0.99235296E-008  0.99235296E-008  0.99235296E-008  0.99235296E-008  0.99235296E-008  0.99235296E-008
  0.62010070E+000  0.99235296E-008  0.99235296E-008  0.99235296E-008  0.99235296E-008  0.99235296E-008  0.99235296E-008  0.99235296E-008  0.99235296E-008  0.99235296E-008  0.99235296E-008  0.99235296E-008  0.99235296E-008  0.99235296E-008  0.99235296E-008  0.99235296E-008  0.99235296E-008  0.99235296E-008  0.99235296E-008  0.99235296E-008  0.99235296E-008  0.99235296E-008  0.99235296E-008  0.99235296E-008  0.99235296E-008  0.99235296E-008  0.99235296E-008  0.99235296E-008  0.99235296E-008  0.99235296E-008  0.99235296E-008  0.99235296E-008  0.99235296E-008  0.99235296E-008  0.99235296E-008
  0.62010070E+000  0.99235296E-008  0.99235296E-008  0.99235296E-008  0.99235296E-008  0.99235296E-008  0.99235296E-008  0.99235296E-008  0.99235296E-008  0.99235296E-008  0.99235296E-008  0.99235296E-008  0.99235296E-008  0.99235296E-008  0.99235296E-008  0.99235296E-008  0.99235296E-008  0.99235296E-008  0.99235296E-008  0.99235296E-008  0.99235296E-008  0.99235296E-008  0.99235296E-008  0.99235296E-008  0.99235296E-008  0.99235296E-008  0.99235296E-008  0.99235296E-008  0.99235296E-008  0.99235296E-008  0.99235296E-008  0.99235296E-008  0.99235296E-008  0.99235296E-008  0.99235296E-008
  0.62010070E+000  0.99235296E-008  0.99235296E-008  0.99235296E-008  0.99235296E-008  0.99235296E-008  0.99235296E-008  0.99235296E-008  0.99235296E-008  0.99235296E-008  0.99235296E-008  0.99235296E-008  0.99235296E-008  0.99235296E-008  0.99235296E-008  0.99235296E-008  0.99235296E-008  0.99235296E-008  0.99235296E-008  0.99235296E-008  0.99235296E-008  0.99235296E-008  0.99235296E-008  0.99235296E-008  0.99235296E-008  0.99235296E-008  0.99235296E-008  0.99235296E-008  0.99235296E-008  0.99235296E-008  0.99235296E-008  0.99235296E-008  0.99235296E-008  0.99235296E-008  0.99235296E-008
  0.62010070E+000  0.99235296E-008  0.99235296E-008  0.99235296E-008  0.99235296E-008  0.99235296E-008  0.99235296E-008  0.99235296E-008  0.99235296E-008  0.99235296E-008  0.99235296E-008  0.99235296E-008  0.99235296E-008  0.99235296E-008  0.99235296E-008  0.99235296E-008  0.99235296E-008  0.99235296E-008  0.99235296E-008  0.99235296E-008  0.99235296E-008  0.99235296E-008  0.99235296E-008  0.99235296E-008  0.99235296E-008  0.99235296E-008  0.99235296E-008  0.99235296E-008  0.99235296E-008  0.99235296E-008  0.99235296E-008  0.99235296E-008  0.99235296E-008  0.99235296E-008  0.99235296E-008
  0.62010070E+000  0.99235296E-008  0.99235296E-008  0.99235296E-008  0.99235296E-008  0.99235296E-008  0.99235296E-008  0.99235296E-008  0.99235296E-008  0.99235296E-008  0.99235296E-008  0.99235296E-008  0.99235296E-008  0.99235296E-008  0.99235296E-008  0.99235296E-008  0.99235296E-008  0.99235296E-008  0.99235296E-008  0.99235296E-008  0.99235296E-008  0.99235296E-008  0.99235296E-008  0.99235296E-008  0.99235296E-008  0.99235296E-008  0.99235296E-008  0.99235296E-008  0.99235296E-008  0.99235296E-008  0.99235296E-008  0.99235296E-008  0.99235296E-008  0.99235296E-008  0.99235296E-008
  0.62010070E+000  0.99235296E-008  0.99235296E-008  0.99235296E-008  0.99235296E-008  0.99235296E-008  0.99235296E-008  0.99235296E-008  0.99235296E-008  0.99235296E-008  0.99235296E-008  0.99235296E-008  0.99235296E-008  0.99235296E-008  0.99235296E-008  0.99235296E-008  0.99235296E-008  0.99235296E-008  0.99235296E-008  0.99235296E-008  0.99235296E-008  0.99235296E-008  0.99235296E-008  0.99235296E-008  0.99235296E-008  0.99235296E-008  0.99235296E-008  0.99235296E-008  0.99235296E-008  0.99235296E-008  0.99235296E-008  0.99235296E-008  0.99235296E-008  0.99235296E-008  0.99235296E-008
  0.62010070E+000  0.99235296E-008  0.99235296E-008  0.99235296E-008  0.99235296E-008  0.99235296E-008  0.99235296E-008  0.99235296E-008  0.99235296E-008  0.99235296E-008  0.99235296E-008  0.99235296E-008  0.99235296E-008  0.99235296E-008  0.99235296E-008  0.99235296E-008  0.99235296E-008  0.99235296E-008  0.99235296E-008  0.99235296E-008  0.99235296E-008  0.99235296E-008  0.99235296E-008  0.99235296E-008  0.99235296E-008  0.99235296E-008  0.99235296E-008  0.99235296E-008  0.99235296E-008  0.99235296E-008  0.99235296E-008  0.99235296E-008  0.99235296E-008  0.99235296E-008  0.99235296E-008
  0.62010070E+000  0.99235296E-008  0.99235296E-008  0.99235296E-008  0.99235296E-008  0.99235296E-008  0.99235296E-008  0.99235296E-008  0.99235296E-008  0.99235296E-008  0.99235296E-008  0.99235296E-008  0.99235296E-008  0.99235296E-008  0.99235296E-008  0.99235296E-008  0.99235296E-008  0.99235296E-008  0.99235296E-008  0.99235296E-008  0.99235296E-008  0.99235296E-008  0.99235296E-008  0.99235296E-008  0.99235296E-008  0.99235296E-008  0.99235296E-008  0.99235296E-008  0.99235296E-008  0.99235296E-008  0.99235296E-008  0.99235296E-008  0.99235296E-008  0.99235296E-008  0.99235296E-008
  0.62010070E+000  0.99235296E-008  0.99235296E-008  0.99235296E-008  0.99235296E-008  0.99235296E-008  0.99235296E-008  0.99235296E-008  0.99235296E-008  0.99235296E-008  0.99235296E-008  0.99235296E-008  0.99235296E-008  0.99235296E-008  0.99235296E-008  0.99235296E-008  0.99235296E-008  0.99235296E-008  0.99235296E-008  0.99235296E-008  0.99235296E-008  0.99235296E-008  0.99235296E-008  0.99235296E-008  0.99235296E-008  0.99235296E-008  0.99235296E-008  0.99235296E-008  0.99235296E-008  0.99235296E-008  0.99235296E-008  0.99235296E-008  0.99235296E-008  0.99235296E-008  0.99235296E-008
  0.62010070E+000  0.99235296E-008  0.99235296E-008  0.99235296E-008  0.99235296E-008  0.99235296E-008  0.99235296E-008  0.99235296E-008  0.99235296E-008  0.99235296E-008  0.99235296E-008  0.99235296E-008  0.99235296E-008  0.99235296E-008  0.99235296E-008  0.99235296E-008  0.99235296E-008  0.99235296E-008  0.99235296E-008  0.99235296E-008  0.99235296E-008  0.99235296E-008  0.99235296E-008  0.99235296E-008  0.99235296E-008  0.99235296E-008  0.99235296E-008  0.99235296E-008  0.99235296E-008  0.99235296E-008  0.99235296E-008  0.99235296E-008  0.99235296E-008  0.99235296E-008  0.99235296E-008
  0.62010070E+000  0.99235296E-008  0.99235296E-008  0.99235296E-008  0.99235296E-008  0.99235296E-008  0.99235296E-008  0.99235296E-008  0.99235296E-008  0.99235296E-008  0.99235296E-008  0.99235296E-008  0.99235296E-008  0.99235296E-008  0.99235296E-008  0.99235296E-008  0.99235296E-008  0.99235296E-008  0.99235296E-008  0.99235296E-008  0.99235296E-008  0.99235296E-008  0.99235296E-008  0.99235296E-008  0.99235296E-008  0.99235296E-008  0.99235296E-008  0.99235296E-008  0.99235296E-008  0.99235296E-008  0.99235296E-008  0.99235296E-008  0.99235296E-008  0.99235296E-008  0.99235296E-008
  0.62010070E+000  0.99235296E-008  0.99235296E-008  0.99235296E-008  0.99235296E-008  0.99235296E-008  0.99235296E-008  0.99235296E-008  0.99235296E-008  0.99235296E-008  0.99235296E-008  0.99235296E-008  0.99235296E-008  0.99235296E-008  0.99235296E-008  0.99235296E-008  0.99235296E-008  0.99235296E-008  0.99235296E-008  0.99235296E-008  0.99235296E-008  0.99235296E-008  0.99235296E-008  0.99235296E-008  0.99235296E-008  0.99235296E-008  0.99235296E-008  0.99235296E-008  0.99235296E-008  0.99235296E-008  0.99235296E-008  0.99235296E-008  0.99235296E-008  0.99235296E-008  0.99235296E-008
  0.62010070E+000  0.99235296E-008  0.99235296E-008  0.99235296E-008  0.99235296E-008  0.99235296E-008  0.99235296E-008  0.99235296E-008  0.99235296E-008  0.99235296E-008  0.99235296E-008  0.99235296E-008  0.99235296E-008  0.99235296E-008  0.99235296E-008  0.99235296E-008  0.99235296E-008  0.99235296E-008  0.99235296E-008  0.99235296E-008  0.99235296E-008  0.99235296E-008  0.99235296E-008  0.99235296E-008  0.99235296E-008  0.99235296E-008  0.99235296E-008  0.99235296E-008  0.99235296E-008  0.99235296E-008  0.99235296E-008  0.99235296E-008  0.99235296E-008  0.99235296E-008  0.99235296E-008
  0.62010070E+000  0.99235296E-008  0.99235296E-008  0.99235296E-008  0.99235296E-008  0.99235296E-008  0.99235296E-008  0.99235296E-008  0.99235296E-008  0.99235296E-008  0.99235296E-008  0.99235296E-008  0.99235296E-008  0.99235296E-008  0.99235296E-008  0.99235296E-008  0.99235296E-008  0.99235296E-008  0.99235296E-008  0.99235296E-008  0.99235296E-008  0.99235296E-008  0.99235296E-008  0.99235296E-008  0.99235296E-008  0.99235296E-008  0.99235296E-008  0.99235296E-008  0.99235296E-008  0.99235296E-008  0.99235296E-008  0.99235296E-008  0.99235296E-008  0.99235296E-008  0.99235296E-008
  0.62010070E+000  0.99235296E-008  0.99235296E-008  0.99235296E-008  0.99235296E-008  0.99235296E-008  0.99235296E-008  0.99235296E-008  0.99235296E-008  0.99235296E-008  0.99235296E-008  0.99235296E-008  0.99235296E-008  0.99235296E-008  0.99235296E-008  0.99235296E-008  0.99235296E-008  0.99235296E-008  0.99235296E-008  0.99235296E-008  0.99235296E-008  0.99235296E-008  0.99235296E-008  0.99235296E-008  0.99235296E-008  0.99235296E-008  0.99235296E-008  0.99235296E-008  0.99235296E-008  0.99235296E-008  0.99235296E-008  0.99235296E-008  0.99235296E-008  0.99235296E-008  0.99235296E-008
  0.62010070E+000  0.99235296E-008  0.99235296E-008  0.99235296E-008  0.99235296E-008  0.99235296E-008  0.99235296E-008  0.99235296E-008  0.99235296E-008  0.99235296E-008  0.99235296E-008  0.99235296E-008  0.99235296E-008  0.99235296E-008  0.99235296E-008  0.99235296E-008  0.99235296E-008  0.99235296E-008  0.99235296E-008  0.99235296E-008  0.99235296E-008  0.99235296E-008  0.99235296E-008  0.99235296E-008  0.99235296E-008  0.99235296E-008  0.99235296E-008  0.99235296E-008  0.99235296E-008  0.99235296E-008  0.99235296E-008  0.99235296E-008  0.99235296E-008  0.99235296E-008  0.99235296E-008
  0.10000000E+001  0.10000000E+001  0.10000000E+001  0.10000000E+001  0.10000000E+001  0.10000000E+001  0.10000000E+001  0.10000000E+001  0.10000000E+001  0.10000000E+001  0.10000000E+001  0.10000000E+001  0.61476071E+000  0.99235296E-008  0.99235296E-008  0.99235296E-008  0.99235296E-008  0.99235296E-008  0.99235296E-008  0.99235296E-008  0.99235296E-008  0.99235296E-008  0.99235296E-008  0.99235296E-008  0.99235296E-008  0.99235296E-008  0.99235296E-008  0.99235296E-008  0.99235296E-008  0.99235296E-008  0.99235296E-008  0.99235296E-008  0.99235296E-008  0.99235296E-008  0.99235296E-008
  0.62010070E+000  0.99235296E-008  0.99235296E-008  0.99235296E-008  0.99235296E-008  0.99235296E-008  0.99235296E-008  0.10000000E+001  0.10000000E+001  0.10000000E+001  0.10000000E+001  0.10000000E+001  0.61476071E+000  0.99235296E-008  0.99235296E-008  0.99235296E-008  0.99235296E-008  0.99235296E-008  0.99235296E-008  0.99235296E-008  0.99235296E-008  0.99235296E-008  0.99235296E-008  0.99235296E-008  0.99235296E-008  0.99235296E-008  0.99235296E-008  0.99235296E-008  0.99235296E-008  0.99235296E-008  0.99235296E-008  0.99235296E-008  0.99235296E-008  0.99235296E-008  0.99235296E-008
  0.62010070E+000  0.99235296E-008  0.99235296E-008  0.10000000E+001  0.10000000E+001  0.10000000E+001  0.61633543E+000  0.10000000E+001  0.10000000E+001  0.10000000E+001  0.61483254E+000  0.99235296E-008  0.99235296E-008  0.99235296E-008  0.99235296E-008  0.99235296E-008  0.99235296E-008  0.99235296E-008  0.99235296E-008  0.99235296E-008  0.99235296E-008  0.99235296E-008  0.99235296E-008  0.99235296E-008  0.99235296E-008  0.99235296E-008  0.99235296E-008  0.99235296E-008  0.99235296E-008  0.99235296E-008  0.99235296E-008  0.99235296E-008  0.99235296E-008  0.99235296E-008  0.99235296E-008
