  0.59717812E+000  0.40918683E-008  0.40918683E-008  0.40918683E-008  0.40918683E-008  0.40918683E-008  0.40918683E-008  0.40918683E-008  0.40918683E-008  0.40918683E-008  0.40918683E-008  0.40918683E-008  0.40918683E-008  0.40918683E-008  0.40918683E-008  0.40918683E-008  0.40918683E-008  0.40918683E-008  0.40918683E-008  0.40918683E-008  0.40918683E-008  0.40918683E-008  0.40918683E-008  0.40918683E-008  0.40918683E-008  0.40918683E-008  0.40918683E-008  0.40918683E-008  0.40918683E-008  0.40918683E-008  0.40918683E-008  0.40918683E-008  0.40918683E-008  0.40918683E-008  0.40918683E-008
  0.59717812E+000  0.40918683E-008  0.40918683E-008  0.40918683E-008  0.40918683E-008  0.40918683E-008  0.40918683E-008  0.40918683E-008  0.40918683E-008  0.40918683E-008  0.40918683E-008  0.40918683E-008  0.40918683E-008  0.40918683E-008  0.40918683E-008  0.40918683E-008  0.40918683E-008  0.40918683E-008  0.40918683E-008  0.40918683E-008  0.40918683E-008  0.40918683E-008  0.40918683E-008  0.40918683E-008  0.40918683E-008  0.40918683E-008  0.40918683E-008  0.40918683E-008  0.40918683E-008  0.40918683E-008  0.40918683E-008  0.40918683E-008  0.40918683E-008  0.40918683E-008  0.40918683E-008
  0.59717812E+000  0.40918683E-008  0.40918683E-008  0.40918683E-008  0.40918683E-008  0.40918683E-008  0.40918683E-008  0.40918683E-008  0.40918683E-008  0.40918683E-008  0.40918683E-008  0.40918683E-008  0.40918683E-008  0.40918683E-008  0.40918683E-008  0.40918683E-008  0.40918683E-008  0.40918683E-008  0.40918683E-008  0.40918683E-008  0.40918683E-008  0.40918683E-008  0.40918683E-008  0.40918683E-008  0.40918683E-008  0.40918683E-008  0.40918683E-008  0.40918683E-008  0.40918683E-008  0.40918683E-008  0.40918683E-008  0.40918683E-008  0.40918683E-008  0.40918683E-008  0.40918683E-008
  0.59717812E+000  0.40918683E-008  0.40918683E-008  0.40918683E-008  0.40918683E-008  0.40918683E-008  0.40918683E-008  0.40918683E-008  0.40918683E-008  0.40918683E-008  0.40918683E-008  0.40918683E-008  0.40918683E-008  0.40918683E-008  0.40918683E-008  0.40918683E-008  0.40918683E-008  0.40918683E-008  0.40918683E-008  0.40918683E-008  0.40918683E-008  0.40918683E-008  0.40918683E-008  0.40918683E-008  0.40918683E-008  0.40918683E-008  0.40918683E-008  0.40918683E-008  0.40918683E-008  0.40918683E-008  0.40918683E-008  0.40918683E-008  0.40918683E-008  0.40918683E-008  0.40918683E-008
  0.59717812E+000  0.40918683E-008  0.40918683E-008  0.40918683E-008  0.40918683E-008  0.40918683E-008  0.40918683E-008  0.40918683E-008  0.40918683E-008  0.40918683E-008  0.40918683E-008  0.40918683E-008  0.40918683E-008  0.40918683E-008  0.40918683E-008  0.40918683E-008  0.40918683E-008  0.40918683E-008  0.40918683E-008  0.40918683E-008  0.40918683E-008  0.40918683E-008  0.40918683E-008  0.40918683E-008  0.40918683E-008  0.40918683E-008  0.40918683E-008  0.40918683E-008  0.40918683E-008  0.40918683E-008  0.40918683E-008  0.40918683E-008  0.40918683E-008  0.40918683E-008  0.40918683E-008
  0.59717812E+000  0.40918683E-008  0.40918683E-008  0.40918683E-008  0.40918683E-008  0.40918683E-008  0.40918683E-008  0.40918683E-008  0.40918683E-008  0.40918683E-008  0.40918683E-008  0.40918683E-008  0.40918683E-008  0.40918683E-008  0.40918683E-008  0.40918683E-008  0.40918683E-008  0.40918683E-008  0.40918683E-008  0.40918683E-008  0.40918683E-008  0.40918683E-008  0.40918683E-008  0.40918683E-008  0.40918683E-008  0.40918683E-008  0.40918683E-008  0.40918683E-008  0.40918683E-008  0.40918683E-008  0.40918683E-008  0.40918683E-008  0.40918683E-008  0.40918683E-008  0.40918683E-008
  0.59717812E+000  0.40918683E-008  0.40918683E-008  0.40918683E-008  0.40918683E-008  0.40918683E-008  0.40918683E-008  0.40918683E-008  0.40918683E-008  0.40918683E-008  0.40918683E-008  0.40918683E-008  0.40918683E-008  0.40918683E-008  0.40918683E-008  0.40918683E-008  0.40918683E-008  0.40918683E-008  0.40918683E-008  0.40918683E-008  0.40918683E-008  0.40918683E-008  0.40918683E-008  0.40918683E-008  0.40918683E-008  0.40918683E-008  0.40918683E-008  0.40918683E-008  0.40918683E-008  0.40918683E-008  0.40918683E-008  0.40918683E-008  0.40918683E-008  0.40918683E-008  0.40918683E-008
  0.59717812E+000  0.40918683E-008  0.40918683E-008  0.40918683E-008  0.40918683E-008  0.40918683E-008  0.40918683E-008  0.40918683E-008  0.40918683E-008  0.40918683E-008  0.40918683E-008  0.40918683E-008  0.40918683E-008  0.40918683E-008  0.40918683E-008  0.40918683E-008  0.40918683E-008  0.40918683E-008  0.40918683E-008  0.40918683E-008  0.40918683E-008  0.40918683E-008  0.40918683E-008  0.40918683E-008  0.40918683E-008  0.40918683E-008  0.40918683E-008  0.40918683E-008  0.40918683E-008  0.40918683E-008  0.40918683E-008  0.40918683E-008  0.40918683E-008  0.40918683E-008  0.40918683E-008
  0.59717812E+000  0.40918683E-008  0.40918683E-008  0.40918683E-008  0.40918683E-008  0.40918683E-008  0.40918683E-008  0.40918683E-008  0.40918683E-008  0.40918683E-008  0.40918683E-008  0.40918683E-008  0.40918683E-008  0.40918683E-008  0.40918683E-008  0.40918683E-008  0.40918683E-008  0.40918683E-008  0.40918683E-008  0.40918683E-008  0.40918683E-008  0.40918683E-008  0.40918683E-008  0.40918683E-008  0.40918683E-008  0.40918683E-008  0.40918683E-008  0.40918683E-008  0.40918683E-008  0.40918683E-008  0.40918683E-008  0.40918683E-008  0.40918683E-008  0.40918683E-008  0.40918683E-008
  0.59717812E+000  0.40918683E-008  0.40918683E-008  0.40918683E-008  0.40918683E-008  0.40918683E-008  0.40918683E-008  0.40918683E-008  0.40918683E-008  0.40918683E-008  0.40918683E-008  0.40918683E-008  0.40918683E-008  0.40918683E-008  0.40918683E-008  0.40918683E-008  0.40918683E-008  0.40918683E-008  0.40918683E-008  0.40918683E-008  0.40918683E-008  0.40918683E-008  0.40918683E-008  0.40918683E-008  0.40918683E-008  0.40918683E-008  0.40918683E-008  0.40918683E-008  0.40918683E-008  0.40918683E-008  0.40918683E-008  0.40918683E-008  0.40918683E-008  0.40918683E-008  0.40918683E-008
  0.59717812E+000  0.40918683E-008  0.40918683E-008  0.40918683E-008  0.40918683E-008  0.40918683E-008  0.40918683E-008  0.40918683E-008  0.40918683E-008  0.40918683E-008  0.40918683E-008  0.40918683E-008  0.40918683E-008  0.40918683E-008  0.40918683E-008  0.40918683E-008  0.40918683E-008  0.40918683E-008  0.40918683E-008  0.40918683E-008  0.40918683E-008  0.40918683E-008  0.40918683E-008  0.40918683E-008  0.40918683E-008  0.40918683E-008  0.40918683E-008  0.40918683E-008  0.40918683E-008  0.40918683E-008  0.40918683E-008  0.40918683E-008  0.40918683E-008  0.40918683E-008  0.40918683E-008
  0.59717812E+000  0.40918683E-008  0.40918683E-008  0.40918683E-008  0.40918683E-008  0.40918683E-008  0.40918683E-008  0.40918683E-008  0.40918683E-008  0.40918683E-008  0.40918683E-008  0.40918683E-008  0.40918683E-008  0.40918683E-008  0.40918683E-008  0.40918683E-008  0.40918683E-008  0.40918683E-008  0.40918683E-008  0.40918683E-008  0.40918683E-008  0.40918683E-008  0.40918683E-008  0.40918683E-008  0.40918683E-008  0.40918683E-008  0.40918683E-008  0.40918683E-008  0.40918683E-008  0.40918683E-008  0.40918683E-008  0.40918683E-008  0.40918683E-008  0.40918683E-008  0.40918683E-008
  0.59717812E+000  0.40918683E-008  0.40918683E-008  0.40918683E-008  0.40918683E-008  0.40918683E-008  0.40918683E-008  0.40918683E-008  0.40918683E-008  0.40918683E-008  0.40918683E-008  0.40918683E-008  0.40918683E-008  0.40918683E-008  0.40918683E-008  0.40918683E-008  0.40918683E-008  0.40918683E-008  0.40918683E-008  0.40918683E-008  0.40918683E-008  0.40918683E-008  0.40918683E-008  0.40918683E-008  0.40918683E-008  0.40918683E-008  0.40918683E-008  0.40918683E-008  0.40918683E-008  0.40918683E-008  0.40918683E-008  0.40918683E-008  0.40918683E-008  0.40918683E-008  0.40918683E-008
  0.59717812E+000  0.40918683E-008  0.40918683E-008  0.40918683E-008  0.40918683E-008  0.40918683E-008  0.40918683E-008  0.40918683E-008  0.40918683E-008  0.40918683E-008  0.40918683E-008  0.40918683E-008  0.40918683E-008  0.40918683E-008  0.40918683E-008  0.40918683E-008  0.40918683E-008  0.40918683E-008  0.40918683E-008  0.40918683E-008  0.40918683E-008  0.40918683E-008  0.40918683E-008  0.40918683E-008  0.40918683E-008  0.40918683E-008  0.40918683E-008  0.40918683E-008  0.40918683E-008  0.40918683E-008  0.40918683E-008  0.40918683E-008  0.40918683E-008  0.40918683E-008  0.40918683E-008
  0.59717812E+000  0.40918683E-008  0.40918683E-008  0.40918683E-008  0.40918683E-008  0.40918683E-008  0.40918683E-008  0.40918683E-008  0.40918683E-008  0.40918683E-008  0.40918683E-008  0.40918683E-008  0.40918683E-008  0.40918683E-008  0.40918683E-008  0.40918683E-008  0.40918683E-008  0.40918683E-008  0.40918683E-008  0.40918683E-008  0.40918683E-008  0.40918683E-008  0.40918683E-008  0.40918683E-008  0.40918683E-008  0.40918683E-008  0.40918683E-008  0.40918683E-008  0.40918683E-008  0.40918683E-008  0.40918683E-008  0.40918683E-008  0.40918683E-008  0.40918683E-008  0.40918683E-008
  0.59717812E+000  0.40918683E-008  0.40918683E-008  0.40918683E-008  0.40918683E-008  0.40918683E-008  0.40918683E-008  0.40918683E-008  0.40918683E-008  0.40918683E-008  0.40918683E-008  0.40918683E-008  0.40918683E-008  0.40918683E-008  0.40918683E-008  0.40918683E-008  0.40918683E-008  0.40918683E-008  0.40918683E-008  0.40918683E-008  0.40918683E-008  0.40918683E-008  0.40918683E-008  0.40918683E-008  0.40918683E-008  0.40918683E-008  0.40918683E-008  0.40918683E-008  0.40918683E-008  0.40918683E-008  0.40918683E-008  0.40918683E-008  0.40918683E-008  0.40918683E-008  0.40918683E-008
  0.59717812E+000  0.40918683E-008  0.40918683E-008  0.40918683E-008  0.40918683E-008  0.40918683E-008  0.40918683E-008  0.40918683E-008  0.40918683E-008  0.40918683E-008  0.40918683E-008  0.40918683E-008  0.40918683E-008  0.40918683E-008  0.40918683E-008  0.40918683E-008  0.40918683E-008  0.40918683E-008  0.40918683E-008  0.40918683E-008  0.40918683E-008  0.40918683E-008  0.40918683E-008  0.40918683E-008  0.40918683E-008  0.40918683E-008  0.40918683E-008  0.40918683E-008  0.40918683E-008  0.40918683E-008  0.40918683E-008  0.40918683E-008  0.40918683E-008  0.40918683E-008  0.40918683E-008
  0.59717812E+000  0.40918683E-008  0.40918683E-008  0.40918683E-008  0.40918683E-008  0.40918683E-008  0.40918683E-008  0.40918683E-008  0.40918683E-008  0.40918683E-008  0.40918683E-008  0.40918683E-008  0.40918683E-008  0.40918683E-008  0.40918683E-008  0.40918683E-008  0.40918683E-008  0.40918683E-008  0.40918683E-008  0.40918683E-008  0.40918683E-008  0.40918683E-008  0.40918683E-008  0.40918683E-008  0.40918683E-008  0.40918683E-008  0.40918683E-008  0.40918683E-008  0.40918683E-008  0.40918683E-008  0.40918683E-008  0.40918683E-008  0.40918683E-008  0.40918683E-008  0.40918683E-008
  0.59717812E+000  0.40918683E-008  0.40918683E-008  0.40918683E-008  0.40918683E-008  0.40918683E-008  0.40918683E-008  0.40918683E-008  0.40918683E-008  0.40918683E-008  0.40918683E-008  0.40918683E-008  0.40918683E-008  0.40918683E-008  0.40918683E-008  0.40918683E-008  0.40918683E-008  0.40918683E-008  0.40918683E-008  0.40918683E-008  0.40918683E-008  0.40918683E-008  0.40918683E-008  0.40918683E-008  0.40918683E-008  0.40918683E-008  0.40918683E-008  0.40918683E-008  0.40918683E-008  0.40918683E-008  0.40918683E-008  0.40918683E-008  0.40918683E-008  0.40918683E-008  0.40918683E-008
  0.59717812E+000  0.40918683E-008  0.40918683E-008  0.40918683E-008  0.40918683E-008  0.40918683E-008  0.40918683E-008  0.40918683E-008  0.40918683E-008  0.40918683E-008  0.40918683E-008  0.40918683E-008  0.40918683E-008  0.40918683E-008  0.40918683E-008  0.40918683E-008  0.40918683E-008  0.40918683E-008  0.40918683E-008  0.40918683E-008  0.40918683E-008  0.40918683E-008  0.40918683E-008  0.40918683E-008  0.40918683E-008  0.40918683E-008  0.40918683E-008  0.40918683E-008  0.40918683E-008  0.40918683E-008  0.40918683E-008  0.40918683E-008  0.40918683E-008  0.40918683E-008  0.40918683E-008
  0.10000000E+001  0.59706796E+000  0.40918683E-008  0.40918683E-008  0.40918683E-008  0.40918683E-008  0.40918683E-008  0.40918683E-008  0.40918683E-008  0.40918683E-008  0.40918683E-008  0.40918683E-008  0.40918683E-008  0.40918683E-008  0.40918683E-008  0.40918683E-008  0.40918683E-008  0.40918683E-008  0.40918683E-008  0.40918683E-008  0.40918683E-008  0.40918683E-008  0.40918683E-008  0.40918683E-008  0.40918683E-008  0.40918683E-008  0.40918683E-008  0.40918683E-008  0.40918683E-008  0.40918683E-008  0.40918683E-008  0.40918683E-008  0.40918683E-008  0.40918683E-008  0.40918683E-008
  0.59717812E+000  0.10000000E+001  0.59655525E+000  0.10000000E+001  0.59366417E+000  0.40918683E-008  0.10000000E+001  0.10000000E+001  0.58561068E+000  0.40918683E-008  0.40918683E-008  0.40918683E-008  0.40918683E-008  0.40918683E-008  0.40918683E-008  0.40918683E-008  0.40918683E-008  0.40918683E-008  0.40918683E-008  0.40918683E-008  0.40918683E-008  0.40918683E-008  0.40918683E-008  0.40918683E-008  0.40918683E-008  0.40918683E-008  0.40918683E-008  0.40918683E-008  0.40918683E-008  0.40918683E-008  0.40918683E-008  0.40918683E-008  0.40918683E-008  0.40918683E-008  0.40918683E-008
  0.59717812E+000  0.10000000E+001  0.10000000E+001  0.10000000E+001  0.10000000E+001  0.10000000E+001  0.10000000E+001  0.10000000E+001  0.58561068E+000  0.10000000E+001  0.10000000E+001  0.10000000E+001  0.10000000E+001  0.10000000E+001  0.10000000E+001  0.10000000E+001  0.10000000E+001  0.10000000E+001  0.10000000E+001  0.10000000E+001  0.10000000E+001  0.10000000E+001  0.10000000E+001  0.10000000E+001  0.10000000E+001  0.10000000E+001  0.10000000E+001  0.10000000E+001  0.50446408E+000  0.40918683E-008  0.40918683E-008  0.40918683E-008  0.40918683E-008  0.40918683E-008  0.40918683E-008
  0.59717812E+000  0.40918683E-008  0.10000000E+001  0.10000000E+001  0.10000000E+001  0.10000000E+001  0.10000000E+001  0.10000000E+001  0.58561068E+000  0.10000000E+001  0.58500132E+000  0.40918683E-008  0.40918683E-008  0.10000000E+001  0.10000000E+001  0.10000000E+001  0.10000000E+001  0.10000000E+001  0.10000000E+001  0.10000000E+001  0.10000000E+001  0.10000000E+001  0.10000000E+001  0.10000000E+001  0.10000000E+001  0.10000000E+001  0.10000000E+001  0.10000000E+001  0.10000000E+001  0.10000000E+001  0.10000000E+001  0.10000000E+001  0.10000000E+001  0.10000000E+001  0.42124811E+000
  0.10000000E+001  0.10000000E+001  0.59655525E+000  0.40918683E-008  0.10000000E+001  0.59105456E+000  0.10000000E+001  0.10000000E+001  0.58561068E+000  0.40918683E-008  0.40918683E-008  0.40918683E-008  0.40918683E-008  0.10000000E+001  0.10000000E+001  0.10000000E+001  0.10000000E+001  0.10000000E+001  0.10000000E+001  0.10000000E+001  0.56888401E+000  0.10000000E+001  0.10000000E+001  0.10000000E+001  0.54392979E+000  0.10000000E+001  0.52602327E+000  0.10000000E+001  0.10000000E+001  0.10000000E+001  0.10000000E+001  0.10000000E+001  0.10000000E+001  0.10000000E+001  0.42124811E+000
