  0.60909392E+000  0.59173589E-008  0.59173589E-008  0.59173589E-008  0.59173589E-008  0.59173589E-008  0.59173589E-008  0.59173589E-008  0.59173589E-008  0.59173589E-008  0.59173589E-008  0.59173589E-008  0.59173589E-008  0.59173589E-008  0.59173589E-008  0.59173589E-008  0.59173589E-008  0.59173589E-008  0.59173589E-008  0.59173589E-008  0.59173589E-008  0.59173589E-008  0.59173589E-008  0.59173589E-008  0.59173589E-008  0.59173589E-008  0.59173589E-008  0.59173589E-008  0.59173589E-008  0.59173589E-008  0.59173589E-008  0.59173589E-008  0.59173589E-008  0.59173589E-008  0.59173589E-008
  0.60909392E+000  0.59173589E-008  0.59173589E-008  0.59173589E-008  0.59173589E-008  0.59173589E-008  0.59173589E-008  0.59173589E-008  0.59173589E-008  0.59173589E-008  0.59173589E-008  0.59173589E-008  0.59173589E-008  0.59173589E-008  0.59173589E-008  0.59173589E-008  0.59173589E-008  0.59173589E-008  0.59173589E-008  0.59173589E-008  0.59173589E-008  0.59173589E-008  0.59173589E-008  0.59173589E-008  0.59173589E-008  0.59173589E-008  0.59173589E-008  0.59173589E-008  0.59173589E-008  0.59173589E-008  0.59173589E-008  0.59173589E-008  0.59173589E-008  0.59173589E-008  0.59173589E-008
  0.60909392E+000  0.59173589E-008  0.59173589E-008  0.59173589E-008  0.59173589E-008  0.59173589E-008  0.59173589E-008  0.59173589E-008  0.59173589E-008  0.59173589E-008  0.59173589E-008  0.59173589E-008  0.59173589E-008  0.59173589E-008  0.59173589E-008  0.59173589E-008  0.59173589E-008  0.59173589E-008  0.59173589E-008  0.59173589E-008  0.59173589E-008  0.59173589E-008  0.59173589E-008  0.59173589E-008  0.59173589E-008  0.59173589E-008  0.59173589E-008  0.59173589E-008  0.59173589E-008  0.59173589E-008  0.59173589E-008  0.59173589E-008  0.59173589E-008  0.59173589E-008  0.59173589E-008
  0.60909392E+000  0.59173589E-008  0.59173589E-008  0.59173589E-008  0.59173589E-008  0.59173589E-008  0.59173589E-008  0.59173589E-008  0.59173589E-008  0.59173589E-008  0.59173589E-008  0.59173589E-008  0.59173589E-008  0.59173589E-008  0.59173589E-008  0.59173589E-008  0.59173589E-008  0.59173589E-008  0.59173589E-008  0.59173589E-008  0.59173589E-008  0.59173589E-008  0.59173589E-008  0.59173589E-008  0.59173589E-008  0.59173589E-008  0.59173589E-008  0.59173589E-008  0.59173589E-008  0.59173589E-008  0.59173589E-008  0.59173589E-008  0.59173589E-008  0.59173589E-008  0.59173589E-008
  0.60909392E+000  0.59173589E-008  0.59173589E-008  0.59173589E-008  0.59173589E-008  0.59173589E-008  0.59173589E-008  0.59173589E-008  0.59173589E-008  0.59173589E-008  0.59173589E-008  0.59173589E-008  0.59173589E-008  0.59173589E-008  0.59173589E-008  0.59173589E-008  0.59173589E-008  0.59173589E-008  0.59173589E-008  0.59173589E-008  0.59173589E-008  0.59173589E-008  0.59173589E-008  0.59173589E-008  0.59173589E-008  0.59173589E-008  0.59173589E-008  0.59173589E-008  0.59173589E-008  0.59173589E-008  0.59173589E-008  0.59173589E-008  0.59173589E-008  0.59173589E-008  0.59173589E-008
  0.60909392E+000  0.59173589E-008  0.59173589E-008  0.59173589E-008  0.59173589E-008  0.59173589E-008  0.59173589E-008  0.59173589E-008  0.59173589E-008  0.59173589E-008  0.59173589E-008  0.59173589E-008  0.59173589E-008  0.59173589E-008  0.59173589E-008  0.59173589E-008  0.59173589E-008  0.59173589E-008  0.59173589E-008  0.59173589E-008  0.59173589E-008  0.59173589E-008  0.59173589E-008  0.59173589E-008  0.59173589E-008  0.59173589E-008  0.59173589E-008  0.59173589E-008  0.59173589E-008  0.59173589E-008  0.59173589E-008  0.59173589E-008  0.59173589E-008  0.59173589E-008  0.59173589E-008
  0.60909392E+000  0.59173589E-008  0.59173589E-008  0.59173589E-008  0.59173589E-008  0.59173589E-008  0.59173589E-008  0.59173589E-008  0.59173589E-008  0.59173589E-008  0.59173589E-008  0.59173589E-008  0.59173589E-008  0.59173589E-008  0.59173589E-008  0.59173589E-008  0.59173589E-008  0.59173589E-008  0.59173589E-008  0.59173589E-008  0.59173589E-008  0.59173589E-008  0.59173589E-008  0.59173589E-008  0.59173589E-008  0.59173589E-008  0.59173589E-008  0.59173589E-008  0.59173589E-008  0.59173589E-008  0.59173589E-008  0.59173589E-008  0.59173589E-008  0.59173589E-008  0.59173589E-008
  0.60909392E+000  0.59173589E-008  0.59173589E-008  0.59173589E-008  0.59173589E-008  0.59173589E-008  0.59173589E-008  0.59173589E-008  0.59173589E-008  0.59173589E-008  0.59173589E-008  0.59173589E-008  0.59173589E-008  0.59173589E-008  0.59173589E-008  0.59173589E-008  0.59173589E-008  0.59173589E-008  0.59173589E-008  0.59173589E-008  0.59173589E-008  0.59173589E-008  0.59173589E-008  0.59173589E-008  0.59173589E-008  0.59173589E-008  0.59173589E-008  0.59173589E-008  0.59173589E-008  0.59173589E-008  0.59173589E-008  0.59173589E-008  0.59173589E-008  0.59173589E-008  0.59173589E-008
  0.60909392E+000  0.59173589E-008  0.59173589E-008  0.59173589E-008  0.59173589E-008  0.59173589E-008  0.59173589E-008  0.59173589E-008  0.59173589E-008  0.59173589E-008  0.59173589E-008  0.59173589E-008  0.59173589E-008  0.59173589E-008  0.59173589E-008  0.59173589E-008  0.59173589E-008  0.59173589E-008  0.59173589E-008  0.59173589E-008  0.59173589E-008  0.59173589E-008  0.59173589E-008  0.59173589E-008  0.59173589E-008  0.59173589E-008  0.59173589E-008  0.59173589E-008  0.59173589E-008  0.59173589E-008  0.59173589E-008  0.59173589E-008  0.59173589E-008  0.59173589E-008  0.59173589E-008
  0.60909392E+000  0.59173589E-008  0.59173589E-008  0.59173589E-008  0.59173589E-008  0.59173589E-008  0.59173589E-008  0.59173589E-008  0.59173589E-008  0.59173589E-008  0.59173589E-008  0.59173589E-008  0.59173589E-008  0.59173589E-008  0.59173589E-008  0.59173589E-008  0.59173589E-008  0.59173589E-008  0.59173589E-008  0.59173589E-008  0.59173589E-008  0.59173589E-008  0.59173589E-008  0.59173589E-008  0.59173589E-008  0.59173589E-008  0.59173589E-008  0.59173589E-008  0.59173589E-008  0.59173589E-008  0.59173589E-008  0.59173589E-008  0.59173589E-008  0.59173589E-008  0.59173589E-008
  0.60909392E+000  0.59173589E-008  0.59173589E-008  0.59173589E-008  0.59173589E-008  0.59173589E-008  0.59173589E-008  0.59173589E-008  0.59173589E-008  0.59173589E-008  0.59173589E-008  0.59173589E-008  0.59173589E-008  0.59173589E-008  0.59173589E-008  0.59173589E-008  0.59173589E-008  0.59173589E-008  0.59173589E-008  0.59173589E-008  0.59173589E-008  0.59173589E-008  0.59173589E-008  0.59173589E-008  0.59173589E-008  0.59173589E-008  0.59173589E-008  0.59173589E-008  0.59173589E-008  0.59173589E-008  0.59173589E-008  0.59173589E-008  0.59173589E-008  0.59173589E-008  0.59173589E-008
  0.60909392E+000  0.59173589E-008  0.59173589E-008  0.59173589E-008  0.59173589E-008  0.59173589E-008  0.59173589E-008  0.59173589E-008  0.59173589E-008  0.59173589E-008  0.59173589E-008  0.59173589E-008  0.59173589E-008  0.59173589E-008  0.59173589E-008  0.59173589E-008  0.59173589E-008  0.59173589E-008  0.59173589E-008  0.59173589E-008  0.59173589E-008  0.59173589E-008  0.59173589E-008  0.59173589E-008  0.59173589E-008  0.59173589E-008  0.59173589E-008  0.59173589E-008  0.59173589E-008  0.59173589E-008  0.59173589E-008  0.59173589E-008  0.59173589E-008  0.59173589E-008  0.59173589E-008
  0.60909392E+000  0.59173589E-008  0.59173589E-008  0.59173589E-008  0.59173589E-008  0.59173589E-008  0.59173589E-008  0.59173589E-008  0.59173589E-008  0.59173589E-008  0.59173589E-008  0.59173589E-008  0.59173589E-008  0.59173589E-008  0.59173589E-008  0.59173589E-008  0.59173589E-008  0.59173589E-008  0.59173589E-008  0.59173589E-008  0.59173589E-008  0.59173589E-008  0.59173589E-008  0.59173589E-008  0.59173589E-008  0.59173589E-008  0.59173589E-008  0.59173589E-008  0.59173589E-008  0.59173589E-008  0.59173589E-008  0.59173589E-008  0.59173589E-008  0.59173589E-008  0.59173589E-008
  0.60909392E+000  0.59173589E-008  0.59173589E-008  0.59173589E-008  0.59173589E-008  0.59173589E-008  0.59173589E-008  0.59173589E-008  0.59173589E-008  0.59173589E-008  0.59173589E-008  0.59173589E-008  0.59173589E-008  0.59173589E-008  0.59173589E-008  0.59173589E-008  0.59173589E-008  0.59173589E-008  0.59173589E-008  0.59173589E-008  0.59173589E-008  0.59173589E-008  0.59173589E-008  0.59173589E-008  0.59173589E-008  0.59173589E-008  0.59173589E-008  0.59173589E-008  0.59173589E-008  0.59173589E-008  0.59173589E-008  0.59173589E-008  0.59173589E-008  0.59173589E-008  0.59173589E-008
  0.60909392E+000  0.59173589E-008  0.59173589E-008  0.59173589E-008  0.59173589E-008  0.59173589E-008  0.59173589E-008  0.59173589E-008  0.59173589E-008  0.59173589E-008  0.59173589E-008  0.59173589E-008  0.59173589E-008  0.59173589E-008  0.59173589E-008  0.59173589E-008  0.59173589E-008  0.59173589E-008  0.59173589E-008  0.59173589E-008  0.59173589E-008  0.59173589E-008  0.59173589E-008  0.59173589E-008  0.59173589E-008  0.59173589E-008  0.59173589E-008  0.59173589E-008  0.59173589E-008  0.59173589E-008  0.59173589E-008  0.59173589E-008  0.59173589E-008  0.59173589E-008  0.59173589E-008
  0.60909392E+000  0.59173589E-008  0.59173589E-008  0.59173589E-008  0.59173589E-008  0.59173589E-008  0.59173589E-008  0.59173589E-008  0.59173589E-008  0.59173589E-008  0.59173589E-008  0.59173589E-008  0.59173589E-008  0.59173589E-008  0.59173589E-008  0.59173589E-008  0.59173589E-008  0.59173589E-008  0.59173589E-008  0.59173589E-008  0.59173589E-008  0.59173589E-008  0.59173589E-008  0.59173589E-008  0.59173589E-008  0.59173589E-008  0.59173589E-008  0.59173589E-008  0.59173589E-008  0.59173589E-008  0.59173589E-008  0.59173589E-008  0.59173589E-008  0.59173589E-008  0.59173589E-008
  0.60909392E+000  0.59173589E-008  0.59173589E-008  0.59173589E-008  0.59173589E-008  0.59173589E-008  0.59173589E-008  0.59173589E-008  0.59173589E-008  0.59173589E-008  0.59173589E-008  0.59173589E-008  0.59173589E-008  0.59173589E-008  0.59173589E-008  0.59173589E-008  0.59173589E-008  0.59173589E-008  0.59173589E-008  0.59173589E-008  0.59173589E-008  0.59173589E-008  0.59173589E-008  0.59173589E-008  0.59173589E-008  0.59173589E-008  0.59173589E-008  0.59173589E-008  0.59173589E-008  0.59173589E-008  0.59173589E-008  0.59173589E-008  0.59173589E-008  0.59173589E-008  0.59173589E-008
  0.60909392E+000  0.59173589E-008  0.59173589E-008  0.59173589E-008  0.59173589E-008  0.59173589E-008  0.59173589E-008  0.59173589E-008  0.59173589E-008  0.59173589E-008  0.59173589E-008  0.59173589E-008  0.59173589E-008  0.59173589E-008  0.59173589E-008  0.59173589E-008  0.59173589E-008  0.59173589E-008  0.59173589E-008  0.59173589E-008  0.59173589E-008  0.59173589E-008  0.59173589E-008  0.59173589E-008  0.59173589E-008  0.59173589E-008  0.59173589E-008  0.59173589E-008  0.59173589E-008  0.59173589E-008  0.59173589E-008  0.59173589E-008  0.59173589E-008  0.59173589E-008  0.59173589E-008
  0.60909392E+000  0.59173589E-008  0.59173589E-008  0.59173589E-008  0.59173589E-008  0.59173589E-008  0.59173589E-008  0.59173589E-008  0.59173589E-008  0.59173589E-008  0.59173589E-008  0.59173589E-008  0.59173589E-008  0.59173589E-008  0.59173589E-008  0.59173589E-008  0.59173589E-008  0.59173589E-008  0.59173589E-008  0.59173589E-008  0.59173589E-008  0.59173589E-008  0.59173589E-008  0.59173589E-008  0.59173589E-008  0.59173589E-008  0.59173589E-008  0.59173589E-008  0.59173589E-008  0.59173589E-008  0.59173589E-008  0.59173589E-008  0.59173589E-008  0.59173589E-008  0.59173589E-008
  0.60909392E+000  0.59173589E-008  0.59173589E-008  0.59173589E-008  0.59173589E-008  0.59173589E-008  0.59173589E-008  0.59173589E-008  0.59173589E-008  0.59173589E-008  0.59173589E-008  0.59173589E-008  0.59173589E-008  0.59173589E-008  0.59173589E-008  0.59173589E-008  0.59173589E-008  0.59173589E-008  0.59173589E-008  0.59173589E-008  0.59173589E-008  0.59173589E-008  0.59173589E-008  0.59173589E-008  0.59173589E-008  0.59173589E-008  0.59173589E-008  0.59173589E-008  0.59173589E-008  0.59173589E-008  0.59173589E-008  0.59173589E-008  0.59173589E-008  0.59173589E-008  0.59173589E-008
  0.60909392E+000  0.59173589E-008  0.59173589E-008  0.59173589E-008  0.59173589E-008  0.59173589E-008  0.59173589E-008  0.59173589E-008  0.59173589E-008  0.59173589E-008  0.59173589E-008  0.59173589E-008  0.59173589E-008  0.59173589E-008  0.59173589E-008  0.59173589E-008  0.59173589E-008  0.59173589E-008  0.59173589E-008  0.59173589E-008  0.59173589E-008  0.59173589E-008  0.59173589E-008  0.59173589E-008  0.59173589E-008  0.59173589E-008  0.59173589E-008  0.59173589E-008  0.59173589E-008  0.59173589E-008  0.59173589E-008  0.59173589E-008  0.59173589E-008  0.59173589E-008  0.59173589E-008
  0.10000000E+001  0.60901607E+000  0.59173589E-008  0.59173589E-008  0.10000000E+001  0.10000000E+001  0.10000000E+001  0.60165285E+000  0.59173589E-008  0.59173589E-008  0.59173589E-008  0.59173589E-008  0.59173589E-008  0.59173589E-008  0.59173589E-008  0.59173589E-008  0.10000000E+001  0.10000000E+001  0.10000000E+001  0.10000000E+001  0.10000000E+001  0.10000000E+001  0.10000000E+001  0.10000000E+001  0.10000000E+001  0.10000000E+001  0.55762194E+000  0.10000000E+001  0.10000000E+001  0.10000000E+001  0.10000000E+001  0.10000000E+001  0.10000000E+001  0.10000000E+001  0.47616686E+000
  0.10000000E+001  0.60901607E+000  0.59173589E-008  0.59173589E-008  0.10000000E+001  0.10000000E+001  0.60291498E+000  0.59173589E-008  0.59173589E-008  0.59173589E-008  0.10000000E+001  0.60044051E+000  0.59173589E-008  0.59173589E-008  0.59173589E-008  0.59173589E-008  0.10000000E+001  0.10000000E+001  0.10000000E+001  0.10000000E+001  0.10000000E+001  0.10000000E+001  0.10000000E+001  0.10000000E+001  0.57081684E+000  0.59173589E-008  0.59173589E-008  0.10000000E+001  0.54148832E+000  0.59173589E-008  0.59173589E-008  0.59173589E-008  0.59173589E-008  0.59173589E-008  0.59173589E-008
  0.60909392E+000  0.59173589E-008  0.59173589E-008  0.59173589E-008  0.59173589E-008  0.59173589E-008  0.59173589E-008  0.59173589E-008  0.59173589E-008  0.59173589E-008  0.59173589E-008  0.59173589E-008  0.59173589E-008  0.59173589E-008  0.59173589E-008  0.59173589E-008  0.59173589E-008  0.59173589E-008  0.59173589E-008  0.59173589E-008  0.59173589E-008  0.59173589E-008  0.59173589E-008  0.59173589E-008  0.59173589E-008  0.10000000E+001  0.10000000E+001  0.10000000E+001  0.10000000E+001  0.10000000E+001  0.10000000E+001  0.10000000E+001  0.10000000E+001  0.10000000E+001  0.47616686E+000
  0.60909392E+000  0.59173589E-008  0.59173589E-008  0.59173589E-008  0.59173589E-008  0.59173589E-008  0.59173589E-008  0.59173589E-008  0.59173589E-008  0.10000000E+001  0.60045671E+000  0.59173589E-008  0.59173589E-008  0.10000000E+001  0.10000000E+001  0.59885003E+000  0.59173589E-008  0.59173589E-008  0.59173589E-008  0.59173589E-008  0.59173589E-008  0.59173589E-008  0.59173589E-008  0.59173589E-008  0.10000000E+001  0.10000000E+001  0.10000000E+001  0.10000000E+001  0.10000000E+001  0.10000000E+001  0.10000000E+001  0.10000000E+001  0.50055875E+000  0.10000000E+001  0.47616686E+000
