  0.61227902E+000  0.67062114E-008  0.67062114E-008  0.67062114E-008  0.67062114E-008  0.67062114E-008  0.67062114E-008  0.67062114E-008  0.67062114E-008  0.67062114E-008  0.67062114E-008  0.67062114E-008  0.67062114E-008  0.67062114E-008  0.67062114E-008  0.67062114E-008  0.67062114E-008  0.67062114E-008  0.67062114E-008  0.67062114E-008  0.67062114E-008  0.67062114E-008  0.67062114E-008  0.67062114E-008  0.67062114E-008  0.67062114E-008  0.67062114E-008  0.67062114E-008  0.67062114E-008  0.67062114E-008  0.67062114E-008  0.67062114E-008  0.67062114E-008  0.67062114E-008  0.67062114E-008
  0.61227902E+000  0.67062114E-008  0.67062114E-008  0.67062114E-008  0.67062114E-008  0.67062114E-008  0.67062114E-008  0.67062114E-008  0.67062114E-008  0.67062114E-008  0.67062114E-008  0.67062114E-008  0.67062114E-008  0.67062114E-008  0.67062114E-008  0.67062114E-008  0.67062114E-008  0.67062114E-008  0.67062114E-008  0.67062114E-008  0.67062114E-008  0.67062114E-008  0.67062114E-008  0.67062114E-008  0.67062114E-008  0.67062114E-008  0.67062114E-008  0.67062114E-008  0.67062114E-008  0.67062114E-008  0.67062114E-008  0.67062114E-008  0.67062114E-008  0.67062114E-008  0.67062114E-008
  0.61227902E+000  0.67062114E-008  0.67062114E-008  0.67062114E-008  0.67062114E-008  0.67062114E-008  0.67062114E-008  0.67062114E-008  0.67062114E-008  0.67062114E-008  0.67062114E-008  0.67062114E-008  0.67062114E-008  0.67062114E-008  0.67062114E-008  0.67062114E-008  0.67062114E-008  0.67062114E-008  0.67062114E-008  0.67062114E-008  0.67062114E-008  0.67062114E-008  0.67062114E-008  0.67062114E-008  0.67062114E-008  0.67062114E-008  0.67062114E-008  0.67062114E-008  0.67062114E-008  0.67062114E-008  0.67062114E-008  0.67062114E-008  0.67062114E-008  0.67062114E-008  0.67062114E-008
  0.61227902E+000  0.67062114E-008  0.67062114E-008  0.67062114E-008  0.67062114E-008  0.67062114E-008  0.67062114E-008  0.67062114E-008  0.67062114E-008  0.67062114E-008  0.67062114E-008  0.67062114E-008  0.67062114E-008  0.67062114E-008  0.67062114E-008  0.67062114E-008  0.67062114E-008  0.67062114E-008  0.67062114E-008  0.67062114E-008  0.67062114E-008  0.67062114E-008  0.67062114E-008  0.67062114E-008  0.67062114E-008  0.67062114E-008  0.67062114E-008  0.67062114E-008  0.67062114E-008  0.67062114E-008  0.67062114E-008  0.67062114E-008  0.67062114E-008  0.67062114E-008  0.67062114E-008
  0.61227902E+000  0.67062114E-008  0.67062114E-008  0.67062114E-008  0.67062114E-008  0.67062114E-008  0.67062114E-008  0.67062114E-008  0.67062114E-008  0.67062114E-008  0.67062114E-008  0.67062114E-008  0.67062114E-008  0.67062114E-008  0.67062114E-008  0.67062114E-008  0.67062114E-008  0.67062114E-008  0.67062114E-008  0.67062114E-008  0.67062114E-008  0.67062114E-008  0.67062114E-008  0.67062114E-008  0.67062114E-008  0.67062114E-008  0.67062114E-008  0.67062114E-008  0.67062114E-008  0.67062114E-008  0.67062114E-008  0.67062114E-008  0.67062114E-008  0.67062114E-008  0.67062114E-008
  0.61227902E+000  0.67062114E-008  0.67062114E-008  0.67062114E-008  0.67062114E-008  0.67062114E-008  0.67062114E-008  0.67062114E-008  0.67062114E-008  0.67062114E-008  0.67062114E-008  0.67062114E-008  0.67062114E-008  0.67062114E-008  0.67062114E-008  0.67062114E-008  0.67062114E-008  0.67062114E-008  0.67062114E-008  0.67062114E-008  0.67062114E-008  0.67062114E-008  0.67062114E-008  0.67062114E-008  0.67062114E-008  0.67062114E-008  0.67062114E-008  0.67062114E-008  0.67062114E-008  0.67062114E-008  0.67062114E-008  0.67062114E-008  0.67062114E-008  0.67062114E-008  0.67062114E-008
  0.61227902E+000  0.67062114E-008  0.67062114E-008  0.67062114E-008  0.67062114E-008  0.67062114E-008  0.67062114E-008  0.67062114E-008  0.67062114E-008  0.67062114E-008  0.67062114E-008  0.67062114E-008  0.67062114E-008  0.67062114E-008  0.67062114E-008  0.67062114E-008  0.67062114E-008  0.67062114E-008  0.67062114E-008  0.67062114E-008  0.67062114E-008  0.67062114E-008  0.67062114E-008  0.67062114E-008  0.67062114E-008  0.67062114E-008  0.67062114E-008  0.67062114E-008  0.67062114E-008  0.67062114E-008  0.67062114E-008  0.67062114E-008  0.67062114E-008  0.67062114E-008  0.67062114E-008
  0.61227902E+000  0.67062114E-008  0.67062114E-008  0.67062114E-008  0.67062114E-008  0.67062114E-008  0.67062114E-008  0.67062114E-008  0.67062114E-008  0.67062114E-008  0.67062114E-008  0.67062114E-008  0.67062114E-008  0.67062114E-008  0.67062114E-008  0.67062114E-008  0.67062114E-008  0.67062114E-008  0.67062114E-008  0.67062114E-008  0.67062114E-008  0.67062114E-008  0.67062114E-008  0.67062114E-008  0.67062114E-008  0.67062114E-008  0.67062114E-008  0.67062114E-008  0.67062114E-008  0.67062114E-008  0.67062114E-008  0.67062114E-008  0.67062114E-008  0.67062114E-008  0.67062114E-008
  0.61227902E+000  0.67062114E-008  0.67062114E-008  0.67062114E-008  0.67062114E-008  0.67062114E-008  0.67062114E-008  0.67062114E-008  0.67062114E-008  0.67062114E-008  0.67062114E-008  0.67062114E-008  0.67062114E-008  0.67062114E-008  0.67062114E-008  0.67062114E-008  0.67062114E-008  0.67062114E-008  0.67062114E-008  0.67062114E-008  0.67062114E-008  0.67062114E-008  0.67062114E-008  0.67062114E-008  0.67062114E-008  0.67062114E-008  0.67062114E-008  0.67062114E-008  0.67062114E-008  0.67062114E-008  0.67062114E-008  0.67062114E-008  0.67062114E-008  0.67062114E-008  0.67062114E-008
  0.61227902E+000  0.67062114E-008  0.67062114E-008  0.67062114E-008  0.67062114E-008  0.67062114E-008  0.67062114E-008  0.67062114E-008  0.67062114E-008  0.67062114E-008  0.67062114E-008  0.67062114E-008  0.67062114E-008  0.67062114E-008  0.67062114E-008  0.67062114E-008  0.67062114E-008  0.67062114E-008  0.67062114E-008  0.67062114E-008  0.67062114E-008  0.67062114E-008  0.67062114E-008  0.67062114E-008  0.67062114E-008  0.67062114E-008  0.67062114E-008  0.67062114E-008  0.67062114E-008  0.67062114E-008  0.67062114E-008  0.67062114E-008  0.67062114E-008  0.67062114E-008  0.67062114E-008
  0.61227902E+000  0.67062114E-008  0.67062114E-008  0.67062114E-008  0.67062114E-008  0.67062114E-008  0.67062114E-008  0.67062114E-008  0.67062114E-008  0.67062114E-008  0.67062114E-008  0.67062114E-008  0.67062114E-008  0.67062114E-008  0.67062114E-008  0.67062114E-008  0.67062114E-008  0.67062114E-008  0.67062114E-008  0.67062114E-008  0.67062114E-008  0.67062114E-008  0.67062114E-008  0.67062114E-008  0.67062114E-008  0.67062114E-008  0.67062114E-008  0.67062114E-008  0.67062114E-008  0.67062114E-008  0.67062114E-008  0.67062114E-008  0.67062114E-008  0.67062114E-008  0.67062114E-008
  0.61227902E+000  0.67062114E-008  0.67062114E-008  0.67062114E-008  0.67062114E-008  0.67062114E-008  0.67062114E-008  0.67062114E-008  0.67062114E-008  0.67062114E-008  0.67062114E-008  0.67062114E-008  0.67062114E-008  0.67062114E-008  0.67062114E-008  0.67062114E-008  0.67062114E-008  0.67062114E-008  0.67062114E-008  0.67062114E-008  0.67062114E-008  0.67062114E-008  0.67062114E-008  0.67062114E-008  0.67062114E-008  0.67062114E-008  0.67062114E-008  0.67062114E-008  0.67062114E-008  0.67062114E-008  0.67062114E-008  0.67062114E-008  0.67062114E-008  0.67062114E-008  0.67062114E-008
  0.61227902E+000  0.67062114E-008  0.67062114E-008  0.67062114E-008  0.67062114E-008  0.67062114E-008  0.67062114E-008  0.67062114E-008  0.67062114E-008  0.67062114E-008  0.67062114E-008  0.67062114E-008  0.67062114E-008  0.67062114E-008  0.67062114E-008  0.67062114E-008  0.67062114E-008  0.67062114E-008  0.67062114E-008  0.67062114E-008  0.67062114E-008  0.67062114E-008  0.67062114E-008  0.67062114E-008  0.67062114E-008  0.67062114E-008  0.67062114E-008  0.67062114E-008  0.67062114E-008  0.67062114E-008  0.67062114E-008  0.67062114E-008  0.67062114E-008  0.67062114E-008  0.67062114E-008
  0.61227902E+000  0.67062114E-008  0.67062114E-008  0.67062114E-008  0.67062114E-008  0.67062114E-008  0.67062114E-008  0.67062114E-008  0.67062114E-008  0.67062114E-008  0.67062114E-008  0.67062114E-008  0.67062114E-008  0.67062114E-008  0.67062114E-008  0.67062114E-008  0.67062114E-008  0.67062114E-008  0.67062114E-008  0.67062114E-008  0.67062114E-008  0.67062114E-008  0.67062114E-008  0.67062114E-008  0.67062114E-008  0.67062114E-008  0.67062114E-008  0.67062114E-008  0.67062114E-008  0.67062114E-008  0.67062114E-008  0.67062114E-008  0.67062114E-008  0.67062114E-008  0.67062114E-008
  0.61227902E+000  0.67062114E-008  0.67062114E-008  0.67062114E-008  0.67062114E-008  0.67062114E-008  0.67062114E-008  0.67062114E-008  0.67062114E-008  0.67062114E-008  0.67062114E-008  0.67062114E-008  0.67062114E-008  0.67062114E-008  0.67062114E-008  0.67062114E-008  0.67062114E-008  0.67062114E-008  0.67062114E-008  0.67062114E-008  0.67062114E-008  0.67062114E-008  0.67062114E-008  0.67062114E-008  0.67062114E-008  0.67062114E-008  0.67062114E-008  0.67062114E-008  0.67062114E-008  0.67062114E-008  0.67062114E-008  0.67062114E-008  0.67062114E-008  0.67062114E-008  0.67062114E-008
  0.61227902E+000  0.67062114E-008  0.67062114E-008  0.67062114E-008  0.67062114E-008  0.67062114E-008  0.67062114E-008  0.67062114E-008  0.67062114E-008  0.67062114E-008  0.67062114E-008  0.67062114E-008  0.67062114E-008  0.67062114E-008  0.67062114E-008  0.67062114E-008  0.67062114E-008  0.67062114E-008  0.67062114E-008  0.67062114E-008  0.67062114E-008  0.67062114E-008  0.67062114E-008  0.67062114E-008  0.67062114E-008  0.67062114E-008  0.67062114E-008  0.67062114E-008  0.67062114E-008  0.67062114E-008  0.67062114E-008  0.67062114E-008  0.67062114E-008  0.67062114E-008  0.67062114E-008
  0.61227902E+000  0.67062114E-008  0.67062114E-008  0.67062114E-008  0.67062114E-008  0.67062114E-008  0.67062114E-008  0.67062114E-008  0.67062114E-008  0.67062114E-008  0.67062114E-008  0.67062114E-008  0.67062114E-008  0.67062114E-008  0.67062114E-008  0.67062114E-008  0.67062114E-008  0.67062114E-008  0.67062114E-008  0.67062114E-008  0.67062114E-008  0.67062114E-008  0.67062114E-008  0.67062114E-008  0.67062114E-008  0.67062114E-008  0.67062114E-008  0.67062114E-008  0.67062114E-008  0.67062114E-008  0.67062114E-008  0.67062114E-008  0.67062114E-008  0.67062114E-008  0.67062114E-008
  0.61227902E+000  0.67062114E-008  0.67062114E-008  0.67062114E-008  0.67062114E-008  0.67062114E-008  0.67062114E-008  0.67062114E-008  0.67062114E-008  0.67062114E-008  0.67062114E-008  0.67062114E-008  0.67062114E-008  0.67062114E-008  0.67062114E-008  0.67062114E-008  0.67062114E-008  0.67062114E-008  0.67062114E-008  0.67062114E-008  0.67062114E-008  0.67062114E-008  0.67062114E-008  0.67062114E-008  0.67062114E-008  0.67062114E-008  0.67062114E-008  0.67062114E-008  0.67062114E-008  0.67062114E-008  0.67062114E-008  0.67062114E-008  0.67062114E-008  0.67062114E-008  0.67062114E-008
  0.61227902E+000  0.67062114E-008  0.67062114E-008  0.67062114E-008  0.67062114E-008  0.67062114E-008  0.67062114E-008  0.67062114E-008  0.67062114E-008  0.67062114E-008  0.67062114E-008  0.67062114E-008  0.67062114E-008  0.67062114E-008  0.67062114E-008  0.67062114E-008  0.67062114E-008  0.67062114E-008  0.67062114E-008  0.67062114E-008  0.67062114E-008  0.67062114E-008  0.67062114E-008  0.67062114E-008  0.67062114E-008  0.67062114E-008  0.67062114E-008  0.67062114E-008  0.67062114E-008  0.67062114E-008  0.67062114E-008  0.67062114E-008  0.67062114E-008  0.67062114E-008  0.67062114E-008
  0.61227902E+000  0.67062114E-008  0.67062114E-008  0.67062114E-008  0.67062114E-008  0.67062114E-008  0.67062114E-008  0.67062114E-008  0.67062114E-008  0.67062114E-008  0.67062114E-008  0.67062114E-008  0.67062114E-008  0.67062114E-008  0.67062114E-008  0.67062114E-008  0.67062114E-008  0.67062114E-008  0.67062114E-008  0.67062114E-008  0.67062114E-008  0.67062114E-008  0.67062114E-008  0.67062114E-008  0.67062114E-008  0.67062114E-008  0.67062114E-008  0.67062114E-008  0.67062114E-008  0.67062114E-008  0.67062114E-008  0.67062114E-008  0.67062114E-008  0.67062114E-008  0.67062114E-008
  0.61227902E+000  0.67062114E-008  0.67062114E-008  0.67062114E-008  0.67062114E-008  0.67062114E-008  0.67062114E-008  0.67062114E-008  0.67062114E-008  0.67062114E-008  0.67062114E-008  0.67062114E-008  0.67062114E-008  0.67062114E-008  0.67062114E-008  0.67062114E-008  0.67062114E-008  0.67062114E-008  0.10000000E+001  0.59698917E+000  0.67062114E-008  0.67062114E-008  0.67062114E-008  0.67062114E-008  0.67062114E-008  0.67062114E-008  0.67062114E-008  0.67062114E-008  0.67062114E-008  0.67062114E-008  0.67062114E-008  0.67062114E-008  0.67062114E-008  0.67062114E-008  0.67062114E-008
  0.10000000E+001  0.10000000E+001  0.10000000E+001  0.10000000E+001  0.10000000E+001  0.10000000E+001  0.10000000E+001  0.10000000E+001  0.10000000E+001  0.10000000E+001  0.10000000E+001  0.10000000E+001  0.10000000E+001  0.10000000E+001  0.10000000E+001  0.10000000E+001  0.10000000E+001  0.10000000E+001  0.10000000E+001  0.10000000E+001  0.10000000E+001  0.10000000E+001  0.10000000E+001  0.10000000E+001  0.10000000E+001  0.10000000E+001  0.10000000E+001  0.10000000E+001  0.10000000E+001  0.10000000E+001  0.10000000E+001  0.10000000E+001  0.10000000E+001  0.10000000E+001  0.49224680E+000
  0.10000000E+001  0.10000000E+001  0.10000000E+001  0.10000000E+001  0.10000000E+001  0.10000000E+001  0.10000000E+001  0.10000000E+001  0.10000000E+001  0.10000000E+001  0.10000000E+001  0.10000000E+001  0.10000000E+001  0.10000000E+001  0.10000000E+001  0.10000000E+001  0.10000000E+001  0.10000000E+001  0.10000000E+001  0.10000000E+001  0.10000000E+001  0.10000000E+001  0.10000000E+001  0.10000000E+001  0.10000000E+001  0.10000000E+001  0.10000000E+001  0.10000000E+001  0.10000000E+001  0.10000000E+001  0.10000000E+001  0.10000000E+001  0.10000000E+001  0.10000000E+001  0.49224680E+000
  0.61227902E+000  0.67062114E-008  0.67062114E-008  0.10000000E+001  0.10000000E+001  0.60842985E+000  0.67062114E-008  0.10000000E+001  0.60499273E+000  0.67062114E-008  0.67062114E-008  0.10000000E+001  0.60450275E+000  0.67062114E-008  0.67062114E-008  0.67062114E-008  0.67062114E-008  0.67062114E-008  0.67062114E-008  0.67062114E-008  0.10000000E+001  0.10000000E+001  0.10000000E+001  0.10000000E+001  0.10000000E+001  0.10000000E+001  0.10000000E+001  0.55940413E+000  0.67062114E-008  0.67062114E-008  0.67062114E-008  0.10000000E+001  0.51463177E+000  0.67062114E-008  0.67062114E-008
  0.61227902E+000  0.67062114E-008  0.67062114E-008  0.10000000E+001  0.10000000E+001  0.60842985E+000  0.67062114E-008  0.67062114E-008  0.67062114E-008  0.67062114E-008  0.67062114E-008  0.67062114E-008  0.67062114E-008  0.67062114E-008  0.67062114E-008  0.67062114E-008  0.67062114E-008  0.67062114E-008  0.10000000E+001  0.59698917E+000  0.67062114E-008  0.67062114E-008  0.67062114E-008  0.67062114E-008  0.67062114E-008  0.67062114E-008  0.67062114E-008  0.67062114E-008  0.67062114E-008  0.67062114E-008  0.67062114E-008  0.67062114E-008  0.67062114E-008  0.67062114E-008  0.67062114E-008
