  0.62277319E+000  0.11847977E-007  0.11847977E-007  0.11847977E-007  0.11847977E-007  0.11847977E-007  0.11847977E-007  0.11847977E-007  0.11847977E-007  0.11847977E-007  0.11847977E-007  0.11847977E-007  0.11847977E-007  0.11847977E-007  0.11847977E-007  0.11847977E-007  0.11847977E-007  0.11847977E-007  0.11847977E-007  0.11847977E-007  0.11847977E-007  0.11847977E-007  0.11847977E-007  0.11847977E-007  0.11847977E-007  0.11847977E-007  0.11847977E-007  0.11847977E-007  0.11847977E-007  0.11847977E-007  0.11847977E-007  0.11847977E-007  0.11847977E-007  0.11847977E-007  0.11847977E-007
  0.62277319E+000  0.11847977E-007  0.11847977E-007  0.11847977E-007  0.11847977E-007  0.11847977E-007  0.11847977E-007  0.11847977E-007  0.11847977E-007  0.11847977E-007  0.11847977E-007  0.11847977E-007  0.11847977E-007  0.11847977E-007  0.11847977E-007  0.11847977E-007  0.11847977E-007  0.11847977E-007  0.11847977E-007  0.11847977E-007  0.11847977E-007  0.11847977E-007  0.11847977E-007  0.11847977E-007  0.11847977E-007  0.11847977E-007  0.11847977E-007  0.11847977E-007  0.11847977E-007  0.11847977E-007  0.11847977E-007  0.11847977E-007  0.11847977E-007  0.11847977E-007  0.11847977E-007
  0.62277319E+000  0.11847977E-007  0.11847977E-007  0.11847977E-007  0.11847977E-007  0.11847977E-007  0.11847977E-007  0.11847977E-007  0.11847977E-007  0.11847977E-007  0.11847977E-007  0.11847977E-007  0.11847977E-007  0.11847977E-007  0.11847977E-007  0.11847977E-007  0.11847977E-007  0.11847977E-007  0.11847977E-007  0.11847977E-007  0.11847977E-007  0.11847977E-007  0.11847977E-007  0.11847977E-007  0.11847977E-007  0.11847977E-007  0.11847977E-007  0.11847977E-007  0.11847977E-007  0.11847977E-007  0.11847977E-007  0.11847977E-007  0.11847977E-007  0.11847977E-007  0.11847977E-007
  0.62277319E+000  0.11847977E-007  0.11847977E-007  0.11847977E-007  0.11847977E-007  0.11847977E-007  0.11847977E-007  0.11847977E-007  0.11847977E-007  0.11847977E-007  0.11847977E-007  0.11847977E-007  0.11847977E-007  0.11847977E-007  0.11847977E-007  0.11847977E-007  0.11847977E-007  0.11847977E-007  0.11847977E-007  0.11847977E-007  0.11847977E-007  0.11847977E-007  0.11847977E-007  0.11847977E-007  0.11847977E-007  0.11847977E-007  0.11847977E-007  0.11847977E-007  0.11847977E-007  0.11847977E-007  0.11847977E-007  0.11847977E-007  0.11847977E-007  0.11847977E-007  0.11847977E-007
  0.62277319E+000  0.11847977E-007  0.11847977E-007  0.11847977E-007  0.11847977E-007  0.11847977E-007  0.11847977E-007  0.11847977E-007  0.11847977E-007  0.11847977E-007  0.11847977E-007  0.11847977E-007  0.11847977E-007  0.11847977E-007  0.11847977E-007  0.11847977E-007  0.11847977E-007  0.11847977E-007  0.11847977E-007  0.11847977E-007  0.11847977E-007  0.11847977E-007  0.11847977E-007  0.11847977E-007  0.11847977E-007  0.11847977E-007  0.11847977E-007  0.11847977E-007  0.11847977E-007  0.11847977E-007  0.11847977E-007  0.11847977E-007  0.11847977E-007  0.11847977E-007  0.11847977E-007
  0.62277319E+000  0.11847977E-007  0.11847977E-007  0.11847977E-007  0.11847977E-007  0.11847977E-007  0.11847977E-007  0.11847977E-007  0.11847977E-007  0.11847977E-007  0.11847977E-007  0.11847977E-007  0.11847977E-007  0.11847977E-007  0.11847977E-007  0.11847977E-007  0.11847977E-007  0.11847977E-007  0.11847977E-007  0.11847977E-007  0.11847977E-007  0.11847977E-007  0.11847977E-007  0.11847977E-007  0.11847977E-007  0.11847977E-007  0.11847977E-007  0.11847977E-007  0.11847977E-007  0.11847977E-007  0.11847977E-007  0.11847977E-007  0.11847977E-007  0.11847977E-007  0.11847977E-007
  0.62277319E+000  0.11847977E-007  0.11847977E-007  0.11847977E-007  0.11847977E-007  0.11847977E-007  0.11847977E-007  0.11847977E-007  0.11847977E-007  0.11847977E-007  0.11847977E-007  0.11847977E-007  0.11847977E-007  0.11847977E-007  0.11847977E-007  0.11847977E-007  0.11847977E-007  0.11847977E-007  0.11847977E-007  0.11847977E-007  0.11847977E-007  0.11847977E-007  0.11847977E-007  0.11847977E-007  0.11847977E-007  0.11847977E-007  0.11847977E-007  0.11847977E-007  0.11847977E-007  0.11847977E-007  0.11847977E-007  0.11847977E-007  0.11847977E-007  0.11847977E-007  0.11847977E-007
  0.62277319E+000  0.11847977E-007  0.11847977E-007  0.11847977E-007  0.11847977E-007  0.11847977E-007  0.11847977E-007  0.11847977E-007  0.11847977E-007  0.11847977E-007  0.11847977E-007  0.11847977E-007  0.11847977E-007  0.11847977E-007  0.11847977E-007  0.11847977E-007  0.11847977E-007  0.11847977E-007  0.11847977E-007  0.11847977E-007  0.11847977E-007  0.11847977E-007  0.11847977E-007  0.11847977E-007  0.11847977E-007  0.11847977E-007  0.11847977E-007  0.11847977E-007  0.11847977E-007  0.11847977E-007  0.11847977E-007  0.11847977E-007  0.11847977E-007  0.11847977E-007  0.11847977E-007
  0.62277319E+000  0.11847977E-007  0.11847977E-007  0.11847977E-007  0.11847977E-007  0.11847977E-007  0.11847977E-007  0.11847977E-007  0.11847977E-007  0.11847977E-007  0.11847977E-007  0.11847977E-007  0.11847977E-007  0.11847977E-007  0.11847977E-007  0.11847977E-007  0.11847977E-007  0.11847977E-007  0.11847977E-007  0.11847977E-007  0.11847977E-007  0.11847977E-007  0.11847977E-007  0.11847977E-007  0.11847977E-007  0.11847977E-007  0.11847977E-007  0.11847977E-007  0.11847977E-007  0.11847977E-007  0.11847977E-007  0.11847977E-007  0.11847977E-007  0.11847977E-007  0.11847977E-007
  0.62277319E+000  0.11847977E-007  0.11847977E-007  0.11847977E-007  0.11847977E-007  0.11847977E-007  0.11847977E-007  0.11847977E-007  0.11847977E-007  0.11847977E-007  0.11847977E-007  0.11847977E-007  0.11847977E-007  0.11847977E-007  0.11847977E-007  0.11847977E-007  0.11847977E-007  0.11847977E-007  0.11847977E-007  0.11847977E-007  0.11847977E-007  0.11847977E-007  0.11847977E-007  0.11847977E-007  0.11847977E-007  0.11847977E-007  0.11847977E-007  0.11847977E-007  0.11847977E-007  0.11847977E-007  0.11847977E-007  0.11847977E-007  0.11847977E-007  0.11847977E-007  0.11847977E-007
  0.62277319E+000  0.11847977E-007  0.11847977E-007  0.11847977E-007  0.11847977E-007  0.11847977E-007  0.11847977E-007  0.11847977E-007  0.11847977E-007  0.11847977E-007  0.11847977E-007  0.11847977E-007  0.11847977E-007  0.11847977E-007  0.11847977E-007  0.11847977E-007  0.11847977E-007  0.11847977E-007  0.11847977E-007  0.11847977E-007  0.11847977E-007  0.11847977E-007  0.11847977E-007  0.11847977E-007  0.11847977E-007  0.11847977E-007  0.11847977E-007  0.11847977E-007  0.11847977E-007  0.11847977E-007  0.11847977E-007  0.11847977E-007  0.11847977E-007  0.11847977E-007  0.11847977E-007
  0.62277319E+000  0.11847977E-007  0.11847977E-007  0.11847977E-007  0.11847977E-007  0.11847977E-007  0.11847977E-007  0.11847977E-007  0.11847977E-007  0.11847977E-007  0.11847977E-007  0.11847977E-007  0.11847977E-007  0.11847977E-007  0.11847977E-007  0.11847977E-007  0.11847977E-007  0.11847977E-007  0.11847977E-007  0.11847977E-007  0.11847977E-007  0.11847977E-007  0.11847977E-007  0.11847977E-007  0.11847977E-007  0.11847977E-007  0.11847977E-007  0.11847977E-007  0.11847977E-007  0.11847977E-007  0.11847977E-007  0.11847977E-007  0.11847977E-007  0.11847977E-007  0.11847977E-007
  0.62277319E+000  0.11847977E-007  0.11847977E-007  0.11847977E-007  0.11847977E-007  0.11847977E-007  0.11847977E-007  0.11847977E-007  0.11847977E-007  0.11847977E-007  0.11847977E-007  0.11847977E-007  0.11847977E-007  0.11847977E-007  0.11847977E-007  0.11847977E-007  0.11847977E-007  0.11847977E-007  0.11847977E-007  0.11847977E-007  0.11847977E-007  0.11847977E-007  0.11847977E-007  0.11847977E-007  0.11847977E-007  0.11847977E-007  0.11847977E-007  0.11847977E-007  0.11847977E-007  0.11847977E-007  0.11847977E-007  0.11847977E-007  0.11847977E-007  0.11847977E-007  0.11847977E-007
  0.62277319E+000  0.11847977E-007  0.11847977E-007  0.11847977E-007  0.11847977E-007  0.11847977E-007  0.11847977E-007  0.11847977E-007  0.11847977E-007  0.11847977E-007  0.11847977E-007  0.11847977E-007  0.11847977E-007  0.11847977E-007  0.11847977E-007  0.11847977E-007  0.11847977E-007  0.11847977E-007  0.11847977E-007  0.11847977E-007  0.11847977E-007  0.11847977E-007  0.11847977E-007  0.11847977E-007  0.11847977E-007  0.11847977E-007  0.11847977E-007  0.11847977E-007  0.11847977E-007  0.11847977E-007  0.11847977E-007  0.11847977E-007  0.11847977E-007  0.11847977E-007  0.11847977E-007
  0.62277319E+000  0.11847977E-007  0.11847977E-007  0.11847977E-007  0.11847977E-007  0.11847977E-007  0.11847977E-007  0.11847977E-007  0.11847977E-007  0.11847977E-007  0.11847977E-007  0.11847977E-007  0.11847977E-007  0.11847977E-007  0.11847977E-007  0.11847977E-007  0.11847977E-007  0.11847977E-007  0.11847977E-007  0.11847977E-007  0.11847977E-007  0.11847977E-007  0.11847977E-007  0.11847977E-007  0.11847977E-007  0.11847977E-007  0.11847977E-007  0.11847977E-007  0.11847977E-007  0.11847977E-007  0.11847977E-007  0.11847977E-007  0.11847977E-007  0.11847977E-007  0.11847977E-007
  0.62277319E+000  0.11847977E-007  0.11847977E-007  0.11847977E-007  0.11847977E-007  0.11847977E-007  0.11847977E-007  0.11847977E-007  0.11847977E-007  0.11847977E-007  0.11847977E-007  0.11847977E-007  0.11847977E-007  0.11847977E-007  0.11847977E-007  0.11847977E-007  0.11847977E-007  0.11847977E-007  0.11847977E-007  0.11847977E-007  0.11847977E-007  0.11847977E-007  0.11847977E-007  0.11847977E-007  0.11847977E-007  0.11847977E-007  0.11847977E-007  0.11847977E-007  0.11847977E-007  0.11847977E-007  0.11847977E-007  0.11847977E-007  0.11847977E-007  0.11847977E-007  0.11847977E-007
  0.62277319E+000  0.11847977E-007  0.11847977E-007  0.11847977E-007  0.11847977E-007  0.11847977E-007  0.11847977E-007  0.11847977E-007  0.11847977E-007  0.11847977E-007  0.11847977E-007  0.11847977E-007  0.11847977E-007  0.11847977E-007  0.11847977E-007  0.11847977E-007  0.11847977E-007  0.11847977E-007  0.11847977E-007  0.11847977E-007  0.11847977E-007  0.11847977E-007  0.11847977E-007  0.11847977E-007  0.11847977E-007  0.11847977E-007  0.11847977E-007  0.11847977E-007  0.11847977E-007  0.11847977E-007  0.11847977E-007  0.11847977E-007  0.11847977E-007  0.11847977E-007  0.11847977E-007
  0.62277319E+000  0.11847977E-007  0.11847977E-007  0.11847977E-007  0.11847977E-007  0.11847977E-007  0.11847977E-007  0.11847977E-007  0.11847977E-007  0.11847977E-007  0.11847977E-007  0.11847977E-007  0.11847977E-007  0.11847977E-007  0.11847977E-007  0.11847977E-007  0.11847977E-007  0.11847977E-007  0.11847977E-007  0.11847977E-007  0.11847977E-007  0.11847977E-007  0.11847977E-007  0.11847977E-007  0.11847977E-007  0.11847977E-007  0.11847977E-007  0.11847977E-007  0.11847977E-007  0.11847977E-007  0.11847977E-007  0.11847977E-007  0.11847977E-007  0.11847977E-007  0.11847977E-007
  0.62277319E+000  0.11847977E-007  0.11847977E-007  0.11847977E-007  0.11847977E-007  0.11847977E-007  0.11847977E-007  0.11847977E-007  0.11847977E-007  0.11847977E-007  0.11847977E-007  0.11847977E-007  0.11847977E-007  0.11847977E-007  0.11847977E-007  0.11847977E-007  0.11847977E-007  0.11847977E-007  0.11847977E-007  0.11847977E-007  0.11847977E-007  0.11847977E-007  0.11847977E-007  0.11847977E-007  0.11847977E-007  0.11847977E-007  0.11847977E-007  0.11847977E-007  0.11847977E-007  0.11847977E-007  0.11847977E-007  0.11847977E-007  0.11847977E-007  0.11847977E-007  0.11847977E-007
  0.62277319E+000  0.11847977E-007  0.11847977E-007  0.11847977E-007  0.11847977E-007  0.11847977E-007  0.11847977E-007  0.11847977E-007  0.11847977E-007  0.11847977E-007  0.11847977E-007  0.11847977E-007  0.11847977E-007  0.11847977E-007  0.11847977E-007  0.11847977E-007  0.11847977E-007  0.11847977E-007  0.11847977E-007  0.11847977E-007  0.11847977E-007  0.11847977E-007  0.11847977E-007  0.11847977E-007  0.11847977E-007  0.11847977E-007  0.11847977E-007  0.11847977E-007  0.11847977E-007  0.11847977E-007  0.11847977E-007  0.11847977E-007  0.11847977E-007  0.11847977E-007  0.11847977E-007
  0.62277319E+000  0.11847977E-007  0.11847977E-007  0.11847977E-007  0.11847977E-007  0.11847977E-007  0.11847977E-007  0.11847977E-007  0.11847977E-007  0.11847977E-007  0.11847977E-007  0.11847977E-007  0.11847977E-007  0.11847977E-007  0.11847977E-007  0.11847977E-007  0.11847977E-007  0.11847977E-007  0.11847977E-007  0.11847977E-007  0.11847977E-007  0.11847977E-007  0.11847977E-007  0.11847977E-007  0.11847977E-007  0.11847977E-007  0.11847977E-007  0.11847977E-007  0.11847977E-007  0.11847977E-007  0.11847977E-007  0.11847977E-007  0.11847977E-007  0.11847977E-007  0.11847977E-007
  0.62277319E+000  0.11847977E-007  0.11847977E-007  0.11847977E-007  0.11847977E-007  0.10000000E+001  0.61960321E+000  0.11847977E-007  0.11847977E-007  0.11847977E-007  0.10000000E+001  0.61832861E+000  0.11847977E-007  0.11847977E-007  0.11847977E-007  0.10000000E+001  0.10000000E+001  0.10000000E+001  0.10000000E+001  0.10000000E+001  0.10000000E+001  0.10000000E+001  0.10000000E+001  0.10000000E+001  0.10000000E+001  0.10000000E+001  0.10000000E+001  0.10000000E+001  0.10000000E+001  0.10000000E+001  0.10000000E+001  0.10000000E+001  0.10000000E+001  0.10000000E+001  0.54961781E+000
  0.62277319E+000  0.10000000E+001  0.10000000E+001  0.10000000E+001  0.10000000E+001  0.10000000E+001  0.10000000E+001  0.10000000E+001  0.10000000E+001  0.10000000E+001  0.10000000E+001  0.10000000E+001  0.10000000E+001  0.10000000E+001  0.10000000E+001  0.10000000E+001  0.10000000E+001  0.10000000E+001  0.10000000E+001  0.10000000E+001  0.10000000E+001  0.10000000E+001  0.10000000E+001  0.10000000E+001  0.10000000E+001  0.10000000E+001  0.10000000E+001  0.10000000E+001  0.10000000E+001  0.10000000E+001  0.10000000E+001  0.10000000E+001  0.10000000E+001  0.10000000E+001  0.54961781E+000
  0.62277319E+000  0.10000000E+001  0.62254791E+000  0.10000000E+001  0.10000000E+001  0.10000000E+001  0.10000000E+001  0.10000000E+001  0.10000000E+001  0.10000000E+001  0.10000000E+001  0.10000000E+001  0.10000000E+001  0.10000000E+001  0.10000000E+001  0.10000000E+001  0.61694168E+000  0.11847977E-007  0.11847977E-007  0.11847977E-007  0.11847977E-007  0.11847977E-007  0.11847977E-007  0.11847977E-007  0.11847977E-007  0.11847977E-007  0.11847977E-007  0.11847977E-007  0.11847977E-007  0.11847977E-007  0.11847977E-007  0.11847977E-007  0.11847977E-007  0.11847977E-007  0.11847977E-007
  0.62277319E+000  0.11847977E-007  0.11847977E-007  0.10000000E+001  0.10000000E+001  0.10000000E+001  0.10000000E+001  0.10000000E+001  0.10000000E+001  0.10000000E+001  0.10000000E+001  0.10000000E+001  0.10000000E+001  0.10000000E+001  0.10000000E+001  0.10000000E+001  0.61694168E+000  0.11847977E-007  0.11847977E-007  0.11847977E-007  0.10000000E+001  0.61049689E+000  0.10000000E+001  0.10000000E+001  0.60282799E+000  0.11847977E-007  0.11847977E-007  0.11847977E-007  0.11847977E-007  0.10000000E+001  0.10000000E+001  0.57042232E+000  0.11847977E-007  0.11847977E-007  0.11847977E-007
