  0.44590397E+000  0.71715016E-009  0.71715016E-009  0.71715016E-009  0.71715016E-009  0.71715016E-009  0.71715016E-009  0.71715016E-009  0.71715016E-009  0.71715016E-009  0.71715016E-009  0.71715016E-009  0.71715016E-009  0.71715016E-009  0.71715016E-009  0.71715016E-009  0.71715016E-009  0.71715016E-009  0.71715016E-009  0.71715016E-009  0.71715016E-009  0.71715016E-009  0.71715016E-009  0.71715016E-009  0.71715016E-009  0.71715016E-009  0.71715016E-009  0.71715016E-009  0.71715016E-009  0.71715016E-009  0.71715016E-009  0.71715016E-009  0.71715016E-009  0.71715016E-009  0.71715016E-009
  0.44590397E+000  0.71715016E-009  0.71715016E-009  0.71715016E-009  0.71715016E-009  0.71715016E-009  0.71715016E-009  0.71715016E-009  0.71715016E-009  0.71715016E-009  0.71715016E-009  0.71715016E-009  0.71715016E-009  0.71715016E-009  0.71715016E-009  0.71715016E-009  0.71715016E-009  0.71715016E-009  0.71715016E-009  0.71715016E-009  0.71715016E-009  0.71715016E-009  0.71715016E-009  0.71715016E-009  0.71715016E-009  0.71715016E-009  0.71715016E-009  0.71715016E-009  0.71715016E-009  0.71715016E-009  0.71715016E-009  0.71715016E-009  0.71715016E-009  0.71715016E-009  0.71715016E-009
  0.44590397E+000  0.71715016E-009  0.71715016E-009  0.71715016E-009  0.71715016E-009  0.71715016E-009  0.71715016E-009  0.71715016E-009  0.71715016E-009  0.71715016E-009  0.71715016E-009  0.71715016E-009  0.71715016E-009  0.71715016E-009  0.71715016E-009  0.71715016E-009  0.71715016E-009  0.71715016E-009  0.71715016E-009  0.71715016E-009  0.71715016E-009  0.71715016E-009  0.71715016E-009  0.71715016E-009  0.71715016E-009  0.71715016E-009  0.71715016E-009  0.71715016E-009  0.71715016E-009  0.71715016E-009  0.71715016E-009  0.71715016E-009  0.71715016E-009  0.71715016E-009  0.71715016E-009
  0.44590397E+000  0.71715016E-009  0.71715016E-009  0.71715016E-009  0.71715016E-009  0.71715016E-009  0.71715016E-009  0.71715016E-009  0.71715016E-009  0.71715016E-009  0.71715016E-009  0.71715016E-009  0.71715016E-009  0.71715016E-009  0.71715016E-009  0.71715016E-009  0.71715016E-009  0.71715016E-009  0.71715016E-009  0.71715016E-009  0.71715016E-009  0.71715016E-009  0.71715016E-009  0.71715016E-009  0.71715016E-009  0.71715016E-009  0.71715016E-009  0.71715016E-009  0.71715016E-009  0.71715016E-009  0.71715016E-009  0.71715016E-009  0.71715016E-009  0.71715016E-009  0.71715016E-009
  0.44590397E+000  0.71715016E-009  0.71715016E-009  0.71715016E-009  0.71715016E-009  0.71715016E-009  0.71715016E-009  0.71715016E-009  0.71715016E-009  0.71715016E-009  0.71715016E-009  0.71715016E-009  0.71715016E-009  0.71715016E-009  0.71715016E-009  0.71715016E-009  0.71715016E-009  0.71715016E-009  0.71715016E-009  0.71715016E-009  0.71715016E-009  0.71715016E-009  0.71715016E-009  0.71715016E-009  0.71715016E-009  0.71715016E-009  0.71715016E-009  0.71715016E-009  0.71715016E-009  0.71715016E-009  0.71715016E-009  0.71715016E-009  0.71715016E-009  0.71715016E-009  0.71715016E-009
  0.44590397E+000  0.71715016E-009  0.71715016E-009  0.71715016E-009  0.71715016E-009  0.71715016E-009  0.71715016E-009  0.71715016E-009  0.71715016E-009  0.71715016E-009  0.71715016E-009  0.71715016E-009  0.71715016E-009  0.71715016E-009  0.71715016E-009  0.71715016E-009  0.71715016E-009  0.71715016E-009  0.71715016E-009  0.71715016E-009  0.71715016E-009  0.71715016E-009  0.71715016E-009  0.71715016E-009  0.71715016E-009  0.71715016E-009  0.71715016E-009  0.71715016E-009  0.71715016E-009  0.71715016E-009  0.71715016E-009  0.71715016E-009  0.71715016E-009  0.71715016E-009  0.71715016E-009
  0.44590397E+000  0.71715016E-009  0.71715016E-009  0.71715016E-009  0.71715016E-009  0.71715016E-009  0.71715016E-009  0.71715016E-009  0.71715016E-009  0.71715016E-009  0.71715016E-009  0.71715016E-009  0.71715016E-009  0.71715016E-009  0.71715016E-009  0.71715016E-009  0.71715016E-009  0.71715016E-009  0.71715016E-009  0.71715016E-009  0.71715016E-009  0.71715016E-009  0.71715016E-009  0.71715016E-009  0.71715016E-009  0.71715016E-009  0.71715016E-009  0.71715016E-009  0.71715016E-009  0.71715016E-009  0.71715016E-009  0.71715016E-009  0.71715016E-009  0.71715016E-009  0.71715016E-009
  0.44590397E+000  0.71715016E-009  0.71715016E-009  0.71715016E-009  0.71715016E-009  0.71715016E-009  0.71715016E-009  0.71715016E-009  0.71715016E-009  0.71715016E-009  0.71715016E-009  0.71715016E-009  0.71715016E-009  0.71715016E-009  0.71715016E-009  0.71715016E-009  0.71715016E-009  0.71715016E-009  0.71715016E-009  0.71715016E-009  0.71715016E-009  0.71715016E-009  0.71715016E-009  0.71715016E-009  0.71715016E-009  0.71715016E-009  0.71715016E-009  0.71715016E-009  0.71715016E-009  0.71715016E-009  0.71715016E-009  0.71715016E-009  0.71715016E-009  0.71715016E-009  0.71715016E-009
  0.44590397E+000  0.71715016E-009  0.71715016E-009  0.71715016E-009  0.71715016E-009  0.71715016E-009  0.71715016E-009  0.71715016E-009  0.71715016E-009  0.71715016E-009  0.71715016E-009  0.71715016E-009  0.71715016E-009  0.71715016E-009  0.71715016E-009  0.71715016E-009  0.71715016E-009  0.71715016E-009  0.71715016E-009  0.71715016E-009  0.71715016E-009  0.71715016E-009  0.71715016E-009  0.71715016E-009  0.71715016E-009  0.71715016E-009  0.71715016E-009  0.71715016E-009  0.71715016E-009  0.71715016E-009  0.71715016E-009  0.71715016E-009  0.71715016E-009  0.71715016E-009  0.71715016E-009
  0.44590397E+000  0.71715016E-009  0.71715016E-009  0.71715016E-009  0.71715016E-009  0.71715016E-009  0.71715016E-009  0.71715016E-009  0.71715016E-009  0.71715016E-009  0.71715016E-009  0.71715016E-009  0.71715016E-009  0.71715016E-009  0.71715016E-009  0.71715016E-009  0.71715016E-009  0.71715016E-009  0.71715016E-009  0.71715016E-009  0.71715016E-009  0.71715016E-009  0.71715016E-009  0.71715016E-009  0.71715016E-009  0.71715016E-009  0.71715016E-009  0.71715016E-009  0.71715016E-009  0.71715016E-009  0.71715016E-009  0.71715016E-009  0.71715016E-009  0.71715016E-009  0.71715016E-009
  0.44590397E+000  0.71715016E-009  0.71715016E-009  0.71715016E-009  0.71715016E-009  0.71715016E-009  0.71715016E-009  0.71715016E-009  0.71715016E-009  0.71715016E-009  0.71715016E-009  0.71715016E-009  0.71715016E-009  0.71715016E-009  0.71715016E-009  0.71715016E-009  0.71715016E-009  0.71715016E-009  0.71715016E-009  0.71715016E-009  0.71715016E-009  0.71715016E-009  0.71715016E-009  0.71715016E-009  0.71715016E-009  0.71715016E-009  0.71715016E-009  0.71715016E-009  0.71715016E-009  0.71715016E-009  0.71715016E-009  0.71715016E-009  0.71715016E-009  0.71715016E-009  0.71715016E-009
  0.44590397E+000  0.71715016E-009  0.71715016E-009  0.71715016E-009  0.71715016E-009  0.71715016E-009  0.71715016E-009  0.71715016E-009  0.71715016E-009  0.71715016E-009  0.71715016E-009  0.71715016E-009  0.71715016E-009  0.71715016E-009  0.71715016E-009  0.71715016E-009  0.71715016E-009  0.71715016E-009  0.71715016E-009  0.71715016E-009  0.71715016E-009  0.71715016E-009  0.71715016E-009  0.71715016E-009  0.71715016E-009  0.71715016E-009  0.71715016E-009  0.71715016E-009  0.71715016E-009  0.71715016E-009  0.71715016E-009  0.71715016E-009  0.71715016E-009  0.71715016E-009  0.71715016E-009
  0.44590397E+000  0.71715016E-009  0.71715016E-009  0.71715016E-009  0.71715016E-009  0.71715016E-009  0.71715016E-009  0.71715016E-009  0.71715016E-009  0.71715016E-009  0.71715016E-009  0.71715016E-009  0.71715016E-009  0.71715016E-009  0.71715016E-009  0.71715016E-009  0.71715016E-009  0.71715016E-009  0.71715016E-009  0.71715016E-009  0.71715016E-009  0.71715016E-009  0.71715016E-009  0.71715016E-009  0.71715016E-009  0.71715016E-009  0.71715016E-009  0.71715016E-009  0.71715016E-009  0.71715016E-009  0.71715016E-009  0.71715016E-009  0.71715016E-009  0.71715016E-009  0.71715016E-009
  0.44590397E+000  0.71715016E-009  0.71715016E-009  0.71715016E-009  0.71715016E-009  0.71715016E-009  0.71715016E-009  0.71715016E-009  0.71715016E-009  0.71715016E-009  0.71715016E-009  0.71715016E-009  0.71715016E-009  0.71715016E-009  0.71715016E-009  0.71715016E-009  0.71715016E-009  0.71715016E-009  0.71715016E-009  0.71715016E-009  0.71715016E-009  0.71715016E-009  0.71715016E-009  0.71715016E-009  0.71715016E-009  0.71715016E-009  0.71715016E-009  0.71715016E-009  0.71715016E-009  0.71715016E-009  0.71715016E-009  0.71715016E-009  0.71715016E-009  0.71715016E-009  0.71715016E-009
  0.44590397E+000  0.71715016E-009  0.71715016E-009  0.71715016E-009  0.71715016E-009  0.71715016E-009  0.71715016E-009  0.71715016E-009  0.71715016E-009  0.71715016E-009  0.71715016E-009  0.71715016E-009  0.71715016E-009  0.71715016E-009  0.71715016E-009  0.71715016E-009  0.71715016E-009  0.71715016E-009  0.71715016E-009  0.71715016E-009  0.71715016E-009  0.71715016E-009  0.71715016E-009  0.71715016E-009  0.71715016E-009  0.71715016E-009  0.71715016E-009  0.71715016E-009  0.71715016E-009  0.71715016E-009  0.71715016E-009  0.71715016E-009  0.71715016E-009  0.71715016E-009  0.71715016E-009
  0.44590397E+000  0.71715016E-009  0.71715016E-009  0.71715016E-009  0.71715016E-009  0.71715016E-009  0.71715016E-009  0.71715016E-009  0.71715016E-009  0.71715016E-009  0.71715016E-009  0.71715016E-009  0.71715016E-009  0.71715016E-009  0.71715016E-009  0.71715016E-009  0.71715016E-009  0.71715016E-009  0.71715016E-009  0.71715016E-009  0.71715016E-009  0.71715016E-009  0.71715016E-009  0.71715016E-009  0.71715016E-009  0.71715016E-009  0.71715016E-009  0.71715016E-009  0.71715016E-009  0.71715016E-009  0.71715016E-009  0.71715016E-009  0.71715016E-009  0.71715016E-009  0.71715016E-009
  0.44590397E+000  0.71715016E-009  0.71715016E-009  0.71715016E-009  0.71715016E-009  0.71715016E-009  0.71715016E-009  0.71715016E-009  0.71715016E-009  0.71715016E-009  0.71715016E-009  0.71715016E-009  0.71715016E-009  0.71715016E-009  0.71715016E-009  0.71715016E-009  0.71715016E-009  0.71715016E-009  0.71715016E-009  0.71715016E-009  0.71715016E-009  0.71715016E-009  0.71715016E-009  0.71715016E-009  0.71715016E-009  0.71715016E-009  0.71715016E-009  0.71715016E-009  0.71715016E-009  0.71715016E-009  0.71715016E-009  0.71715016E-009  0.71715016E-009  0.71715016E-009  0.71715016E-009
  0.44590397E+000  0.71715016E-009  0.71715016E-009  0.71715016E-009  0.71715016E-009  0.71715016E-009  0.71715016E-009  0.71715016E-009  0.71715016E-009  0.71715016E-009  0.71715016E-009  0.71715016E-009  0.71715016E-009  0.71715016E-009  0.71715016E-009  0.71715016E-009  0.71715016E-009  0.71715016E-009  0.71715016E-009  0.71715016E-009  0.71715016E-009  0.71715016E-009  0.71715016E-009  0.71715016E-009  0.71715016E-009  0.71715016E-009  0.71715016E-009  0.71715016E-009  0.71715016E-009  0.71715016E-009  0.71715016E-009  0.71715016E-009  0.71715016E-009  0.71715016E-009  0.71715016E-009
  0.44590397E+000  0.71715016E-009  0.71715016E-009  0.71715016E-009  0.71715016E-009  0.71715016E-009  0.71715016E-009  0.71715016E-009  0.71715016E-009  0.71715016E-009  0.71715016E-009  0.71715016E-009  0.71715016E-009  0.71715016E-009  0.71715016E-009  0.71715016E-009  0.71715016E-009  0.71715016E-009  0.71715016E-009  0.71715016E-009  0.71715016E-009  0.71715016E-009  0.71715016E-009  0.71715016E-009  0.71715016E-009  0.71715016E-009  0.71715016E-009  0.71715016E-009  0.71715016E-009  0.71715016E-009  0.71715016E-009  0.71715016E-009  0.71715016E-009  0.71715016E-009  0.71715016E-009
  0.44590397E+000  0.71715016E-009  0.71715016E-009  0.71715016E-009  0.71715016E-009  0.71715016E-009  0.71715016E-009  0.71715016E-009  0.71715016E-009  0.71715016E-009  0.71715016E-009  0.71715016E-009  0.71715016E-009  0.71715016E-009  0.71715016E-009  0.71715016E-009  0.71715016E-009  0.71715016E-009  0.71715016E-009  0.71715016E-009  0.71715016E-009  0.71715016E-009  0.71715016E-009  0.71715016E-009  0.71715016E-009  0.71715016E-009  0.71715016E-009  0.71715016E-009  0.71715016E-009  0.71715016E-009  0.71715016E-009  0.71715016E-009  0.71715016E-009  0.71715016E-009  0.71715016E-009
  0.44590397E+000  0.71715016E-009  0.71715016E-009  0.71715016E-009  0.71715016E-009  0.71715016E-009  0.71715016E-009  0.71715016E-009  0.71715016E-009  0.71715016E-009  0.71715016E-009  0.71715016E-009  0.71715016E-009  0.71715016E-009  0.71715016E-009  0.71715016E-009  0.71715016E-009  0.71715016E-009  0.71715016E-009  0.71715016E-009  0.71715016E-009  0.71715016E-009  0.71715016E-009  0.71715016E-009  0.71715016E-009  0.71715016E-009  0.71715016E-009  0.71715016E-009  0.71715016E-009  0.71715016E-009  0.71715016E-009  0.71715016E-009  0.71715016E-009  0.71715016E-009  0.71715016E-009
  0.44590397E+000  0.71715016E-009  0.71715016E-009  0.71715016E-009  0.71715016E-009  0.71715016E-009  0.71715016E-009  0.71715016E-009  0.71715016E-009  0.71715016E-009  0.71715016E-009  0.71715016E-009  0.71715016E-009  0.71715016E-009  0.71715016E-009  0.71715016E-009  0.71715016E-009  0.71715016E-009  0.71715016E-009  0.71715016E-009  0.71715016E-009  0.71715016E-009  0.71715016E-009  0.71715016E-009  0.71715016E-009  0.71715016E-009  0.71715016E-009  0.71715016E-009  0.71715016E-009  0.71715016E-009  0.71715016E-009  0.71715016E-009  0.71715016E-009  0.71715016E-009  0.71715016E-009
  0.44590397E+000  0.71715016E-009  0.71715016E-009  0.71715016E-009  0.71715016E-009  0.71715016E-009  0.71715016E-009  0.71715016E-009  0.71715016E-009  0.71715016E-009  0.71715016E-009  0.71715016E-009  0.71715016E-009  0.71715016E-009  0.71715016E-009  0.71715016E-009  0.71715016E-009  0.71715016E-009  0.71715016E-009  0.71715016E-009  0.71715016E-009  0.71715016E-009  0.71715016E-009  0.71715016E-009  0.71715016E-009  0.71715016E-009  0.71715016E-009  0.71715016E-009  0.71715016E-009  0.71715016E-009  0.71715016E-009  0.71715016E-009  0.71715016E-009  0.71715016E-009  0.71715016E-009
  0.44590397E+000  0.71715016E-009  0.71715016E-009  0.71715016E-009  0.71715016E-009  0.71715016E-009  0.71715016E-009  0.71715016E-009  0.71715016E-009  0.71715016E-009  0.71715016E-009  0.71715016E-009  0.71715016E-009  0.71715016E-009  0.71715016E-009  0.71715016E-009  0.71715016E-009  0.71715016E-009  0.71715016E-009  0.71715016E-009  0.71715016E-009  0.71715016E-009  0.71715016E-009  0.71715016E-009  0.71715016E-009  0.71715016E-009  0.71715016E-009  0.71715016E-009  0.71715016E-009  0.71715016E-009  0.71715016E-009  0.71715016E-009  0.71715016E-009  0.71715016E-009  0.71715016E-009
  0.44590397E+000  0.71715016E-009  0.71715016E-009  0.71715016E-009  0.71715016E-009  0.71715016E-009  0.71715016E-009  0.71715016E-009  0.71715016E-009  0.71715016E-009  0.71715016E-009  0.71715016E-009  0.71715016E-009  0.71715016E-009  0.71715016E-009  0.71715016E-009  0.71715016E-009  0.71715016E-009  0.71715016E-009  0.71715016E-009  0.71715016E-009  0.71715016E-009  0.71715016E-009  0.71715016E-009  0.71715016E-009  0.71715016E-009  0.71715016E-009  0.71715016E-009  0.10000000E+001  0.10000000E+001  0.10000000E+001  0.10000000E+001  0.10000000E+001  0.10000000E+001  0.12864785E+000
