  0.55849959E+000  0.19947374E-008  0.19947374E-008  0.19947374E-008  0.19947374E-008  0.19947374E-008  0.19947374E-008  0.19947374E-008  0.19947374E-008  0.19947374E-008  0.19947374E-008  0.19947374E-008  0.19947374E-008  0.19947374E-008  0.19947374E-008  0.19947374E-008  0.19947374E-008  0.19947374E-008  0.19947374E-008  0.19947374E-008  0.19947374E-008  0.19947374E-008  0.19947374E-008  0.19947374E-008  0.19947374E-008  0.19947374E-008  0.19947374E-008  0.19947374E-008  0.19947374E-008  0.19947374E-008  0.19947374E-008  0.19947374E-008  0.19947374E-008  0.19947374E-008  0.19947374E-008
  0.55849959E+000  0.19947374E-008  0.19947374E-008  0.19947374E-008  0.19947374E-008  0.19947374E-008  0.19947374E-008  0.19947374E-008  0.19947374E-008  0.19947374E-008  0.19947374E-008  0.19947374E-008  0.19947374E-008  0.19947374E-008  0.19947374E-008  0.19947374E-008  0.19947374E-008  0.19947374E-008  0.19947374E-008  0.19947374E-008  0.19947374E-008  0.19947374E-008  0.19947374E-008  0.19947374E-008  0.19947374E-008  0.19947374E-008  0.19947374E-008  0.19947374E-008  0.19947374E-008  0.19947374E-008  0.19947374E-008  0.19947374E-008  0.19947374E-008  0.19947374E-008  0.19947374E-008
  0.55849959E+000  0.19947374E-008  0.19947374E-008  0.19947374E-008  0.19947374E-008  0.19947374E-008  0.19947374E-008  0.19947374E-008  0.19947374E-008  0.19947374E-008  0.19947374E-008  0.19947374E-008  0.19947374E-008  0.19947374E-008  0.19947374E-008  0.19947374E-008  0.19947374E-008  0.19947374E-008  0.19947374E-008  0.19947374E-008  0.19947374E-008  0.19947374E-008  0.19947374E-008  0.19947374E-008  0.19947374E-008  0.19947374E-008  0.19947374E-008  0.19947374E-008  0.19947374E-008  0.19947374E-008  0.19947374E-008  0.19947374E-008  0.19947374E-008  0.19947374E-008  0.19947374E-008
  0.55849959E+000  0.19947374E-008  0.19947374E-008  0.19947374E-008  0.19947374E-008  0.19947374E-008  0.19947374E-008  0.19947374E-008  0.19947374E-008  0.19947374E-008  0.19947374E-008  0.19947374E-008  0.19947374E-008  0.19947374E-008  0.19947374E-008  0.19947374E-008  0.19947374E-008  0.19947374E-008  0.19947374E-008  0.19947374E-008  0.19947374E-008  0.19947374E-008  0.19947374E-008  0.19947374E-008  0.19947374E-008  0.19947374E-008  0.19947374E-008  0.19947374E-008  0.19947374E-008  0.19947374E-008  0.19947374E-008  0.19947374E-008  0.19947374E-008  0.19947374E-008  0.19947374E-008
  0.55849959E+000  0.19947374E-008  0.19947374E-008  0.19947374E-008  0.19947374E-008  0.19947374E-008  0.19947374E-008  0.19947374E-008  0.19947374E-008  0.19947374E-008  0.19947374E-008  0.19947374E-008  0.19947374E-008  0.19947374E-008  0.19947374E-008  0.19947374E-008  0.19947374E-008  0.19947374E-008  0.19947374E-008  0.19947374E-008  0.19947374E-008  0.19947374E-008  0.19947374E-008  0.19947374E-008  0.19947374E-008  0.19947374E-008  0.19947374E-008  0.19947374E-008  0.19947374E-008  0.19947374E-008  0.19947374E-008  0.19947374E-008  0.19947374E-008  0.19947374E-008  0.19947374E-008
  0.55849959E+000  0.19947374E-008  0.19947374E-008  0.19947374E-008  0.19947374E-008  0.19947374E-008  0.19947374E-008  0.19947374E-008  0.19947374E-008  0.19947374E-008  0.19947374E-008  0.19947374E-008  0.19947374E-008  0.19947374E-008  0.19947374E-008  0.19947374E-008  0.19947374E-008  0.19947374E-008  0.19947374E-008  0.19947374E-008  0.19947374E-008  0.19947374E-008  0.19947374E-008  0.19947374E-008  0.19947374E-008  0.19947374E-008  0.19947374E-008  0.19947374E-008  0.19947374E-008  0.19947374E-008  0.19947374E-008  0.19947374E-008  0.19947374E-008  0.19947374E-008  0.19947374E-008
  0.55849959E+000  0.19947374E-008  0.19947374E-008  0.19947374E-008  0.19947374E-008  0.19947374E-008  0.19947374E-008  0.19947374E-008  0.19947374E-008  0.19947374E-008  0.19947374E-008  0.19947374E-008  0.19947374E-008  0.19947374E-008  0.19947374E-008  0.19947374E-008  0.19947374E-008  0.19947374E-008  0.19947374E-008  0.19947374E-008  0.19947374E-008  0.19947374E-008  0.19947374E-008  0.19947374E-008  0.19947374E-008  0.19947374E-008  0.19947374E-008  0.19947374E-008  0.19947374E-008  0.19947374E-008  0.19947374E-008  0.19947374E-008  0.19947374E-008  0.19947374E-008  0.19947374E-008
  0.55849959E+000  0.19947374E-008  0.19947374E-008  0.19947374E-008  0.19947374E-008  0.19947374E-008  0.19947374E-008  0.19947374E-008  0.19947374E-008  0.19947374E-008  0.19947374E-008  0.19947374E-008  0.19947374E-008  0.19947374E-008  0.19947374E-008  0.19947374E-008  0.19947374E-008  0.19947374E-008  0.19947374E-008  0.19947374E-008  0.19947374E-008  0.19947374E-008  0.19947374E-008  0.19947374E-008  0.19947374E-008  0.19947374E-008  0.19947374E-008  0.19947374E-008  0.19947374E-008  0.19947374E-008  0.19947374E-008  0.19947374E-008  0.19947374E-008  0.19947374E-008  0.19947374E-008
  0.55849959E+000  0.19947374E-008  0.19947374E-008  0.19947374E-008  0.19947374E-008  0.19947374E-008  0.19947374E-008  0.19947374E-008  0.19947374E-008  0.19947374E-008  0.19947374E-008  0.19947374E-008  0.19947374E-008  0.19947374E-008  0.19947374E-008  0.19947374E-008  0.19947374E-008  0.19947374E-008  0.19947374E-008  0.19947374E-008  0.19947374E-008  0.19947374E-008  0.19947374E-008  0.19947374E-008  0.19947374E-008  0.19947374E-008  0.19947374E-008  0.19947374E-008  0.19947374E-008  0.19947374E-008  0.19947374E-008  0.19947374E-008  0.19947374E-008  0.19947374E-008  0.19947374E-008
  0.55849959E+000  0.19947374E-008  0.19947374E-008  0.19947374E-008  0.19947374E-008  0.19947374E-008  0.19947374E-008  0.19947374E-008  0.19947374E-008  0.19947374E-008  0.19947374E-008  0.19947374E-008  0.19947374E-008  0.19947374E-008  0.19947374E-008  0.19947374E-008  0.19947374E-008  0.19947374E-008  0.19947374E-008  0.19947374E-008  0.19947374E-008  0.19947374E-008  0.19947374E-008  0.19947374E-008  0.19947374E-008  0.19947374E-008  0.19947374E-008  0.19947374E-008  0.19947374E-008  0.19947374E-008  0.19947374E-008  0.19947374E-008  0.19947374E-008  0.19947374E-008  0.19947374E-008
  0.55849959E+000  0.19947374E-008  0.19947374E-008  0.19947374E-008  0.19947374E-008  0.19947374E-008  0.19947374E-008  0.19947374E-008  0.19947374E-008  0.19947374E-008  0.19947374E-008  0.19947374E-008  0.19947374E-008  0.19947374E-008  0.19947374E-008  0.19947374E-008  0.19947374E-008  0.19947374E-008  0.19947374E-008  0.19947374E-008  0.19947374E-008  0.19947374E-008  0.19947374E-008  0.19947374E-008  0.19947374E-008  0.19947374E-008  0.19947374E-008  0.19947374E-008  0.19947374E-008  0.19947374E-008  0.19947374E-008  0.19947374E-008  0.19947374E-008  0.19947374E-008  0.19947374E-008
  0.55849959E+000  0.19947374E-008  0.19947374E-008  0.19947374E-008  0.19947374E-008  0.19947374E-008  0.19947374E-008  0.19947374E-008  0.19947374E-008  0.19947374E-008  0.19947374E-008  0.19947374E-008  0.19947374E-008  0.19947374E-008  0.19947374E-008  0.19947374E-008  0.19947374E-008  0.19947374E-008  0.19947374E-008  0.19947374E-008  0.19947374E-008  0.19947374E-008  0.19947374E-008  0.19947374E-008  0.19947374E-008  0.19947374E-008  0.19947374E-008  0.19947374E-008  0.19947374E-008  0.19947374E-008  0.19947374E-008  0.19947374E-008  0.19947374E-008  0.19947374E-008  0.19947374E-008
  0.55849959E+000  0.19947374E-008  0.19947374E-008  0.19947374E-008  0.19947374E-008  0.19947374E-008  0.19947374E-008  0.19947374E-008  0.19947374E-008  0.19947374E-008  0.19947374E-008  0.19947374E-008  0.19947374E-008  0.19947374E-008  0.19947374E-008  0.19947374E-008  0.19947374E-008  0.19947374E-008  0.19947374E-008  0.19947374E-008  0.19947374E-008  0.19947374E-008  0.19947374E-008  0.19947374E-008  0.19947374E-008  0.19947374E-008  0.19947374E-008  0.19947374E-008  0.19947374E-008  0.19947374E-008  0.19947374E-008  0.19947374E-008  0.19947374E-008  0.19947374E-008  0.19947374E-008
  0.55849959E+000  0.19947374E-008  0.19947374E-008  0.19947374E-008  0.19947374E-008  0.19947374E-008  0.19947374E-008  0.19947374E-008  0.19947374E-008  0.19947374E-008  0.19947374E-008  0.19947374E-008  0.19947374E-008  0.19947374E-008  0.19947374E-008  0.19947374E-008  0.19947374E-008  0.19947374E-008  0.19947374E-008  0.19947374E-008  0.19947374E-008  0.19947374E-008  0.19947374E-008  0.19947374E-008  0.19947374E-008  0.19947374E-008  0.19947374E-008  0.19947374E-008  0.19947374E-008  0.19947374E-008  0.19947374E-008  0.19947374E-008  0.19947374E-008  0.19947374E-008  0.19947374E-008
  0.55849959E+000  0.19947374E-008  0.19947374E-008  0.19947374E-008  0.19947374E-008  0.19947374E-008  0.19947374E-008  0.19947374E-008  0.19947374E-008  0.19947374E-008  0.19947374E-008  0.19947374E-008  0.19947374E-008  0.19947374E-008  0.19947374E-008  0.19947374E-008  0.19947374E-008  0.19947374E-008  0.19947374E-008  0.19947374E-008  0.19947374E-008  0.19947374E-008  0.19947374E-008  0.19947374E-008  0.19947374E-008  0.19947374E-008  0.19947374E-008  0.19947374E-008  0.19947374E-008  0.19947374E-008  0.19947374E-008  0.19947374E-008  0.19947374E-008  0.19947374E-008  0.19947374E-008
  0.55849959E+000  0.19947374E-008  0.19947374E-008  0.19947374E-008  0.19947374E-008  0.19947374E-008  0.19947374E-008  0.19947374E-008  0.19947374E-008  0.19947374E-008  0.19947374E-008  0.19947374E-008  0.19947374E-008  0.19947374E-008  0.19947374E-008  0.19947374E-008  0.19947374E-008  0.19947374E-008  0.19947374E-008  0.19947374E-008  0.19947374E-008  0.19947374E-008  0.19947374E-008  0.19947374E-008  0.19947374E-008  0.19947374E-008  0.19947374E-008  0.19947374E-008  0.19947374E-008  0.19947374E-008  0.19947374E-008  0.19947374E-008  0.19947374E-008  0.19947374E-008  0.19947374E-008
  0.55849959E+000  0.19947374E-008  0.19947374E-008  0.19947374E-008  0.19947374E-008  0.19947374E-008  0.19947374E-008  0.19947374E-008  0.19947374E-008  0.19947374E-008  0.19947374E-008  0.19947374E-008  0.19947374E-008  0.19947374E-008  0.19947374E-008  0.19947374E-008  0.19947374E-008  0.19947374E-008  0.19947374E-008  0.19947374E-008  0.19947374E-008  0.19947374E-008  0.19947374E-008  0.19947374E-008  0.19947374E-008  0.19947374E-008  0.19947374E-008  0.19947374E-008  0.19947374E-008  0.19947374E-008  0.19947374E-008  0.19947374E-008  0.19947374E-008  0.19947374E-008  0.19947374E-008
  0.55849959E+000  0.19947374E-008  0.19947374E-008  0.19947374E-008  0.19947374E-008  0.19947374E-008  0.19947374E-008  0.19947374E-008  0.19947374E-008  0.19947374E-008  0.19947374E-008  0.19947374E-008  0.19947374E-008  0.19947374E-008  0.19947374E-008  0.19947374E-008  0.19947374E-008  0.19947374E-008  0.19947374E-008  0.19947374E-008  0.19947374E-008  0.19947374E-008  0.19947374E-008  0.19947374E-008  0.19947374E-008  0.19947374E-008  0.19947374E-008  0.19947374E-008  0.19947374E-008  0.19947374E-008  0.19947374E-008  0.19947374E-008  0.19947374E-008  0.19947374E-008  0.19947374E-008
  0.55849959E+000  0.19947374E-008  0.19947374E-008  0.19947374E-008  0.19947374E-008  0.19947374E-008  0.19947374E-008  0.19947374E-008  0.19947374E-008  0.19947374E-008  0.19947374E-008  0.19947374E-008  0.19947374E-008  0.19947374E-008  0.19947374E-008  0.19947374E-008  0.19947374E-008  0.19947374E-008  0.19947374E-008  0.19947374E-008  0.19947374E-008  0.19947374E-008  0.19947374E-008  0.19947374E-008  0.19947374E-008  0.19947374E-008  0.19947374E-008  0.19947374E-008  0.19947374E-008  0.19947374E-008  0.19947374E-008  0.19947374E-008  0.19947374E-008  0.19947374E-008  0.19947374E-008
  0.55849959E+000  0.19947374E-008  0.19947374E-008  0.19947374E-008  0.19947374E-008  0.19947374E-008  0.19947374E-008  0.19947374E-008  0.19947374E-008  0.19947374E-008  0.19947374E-008  0.19947374E-008  0.19947374E-008  0.19947374E-008  0.19947374E-008  0.19947374E-008  0.19947374E-008  0.19947374E-008  0.19947374E-008  0.19947374E-008  0.19947374E-008  0.19947374E-008  0.19947374E-008  0.19947374E-008  0.19947374E-008  0.19947374E-008  0.19947374E-008  0.19947374E-008  0.19947374E-008  0.19947374E-008  0.19947374E-008  0.19947374E-008  0.19947374E-008  0.19947374E-008  0.19947374E-008
  0.55849959E+000  0.19947374E-008  0.19947374E-008  0.19947374E-008  0.19947374E-008  0.19947374E-008  0.19947374E-008  0.19947374E-008  0.19947374E-008  0.19947374E-008  0.19947374E-008  0.19947374E-008  0.19947374E-008  0.19947374E-008  0.19947374E-008  0.19947374E-008  0.19947374E-008  0.19947374E-008  0.19947374E-008  0.19947374E-008  0.19947374E-008  0.19947374E-008  0.19947374E-008  0.19947374E-008  0.19947374E-008  0.19947374E-008  0.19947374E-008  0.19947374E-008  0.19947374E-008  0.19947374E-008  0.19947374E-008  0.19947374E-008  0.19947374E-008  0.19947374E-008  0.19947374E-008
  0.10000000E+001  0.10000000E+001  0.10000000E+001  0.10000000E+001  0.55184807E+000  0.19947374E-008  0.19947374E-008  0.19947374E-008  0.19947374E-008  0.19947374E-008  0.19947374E-008  0.19947374E-008  0.19947374E-008  0.19947374E-008  0.19947374E-008  0.19947374E-008  0.19947374E-008  0.19947374E-008  0.19947374E-008  0.19947374E-008  0.19947374E-008  0.19947374E-008  0.19947374E-008  0.19947374E-008  0.19947374E-008  0.19947374E-008  0.19947374E-008  0.19947374E-008  0.19947374E-008  0.19947374E-008  0.19947374E-008  0.19947374E-008  0.19947374E-008  0.19947374E-008  0.19947374E-008
  0.10000000E+001  0.10000000E+001  0.10000000E+001  0.55524760E+000  0.19947374E-008  0.19947374E-008  0.19947374E-008  0.19947374E-008  0.19947374E-008  0.19947374E-008  0.19947374E-008  0.19947374E-008  0.19947374E-008  0.19947374E-008  0.19947374E-008  0.19947374E-008  0.19947374E-008  0.19947374E-008  0.19947374E-008  0.19947374E-008  0.19947374E-008  0.19947374E-008  0.19947374E-008  0.19947374E-008  0.19947374E-008  0.19947374E-008  0.19947374E-008  0.19947374E-008  0.19947374E-008  0.19947374E-008  0.19947374E-008  0.19947374E-008  0.19947374E-008  0.19947374E-008  0.19947374E-008
  0.10000000E+001  0.55829030E+000  0.19947374E-008  0.19947374E-008  0.19947374E-008  0.19947374E-008  0.10000000E+001  0.53878304E+000  0.19947374E-008  0.19947374E-008  0.10000000E+001  0.53562580E+000  0.19947374E-008  0.10000000E+001  0.53346373E+000  0.19947374E-008  0.19947374E-008  0.19947374E-008  0.19947374E-008  0.19947374E-008  0.19947374E-008  0.19947374E-008  0.19947374E-008  0.19947374E-008  0.19947374E-008  0.19947374E-008  0.19947374E-008  0.19947374E-008  0.19947374E-008  0.19947374E-008  0.19947374E-008  0.19947374E-008  0.19947374E-008  0.19947374E-008  0.19947374E-008
  0.55849959E+000  0.19947374E-008  0.19947374E-008  0.19947374E-008  0.19947374E-008  0.10000000E+001  0.54208641E+000  0.19947374E-008  0.19947374E-008  0.19947374E-008  0.19947374E-008  0.19947374E-008  0.19947374E-008  0.19947374E-008  0.10000000E+001  0.53150730E+000  0.19947374E-008  0.10000000E+001  0.51994612E+000  0.19947374E-008  0.19947374E-008  0.19947374E-008  0.19947374E-008  0.19947374E-008  0.19947374E-008  0.10000000E+001  0.43411011E+000  0.19947374E-008  0.10000000E+001  0.38308388E+000  0.19947374E-008  0.10000000E+001  0.32774447E+000  0.10000000E+001  0.29112772E+000
