  0.00000000E+000 -0.10000000E+009 -0.10000000E+009 -0.10000000E+009 -0.10000000E+009 -0.10000000E+009 -0.10000000E+009 -0.10000000E+009 -0.10000000E+009 -0.10000000E+009 -0.10000000E+009 -0.10000000E+009 -0.10000000E+009 -0.10000000E+009 -0.10000000E+009 -0.10000000E+009 -0.10000000E+009 -0.10000000E+009 -0.10000000E+009 -0.10000000E+009 -0.10000000E+009 -0.10000000E+009 -0.10000000E+009 -0.10000000E+009 -0.10000000E+009 -0.10000000E+009 -0.10000000E+009 -0.10000000E+009 -0.10000000E+009 -0.10000000E+009 -0.10000000E+009 -0.10000000E+009 -0.10000000E+009 -0.10000000E+009 -0.10000000E+009
  0.00000000E+000 -0.10000000E+009 -0.10000000E+009 -0.10000000E+009 -0.10000000E+009 -0.10000000E+009 -0.10000000E+009 -0.10000000E+009 -0.10000000E+009 -0.10000000E+009 -0.10000000E+009 -0.10000000E+009 -0.10000000E+009 -0.10000000E+009 -0.10000000E+009 -0.10000000E+009 -0.10000000E+009 -0.10000000E+009 -0.10000000E+009 -0.10000000E+009 -0.10000000E+009 -0.10000000E+009 -0.10000000E+009 -0.10000000E+009 -0.10000000E+009 -0.10000000E+009 -0.10000000E+009 -0.10000000E+009 -0.10000000E+009 -0.10000000E+009 -0.10000000E+009 -0.10000000E+009 -0.10000000E+009 -0.10000000E+009 -0.10000000E+009
  0.00000000E+000 -0.10000000E+009 -0.10000000E+009 -0.10000000E+009 -0.10000000E+009 -0.10000000E+009 -0.10000000E+009 -0.10000000E+009 -0.10000000E+009 -0.10000000E+009 -0.10000000E+009 -0.10000000E+009 -0.10000000E+009 -0.10000000E+009 -0.10000000E+009 -0.10000000E+009 -0.10000000E+009 -0.10000000E+009 -0.10000000E+009 -0.10000000E+009 -0.10000000E+009 -0.10000000E+009 -0.10000000E+009 -0.10000000E+009 -0.10000000E+009 -0.10000000E+009 -0.10000000E+009 -0.10000000E+009 -0.10000000E+009 -0.10000000E+009 -0.10000000E+009 -0.10000000E+009 -0.10000000E+009 -0.10000000E+009 -0.10000000E+009
  0.00000000E+000 -0.10000000E+009 -0.10000000E+009 -0.10000000E+009 -0.10000000E+009 -0.10000000E+009 -0.10000000E+009 -0.10000000E+009 -0.10000000E+009 -0.10000000E+009 -0.10000000E+009 -0.10000000E+009 -0.10000000E+009 -0.10000000E+009 -0.10000000E+009 -0.10000000E+009 -0.10000000E+009 -0.10000000E+009 -0.10000000E+009 -0.10000000E+009 -0.10000000E+009 -0.10000000E+009 -0.10000000E+009 -0.10000000E+009 -0.10000000E+009 -0.10000000E+009 -0.10000000E+009 -0.10000000E+009 -0.10000000E+009 -0.10000000E+009 -0.10000000E+009 -0.10000000E+009 -0.10000000E+009 -0.10000000E+009 -0.10000000E+009
  0.00000000E+000 -0.10000000E+009 -0.10000000E+009 -0.10000000E+009 -0.10000000E+009 -0.10000000E+009 -0.10000000E+009 -0.10000000E+009 -0.10000000E+009 -0.10000000E+009 -0.10000000E+009 -0.10000000E+009 -0.10000000E+009 -0.10000000E+009 -0.10000000E+009 -0.10000000E+009 -0.10000000E+009 -0.10000000E+009 -0.10000000E+009 -0.10000000E+009 -0.10000000E+009 -0.10000000E+009 -0.10000000E+009 -0.10000000E+009 -0.10000000E+009 -0.10000000E+009 -0.10000000E+009 -0.10000000E+009 -0.10000000E+009 -0.10000000E+009 -0.10000000E+009 -0.10000000E+009 -0.10000000E+009 -0.10000000E+009 -0.10000000E+009
  0.00000000E+000 -0.10000000E+009 -0.10000000E+009 -0.10000000E+009 -0.10000000E+009 -0.10000000E+009 -0.10000000E+009 -0.10000000E+009 -0.10000000E+009 -0.10000000E+009 -0.10000000E+009 -0.10000000E+009 -0.10000000E+009 -0.10000000E+009 -0.10000000E+009 -0.10000000E+009 -0.10000000E+009 -0.10000000E+009 -0.10000000E+009 -0.10000000E+009 -0.10000000E+009 -0.10000000E+009 -0.10000000E+009 -0.10000000E+009 -0.10000000E+009 -0.10000000E+009 -0.10000000E+009 -0.10000000E+009 -0.10000000E+009 -0.10000000E+009 -0.10000000E+009 -0.10000000E+009 -0.10000000E+009 -0.10000000E+009 -0.10000000E+009
  0.00000000E+000 -0.10000000E+009 -0.10000000E+009 -0.10000000E+009 -0.10000000E+009 -0.10000000E+009 -0.10000000E+009 -0.10000000E+009 -0.10000000E+009 -0.10000000E+009 -0.10000000E+009 -0.10000000E+009 -0.10000000E+009 -0.10000000E+009 -0.10000000E+009 -0.10000000E+009 -0.10000000E+009 -0.10000000E+009 -0.10000000E+009 -0.10000000E+009 -0.10000000E+009 -0.10000000E+009 -0.10000000E+009 -0.10000000E+009 -0.10000000E+009 -0.10000000E+009 -0.10000000E+009 -0.10000000E+009 -0.10000000E+009 -0.10000000E+009 -0.10000000E+009 -0.10000000E+009 -0.10000000E+009 -0.10000000E+009 -0.10000000E+009
  0.00000000E+000 -0.10000000E+009 -0.10000000E+009 -0.10000000E+009 -0.10000000E+009 -0.10000000E+009 -0.10000000E+009 -0.10000000E+009 -0.10000000E+009 -0.10000000E+009 -0.10000000E+009 -0.10000000E+009 -0.10000000E+009 -0.10000000E+009 -0.10000000E+009 -0.10000000E+009 -0.10000000E+009 -0.10000000E+009 -0.10000000E+009 -0.10000000E+009 -0.10000000E+009 -0.10000000E+009 -0.10000000E+009 -0.10000000E+009 -0.10000000E+009 -0.10000000E+009 -0.10000000E+009 -0.10000000E+009 -0.10000000E+009 -0.10000000E+009 -0.10000000E+009 -0.10000000E+009 -0.10000000E+009 -0.10000000E+009 -0.10000000E+009
  0.00000000E+000 -0.10000000E+009 -0.10000000E+009 -0.10000000E+009 -0.10000000E+009 -0.10000000E+009 -0.10000000E+009 -0.10000000E+009 -0.10000000E+009 -0.10000000E+009 -0.10000000E+009 -0.10000000E+009 -0.10000000E+009 -0.10000000E+009 -0.10000000E+009 -0.10000000E+009 -0.10000000E+009 -0.10000000E+009 -0.10000000E+009 -0.10000000E+009 -0.10000000E+009 -0.10000000E+009 -0.10000000E+009 -0.10000000E+009 -0.10000000E+009 -0.10000000E+009 -0.10000000E+009 -0.10000000E+009 -0.10000000E+009 -0.10000000E+009 -0.10000000E+009 -0.10000000E+009 -0.10000000E+009 -0.10000000E+009 -0.10000000E+009
  0.00000000E+000 -0.10000000E+009 -0.10000000E+009 -0.10000000E+009 -0.10000000E+009 -0.10000000E+009 -0.10000000E+009 -0.10000000E+009 -0.10000000E+009 -0.10000000E+009 -0.10000000E+009 -0.10000000E+009 -0.10000000E+009 -0.10000000E+009 -0.10000000E+009 -0.10000000E+009 -0.10000000E+009 -0.10000000E+009 -0.10000000E+009 -0.10000000E+009 -0.10000000E+009 -0.10000000E+009 -0.10000000E+009 -0.10000000E+009 -0.10000000E+009 -0.10000000E+009 -0.10000000E+009 -0.10000000E+009 -0.10000000E+009 -0.10000000E+009 -0.10000000E+009 -0.10000000E+009 -0.10000000E+009 -0.10000000E+009 -0.10000000E+009
  0.00000000E+000 -0.10000000E+009 -0.10000000E+009 -0.10000000E+009 -0.10000000E+009 -0.10000000E+009 -0.10000000E+009 -0.10000000E+009 -0.10000000E+009 -0.10000000E+009 -0.10000000E+009 -0.10000000E+009 -0.10000000E+009 -0.10000000E+009 -0.10000000E+009 -0.10000000E+009 -0.10000000E+009 -0.10000000E+009 -0.10000000E+009 -0.10000000E+009 -0.10000000E+009 -0.10000000E+009 -0.10000000E+009 -0.10000000E+009 -0.10000000E+009 -0.10000000E+009 -0.10000000E+009 -0.10000000E+009 -0.10000000E+009 -0.10000000E+009 -0.10000000E+009 -0.10000000E+009 -0.10000000E+009 -0.10000000E+009 -0.10000000E+009
  0.00000000E+000 -0.10000000E+009 -0.10000000E+009 -0.10000000E+009 -0.10000000E+009 -0.10000000E+009 -0.10000000E+009 -0.10000000E+009 -0.10000000E+009 -0.10000000E+009 -0.10000000E+009 -0.10000000E+009 -0.10000000E+009 -0.10000000E+009 -0.10000000E+009 -0.10000000E+009 -0.10000000E+009 -0.10000000E+009 -0.10000000E+009 -0.10000000E+009 -0.10000000E+009 -0.10000000E+009 -0.10000000E+009 -0.10000000E+009 -0.10000000E+009 -0.10000000E+009 -0.10000000E+009 -0.10000000E+009 -0.10000000E+009 -0.10000000E+009 -0.10000000E+009 -0.10000000E+009 -0.10000000E+009 -0.10000000E+009 -0.10000000E+009
  0.00000000E+000 -0.10000000E+009 -0.10000000E+009 -0.10000000E+009 -0.10000000E+009 -0.10000000E+009 -0.10000000E+009 -0.10000000E+009 -0.10000000E+009 -0.10000000E+009 -0.10000000E+009 -0.10000000E+009 -0.10000000E+009 -0.10000000E+009 -0.10000000E+009 -0.10000000E+009 -0.10000000E+009 -0.10000000E+009 -0.10000000E+009 -0.10000000E+009 -0.10000000E+009 -0.10000000E+009 -0.10000000E+009 -0.10000000E+009 -0.10000000E+009 -0.10000000E+009 -0.10000000E+009 -0.10000000E+009 -0.10000000E+009 -0.10000000E+009 -0.10000000E+009 -0.10000000E+009 -0.10000000E+009 -0.10000000E+009 -0.10000000E+009
  0.00000000E+000 -0.10000000E+009 -0.10000000E+009 -0.10000000E+009 -0.10000000E+009 -0.10000000E+009 -0.10000000E+009 -0.10000000E+009 -0.10000000E+009 -0.10000000E+009 -0.10000000E+009 -0.10000000E+009 -0.10000000E+009 -0.10000000E+009 -0.10000000E+009 -0.10000000E+009 -0.10000000E+009 -0.10000000E+009 -0.10000000E+009 -0.10000000E+009 -0.10000000E+009 -0.10000000E+009 -0.10000000E+009 -0.10000000E+009 -0.10000000E+009 -0.10000000E+009 -0.10000000E+009 -0.10000000E+009 -0.10000000E+009 -0.10000000E+009 -0.10000000E+009 -0.10000000E+009 -0.10000000E+009 -0.10000000E+009 -0.10000000E+009
  0.00000000E+000 -0.10000000E+009 -0.10000000E+009 -0.10000000E+009 -0.10000000E+009 -0.10000000E+009 -0.10000000E+009 -0.10000000E+009 -0.10000000E+009 -0.10000000E+009 -0.10000000E+009 -0.10000000E+009 -0.10000000E+009 -0.10000000E+009 -0.10000000E+009 -0.10000000E+009 -0.10000000E+009 -0.10000000E+009 -0.10000000E+009 -0.10000000E+009 -0.10000000E+009 -0.10000000E+009 -0.10000000E+009 -0.10000000E+009 -0.10000000E+009 -0.10000000E+009 -0.10000000E+009 -0.10000000E+009 -0.10000000E+009 -0.10000000E+009 -0.10000000E+009 -0.10000000E+009 -0.10000000E+009 -0.10000000E+009 -0.10000000E+009
  0.00000000E+000 -0.10000000E+009 -0.10000000E+009 -0.10000000E+009 -0.10000000E+009 -0.10000000E+009 -0.10000000E+009 -0.10000000E+009 -0.10000000E+009 -0.10000000E+009 -0.10000000E+009 -0.10000000E+009 -0.10000000E+009 -0.10000000E+009 -0.10000000E+009 -0.10000000E+009 -0.10000000E+009 -0.10000000E+009 -0.10000000E+009 -0.10000000E+009 -0.10000000E+009 -0.10000000E+009 -0.10000000E+009 -0.10000000E+009 -0.10000000E+009 -0.10000000E+009 -0.10000000E+009 -0.10000000E+009 -0.10000000E+009 -0.10000000E+009 -0.10000000E+009 -0.10000000E+009 -0.10000000E+009 -0.10000000E+009 -0.10000000E+009
  0.00000000E+000 -0.10000000E+009 -0.10000000E+009 -0.10000000E+009 -0.10000000E+009 -0.10000000E+009 -0.10000000E+009 -0.10000000E+009 -0.10000000E+009 -0.10000000E+009 -0.10000000E+009 -0.10000000E+009 -0.10000000E+009 -0.10000000E+009 -0.10000000E+009 -0.10000000E+009 -0.10000000E+009 -0.10000000E+009 -0.10000000E+009 -0.10000000E+009 -0.10000000E+009 -0.10000000E+009 -0.10000000E+009 -0.10000000E+009 -0.10000000E+009 -0.10000000E+009 -0.10000000E+009 -0.10000000E+009 -0.10000000E+009 -0.10000000E+009 -0.10000000E+009 -0.10000000E+009 -0.10000000E+009 -0.10000000E+009 -0.10000000E+009
  0.00000000E+000 -0.10000000E+009 -0.10000000E+009 -0.10000000E+009 -0.10000000E+009 -0.10000000E+009 -0.10000000E+009 -0.10000000E+009 -0.10000000E+009 -0.10000000E+009 -0.10000000E+009 -0.10000000E+009 -0.10000000E+009 -0.10000000E+009 -0.10000000E+009 -0.10000000E+009 -0.10000000E+009 -0.10000000E+009 -0.10000000E+009 -0.10000000E+009 -0.10000000E+009 -0.10000000E+009 -0.10000000E+009 -0.10000000E+009 -0.10000000E+009 -0.10000000E+009 -0.10000000E+009 -0.10000000E+009 -0.10000000E+009 -0.10000000E+009 -0.10000000E+009 -0.10000000E+009 -0.10000000E+009 -0.10000000E+009 -0.10000000E+009
  0.00000000E+000 -0.10000000E+009 -0.10000000E+009 -0.10000000E+009 -0.10000000E+009 -0.10000000E+009 -0.10000000E+009 -0.10000000E+009 -0.10000000E+009 -0.10000000E+009 -0.10000000E+009 -0.10000000E+009 -0.10000000E+009 -0.10000000E+009 -0.10000000E+009 -0.10000000E+009 -0.10000000E+009 -0.10000000E+009 -0.10000000E+009 -0.10000000E+009 -0.10000000E+009 -0.10000000E+009 -0.10000000E+009 -0.10000000E+009 -0.10000000E+009 -0.10000000E+009 -0.10000000E+009 -0.10000000E+009 -0.10000000E+009 -0.10000000E+009 -0.10000000E+009 -0.10000000E+009 -0.10000000E+009 -0.10000000E+009 -0.10000000E+009
  0.00000000E+000 -0.10000000E+009 -0.10000000E+009 -0.10000000E+009 -0.10000000E+009 -0.10000000E+009 -0.10000000E+009 -0.10000000E+009 -0.10000000E+009 -0.10000000E+009 -0.10000000E+009 -0.10000000E+009 -0.10000000E+009 -0.10000000E+009 -0.10000000E+009 -0.10000000E+009 -0.10000000E+009 -0.10000000E+009 -0.10000000E+009 -0.10000000E+009 -0.10000000E+009 -0.10000000E+009 -0.10000000E+009 -0.10000000E+009 -0.10000000E+009 -0.10000000E+009 -0.10000000E+009 -0.10000000E+009 -0.10000000E+009 -0.10000000E+009 -0.10000000E+009 -0.10000000E+009 -0.10000000E+009 -0.10000000E+009 -0.10000000E+009
  0.00000000E+000 -0.10000000E+009 -0.10000000E+009 -0.10000000E+009 -0.10000000E+009 -0.10000000E+009 -0.10000000E+009 -0.10000000E+009 -0.10000000E+009 -0.10000000E+009 -0.10000000E+009 -0.10000000E+009 -0.10000000E+009 -0.10000000E+009 -0.10000000E+009 -0.10000000E+009 -0.10000000E+009 -0.10000000E+009 -0.10000000E+009 -0.10000000E+009 -0.10000000E+009 -0.10000000E+009 -0.10000000E+009 -0.10000000E+009 -0.10000000E+009 -0.10000000E+009 -0.10000000E+009 -0.10000000E+009 -0.10000000E+009 -0.10000000E+009 -0.10000000E+009 -0.10000000E+009 -0.10000000E+009 -0.10000000E+009 -0.10000000E+009
  0.00000000E+000 -0.10000000E+009 -0.10000000E+009 -0.10000000E+009 -0.10000000E+009 -0.10000000E+009 -0.10000000E+009 -0.10000000E+009 -0.10000000E+009 -0.10000000E+009 -0.10000000E+009 -0.10000000E+009 -0.10000000E+009 -0.10000000E+009 -0.10000000E+009 -0.10000000E+009 -0.10000000E+009 -0.10000000E+009 -0.10000000E+009 -0.10000000E+009 -0.10000000E+009 -0.10000000E+009 -0.10000000E+009 -0.10000000E+009 -0.10000000E+009 -0.10000000E+009 -0.10000000E+009 -0.10000000E+009 -0.10000000E+009 -0.10000000E+009 -0.10000000E+009 -0.10000000E+009 -0.10000000E+009 -0.10000000E+009 -0.10000000E+009
  0.00000000E+000 -0.10000000E+009 -0.10000000E+009 -0.10000000E+009 -0.10000000E+009 -0.10000000E+009 -0.10000000E+009 -0.10000000E+009 -0.10000000E+009 -0.10000000E+009 -0.10000000E+009 -0.10000000E+009 -0.10000000E+009 -0.10000000E+009 -0.10000000E+009 -0.10000000E+009 -0.10000000E+009 -0.10000000E+009 -0.10000000E+009 -0.10000000E+009 -0.10000000E+009 -0.10000000E+009 -0.10000000E+009 -0.10000000E+009 -0.10000000E+009 -0.10000000E+009 -0.10000000E+009 -0.10000000E+009 -0.10000000E+009 -0.10000000E+009 -0.10000000E+009 -0.10000000E+009 -0.10000000E+009 -0.10000000E+009 -0.10000000E+009
  0.00000000E+000 -0.10000000E+009 -0.10000000E+009 -0.10000000E+009 -0.10000000E+009 -0.10000000E+009 -0.10000000E+009 -0.10000000E+009 -0.10000000E+009 -0.10000000E+009 -0.10000000E+009 -0.10000000E+009 -0.10000000E+009 -0.10000000E+009 -0.10000000E+009 -0.10000000E+009 -0.10000000E+009 -0.10000000E+009 -0.10000000E+009 -0.10000000E+009 -0.10000000E+009 -0.10000000E+009 -0.10000000E+009 -0.10000000E+009 -0.10000000E+009 -0.10000000E+009 -0.10000000E+009 -0.10000000E+009 -0.10000000E+009 -0.10000000E+009 -0.10000000E+009 -0.10000000E+009 -0.10000000E+009 -0.10000000E+009 -0.10000000E+009
  0.00000000E+000 -0.10000000E+009 -0.10000000E+009 -0.10000000E+009 -0.10000000E+009 -0.10000000E+009 -0.10000000E+009 -0.10000000E+009 -0.10000000E+009 -0.10000000E+009 -0.10000000E+009 -0.10000000E+009 -0.10000000E+009 -0.10000000E+009 -0.10000000E+009 -0.10000000E+009 -0.10000000E+009 -0.10000000E+009 -0.10000000E+009 -0.10000000E+009 -0.10000000E+009 -0.10000000E+009 -0.10000000E+009 -0.10000000E+009 -0.10000000E+009 -0.10000000E+009 -0.10000000E+009 -0.10000000E+009  0.46101298E+000  0.49201683E+000  0.52620424E+000  0.56371841E+000  0.60470138E+000  0.64929419E+000  0.00000000E+000
