  0.00000000E+000 -0.10000000E+009 -0.10000000E+009 -0.10000000E+009 -0.10000000E+009 -0.10000000E+009 -0.10000000E+009 -0.10000000E+009 -0.10000000E+009 -0.10000000E+009 -0.10000000E+009 -0.10000000E+009 -0.10000000E+009 -0.10000000E+009 -0.10000000E+009 -0.10000000E+009 -0.10000000E+009 -0.10000000E+009 -0.10000000E+009 -0.10000000E+009 -0.10000000E+009 -0.10000000E+009 -0.10000000E+009 -0.10000000E+009 -0.10000000E+009 -0.10000000E+009 -0.10000000E+009 -0.10000000E+009 -0.10000000E+009 -0.10000000E+009 -0.10000000E+009 -0.10000000E+009 -0.10000000E+009 -0.10000000E+009 -0.10000000E+009
  0.00000000E+000 -0.10000000E+009 -0.10000000E+009 -0.10000000E+009 -0.10000000E+009 -0.10000000E+009 -0.10000000E+009 -0.10000000E+009 -0.10000000E+009 -0.10000000E+009 -0.10000000E+009 -0.10000000E+009 -0.10000000E+009 -0.10000000E+009 -0.10000000E+009 -0.10000000E+009 -0.10000000E+009 -0.10000000E+009 -0.10000000E+009 -0.10000000E+009 -0.10000000E+009 -0.10000000E+009 -0.10000000E+009 -0.10000000E+009 -0.10000000E+009 -0.10000000E+009 -0.10000000E+009 -0.10000000E+009 -0.10000000E+009 -0.10000000E+009 -0.10000000E+009 -0.10000000E+009 -0.10000000E+009 -0.10000000E+009 -0.10000000E+009
  0.00000000E+000 -0.10000000E+009 -0.10000000E+009 -0.10000000E+009 -0.10000000E+009 -0.10000000E+009 -0.10000000E+009 -0.10000000E+009 -0.10000000E+009 -0.10000000E+009 -0.10000000E+009 -0.10000000E+009 -0.10000000E+009 -0.10000000E+009 -0.10000000E+009 -0.10000000E+009 -0.10000000E+009 -0.10000000E+009 -0.10000000E+009 -0.10000000E+009 -0.10000000E+009 -0.10000000E+009 -0.10000000E+009 -0.10000000E+009 -0.10000000E+009 -0.10000000E+009 -0.10000000E+009 -0.10000000E+009 -0.10000000E+009 -0.10000000E+009 -0.10000000E+009 -0.10000000E+009 -0.10000000E+009 -0.10000000E+009 -0.10000000E+009
  0.00000000E+000 -0.10000000E+009 -0.10000000E+009 -0.10000000E+009 -0.10000000E+009 -0.10000000E+009 -0.10000000E+009 -0.10000000E+009 -0.10000000E+009 -0.10000000E+009 -0.10000000E+009 -0.10000000E+009 -0.10000000E+009 -0.10000000E+009 -0.10000000E+009 -0.10000000E+009 -0.10000000E+009 -0.10000000E+009 -0.10000000E+009 -0.10000000E+009 -0.10000000E+009 -0.10000000E+009 -0.10000000E+009 -0.10000000E+009 -0.10000000E+009 -0.10000000E+009 -0.10000000E+009 -0.10000000E+009 -0.10000000E+009 -0.10000000E+009 -0.10000000E+009 -0.10000000E+009 -0.10000000E+009 -0.10000000E+009 -0.10000000E+009
  0.00000000E+000 -0.10000000E+009 -0.10000000E+009 -0.10000000E+009 -0.10000000E+009 -0.10000000E+009 -0.10000000E+009 -0.10000000E+009 -0.10000000E+009 -0.10000000E+009 -0.10000000E+009 -0.10000000E+009 -0.10000000E+009 -0.10000000E+009 -0.10000000E+009 -0.10000000E+009 -0.10000000E+009 -0.10000000E+009 -0.10000000E+009 -0.10000000E+009 -0.10000000E+009 -0.10000000E+009 -0.10000000E+009 -0.10000000E+009 -0.10000000E+009 -0.10000000E+009 -0.10000000E+009 -0.10000000E+009 -0.10000000E+009 -0.10000000E+009 -0.10000000E+009 -0.10000000E+009 -0.10000000E+009 -0.10000000E+009 -0.10000000E+009
  0.00000000E+000 -0.10000000E+009 -0.10000000E+009 -0.10000000E+009 -0.10000000E+009 -0.10000000E+009 -0.10000000E+009 -0.10000000E+009 -0.10000000E+009 -0.10000000E+009 -0.10000000E+009 -0.10000000E+009 -0.10000000E+009 -0.10000000E+009 -0.10000000E+009 -0.10000000E+009 -0.10000000E+009 -0.10000000E+009 -0.10000000E+009 -0.10000000E+009 -0.10000000E+009 -0.10000000E+009 -0.10000000E+009 -0.10000000E+009 -0.10000000E+009 -0.10000000E+009 -0.10000000E+009 -0.10000000E+009 -0.10000000E+009 -0.10000000E+009 -0.10000000E+009 -0.10000000E+009 -0.10000000E+009 -0.10000000E+009 -0.10000000E+009
  0.00000000E+000 -0.10000000E+009 -0.10000000E+009 -0.10000000E+009 -0.10000000E+009 -0.10000000E+009 -0.10000000E+009 -0.10000000E+009 -0.10000000E+009 -0.10000000E+009 -0.10000000E+009 -0.10000000E+009 -0.10000000E+009 -0.10000000E+009 -0.10000000E+009 -0.10000000E+009 -0.10000000E+009 -0.10000000E+009 -0.10000000E+009 -0.10000000E+009 -0.10000000E+009 -0.10000000E+009 -0.10000000E+009 -0.10000000E+009 -0.10000000E+009 -0.10000000E+009 -0.10000000E+009 -0.10000000E+009 -0.10000000E+009 -0.10000000E+009 -0.10000000E+009 -0.10000000E+009 -0.10000000E+009 -0.10000000E+009 -0.10000000E+009
  0.00000000E+000 -0.10000000E+009 -0.10000000E+009 -0.10000000E+009 -0.10000000E+009 -0.10000000E+009 -0.10000000E+009 -0.10000000E+009 -0.10000000E+009 -0.10000000E+009 -0.10000000E+009 -0.10000000E+009 -0.10000000E+009 -0.10000000E+009 -0.10000000E+009 -0.10000000E+009 -0.10000000E+009 -0.10000000E+009 -0.10000000E+009 -0.10000000E+009 -0.10000000E+009 -0.10000000E+009 -0.10000000E+009 -0.10000000E+009 -0.10000000E+009 -0.10000000E+009 -0.10000000E+009 -0.10000000E+009 -0.10000000E+009 -0.10000000E+009 -0.10000000E+009 -0.10000000E+009 -0.10000000E+009 -0.10000000E+009 -0.10000000E+009
  0.00000000E+000 -0.10000000E+009 -0.10000000E+009 -0.10000000E+009 -0.10000000E+009 -0.10000000E+009 -0.10000000E+009 -0.10000000E+009 -0.10000000E+009 -0.10000000E+009 -0.10000000E+009 -0.10000000E+009 -0.10000000E+009 -0.10000000E+009 -0.10000000E+009 -0.10000000E+009 -0.10000000E+009 -0.10000000E+009 -0.10000000E+009 -0.10000000E+009 -0.10000000E+009 -0.10000000E+009 -0.10000000E+009 -0.10000000E+009 -0.10000000E+009 -0.10000000E+009 -0.10000000E+009 -0.10000000E+009 -0.10000000E+009 -0.10000000E+009 -0.10000000E+009 -0.10000000E+009 -0.10000000E+009 -0.10000000E+009 -0.10000000E+009
  0.00000000E+000 -0.10000000E+009 -0.10000000E+009 -0.10000000E+009 -0.10000000E+009 -0.10000000E+009 -0.10000000E+009 -0.10000000E+009 -0.10000000E+009 -0.10000000E+009 -0.10000000E+009 -0.10000000E+009 -0.10000000E+009 -0.10000000E+009 -0.10000000E+009 -0.10000000E+009 -0.10000000E+009 -0.10000000E+009 -0.10000000E+009 -0.10000000E+009 -0.10000000E+009 -0.10000000E+009 -0.10000000E+009 -0.10000000E+009 -0.10000000E+009 -0.10000000E+009 -0.10000000E+009 -0.10000000E+009 -0.10000000E+009 -0.10000000E+009 -0.10000000E+009 -0.10000000E+009 -0.10000000E+009 -0.10000000E+009 -0.10000000E+009
  0.00000000E+000 -0.10000000E+009 -0.10000000E+009 -0.10000000E+009 -0.10000000E+009 -0.10000000E+009 -0.10000000E+009 -0.10000000E+009 -0.10000000E+009 -0.10000000E+009 -0.10000000E+009 -0.10000000E+009 -0.10000000E+009 -0.10000000E+009 -0.10000000E+009 -0.10000000E+009 -0.10000000E+009 -0.10000000E+009 -0.10000000E+009 -0.10000000E+009 -0.10000000E+009 -0.10000000E+009 -0.10000000E+009 -0.10000000E+009 -0.10000000E+009 -0.10000000E+009 -0.10000000E+009 -0.10000000E+009 -0.10000000E+009 -0.10000000E+009 -0.10000000E+009 -0.10000000E+009 -0.10000000E+009 -0.10000000E+009 -0.10000000E+009
  0.00000000E+000 -0.10000000E+009 -0.10000000E+009 -0.10000000E+009 -0.10000000E+009 -0.10000000E+009 -0.10000000E+009 -0.10000000E+009 -0.10000000E+009 -0.10000000E+009 -0.10000000E+009 -0.10000000E+009 -0.10000000E+009 -0.10000000E+009 -0.10000000E+009 -0.10000000E+009 -0.10000000E+009 -0.10000000E+009 -0.10000000E+009 -0.10000000E+009 -0.10000000E+009 -0.10000000E+009 -0.10000000E+009 -0.10000000E+009 -0.10000000E+009 -0.10000000E+009 -0.10000000E+009 -0.10000000E+009 -0.10000000E+009 -0.10000000E+009 -0.10000000E+009 -0.10000000E+009 -0.10000000E+009 -0.10000000E+009 -0.10000000E+009
  0.00000000E+000 -0.10000000E+009 -0.10000000E+009 -0.10000000E+009 -0.10000000E+009 -0.10000000E+009 -0.10000000E+009 -0.10000000E+009 -0.10000000E+009 -0.10000000E+009 -0.10000000E+009 -0.10000000E+009 -0.10000000E+009 -0.10000000E+009 -0.10000000E+009 -0.10000000E+009 -0.10000000E+009 -0.10000000E+009 -0.10000000E+009 -0.10000000E+009 -0.10000000E+009 -0.10000000E+009 -0.10000000E+009 -0.10000000E+009 -0.10000000E+009 -0.10000000E+009 -0.10000000E+009 -0.10000000E+009 -0.10000000E+009 -0.10000000E+009 -0.10000000E+009 -0.10000000E+009 -0.10000000E+009 -0.10000000E+009 -0.10000000E+009
  0.00000000E+000 -0.10000000E+009 -0.10000000E+009 -0.10000000E+009 -0.10000000E+009 -0.10000000E+009 -0.10000000E+009 -0.10000000E+009 -0.10000000E+009 -0.10000000E+009 -0.10000000E+009 -0.10000000E+009 -0.10000000E+009 -0.10000000E+009 -0.10000000E+009 -0.10000000E+009 -0.10000000E+009 -0.10000000E+009 -0.10000000E+009 -0.10000000E+009 -0.10000000E+009 -0.10000000E+009 -0.10000000E+009 -0.10000000E+009 -0.10000000E+009 -0.10000000E+009 -0.10000000E+009 -0.10000000E+009 -0.10000000E+009 -0.10000000E+009 -0.10000000E+009 -0.10000000E+009 -0.10000000E+009 -0.10000000E+009 -0.10000000E+009
  0.00000000E+000 -0.10000000E+009 -0.10000000E+009 -0.10000000E+009 -0.10000000E+009 -0.10000000E+009 -0.10000000E+009 -0.10000000E+009 -0.10000000E+009 -0.10000000E+009 -0.10000000E+009 -0.10000000E+009 -0.10000000E+009 -0.10000000E+009 -0.10000000E+009 -0.10000000E+009 -0.10000000E+009 -0.10000000E+009 -0.10000000E+009 -0.10000000E+009 -0.10000000E+009 -0.10000000E+009 -0.10000000E+009 -0.10000000E+009 -0.10000000E+009 -0.10000000E+009 -0.10000000E+009 -0.10000000E+009 -0.10000000E+009 -0.10000000E+009 -0.10000000E+009 -0.10000000E+009 -0.10000000E+009 -0.10000000E+009 -0.10000000E+009
  0.00000000E+000 -0.10000000E+009 -0.10000000E+009 -0.10000000E+009 -0.10000000E+009 -0.10000000E+009 -0.10000000E+009 -0.10000000E+009 -0.10000000E+009 -0.10000000E+009 -0.10000000E+009 -0.10000000E+009 -0.10000000E+009 -0.10000000E+009 -0.10000000E+009 -0.10000000E+009 -0.10000000E+009 -0.10000000E+009 -0.10000000E+009 -0.10000000E+009 -0.10000000E+009 -0.10000000E+009 -0.10000000E+009 -0.10000000E+009 -0.10000000E+009 -0.10000000E+009 -0.10000000E+009 -0.10000000E+009 -0.10000000E+009 -0.10000000E+009 -0.10000000E+009 -0.10000000E+009 -0.10000000E+009 -0.10000000E+009 -0.10000000E+009
  0.00000000E+000 -0.10000000E+009 -0.10000000E+009 -0.10000000E+009 -0.10000000E+009 -0.10000000E+009 -0.10000000E+009 -0.10000000E+009 -0.10000000E+009 -0.10000000E+009 -0.10000000E+009 -0.10000000E+009 -0.10000000E+009 -0.10000000E+009 -0.10000000E+009 -0.10000000E+009 -0.10000000E+009 -0.10000000E+009 -0.10000000E+009 -0.10000000E+009 -0.10000000E+009 -0.10000000E+009 -0.10000000E+009 -0.10000000E+009 -0.10000000E+009 -0.10000000E+009 -0.10000000E+009 -0.10000000E+009 -0.10000000E+009 -0.10000000E+009 -0.10000000E+009 -0.10000000E+009 -0.10000000E+009 -0.10000000E+009 -0.10000000E+009
  0.00000000E+000 -0.10000000E+009 -0.10000000E+009 -0.10000000E+009 -0.10000000E+009 -0.10000000E+009 -0.10000000E+009 -0.10000000E+009 -0.10000000E+009 -0.10000000E+009 -0.10000000E+009 -0.10000000E+009 -0.10000000E+009 -0.10000000E+009 -0.10000000E+009 -0.10000000E+009 -0.10000000E+009 -0.10000000E+009 -0.10000000E+009 -0.10000000E+009 -0.10000000E+009 -0.10000000E+009 -0.10000000E+009 -0.10000000E+009 -0.10000000E+009 -0.10000000E+009 -0.10000000E+009 -0.10000000E+009 -0.10000000E+009 -0.10000000E+009 -0.10000000E+009 -0.10000000E+009 -0.10000000E+009 -0.10000000E+009 -0.10000000E+009
  0.00000000E+000 -0.10000000E+009 -0.10000000E+009 -0.10000000E+009 -0.10000000E+009 -0.10000000E+009 -0.10000000E+009 -0.10000000E+009 -0.10000000E+009 -0.10000000E+009 -0.10000000E+009 -0.10000000E+009 -0.10000000E+009 -0.10000000E+009 -0.10000000E+009 -0.10000000E+009 -0.10000000E+009 -0.10000000E+009 -0.10000000E+009 -0.10000000E+009 -0.10000000E+009 -0.10000000E+009 -0.10000000E+009 -0.10000000E+009 -0.10000000E+009 -0.10000000E+009 -0.10000000E+009 -0.10000000E+009 -0.10000000E+009 -0.10000000E+009 -0.10000000E+009 -0.10000000E+009 -0.10000000E+009 -0.10000000E+009 -0.10000000E+009
  0.00000000E+000 -0.10000000E+009 -0.10000000E+009 -0.10000000E+009 -0.10000000E+009 -0.10000000E+009 -0.10000000E+009 -0.10000000E+009 -0.10000000E+009 -0.10000000E+009 -0.10000000E+009 -0.10000000E+009 -0.10000000E+009 -0.10000000E+009 -0.10000000E+009 -0.10000000E+009 -0.10000000E+009 -0.10000000E+009 -0.10000000E+009 -0.10000000E+009 -0.10000000E+009 -0.10000000E+009 -0.10000000E+009 -0.10000000E+009 -0.10000000E+009 -0.10000000E+009 -0.10000000E+009 -0.10000000E+009 -0.10000000E+009 -0.10000000E+009 -0.10000000E+009 -0.10000000E+009 -0.10000000E+009 -0.10000000E+009 -0.10000000E+009
  0.00000000E+000 -0.10000000E+009 -0.10000000E+009 -0.10000000E+009 -0.10000000E+009 -0.10000000E+009 -0.10000000E+009 -0.10000000E+009 -0.10000000E+009 -0.10000000E+009 -0.10000000E+009 -0.10000000E+009 -0.10000000E+009 -0.10000000E+009 -0.10000000E+009 -0.10000000E+009 -0.10000000E+009 -0.10000000E+009 -0.10000000E+009 -0.10000000E+009 -0.10000000E+009 -0.10000000E+009 -0.10000000E+009 -0.10000000E+009 -0.10000000E+009 -0.10000000E+009 -0.10000000E+009 -0.10000000E+009 -0.10000000E+009 -0.10000000E+009 -0.10000000E+009 -0.10000000E+009 -0.10000000E+009 -0.10000000E+009 -0.10000000E+009
  0.00000000E+000 -0.10000000E+009 -0.10000000E+009 -0.10000000E+009 -0.10000000E+009 -0.10000000E+009 -0.10000000E+009 -0.10000000E+009 -0.10000000E+009 -0.10000000E+009 -0.10000000E+009 -0.10000000E+009 -0.10000000E+009 -0.10000000E+009  0.20677206E+001  0.20699724E+001  0.00000000E+000 -0.10000000E+009 -0.10000000E+009 -0.10000000E+009 -0.10000000E+009 -0.10000000E+009 -0.10000000E+009 -0.10000000E+009 -0.10000000E+009 -0.10000000E+009 -0.10000000E+009  0.22228292E+001  0.22507936E+001  0.00000000E+000 -0.10000000E+009  0.23534990E+001  0.00000000E+000 -0.10000000E+009 -0.10000000E+009
  0.00000000E+000 -0.10000000E+009 -0.10000000E+009 -0.10000000E+009  0.20470369E+001  0.20524755E+001  0.20579142E+001  0.00000000E+000 -0.10000000E+009 -0.10000000E+009 -0.10000000E+009 -0.10000000E+009 -0.10000000E+009  0.20663055E+001  0.00000000E+000  0.20699724E+001  0.00000000E+000 -0.10000000E+009 -0.10000000E+009 -0.10000000E+009 -0.10000000E+009 -0.10000000E+009 -0.10000000E+009 -0.10000000E+009 -0.10000000E+009 -0.10000000E+009 -0.10000000E+009 -0.10000000E+009 -0.10000000E+009 -0.10000000E+009 -0.10000000E+009 -0.10000000E+009 -0.10000000E+009 -0.10000000E+009 -0.10000000E+009
  0.00000000E+000 -0.10000000E+009 -0.10000000E+009 -0.10000000E+009  0.20470369E+001  0.20524755E+001  0.20579142E+001  0.20616486E+001  0.20639084E+001  0.00000000E+000 -0.10000000E+009 -0.10000000E+009 -0.10000000E+009 -0.10000000E+009 -0.10000000E+009 -0.10000000E+009 -0.10000000E+009 -0.10000000E+009 -0.10000000E+009 -0.10000000E+009 -0.10000000E+009 -0.10000000E+009 -0.10000000E+009 -0.10000000E+009 -0.10000000E+009 -0.10000000E+009 -0.10000000E+009 -0.10000000E+009 -0.10000000E+009 -0.10000000E+009 -0.10000000E+009 -0.10000000E+009 -0.10000000E+009 -0.10000000E+009 -0.10000000E+009
  0.00000000E+000 -0.10000000E+009 -0.10000000E+009 -0.10000000E+009  0.20470369E+001  0.20524755E+001  0.20579142E+001  0.00000000E+000 -0.10000000E+009 -0.10000000E+009 -0.10000000E+009 -0.10000000E+009 -0.10000000E+009 -0.10000000E+009 -0.10000000E+009 -0.10000000E+009 -0.10000000E+009 -0.10000000E+009 -0.10000000E+009 -0.10000000E+009 -0.10000000E+009 -0.10000000E+009 -0.10000000E+009 -0.10000000E+009 -0.10000000E+009 -0.10000000E+009 -0.10000000E+009 -0.10000000E+009 -0.10000000E+009 -0.10000000E+009 -0.10000000E+009 -0.10000000E+009 -0.10000000E+009 -0.10000000E+009 -0.10000000E+009
