  0.00000000E+000 -0.10000000E+009 -0.10000000E+009 -0.10000000E+009 -0.10000000E+009 -0.10000000E+009 -0.10000000E+009 -0.10000000E+009 -0.10000000E+009 -0.10000000E+009 -0.10000000E+009 -0.10000000E+009 -0.10000000E+009 -0.10000000E+009 -0.10000000E+009 -0.10000000E+009 -0.10000000E+009 -0.10000000E+009 -0.10000000E+009 -0.10000000E+009 -0.10000000E+009 -0.10000000E+009 -0.10000000E+009 -0.10000000E+009 -0.10000000E+009 -0.10000000E+009 -0.10000000E+009 -0.10000000E+009 -0.10000000E+009 -0.10000000E+009 -0.10000000E+009 -0.10000000E+009 -0.10000000E+009 -0.10000000E+009 -0.10000000E+009
  0.00000000E+000 -0.10000000E+009 -0.10000000E+009 -0.10000000E+009 -0.10000000E+009 -0.10000000E+009 -0.10000000E+009 -0.10000000E+009 -0.10000000E+009 -0.10000000E+009 -0.10000000E+009 -0.10000000E+009 -0.10000000E+009 -0.10000000E+009 -0.10000000E+009 -0.10000000E+009 -0.10000000E+009 -0.10000000E+009 -0.10000000E+009 -0.10000000E+009 -0.10000000E+009 -0.10000000E+009 -0.10000000E+009 -0.10000000E+009 -0.10000000E+009 -0.10000000E+009 -0.10000000E+009 -0.10000000E+009 -0.10000000E+009 -0.10000000E+009 -0.10000000E+009 -0.10000000E+009 -0.10000000E+009 -0.10000000E+009 -0.10000000E+009
  0.00000000E+000 -0.10000000E+009 -0.10000000E+009 -0.10000000E+009 -0.10000000E+009 -0.10000000E+009 -0.10000000E+009 -0.10000000E+009 -0.10000000E+009 -0.10000000E+009 -0.10000000E+009 -0.10000000E+009 -0.10000000E+009 -0.10000000E+009 -0.10000000E+009 -0.10000000E+009 -0.10000000E+009 -0.10000000E+009 -0.10000000E+009 -0.10000000E+009 -0.10000000E+009 -0.10000000E+009 -0.10000000E+009 -0.10000000E+009 -0.10000000E+009 -0.10000000E+009 -0.10000000E+009 -0.10000000E+009 -0.10000000E+009 -0.10000000E+009 -0.10000000E+009 -0.10000000E+009 -0.10000000E+009 -0.10000000E+009 -0.10000000E+009
  0.00000000E+000 -0.10000000E+009 -0.10000000E+009 -0.10000000E+009 -0.10000000E+009 -0.10000000E+009 -0.10000000E+009 -0.10000000E+009 -0.10000000E+009 -0.10000000E+009 -0.10000000E+009 -0.10000000E+009 -0.10000000E+009 -0.10000000E+009 -0.10000000E+009 -0.10000000E+009 -0.10000000E+009 -0.10000000E+009 -0.10000000E+009 -0.10000000E+009 -0.10000000E+009 -0.10000000E+009 -0.10000000E+009 -0.10000000E+009 -0.10000000E+009 -0.10000000E+009 -0.10000000E+009 -0.10000000E+009 -0.10000000E+009 -0.10000000E+009 -0.10000000E+009 -0.10000000E+009 -0.10000000E+009 -0.10000000E+009 -0.10000000E+009
  0.00000000E+000 -0.10000000E+009 -0.10000000E+009 -0.10000000E+009 -0.10000000E+009 -0.10000000E+009 -0.10000000E+009 -0.10000000E+009 -0.10000000E+009 -0.10000000E+009 -0.10000000E+009 -0.10000000E+009 -0.10000000E+009 -0.10000000E+009 -0.10000000E+009 -0.10000000E+009 -0.10000000E+009 -0.10000000E+009 -0.10000000E+009 -0.10000000E+009 -0.10000000E+009 -0.10000000E+009 -0.10000000E+009 -0.10000000E+009 -0.10000000E+009 -0.10000000E+009 -0.10000000E+009 -0.10000000E+009 -0.10000000E+009 -0.10000000E+009 -0.10000000E+009 -0.10000000E+009 -0.10000000E+009 -0.10000000E+009 -0.10000000E+009
  0.00000000E+000 -0.10000000E+009 -0.10000000E+009 -0.10000000E+009 -0.10000000E+009 -0.10000000E+009 -0.10000000E+009 -0.10000000E+009 -0.10000000E+009 -0.10000000E+009 -0.10000000E+009 -0.10000000E+009 -0.10000000E+009 -0.10000000E+009 -0.10000000E+009 -0.10000000E+009 -0.10000000E+009 -0.10000000E+009 -0.10000000E+009 -0.10000000E+009 -0.10000000E+009 -0.10000000E+009 -0.10000000E+009 -0.10000000E+009 -0.10000000E+009 -0.10000000E+009 -0.10000000E+009 -0.10000000E+009 -0.10000000E+009 -0.10000000E+009 -0.10000000E+009 -0.10000000E+009 -0.10000000E+009 -0.10000000E+009 -0.10000000E+009
  0.00000000E+000 -0.10000000E+009 -0.10000000E+009 -0.10000000E+009 -0.10000000E+009 -0.10000000E+009 -0.10000000E+009 -0.10000000E+009 -0.10000000E+009 -0.10000000E+009 -0.10000000E+009 -0.10000000E+009 -0.10000000E+009 -0.10000000E+009 -0.10000000E+009 -0.10000000E+009 -0.10000000E+009 -0.10000000E+009 -0.10000000E+009 -0.10000000E+009 -0.10000000E+009 -0.10000000E+009 -0.10000000E+009 -0.10000000E+009 -0.10000000E+009 -0.10000000E+009 -0.10000000E+009 -0.10000000E+009 -0.10000000E+009 -0.10000000E+009 -0.10000000E+009 -0.10000000E+009 -0.10000000E+009 -0.10000000E+009 -0.10000000E+009
  0.00000000E+000 -0.10000000E+009 -0.10000000E+009 -0.10000000E+009 -0.10000000E+009 -0.10000000E+009 -0.10000000E+009 -0.10000000E+009 -0.10000000E+009 -0.10000000E+009 -0.10000000E+009 -0.10000000E+009 -0.10000000E+009 -0.10000000E+009 -0.10000000E+009 -0.10000000E+009 -0.10000000E+009 -0.10000000E+009 -0.10000000E+009 -0.10000000E+009 -0.10000000E+009 -0.10000000E+009 -0.10000000E+009 -0.10000000E+009 -0.10000000E+009 -0.10000000E+009 -0.10000000E+009 -0.10000000E+009 -0.10000000E+009 -0.10000000E+009 -0.10000000E+009 -0.10000000E+009 -0.10000000E+009 -0.10000000E+009 -0.10000000E+009
  0.00000000E+000 -0.10000000E+009 -0.10000000E+009 -0.10000000E+009 -0.10000000E+009 -0.10000000E+009 -0.10000000E+009 -0.10000000E+009 -0.10000000E+009 -0.10000000E+009 -0.10000000E+009 -0.10000000E+009 -0.10000000E+009 -0.10000000E+009 -0.10000000E+009 -0.10000000E+009 -0.10000000E+009 -0.10000000E+009 -0.10000000E+009 -0.10000000E+009 -0.10000000E+009 -0.10000000E+009 -0.10000000E+009 -0.10000000E+009 -0.10000000E+009 -0.10000000E+009 -0.10000000E+009 -0.10000000E+009 -0.10000000E+009 -0.10000000E+009 -0.10000000E+009 -0.10000000E+009 -0.10000000E+009 -0.10000000E+009 -0.10000000E+009
  0.00000000E+000 -0.10000000E+009 -0.10000000E+009 -0.10000000E+009 -0.10000000E+009 -0.10000000E+009 -0.10000000E+009 -0.10000000E+009 -0.10000000E+009 -0.10000000E+009 -0.10000000E+009 -0.10000000E+009 -0.10000000E+009 -0.10000000E+009 -0.10000000E+009 -0.10000000E+009 -0.10000000E+009 -0.10000000E+009 -0.10000000E+009 -0.10000000E+009 -0.10000000E+009 -0.10000000E+009 -0.10000000E+009 -0.10000000E+009 -0.10000000E+009 -0.10000000E+009 -0.10000000E+009 -0.10000000E+009 -0.10000000E+009 -0.10000000E+009 -0.10000000E+009 -0.10000000E+009 -0.10000000E+009 -0.10000000E+009 -0.10000000E+009
  0.00000000E+000 -0.10000000E+009 -0.10000000E+009 -0.10000000E+009 -0.10000000E+009 -0.10000000E+009 -0.10000000E+009 -0.10000000E+009 -0.10000000E+009 -0.10000000E+009 -0.10000000E+009 -0.10000000E+009 -0.10000000E+009 -0.10000000E+009 -0.10000000E+009 -0.10000000E+009 -0.10000000E+009 -0.10000000E+009 -0.10000000E+009 -0.10000000E+009 -0.10000000E+009 -0.10000000E+009 -0.10000000E+009 -0.10000000E+009 -0.10000000E+009 -0.10000000E+009 -0.10000000E+009 -0.10000000E+009 -0.10000000E+009 -0.10000000E+009 -0.10000000E+009 -0.10000000E+009 -0.10000000E+009 -0.10000000E+009 -0.10000000E+009
  0.00000000E+000 -0.10000000E+009 -0.10000000E+009 -0.10000000E+009 -0.10000000E+009 -0.10000000E+009 -0.10000000E+009 -0.10000000E+009 -0.10000000E+009 -0.10000000E+009 -0.10000000E+009 -0.10000000E+009 -0.10000000E+009 -0.10000000E+009 -0.10000000E+009 -0.10000000E+009 -0.10000000E+009 -0.10000000E+009 -0.10000000E+009 -0.10000000E+009 -0.10000000E+009 -0.10000000E+009 -0.10000000E+009 -0.10000000E+009 -0.10000000E+009 -0.10000000E+009 -0.10000000E+009 -0.10000000E+009 -0.10000000E+009 -0.10000000E+009 -0.10000000E+009 -0.10000000E+009 -0.10000000E+009 -0.10000000E+009 -0.10000000E+009
  0.00000000E+000 -0.10000000E+009 -0.10000000E+009 -0.10000000E+009 -0.10000000E+009 -0.10000000E+009 -0.10000000E+009 -0.10000000E+009 -0.10000000E+009 -0.10000000E+009 -0.10000000E+009 -0.10000000E+009 -0.10000000E+009 -0.10000000E+009 -0.10000000E+009 -0.10000000E+009 -0.10000000E+009 -0.10000000E+009 -0.10000000E+009 -0.10000000E+009 -0.10000000E+009 -0.10000000E+009 -0.10000000E+009 -0.10000000E+009 -0.10000000E+009 -0.10000000E+009 -0.10000000E+009 -0.10000000E+009 -0.10000000E+009 -0.10000000E+009 -0.10000000E+009 -0.10000000E+009 -0.10000000E+009 -0.10000000E+009 -0.10000000E+009
  0.00000000E+000 -0.10000000E+009 -0.10000000E+009 -0.10000000E+009 -0.10000000E+009 -0.10000000E+009 -0.10000000E+009 -0.10000000E+009 -0.10000000E+009 -0.10000000E+009 -0.10000000E+009 -0.10000000E+009 -0.10000000E+009 -0.10000000E+009 -0.10000000E+009 -0.10000000E+009 -0.10000000E+009 -0.10000000E+009 -0.10000000E+009 -0.10000000E+009 -0.10000000E+009 -0.10000000E+009 -0.10000000E+009 -0.10000000E+009 -0.10000000E+009 -0.10000000E+009 -0.10000000E+009 -0.10000000E+009 -0.10000000E+009 -0.10000000E+009 -0.10000000E+009 -0.10000000E+009 -0.10000000E+009 -0.10000000E+009 -0.10000000E+009
  0.00000000E+000 -0.10000000E+009 -0.10000000E+009 -0.10000000E+009 -0.10000000E+009 -0.10000000E+009 -0.10000000E+009 -0.10000000E+009 -0.10000000E+009 -0.10000000E+009 -0.10000000E+009 -0.10000000E+009 -0.10000000E+009 -0.10000000E+009 -0.10000000E+009 -0.10000000E+009 -0.10000000E+009 -0.10000000E+009 -0.10000000E+009 -0.10000000E+009 -0.10000000E+009 -0.10000000E+009 -0.10000000E+009 -0.10000000E+009 -0.10000000E+009 -0.10000000E+009 -0.10000000E+009 -0.10000000E+009 -0.10000000E+009 -0.10000000E+009 -0.10000000E+009 -0.10000000E+009 -0.10000000E+009 -0.10000000E+009 -0.10000000E+009
  0.00000000E+000 -0.10000000E+009 -0.10000000E+009 -0.10000000E+009 -0.10000000E+009 -0.10000000E+009 -0.10000000E+009 -0.10000000E+009 -0.10000000E+009 -0.10000000E+009 -0.10000000E+009 -0.10000000E+009 -0.10000000E+009 -0.10000000E+009 -0.10000000E+009 -0.10000000E+009 -0.10000000E+009 -0.10000000E+009 -0.10000000E+009 -0.10000000E+009 -0.10000000E+009 -0.10000000E+009 -0.10000000E+009 -0.10000000E+009 -0.10000000E+009 -0.10000000E+009 -0.10000000E+009 -0.10000000E+009 -0.10000000E+009 -0.10000000E+009 -0.10000000E+009 -0.10000000E+009 -0.10000000E+009 -0.10000000E+009 -0.10000000E+009
  0.00000000E+000 -0.10000000E+009 -0.10000000E+009 -0.10000000E+009 -0.10000000E+009 -0.10000000E+009 -0.10000000E+009 -0.10000000E+009 -0.10000000E+009 -0.10000000E+009 -0.10000000E+009 -0.10000000E+009 -0.10000000E+009 -0.10000000E+009 -0.10000000E+009 -0.10000000E+009 -0.10000000E+009 -0.10000000E+009 -0.10000000E+009 -0.10000000E+009 -0.10000000E+009 -0.10000000E+009 -0.10000000E+009 -0.10000000E+009 -0.10000000E+009 -0.10000000E+009 -0.10000000E+009 -0.10000000E+009 -0.10000000E+009 -0.10000000E+009 -0.10000000E+009 -0.10000000E+009 -0.10000000E+009 -0.10000000E+009 -0.10000000E+009
  0.00000000E+000 -0.10000000E+009 -0.10000000E+009 -0.10000000E+009 -0.10000000E+009 -0.10000000E+009 -0.10000000E+009 -0.10000000E+009 -0.10000000E+009 -0.10000000E+009 -0.10000000E+009 -0.10000000E+009 -0.10000000E+009 -0.10000000E+009 -0.10000000E+009 -0.10000000E+009 -0.10000000E+009 -0.10000000E+009 -0.10000000E+009 -0.10000000E+009 -0.10000000E+009 -0.10000000E+009 -0.10000000E+009 -0.10000000E+009 -0.10000000E+009 -0.10000000E+009 -0.10000000E+009 -0.10000000E+009 -0.10000000E+009 -0.10000000E+009 -0.10000000E+009 -0.10000000E+009 -0.10000000E+009 -0.10000000E+009 -0.10000000E+009
  0.00000000E+000 -0.10000000E+009 -0.10000000E+009 -0.10000000E+009 -0.10000000E+009 -0.10000000E+009 -0.10000000E+009 -0.10000000E+009 -0.10000000E+009 -0.10000000E+009 -0.10000000E+009 -0.10000000E+009 -0.10000000E+009 -0.10000000E+009 -0.10000000E+009 -0.10000000E+009 -0.10000000E+009 -0.10000000E+009 -0.10000000E+009 -0.10000000E+009 -0.10000000E+009 -0.10000000E+009 -0.10000000E+009 -0.10000000E+009 -0.10000000E+009 -0.10000000E+009 -0.10000000E+009 -0.10000000E+009 -0.10000000E+009 -0.10000000E+009 -0.10000000E+009 -0.10000000E+009 -0.10000000E+009 -0.10000000E+009 -0.10000000E+009
  0.00000000E+000 -0.10000000E+009 -0.10000000E+009 -0.10000000E+009 -0.10000000E+009 -0.10000000E+009 -0.10000000E+009 -0.10000000E+009 -0.10000000E+009 -0.10000000E+009 -0.10000000E+009 -0.10000000E+009 -0.10000000E+009 -0.10000000E+009 -0.10000000E+009 -0.10000000E+009 -0.10000000E+009 -0.10000000E+009 -0.10000000E+009 -0.10000000E+009 -0.10000000E+009 -0.10000000E+009 -0.10000000E+009 -0.10000000E+009 -0.10000000E+009 -0.10000000E+009 -0.10000000E+009 -0.10000000E+009 -0.10000000E+009 -0.10000000E+009 -0.10000000E+009 -0.10000000E+009 -0.10000000E+009 -0.10000000E+009 -0.10000000E+009
  0.00000000E+000 -0.10000000E+009 -0.10000000E+009 -0.10000000E+009 -0.10000000E+009 -0.10000000E+009 -0.10000000E+009 -0.10000000E+009 -0.10000000E+009 -0.10000000E+009 -0.10000000E+009 -0.10000000E+009 -0.10000000E+009 -0.10000000E+009 -0.10000000E+009 -0.10000000E+009 -0.10000000E+009 -0.10000000E+009 -0.10000000E+009 -0.10000000E+009 -0.10000000E+009 -0.10000000E+009 -0.10000000E+009 -0.10000000E+009 -0.10000000E+009 -0.10000000E+009 -0.10000000E+009 -0.10000000E+009 -0.10000000E+009 -0.10000000E+009 -0.10000000E+009 -0.10000000E+009 -0.10000000E+009 -0.10000000E+009 -0.10000000E+009
  0.00000000E+000 -0.10000000E+009 -0.10000000E+009 -0.10000000E+009 -0.10000000E+009  0.29178145E+001  0.00000000E+000 -0.10000000E+009 -0.10000000E+009 -0.10000000E+009  0.29305346E+001  0.00000000E+000 -0.10000000E+009 -0.10000000E+009 -0.10000000E+009  0.29353114E+001  0.29385767E+001  0.29430270E+001  0.29488298E+001  0.29561491E+001  0.29651463E+001  0.29759798E+001  0.29888059E+001  0.30037792E+001  0.30210519E+001  0.30407750E+001  0.30630978E+001  0.30881681E+001  0.31161325E+001  0.31471363E+001  0.31813238E+001  0.32188379E+001  0.32598209E+001  0.33044137E+001  0.00000000E+000
  0.00000000E+000  0.29053219E+001  0.29063816E+001  0.29086415E+001  0.29123758E+001  0.29178145E+001  0.29232532E+001  0.29269875E+001  0.29292474E+001  0.29303070E+001  0.29305346E+001  0.29305826E+001  0.29308830E+001  0.29316445E+001  0.29330595E+001  0.29353114E+001  0.29385767E+001  0.29430270E+001  0.29488298E+001  0.29561491E+001  0.29651463E+001  0.29759798E+001  0.29888059E+001  0.30037792E+001  0.30210519E+001  0.30407750E+001  0.30630978E+001  0.30881681E+001  0.31161325E+001  0.31471363E+001  0.31813238E+001  0.32188379E+001  0.32598209E+001  0.33044137E+001  0.00000000E+000
  0.00000000E+000  0.29053219E+001  0.00000000E+000  0.29086415E+001  0.29123758E+001  0.29178145E+001  0.29232532E+001  0.29269875E+001  0.29292474E+001  0.29303070E+001  0.29305346E+001  0.29305826E+001  0.29308830E+001  0.29316445E+001  0.29330595E+001  0.29353114E+001  0.00000000E+000 -0.10000000E+009 -0.10000000E+009 -0.10000000E+009 -0.10000000E+009 -0.10000000E+009 -0.10000000E+009 -0.10000000E+009 -0.10000000E+009 -0.10000000E+009 -0.10000000E+009 -0.10000000E+009 -0.10000000E+009 -0.10000000E+009 -0.10000000E+009 -0.10000000E+009 -0.10000000E+009 -0.10000000E+009 -0.10000000E+009
  0.00000000E+000 -0.10000000E+009 -0.10000000E+009  0.29086415E+001  0.29123758E+001  0.29178145E+001  0.29232532E+001  0.29269875E+001  0.29292474E+001  0.29303070E+001  0.29305346E+001  0.29305826E+001  0.29308830E+001  0.29316445E+001  0.29330595E+001  0.29353114E+001  0.00000000E+000 -0.10000000E+009 -0.10000000E+009 -0.10000000E+009  0.29651463E+001  0.00000000E+000  0.29888059E+001  0.30037792E+001  0.00000000E+000 -0.10000000E+009 -0.10000000E+009 -0.10000000E+009 -0.10000000E+009  0.31471363E+001  0.31813238E+001  0.00000000E+000 -0.10000000E+009 -0.10000000E+009 -0.10000000E+009
