  0.23672197E-009  0.23672197E-009  0.23672197E-009  0.23672198E-009  0.23672200E-009  0.23672202E-009  0.23672204E-009  0.23672205E-009  0.23672206E-009  0.23672207E-009  0.23672207E-009  0.23672207E-009  0.23672207E-009  0.23672208E-009  0.23672209E-009  0.23672211E-009  0.23672214E-009  0.23672219E-009  0.23672224E-009  0.23672231E-009  0.23672239E-009  0.23672250E-009  0.23672262E-009  0.23672276E-009  0.23672292E-009  0.23672311E-009  0.23672332E-009  0.23672355E-009  0.23672382E-009  0.23672411E-009  0.23672443E-009  0.23672478E-009  0.23672517E-009  0.23672559E-009  0.23672605E-009
  0.20795293E+040 -0.23534602E+042 -0.17051118E+055 -0.11831479E+064 -0.10167355E+069 -0.46615214E+072 -0.84548333E+073 -0.23730657E+074 -0.38799841E+074 -0.47427469E+074 -0.49355055E+074 -0.50356785E+074 -0.57495216E+074 -0.83806913E+074 -0.19872259E+075 -0.14900735E+076 -0.89454455E+077 -0.13553439E+080 -0.17985665E+082 -0.16997825E+084 -0.11383452E+086 -0.55850160E+087 -0.20843510E+089 -0.61227915E+090 -0.14577404E+092 -0.28832644E+093 -0.48373570E+094 -0.70060936E+095 -0.88913978E+096 -0.10014902E+098 -0.10122175E+099 -0.92682930E+099 -0.77523099E+100 -0.59666916E+101 -0.42531510E+102
  0.11157179E+052 -0.13536360E+054 -0.20739617E+066 -0.67323883E+074 -0.35010542E+079 -0.11019162E+083 -0.18888203E+084 -0.52601671E+084 -0.85746151E+084 -0.10469912E+085 -0.10893264E+085 -0.11113246E+085 -0.12679597E+085 -0.18436966E+085 -0.43329124E+085 -0.30596604E+086 -0.14373231E+088 -0.16141892E+090 -0.16412500E+092 -0.12259444E+094 -0.66498036E+095 -0.26945487E+097 -0.84382357E+098 -0.21074977E+100 -0.43137869E+101 -0.74054966E+102 -0.10872974E+104 -0.13881098E+105 -0.15627913E+106 -0.15704910E+107 -0.14234580E+108 -0.11742575E+109 -0.88862103E+109 -0.62117397E+110 -0.40357080E+111
  0.29845453E+063 -0.38882947E+065 -0.12612939E+077 -0.19154432E+085 -0.60277663E+089 -0.13022554E+093 -0.21026688E+094 -0.58045470E+094 -0.94298788E+094 -0.11500029E+095 -0.11962317E+095 -0.12202501E+095 -0.13911105E+095 -0.20171335E+095 -0.46928123E+095 -0.31113919E+096 -0.11492836E+098 -0.95900496E+099 -0.74711180E+101 -0.44084364E+103 -0.19353798E+105 -0.64715555E+106 -0.16990405E+108 -0.36045438E+109 -0.63370827E+110 -0.94332415E+111 -0.12109131E+113 -0.13614099E+114 -0.13584680E+115 -0.12168890E+116 -0.98823757E+116 -0.73384180E+117 -0.50201650E+118 -0.31846386E+119 -0.18843351E+120
  0.53055677E+074 -0.74377235E+076 -0.51137365E+087 -0.36331066E+095 -0.69185848E+099 -0.10258633E+103 -0.15545290E+104 -0.42490885E+104 -0.68762457E+104 -0.83739844E+104 -0.87083465E+104 -0.88820398E+104 -0.10116329E+105 -0.14622096E+105 -0.33628951E+105 -0.20866936E+106 -0.60902342E+107 -0.37865557E+109 -0.22604085E+111 -0.10530219E+113 -0.37385812E+114 -0.10306382E+116 -0.22661762E+117 -0.40796193E+118 -0.61538794E+119 -0.79348757E+120 -0.88960778E+121 -0.87989621E+122 -0.77739501E+123 -0.62013756E+124 -0.45080565E+125 -0.30106134E+126 -0.18601485E+127 -0.10699479E+128 -0.57609208E+128
  0.70485250E+085 -0.10659020E+088 -0.15549606E+098 -0.51683065E+105 -0.59556667E+109 -0.60597137E+112 -0.85823262E+113 -0.23196512E+114 -0.37372395E+114 -0.45438888E+114 -0.47239064E+114 -0.48174050E+114 -0.54809968E+114 -0.78931306E+114 -0.17916405E+115 -0.10368293E+116 -0.24025943E+117 -0.11166660E+119 -0.51088543E+120 -0.18778056E+122 -0.53865100E+123 -0.12229385E+125 -0.22495500E+126 -0.34324085E+127 -0.44372454E+128 -0.49501977E+129 -0.48416536E+130 -0.42082414E+131 -0.32884440E+132 -0.23335924E+133 -0.15169634E+134 -0.91020215E+134 -0.50745168E+135 -0.26441383E+136 -0.12943762E+137
  0.74611007E+096 -0.12207814E+099 -0.37825801E+108 -0.58817743E+115 -0.41012723E+119 -0.28626659E+122 -0.37718117E+123 -0.10064670E+124 -0.16132623E+124 -0.19577911E+124 -0.20346473E+124 -0.20745573E+124 -0.23574020E+124 -0.33804301E+124 -0.75585801E+124 -0.40642155E+125 -0.75127645E+126 -0.26199194E+128 -0.91894395E+129 -0.26631680E+131 -0.61658924E+132 -0.11515341E+134 -0.17698090E+135 -0.22858630E+136 -0.25292541E+137 -0.24381967E+138 -0.20778444E+139 -0.15851425E+140 -0.10942777E+141 -0.69001245E+141 -0.40066309E+142 -0.21576438E+143 -0.10843220E+144 -0.51132391E+144 -0.22735761E+145
  0.65513177E+107 -0.11639842E+110 -0.76678463E+118 -0.55781116E+125 -0.23534284E+129 -0.11264512E+132 -0.13735201E+133 -0.36115328E+133 -0.57546092E+133 -0.69682838E+133 -0.72388967E+133 -0.73793870E+133 -0.83733538E+133 -0.11947496E+134 -0.26256290E+134 -0.13064419E+135 -0.19352740E+136 -0.50848933E+137 -0.13680735E+139 -0.31238801E+140 -0.58309362E+141 -0.89460345E+142 -0.11471839E+144 -0.12524516E+145 -0.11844505E+146 -0.98527215E+146 -0.73060740E+147 -0.48855739E+148 -0.29757132E+149 -0.16652589E+150 -0.86270603E+150 -0.41649235E+151 -0.18846582E+152 -0.80345753E+152 -0.32417209E+153
  0.49046533E+118 -0.95037278E+120 -0.13323233E+129 -0.45343936E+135 -0.11574331E+139 -0.37968345E+141 -0.42588222E+142 -0.11009292E+143 -0.17420655E+143 -0.21040489E+143 -0.21847144E+143 -0.22265804E+143 -0.25221823E+143 -0.35777854E+143 -0.77073589E+143 -0.35333042E+144 -0.42124780E+145 -0.83774717E+146 -0.17301955E+148 -0.31106067E+149 -0.46751506E+150 -0.58839112E+151 -0.62856597E+152 -0.57916515E+153 -0.46740841E+154 -0.33499374E+155 -0.21582636E+156 -0.12632512E+157 -0.67792475E+157 -0.33624564E+158 -0.15521818E+159 -0.67096430E+159 -0.27306300E+160 -0.10512300E+161 -0.38445200E+161
  0.31931629E+129 -0.67833888E+131 -0.20255907E+139 -0.32252190E+145 -0.49800266E+148 -0.11187199E+151 -0.11464651E+152 -0.29056205E+152 -0.45602136E+152 -0.54909849E+152 -0.56982595E+152 -0.58057999E+152 -0.65632628E+152 -0.92459427E+152 -0.19463269E+153 -0.81818583E+153 -0.78822276E+154 -0.11923339E+156 -0.18922751E+157 -0.26766905E+158 -0.32349871E+159 -0.33344609E+160 -0.29624672E+161 -0.22997438E+162 -0.15811383E+163 -0.97473411E+163 -0.54474287E+164 -0.27864640E+165 -0.13155607E+166 -0.57749307E+166 -0.23721400E+167 -0.91693458E+167 -0.33519169E+168 -0.11638851E+169 -0.38537763E+169
  0.16818058E+141 -0.39418667E+143 -0.25094838E+150 -0.18693557E+156 -0.17456176E+159 -0.26822686E+161 -0.24916556E+162 -0.61702385E+162 -0.95900077E+162 -0.11505287E+163 -0.11931450E+163 -0.12152465E+163 -0.13704616E+163 -0.19147509E+163 -0.39241057E+163 -0.15048918E+164 -0.11757195E+165 -0.13598110E+166 -0.16605628E+167 -0.18469577E+168 -0.17924041E+169 -0.15104748E+170 -0.11139711E+171 -0.72719672E+171 -0.42513386E+172 -0.22502240E+173 -0.10889377E+174 -0.48596544E+174 -0.20152229E+175 -0.78170910E+175 -0.28530017E+176 -0.98475096E+176 -0.32291337E+177 -0.10100085E+178 -0.30241210E+178
  0.76536172E+152 -0.19947100E+155 -0.27096755E+161 -0.94433662E+166 -0.53307098E+169 -0.55935508E+171 -0.46670673E+172 -0.11245551E+173 -0.17275354E+173 -0.20634265E+173 -0.21380890E+173 -0.21767903E+173 -0.24476073E+173 -0.33859125E+173 -0.67260873E+173 -0.23400598E+174 -0.14872172E+175 -0.13221826E+176 -0.12444846E+177 -0.10877900E+178 -0.84641159E+178 -0.58205667E+179 -0.35561027E+180 -0.19480731E+181 -0.96643737E+181 -0.43832141E+182 -0.18331913E+183 -0.71244380E+183 -0.25903822E+184 -0.88642621E+184 -0.28699061E+185 -0.88319475E+185 -0.25941231E+186 -0.72988032E+186 -0.19735673E+187
  0.30520313E+164 -0.89310047E+166 -0.25909609E+172 -0.42244890E+177 -0.14405535E+180 -0.10298239E+182 -0.76354387E+182 -0.17808983E+183 -0.26974068E+183 -0.32045606E+183 -0.33171499E+183 -0.33754737E+183 -0.37817856E+183 -0.51689596E+183 -0.99012090E+183 -0.31059933E+184 -0.16098684E+185 -0.11060329E+186 -0.80400891E+186 -0.55207279E+187 -0.34389646E+188 -0.19259427E+189 -0.97262064E+189 -0.44611674E+190 -0.18738850E+191 -0.72667212E+191 -0.26211021E+192 -0.88531627E+192 -0.28169453E+193 -0.84883818E+193 -0.24337060E+194 -0.66666636E+194 -0.17512168E+195 -0.44256742E+195 -0.10791805E+196
  0.10773149E+176 -0.35833139E+178 -0.22219137E+183 -0.16949084E+188 -0.34873410E+190 -0.16927982E+192 -0.11012181E+193 -0.24700839E+193 -0.36771039E+193 -0.43394614E+193 -0.44862730E+193 -0.45622640E+193 -0.50886985E+193 -0.68535569E+193 -0.12580930E+194 -0.35347850E+194 -0.14968951E+195 -0.79887460E+195 -0.44953715E+196 -0.24242772E+197 -0.12071031E+198 -0.54937579E+198 -0.22878705E+199 -0.87649654E+199 -0.31096967E+200 -0.10286455E+201 -0.31926809E+201 -0.93518804E+201 -0.25986499E+202 -0.68819089E+202 -0.17440570E+203 -0.42450712E+203 -0.99560152E+203 -0.22563838E+204 -0.49543505E+204
  0.33888022E+187 -0.13017697E+190 -0.17266544E+194 -0.61621863E+198 -0.76355194E+200 -0.25046357E+202 -0.14078837E+203 -0.30117566E+203 -0.43883723E+203 -0.51358011E+203 -0.53011313E+203 -0.53866199E+203 -0.59746310E+203 -0.79015914E+203 -0.13798130E+204 -0.34466520E+204 -0.11937583E+205 -0.49729471E+205 -0.21716423E+206 -0.91975459E+206 -0.36552313E+207 -0.13489279E+208 -0.46207820E+208 -0.14747077E+209 -0.44076603E+209 -0.12405009E+210 -0.33049259E+210 -0.83755265E+210 -0.20279519E+211 -0.47098939E+211 -0.10529256E+212 -0.22728911E+212 -0.47507851E+212 -0.96391642E+212 -0.19026989E+213
  0.95299844E+198 -0.43189892E+201 -0.12263174E+205 -0.20476895E+209 -0.15230938E+211 -0.33529399E+212 -0.15981512E+213 -0.32253446E+213 -0.45745550E+213 -0.52970340E+213 -0.54564180E+213 -0.55387207E+213 -0.60995734E+213 -0.78854170E+213 -0.12984016E+214 -0.28598749E+214 -0.81024153E+214 -0.26460083E+215 -0.89906463E+215 -0.29909670E+216 -0.94735810E+216 -0.28284601E+217 -0.79484731E+217 -0.21072889E+218 -0.52909471E+218 -0.12634641E+219 -0.28816734E+219 -0.63022519E+219 -0.13264356E+220 -0.26954743E+220 -0.53041217E+220 -0.10133505E+221 -0.18840405E+221 -0.34159740E+221 -0.60513088E+221
  0.23930099E+210 -0.13181882E+213 -0.80161960E+215 -0.62642622E+219 -0.27819278E+221 -0.40686736E+222 -0.16053565E+223 -0.30125605E+223 -0.41276824E+223 -0.47138808E+223 -0.48427334E+223 -0.49091491E+223 -0.53561562E+223 -0.67279965E+223 -0.10336018E+224 -0.19891406E+224 -0.46056565E+224 -0.11833160E+225 -0.31364823E+225 -0.81986362E+225 -0.20669129E+226 -0.49810525E+226 -0.11451226E+227 -0.25144603E+227 -0.52874511E+227 -0.10681278E+228 -0.20795644E+228 -0.39140669E+228 -0.71421135E+228 -0.12667607E+229 -0.21890061E+229 -0.36931566E+229 -0.60948846E+229 -0.98556347E+229 -0.15639243E+230
  0.53208056E+221 -0.37239636E+224 -0.48477591E+226 -0.17750773E+230 -0.46636235E+231 -0.44635742E+232 -0.14113104E+233 -0.24133754E+233 -0.31602411E+233 -0.35429839E+233 -0.36266901E+233 -0.36697254E+233 -0.39544864E+233 -0.47875926E+233 -0.67755241E+233 -0.11275884E+234 -0.21293379E+234 -0.43156189E+234 -0.89443100E+234 -0.18378383E+235 -0.36832190E+235 -0.71481098E+235 -0.13405072E+236 -0.24302332E+236 -0.42662002E+236 -0.72673970E+236 -0.12040652E+237 -0.19445589E+237 -0.30676135E+237 -0.47361467E+237 -0.71689225E+237 -0.10655501E+238 -0.15574103E+238 -0.22412860E+238 -0.31794926E+238
  0.10239122E+233 -0.97900217E+235 -0.27137098E+237 -0.46836707E+240 -0.71651297E+241 -0.43835963E+242 -0.10582289E+243 -0.16004746E+243 -0.19711764E+243 -0.21543522E+243 -0.21941183E+243 -0.22144869E+243 -0.23460721E+243 -0.27076914E+243 -0.34766454E+243 -0.49457811E+243 -0.75921672E+243 -0.12157558E+244 -0.19740201E+244 -0.31897537E+244 -0.50759358E+244 -0.79151097E+244 -0.12072679E+245 -0.18011175E+245 -0.26305439E+245 -0.37658656E+245 -0.52919421E+245 -0.73099445E+245 -0.99392241E+245 -0.13319277E+246 -0.17611741E+246 -0.23002551E+246 -0.29704079E+246 -0.37957413E+246 -0.48034754E+246
  0.16017961E+244 -0.24062115E+247 -0.13806722E+248 -0.11559142E+251 -0.10007417E+252 -0.37626844E+252 -0.63602976E+252 -0.81031336E+252 -0.91540180E+252 -0.96467695E+252 -0.97525815E+252 -0.98064816E+252 -0.10143130E+253 -0.10996501E+253 -0.12582405E+253 -0.15106157E+253 -0.18765690E+253 -0.23753261E+253 -0.30256540E+253 -0.38459361E+253 -0.48542259E+253 -0.60682890E+253 -0.75056319E+253 -0.91835327E+253 -0.11119060E+254 -0.13329076E+254 -0.15830291E+254 -0.18639233E+254 -0.21772273E+254 -0.25245649E+254 -0.29075442E+254 -0.33277623E+254 -0.37868022E+254 -0.42862345E+254 -0.48276214E+254
  0.15954604E+255 -0.55517486E+258 -0.56543577E+258 -0.26783781E+261 -0.12426509E+262 -0.26623612E+262 -0.25039624E+262 -0.24467515E+262 -0.24379156E+262 -0.24379150E+262 -0.24379148E+262 -0.24379147E+262 -0.24379140E+262 -0.24379123E+262 -0.24379092E+262 -0.24379042E+262 -0.24378970E+262 -0.24378871E+262 -0.24378742E+262 -0.24378579E+262 -0.24378380E+262 -0.24378139E+262 -0.24377854E+262 -0.24377522E+262 -0.24377138E+262 -0.24376609E+262 -0.24376114E+262 -0.24375557E+262 -0.24374936E+262 -0.24374248E+262 -0.24373489E+262 -0.24372656E+262 -0.24371746E+262 -0.24370756E+262 -0.24369683E+262
 -0.10852738E+266 -0.10852739E+266 -0.52416402E+267 -0.52591999E+267 -0.11607996E+268 -0.11607984E+268  0.12950890E+267  0.68123836E+266  0.17384119E+266  0.39640300E+257  0.79280600E+257  0.99473150E+257  0.22559157E+258  0.54529007E+258  0.11394188E+259  0.20848985E+259  0.34558845E+259  0.53244142E+259  0.77608104E+259  0.10833966E+260  0.14611547E+260  0.19160152E+260  0.24545423E+260  0.23159193E+261 -0.11030210E+261  0.94629117E+265  0.11345090E+260  0.22690157E+260  0.35344843E+260  0.49374942E+260  0.64845649E+260  0.81824209E+260  0.10036996E+261  0.12054920E+261  0.14242545E+261
 -0.41975275E+266 -0.41975274E+266 -0.41975266E+266 -0.41975250E+266 -0.41975223E+266 -0.41975184E+266 -0.41975145E+266 -0.41975118E+266 -0.41975102E+266 -0.41975094E+266 -0.41975092E+266 -0.41975091E+266 -0.41975086E+266 -0.41975073E+266 -0.41975049E+266 -0.41975010E+266 -0.41974955E+266 -0.41974879E+266 -0.41974779E+266 -0.41974654E+266 -0.41974501E+266 -0.41974316E+266 -0.41974097E+266 -0.41973841E+266 -0.41973546E+266 -0.41973209E+266  0.59173127E+267  0.59171445E+267  0.59169569E+267  0.59167489E+267  0.59165196E+267  0.59163399E+267  0.59161435E+267  0.59159299E+267  0.59156983E+267
  0.14626634E+255  0.88016629E+258  0.48453174E+259  0.12640545E+260  0.23358874E+260  0.32876906E+260  0.33015482E+260  0.33079360E+260  0.33106540E+260  0.33116757E+260  0.33118835E+260  0.33119863E+260  0.33125103E+260  0.33136012E+260 -0.59436985E+264 -0.59436917E+264 -0.59436818E+264 -0.59436684E+264 -0.59436508E+264 -0.59434552E+264 -0.59433608E+264 -0.59432523E+264 -0.59431635E+264 -0.59430697E+264 -0.59429745E+264 -0.59428832E+264 -0.59427965E+264 -0.10116745E+264 -0.79245386E+263 -0.67147743E+263 -0.43896424E+256 -0.87761691E+256 -0.13564301E+257 -0.18769058E+257 -0.24411649E+257
  0.25828065E+266  0.25645838E+266  0.24813430E+266  0.22873137E+266  0.19032436E+266  0.11604749E+266  0.16898929E+264  0.11346197E+264  0.79784361E+263  0.63971646E+263  0.60573870E+263  0.58842781E+263  0.48030099E+263  0.39423479E+263  0.23576725E+263  0.93224091E+254  0.30376315E+255  0.19982234E+258  0.29330120E+259  0.46549398E+265  0.14666484E+265  0.13740220E+265  0.76436687E+264  0.63664271E+264  0.48803043E+264  0.31537585E+264  0.16818259E+264 -0.96053284E+260  0.14551375E+264 -0.23767999E+253 -0.22979256E+253 -0.22125399E+253 -0.21193984E+253 -0.13650304E+253 -0.55867060E+252
