  0.55612993E-009  0.55612993E-009  0.55612994E-009  0.55612995E-009  0.55612996E-009  0.55612998E-009  0.55613000E-009  0.55613002E-009  0.55613003E-009  0.55613003E-009  0.55613003E-009  0.55613003E-009  0.55613003E-009  0.55613004E-009  0.55613005E-009  0.55613007E-009  0.55613010E-009  0.55613014E-009  0.55613020E-009  0.55613026E-009  0.55613035E-009  0.55613045E-009  0.55613056E-009  0.55613070E-009  0.55613086E-009  0.55613104E-009  0.55613124E-009  0.55613147E-009  0.55613173E-009  0.55613201E-009  0.55613232E-009  0.55613267E-009  0.55613304E-009  0.55613345E-009  0.55613389E-009
 -0.12393537E+038 -0.26566138E+039 -0.62663058E+051 -0.36076570E+058 -0.14735159E+063 -0.51530691E+066 -0.92130949E+067 -0.25810200E+068 -0.42169813E+068 -0.51533583E+068 -0.53625528E+068 -0.54712644E+068 -0.62458100E+068 -0.90989220E+068 -0.21533693E+069 -0.16060723E+070 -0.10123738E+072 -0.17930410E+074 -0.29381833E+076 -0.35105472E+078 -0.29899862E+080 -0.18640892E+082 -0.88711194E+083 -0.33892775E+085 -0.10814392E+087 -0.29377766E+088 -0.68330378E+089 -0.13642155E+091 -0.23498566E+092 -0.35198514E+093 -0.46296572E+094 -0.54017265E+095 -0.56452416E+096 -0.53306445E+097 -0.45830949E+098
 -0.66536587E+049 -0.13597060E+051 -0.72240953E+062 -0.19501621E+069 -0.48201436E+073 -0.11571198E+077 -0.19536438E+078 -0.54293553E+078 -0.88433934E+078 -0.10795018E+079 -0.11230926E+079 -0.11457427E+079 -0.13069852E+079 -0.18992426E+079 -0.44540947E+079 -0.31303619E+080 -0.15465536E+082 -0.20306541E+084 -0.25508321E+086 -0.24107636E+088 -0.16647366E+090 -0.85820126E+091 -0.34322087E+093 -0.11173520E+095 -0.30741656E+096 -0.72722462E+097 -0.14848798E+099 -0.26200833E+100 -0.40120645E+101 -0.53703983E+102 -0.63422633E+103 -0.66730506E+104 -0.63139191E+105 -0.54175151E+106 -0.42464252E+107
 -0.17811114E+061 -0.34616698E+062 -0.41526044E+073 -0.52563149E+079 -0.78618264E+083 -0.12953860E+087 -0.20584070E+088 -0.56692411E+088 -0.92019436E+088 -0.11218485E+089 -0.11668773E+089 -0.11902714E+089 -0.13566525E+089 -0.19657912E+089 -0.45630234E+089 -0.30133663E+090 -0.11727860E+092 -0.11444209E+094 -0.11021417E+096 -0.82362628E+097 -0.46087305E+099 -0.19633255E+101 -0.65941690E+102 -0.18281310E+104 -0.43347834E+105 -0.89251233E+106 -0.15988618E+108 -0.24916733E+109 -0.33892534E+110 -0.40507906E+111 -0.42916163E+112 -0.40684032E+113 -0.34821758E+114 -0.27125903E+115 -0.19367803E+116
 -0.31687495E+072 -0.58417258E+073 -0.15864406E+084 -0.94158179E+089 -0.85220031E+093 -0.96361510E+096 -0.14357231E+098 -0.39143079E+098 -0.63282626E+098 -0.77039133E+098 -0.80109976E+098 -0.81705149E+098 -0.93037768E+098 -0.13437217E+099 -0.30829321E+099 -0.19073182E+100 -0.58778003E+101 -0.42751226E+103 -0.31571655E+105 -0.18648378E+107 -0.84505918E+108 -0.29727115E+110 -0.83788260E+111 -0.19769047E+113 -0.40377524E+114 -0.72320546E+115 -0.11359490E+117 -0.15623154E+118 -0.18861399E+119 -0.20110011E+120 -0.19095493E+121 -0.16294784E+122 -0.12604372E+123 -0.89059939E+123 -0.57869099E+124
 -0.42134770E+083 -0.73463698E+084 -0.45298398E+094 -0.12606374E+100 -0.69039373E+103 -0.53560336E+106 -0.74511243E+107 -0.20082007E+108 -0.32319337E+108 -0.39279706E+108 -0.40832906E+108 -0.41639585E+108 -0.47363239E+108 -0.68149194E+108 -0.15429831E+109 -0.89144122E+109 -0.21864779E+111 -0.11894012E+113 -0.67379126E+114 -0.31444389E+116 -0.11531592E+118 -0.33470395E+119 -0.79104459E+120 -0.15873271E+122 -0.27911266E+123 -0.43464723E+124 -0.59819065E+125 -0.72547113E+126 -0.77662461E+127 -0.73793222E+128 -0.62737304E+129 -0.48140479E+130 -0.33619002E+131 -0.21524415E+132 -0.12715144E+133
 -0.44646103E+094 -0.73377598E+095 -0.10306992E+105 -0.13449670E+110 -0.44566736E+113 -0.23713586E+116 -0.30657663E+117 -0.81550611E+117 -0.13056000E+118 -0.15837350E+118 -0.16457749E+118 -0.16779896E+118 -0.19062270E+118 -0.27309214E+118 -0.60904599E+118 -0.32747590E+119 -0.64256105E+120 -0.26245386E+122 -0.11411161E+124 -0.42057542E+125 -0.12472861E+127 -0.29844016E+128 -0.59091025E+129 -0.10077314E+131 -0.15246926E+132 -0.20631379E+133 -0.24860972E+134 -0.26562734E+135 -0.25188279E+136 -0.21305279E+137 -0.16199218E+138 -0.11164846E+139 -0.70313986E+139 -0.40746311E+140 -0.21858356E+141
 -0.39247387E+105 -0.60579758E+106 -0.19456517E+115 -0.11904618E+120 -0.23864770E+123 -0.87051969E+125 -0.10403383E+127 -0.27260596E+127 -0.43379749E+127 -0.52503717E+127 -0.54537894E+127 -0.55593899E+127 -0.63062646E+127 -0.89891060E+127 -0.19704394E+128 -0.98248352E+128 -0.15499872E+130 -0.47747948E+131 -0.15945867E+133 -0.46397015E+134 -0.11118276E+136 -0.21909065E+137 -0.36307376E+138 -0.52585408E+139 -0.68422832E+140 -0.80405381E+141 -0.84765132E+142 -0.79708621E+143 -0.66874703E+144 -0.50291500E+145 -0.34154779E+146 -0.21117380E+147 -0.11978627E+148 -0.62750682E+148 -0.30531579E+149
 -0.29421830E+116 -0.42471385E+117 -0.31320581E+125 -0.89856016E+129 -0.10895564E+133 -0.27228042E+135 -0.29898779E+136 -0.77000796E+136 -0.12166948E+137 -0.14687569E+137 -0.15249216E+137 -0.15540701E+137 -0.17598068E+137 -0.24937342E+137 -0.53594356E+137 -0.24686322E+138 -0.31466713E+139 -0.73471930E+140 -0.18866899E+142 -0.43323728E+143 -0.83815659E+144 -0.13587673E+146 -0.18826809E+147 -0.23141396E+148 -0.25883254E+149 -0.26399230E+150 -0.24327063E+151 -0.20110215E+152 -0.14908608E+153 -0.99542361E+153 -0.60298242E+154 -0.33397890E+155 -0.17040033E+156 -0.80584726E+156 -0.35512929E+157
 -0.19184887E+127 -0.25775463E+128 -0.43855581E+135 -0.58993113E+139 -0.43254485E+142 -0.73983635E+144 -0.74138842E+145 -0.18714557E+146 -0.29327376E+146 -0.35294275E+146 -0.36622918E+146 -0.37312225E+146 -0.42165733E+146 -0.59338806E+146 -0.12467424E+147 -0.52836753E+147 -0.54671727E+148 -0.97283842E+149 -0.19236955E+151 -0.34853296E+152 -0.54388452E+153 -0.72454276E+154 -0.83847031E+155 -0.87410401E+156 -0.84008066E+157 -0.74325439E+158 -0.59811908E+159 -0.43410243E+160 -0.28394367E+161 -0.16805647E+162 -0.90658277E+162 -0.44913157E+163 -0.20580167E+164 -0.87727899E+164 -0.34962419E+165
 -0.10123140E+139 -0.12588382E+140 -0.49691945E+146 -0.31340403E+150 -0.13888153E+153 -0.16237385E+155 -0.14733854E+156 -0.36333790E+156 -0.56385467E+156 -0.67610133E+156 -0.70107478E+156 -0.71402580E+156 -0.80495188E+156 -0.11235701E+157 -0.23001753E+157 -0.89308368E+157 -0.75349764E+158 -0.10278210E+160 -0.15680201E+161 -0.22413430E+162 -0.28186560E+163 -0.30818526E+164 -0.29754179E+165 -0.26294257E+166 -0.21709445E+167 -0.16652344E+168 -0.11689921E+169 -0.74378260E+169 -0.42851422E+170 -0.22441728E+171 -0.10761970E+172 -0.47604987E+172 -0.19557432E+173 -0.75016365E+173 -0.26988840E+174
 -0.46171029E+150 -0.52797516E+151 -0.48668158E+157 -0.14390284E+161 -0.38509472E+163 -0.30719257E+165 -0.25016802E+166 -0.60028452E+166 -0.92084247E+166 -0.10993471E+167 -0.11390230E+167 -0.11595883E+167 -0.13034697E+167 -0.18018595E+167 -0.35804798E+167 -0.12679314E+168 -0.87589136E+168 -0.92160817E+169 -0.10873260E+171 -0.12263969E+172 -0.12418058E+173 -0.11129913E+174 -0.89550823E+174 -0.67065293E+175 -0.47568649E+176 -0.31618122E+177 -0.19338376E+178 -0.10767671E+179 -0.54532788E+179 -0.25217953E+180 -0.10728799E+181 -0.42291087E+181 -0.15547357E+182 -0.53554291E+182 -0.17358114E+183
 -0.18461722E+162 -0.19265073E+163 -0.41787963E+168 -0.57916743E+171 -0.93474691E+173 -0.50746423E+175 -0.36711884E+176 -0.85303233E+176 -0.12905935E+177 -0.15327074E+177 -0.15864569E+177 -0.16143004E+177 -0.18082782E+177 -0.24709719E+177 -0.47450626E+177 -0.15253622E+178 -0.86605521E+178 -0.70748792E+179 -0.64743409E+180 -0.57647546E+181 -0.46961267E+182 -0.34458606E+183 -0.23082839E+184 -0.14651823E+185 -0.89312220E+185 -0.51416161E+186 -0.27357926E+187 -0.13302460E+188 -0.59083143E+188 -0.24066515E+189 -0.90626742E+189 -0.31762169E+190 -0.10425866E+191 -0.32176122E+191 -0.93730203E+191
 -0.65389188E+173 -0.61695143E+174 -0.31782366E+179 -0.20639683E+182 -0.20048321E+184 -0.73813448E+185 -0.46881673E+186 -0.10486796E+187 -0.15604600E+187 -0.18414520E+187 -0.19037406E+187 -0.19359835E+187 -0.21594532E+187 -0.29103314E+187 -0.53739977E+187 -0.15604916E+188 -0.73070750E+188 -0.46653463E+189 -0.33233106E+190 -0.23379964E+191 -0.15312195E+192 -0.91872452E+192 -0.51199228E+193 -0.27568296E+194 -0.14454759E+195 -0.72034190E+195 -0.33281215E+196 -0.14094549E+197 -0.54745478E+197 -0.19585151E+198 -0.65105427E+198 -0.20234319E+199 -0.59153529E+199 -0.16310454E+200 -0.42578354E+200
 -0.20659502E+185 -0.17426229E+186 -0.21562237E+190 -0.65557996E+192 -0.38198546E+194 -0.94920680E+195 -0.52213786E+196 -0.11163214E+197 -0.16280868E+197 -0.19064021E+197 -0.19679849E+197 -0.19998333E+197 -0.22191694E+197 -0.29415696E+197 -0.51933982E+197 -0.13552300E+198 -0.52496232E+198 -0.26373037E+199 -0.14685517E+200 -0.81741154E+200 -0.43016849E+201 -0.21081449E+202 -0.97710781E+202 -0.44723427E+203 -0.20202684E+204 -0.87086395E+204 -0.34847965E+205 -0.12810444E+206 -0.43362664E+206 -0.13576233E+207 -0.39717965E+207 -0.10912538E+208 -0.28327453E+208 -0.69536097E+208 -0.16208294E+209
 -0.58442138E+196 -0.43450795E+197 -0.13096804E+201 -0.18611368E+203 -0.64711796E+204 -0.10781982E+206 -0.50562121E+206 -0.10241808E+207 -0.14576625E+207 -0.16906351E+207 -0.17420677E+207 -0.17686363E+207 -0.19501766E+207 -0.25338429E+207 -0.42500816E+207 -0.99137946E+207 -0.31853042E+208 -0.12676885E+209 -0.55453528E+209 -0.24468715E+210 -0.10343410E+211 -0.41369108E+211 -0.15957214E+212 -0.62347421E+212 -0.24323695E+213 -0.90572115E+213 -0.31274630E+214 -0.99348884E+214 -0.29179633E+215 -0.79596843E+215 -0.20422469E+216 -0.49413989E+216 -0.11348980E+217 -0.24680954E+217 -0.51128811E+217
 -0.14797500E+208 -0.95216845E+208 -0.71183770E+211 -0.47113933E+213 -0.96966095E+214 -0.10736179E+216 -0.42140384E+216 -0.80003748E+216 -0.11051281E+217 -0.12666987E+217 -0.13022660E+217 -0.13206125E+217 -0.14447495E+217 -0.18324079E+217 -0.28993151E+217 -0.60124012E+217 -0.16061623E+218 -0.50985216E+218 -0.17622637E+219 -0.61806169E+219 -0.20981942E+220 -0.68465041E+220 -0.22031647E+221 -0.74066813E+221 -0.25035682E+222 -0.80297905E+222 -0.23792831E+223 -0.64911524E+223 -0.16451456E+224 -0.38874026E+224 -0.87145384E+224 -0.18474408E+225 -0.37375338E+225 -0.71469998E+225 -0.13078272E+226
 -0.33319082E+219 -0.18106869E+220 -0.34371381E+222 -0.10519999E+224 -0.12657261E+225 -0.92005381E+225 -0.29584341E+226 -0.51948483E+226 -0.69169168E+226 -0.78121919E+226 -0.80085575E+226 -0.81096622E+226 -0.87854252E+226 -0.10823030E+227 -0.16028265E+227 -0.29388708E+227 -0.65424996E+227 -0.16682807E+228 -0.45883455E+228 -0.12833309E+229 -0.34974686E+229 -0.93181568E+229 -0.25169800E+230 -0.73881435E+230 -0.21697725E+231 -0.59565895E+231 -0.15011824E+232 -0.34867393E+232 -0.75719239E+232 -0.15374740E+233 -0.30016538E+233 -0.55307682E+233 -0.98042920E+233 -0.16253910E+234 -0.26082547E+234
 -0.65501918E+230 -0.29043080E+231 -0.14432677E+233 -0.20142771E+234 -0.13901449E+235 -0.65262702E+235 -0.16765429E+236 -0.26789306E+236 -0.34087080E+236 -0.37793986E+236 -0.38603282E+236 -0.39018999E+236 -0.41755307E+236 -0.49667843E+236 -0.68274142E+236 -0.11012023E+237 -0.20483768E+237 -0.42292279E+237 -0.93403128E+237 -0.20908664E+238 -0.45678988E+238 -0.99729309E+238 -0.22939870E+239 -0.60384419E+239 -0.15376838E+240 -0.35636720E+240 -0.75291811E+240 -0.14700005E+241 -0.27114436E+241 -0.46712082E+241 -0.79491565E+241 -0.12513122E+242 -0.19354191E+242 -0.26844890E+242 -0.37735641E+242
 -0.10709428E+242 -0.36765641E+242 -0.49646623E+243 -0.30782334E+244 -0.11842138E+245 -0.35132788E+245 -0.70039535E+245 -0.99860754E+245 -0.12013785E+246 -0.13014514E+246 -0.13231721E+246 -0.13342966E+246 -0.14061530E+246 -0.16040627E+246 -0.20296773E+246 -0.28684982E+246 -0.44777091E+246 -0.75647268E+246 -0.13596858E+247 -0.24398557E+247 -0.42500844E+247 -0.77019159E+247 -0.15606421E+248 -0.38603607E+248 -0.83456504E+248 -0.15856561E+249 -0.27421824E+249 -0.44152366E+249 -0.68527643E+249 -0.97573567E+249 -0.14800593E+250 -0.18779776E+250 -0.25766989E+250 -0.25929961E+250 -0.34775049E+250
 -0.12337165E+253 -0.29982770E+253 -0.11368486E+254 -0.29943180E+254 -0.61513959E+254 -0.11225073E+255 -0.16823694E+255 -0.20932374E+255 -0.23519580E+255 -0.24755275E+255 -0.25021670E+255 -0.25157642E+255 -0.26017627E+255 -0.28268831E+255 -0.32713142E+255 -0.40514810E+255 -0.53602814E+255 -0.75449087E+255 -0.11306804E+256 -0.16051879E+256 -0.21884615E+256 -0.34656566E+256 -0.67030422E+256 -0.16704933E+257 -0.28243024E+257 -0.41418920E+257 -0.56349196E+257 -0.72582222E+257 -0.94803431E+257 -0.10189424E+258 -0.16044340E+258 -0.11536641E+258 -0.18542991E+258 -0.39768669E+256 -0.19899772E+258
  0.43116399E+248  0.73959702E+248  0.49286791E+249  0.58395980E+252  0.15491695E+253  0.29537373E+253  0.43596891E+253 -0.56157388E+254 -0.67424691E+254 -0.67150858E+254 -0.67092055E+254 -0.67062102E+254 -0.66875014E+254 -0.66400746E+254 -0.65519302E+254 -0.64116438E+254 -0.59234045E+254  0.11321853E+255  0.28867917E+255  0.43777278E+255  0.52448343E+255  0.56811027E+255  0.59216132E+255  0.55860494E+255  0.59810200E+255  0.64321272E+255  0.69428093E+255  0.65475532E+255  0.69672713E+255  0.74059557E+255  0.96334995E+255  0.10402787E+256  0.11222725E+256  0.12135348E+256  0.13111886E+256
  0.12216961E+256  0.24433033E+256  0.81380871E+256  0.20281947E+257  0.40362746E+257  0.69579152E+257  0.98780649E+257  0.11883891E+258  0.13098025E+258  0.13667378E+258  0.13789643E+258  0.13839899E+258  0.14708885E+258  0.16911684E+258  0.21005373E+258  0.27519954E+258  0.36966389E+258  0.50111855E+258  0.67225034E+258  0.88766941E+258  0.11517971E+259  0.14688510E+259  0.18428217E+259  0.22774436E+259  0.27771418E+259  0.33477286E+259  0.39935264E+259  0.47188183E+259  0.55278676E+259  0.64250142E+259  0.74154973E+259  0.85206904E+259  0.55734243E+259  0.54800033E+260 -0.22350112E+261
  0.31986742E+252  0.64081702E+252  0.21356323E+253  0.53236148E+253  0.14003894E+254  0.21676087E+254  0.29347720E+254  0.40058603E+254  0.43246115E+254  0.44807871E+254  0.45128823E+254  0.45389378E+254  0.45389378E+254  0.45389378E+254  0.45389378E+254  0.45389379E+254  0.45389378E+254  0.45389378E+254  0.45389381E+254  0.45672932E+254  0.67649725E+254  0.93857271E+254  0.12475594E+255  0.16025849E+255  0.19925126E+255  0.24396650E+255  0.27891315E+255  0.12685358E+256  0.19807525E+257  0.41200047E+257  0.65855945E+257  0.66722613E+257  0.67423972E+257  0.67867256E+257  0.67982725E+257
  0.78346073E+253  0.78588544E+253  0.79578405E+253  0.79807866E+253  0.79869078E+253  0.79874498E+253  0.79877980E+253  0.34156142E+254  0.34156148E+254  0.34156149E+254  0.34167108E+254  0.34167123E+254  0.34167123E+254  0.13408022E+255  0.15267105E+255  0.15273418E+255  0.15282613E+255  0.15295265E+255  0.15312193E+255  0.18048242E+255  0.18074583E+255  0.18113340E+255  0.18157399E+255  0.18208465E+255  0.27598269E+257  0.59887159E+257  0.59888641E+257  0.57874496E+258  0.11189726E+266  0.11744723E+266  0.12383374E+266  0.18207838E+263  0.15337902E+263  0.43341136E+262  0.36708328E+258
