  0.72572195E-009  0.72572195E-009  0.72572195E-009  0.72572196E-009  0.72572197E-009  0.72572199E-009  0.72572201E-009  0.72572203E-009  0.72572204E-009  0.72572204E-009  0.72572204E-009  0.72572204E-009  0.72572204E-009  0.72572205E-009  0.72572206E-009  0.72572208E-009  0.72572211E-009  0.72572215E-009  0.72572220E-009  0.72572227E-009  0.72572235E-009  0.72572244E-009  0.72572256E-009  0.72572269E-009  0.72572284E-009  0.72572301E-009  0.72572321E-009  0.72572343E-009  0.72572368E-009  0.72572395E-009  0.72572426E-009  0.72572459E-009  0.72572495E-009  0.72572534E-009  0.72572577E-009
  0.25582121E+038  0.53721838E+039  0.95428317E+051  0.51907107E+058  0.20602994E+063  0.69908599E+066  0.12430839E+068  0.34798605E+068  0.56839160E+068  0.69453054E+068  0.72271044E+068  0.73735446E+068  0.84168173E+068  0.12258791E+069  0.29231438E+069  0.61495885E+071  0.17304440E+075  0.13435453E+078  0.41945037E+080  0.66928821E+082  0.63643351E+084  0.40043462E+086  0.17963082E+088  0.60722928E+089  0.16136650E+091  0.34844038E+092  0.62776385E+093  0.96415446E+094  0.12849365E+096  0.15081747E+097  0.15786728E+098  0.14895663E+099  0.12786565E+100  0.10065778E+101  0.73179226E+101
  0.13734150E+050  0.27467970E+051  0.11001449E+063  0.28059028E+069  0.67396177E+073  0.15697811E+077  0.26351141E+078  0.73170913E+078  0.11914295E+079  0.14541921E+079  0.15128803E+079  0.15433748E+079  0.17604411E+079  0.25575016E+079  0.60795464E+079  0.13776114E+082  0.26851696E+085  0.15282490E+088  0.36520849E+090  0.46057442E+092  0.35477210E+094  0.18437285E+096  0.69403918E+097  0.19947470E+099  0.45570608E+100  0.85398739E+101  0.13462911E+103  0.18223780E+104  0.21542350E+105  0.22555606E+106  0.21169442E+107  0.17992940E+108  0.13971759E+109  0.99878763E+109  0.66172738E+110
  0.36764813E+061  0.69852260E+062  0.63239409E+073  0.75628174E+079  0.10992548E+084  0.17573344E+087  0.27754087E+088  0.76367832E+088  0.12390959E+089  0.15104326E+089  0.15710195E+089  0.16024962E+089  0.18263388E+089  0.26455634E+089  0.62904506E+089  0.15392926E+092  0.20772209E+095  0.86635765E+097  0.15839396E+100  0.15777009E+102  0.98362028E+103  0.42183963E+105  0.13312211E+107  0.32497483E+108  0.63758904E+109  0.10358977E+111  0.14275335E+112  0.17013928E+113  0.17822057E+114  0.16630315E+115  0.13982060E+116  0.10695530E+117  0.75064022E+117  0.48687826E+118  0.29372561E+119
  0.65407743E+072  0.11773236E+074  0.24159724E+084  0.13547547E+090  0.11915600E+094  0.13072262E+097  0.19350276E+098  0.52699500E+098  0.85163334E+098  0.10366034E+099  0.10778926E+099  0.10993403E+099  0.12516932E+099  0.18071579E+099  0.43265052E+099  0.11434688E+102  0.10677285E+105  0.32620286E+107  0.45597585E+109  0.35841902E+111  0.18068593E+113  0.63878641E+114  0.16880721E+116  0.34961701E+117  0.58841295E+118  0.82789652E+119  0.99619439E+120  0.10442601E+122  0.96827941E+122  0.80441193E+123  0.60524780E+124  0.41628004E+125  0.26381099E+126  0.15511701E+127  0.85137682E+127
  0.86972486E+083  0.14785113E+085  0.68984585E+094  0.18138160E+100  0.96531682E+103  0.72657200E+106  0.10037693E+108  0.27020231E+108  0.43464343E+108  0.52815510E+108  0.54902135E+108  0.55985835E+108  0.63673990E+108  0.91581016E+108  0.22351007E+109  0.63506094E+111  0.41006383E+114  0.91717644E+116  0.97941066E+118  0.60692497E+120  0.24711440E+122  0.71929155E+123  0.15897149E+125  0.27897413E+126  0.40225033E+127  0.48950962E+128  0.51368127E+129  0.47302661E+130  0.38780529E+131  0.28651098E+132  0.19271342E+133  0.11905149E+134  0.68059110E+134  0.36242126E+135  0.18080731E+136
  0.92156252E+094  0.14744779E+096  0.15696482E+105  0.19351522E+110  0.62313452E+113  0.32167362E+116  0.41277764E+117  0.10964684E+118  0.17544215E+118  0.21277278E+118  0.22109926E+118  0.22542275E+118  0.25604919E+118  0.36665092E+118  0.93269512E+118  0.28113301E+121  0.12543668E+124  0.20525135E+126  0.16726688E+128  0.81613906E+129  0.26801791E+131  0.64139164E+132  0.11838104E+134  0.17576678E+135  0.21681456E+136  0.22788483E+137  0.20826758E+138  0.16825577E+139  0.12181040E+140  0.79934243E+140  0.48007792E+141  0.26608346E+142  0.13707115E+143  0.66036819E+143  0.29915660E+144
  0.81012489E+105  0.12151679E+107  0.29630357E+115  0.17128502E+120  0.33367580E+123  0.11807875E+126  0.13998417E+127  0.36621614E+127  0.58237504E+127  0.70469269E+127  0.73196178E+127  0.74611764E+127  0.84621780E+127  0.12055505E+128  0.33199677E+128  0.10327151E+131  0.31811236E+133  0.38044090E+135  0.23629979E+137  0.90646233E+138  0.23970842E+140  0.47083700E+141  0.72451344E+142  0.90864271E+143  0.95733385E+144  0.86770866E+145  0.68960420E+146  0.48806353E+147  0.31158364E+148  0.18137088E+149  0.97141114E+149  0.48246429E+150  0.22370001E+151  0.97395010E+151  0.40021951E+152
  0.60731065E+116  0.85022032E+117  0.47698329E+125  0.12928598E+130  0.15233906E+133  0.36929459E+135  0.40201097E+136  0.10333882E+137  0.16315961E+137  0.19690437E+137  0.20442293E+137  0.20832480E+137  0.23585878E+137  0.33400419E+137  0.10575623E+138  0.32353834E+140  0.68727503E+142  0.59997852E+144  0.28357087E+146  0.85366777E+147  0.18143589E+149  0.29194055E+150  0.37381089E+151  0.39525343E+152  0.35503941E+153  0.27702139E+154  0.19113223E+155  0.11831669E+156  0.66507054E+156  0.34290641E+157  0.16355661E+158  0.72696726E+158  0.30300089E+159  0.11907655E+160  0.44334508E+160
  0.39600480E+127  0.51479673E+128  0.66788252E+135  0.84880038E+139  0.60475953E+142  0.10033178E+145  0.99598007E+145  0.25085864E+146  0.39275550E+146  0.47250165E+146  0.49025726E+146  0.49946860E+146  0.56430894E+146  0.79351625E+146  0.31478883E+147  0.88161326E+149  0.12896566E+152  0.82046107E+153  0.29447751E+155  0.69415866E+156  0.11830554E+158  0.15558804E+159  0.16540735E+160  0.14713931E+161  0.11245340E+162  0.75385713E+162  0.45071223E+163  0.24360300E+164  0.12036559E+165  0.54882910E+165  0.23277360E+166  0.92458194E+166  0.34595060E+167  0.12255997E+168  0.41293939E+168
  0.20895677E+139  0.25074310E+140  0.75676910E+146  0.45092882E+150  0.19416876E+153  0.22016085E+155  0.19772644E+156  0.48633163E+156  0.75389237E+156  0.90359334E+156  0.93689671E+156  0.95416673E+156  0.10753744E+157  0.14996184E+157  0.82887191E+157  0.19434141E+160  0.19541339E+162  0.90400219E+163  0.24576758E+165  0.45241866E+166  0.61662783E+167  0.66106550E+168  0.58201916E+169  0.43451570E+170  0.28189689E+171  0.16200874E+172  0.83761219E+172  0.39450474E+173  0.17102994E+174  0.68846264E+174  0.25922038E+175  0.91869759E+175  0.30813688E+176  0.98271296E+176  0.29923595E+177
  0.95303915E+150  0.10483202E+152  0.74118209E+157  0.20704751E+161  0.53836215E+163  0.41640741E+165  0.33529178E+166  0.80206406E+166  0.12287323E+167  0.14661764E+167  0.15189464E+167  0.15462972E+167  0.17375717E+167  0.23991991E+167  0.20659648E+168  0.37003955E+170  0.25513565E+172  0.85579391E+173  0.17566752E+175  0.25170355E+176  0.27346791E+177  0.23824898E+178  0.17320452E+179  0.10822198E+180  0.59443917E+180  0.29216167E+181  0.13032385E+182  0.53373122E+182  0.20261117E+183  0.71865216E+183  0.23978508E+184  0.75698086E+184  0.22723099E+185  0.65139811E+185  0.17900532E+186
  0.38107757E+162  0.38106842E+163  0.63640608E+168  0.83329311E+171  0.13066351E+174  0.68760790E+175  0.49125326E+176  0.11372562E+177  0.17178040E+177  0.20387847E+177  0.21100321E+177  0.21469371E+177  0.24039094E+177  0.32802915E+177  0.48715870E+178  0.61688473E+180  0.29069135E+182  0.70430972E+183  0.10871572E+185  0.12076026E+186  0.10418318E+187  0.73492287E+187  0.43966588E+188  0.22918430E+189  0.10626672E+190  0.44543378E+190  0.17098758E+191  0.60745301E+191  0.20146665E+192  0.62834390E+192  0.18542346E+193  0.52046127E+193  0.13958294E+194  0.35908802E+194  0.88917408E+194
  0.13497307E+174  0.12147252E+175  0.48403059E+179  0.29694795E+182  0.28019485E+184  0.99957110E+185  0.62607152E+186  0.13941799E+187  0.20703905E+187  0.24412937E+187  0.25234977E+187  0.25660456E+187  0.28607395E+187  0.38487840E+187  0.10737079E+189  0.90882277E+190  0.29137589E+192  0.50737439E+193  0.58590355E+194  0.50204015E+195  0.34233363E+196  0.19468923E+197  0.95466172E+197  0.41364452E+198  0.16135958E+199  0.57504043E+199  0.18941327E+200  0.58216995E+200  0.16827310E+201  0.46041269E+201  0.11990725E+202  0.29864713E+202  0.71424499E+202  0.16460368E+203  0.36666720E+203
  0.42644302E+185  0.34114418E+186  0.32838489E+190  0.94311870E+192  0.53370035E+194  0.12842543E+196  0.69544909E+196  0.14787236E+197  0.21511786E+197  0.25164124E+197  0.25972077E+197  0.26389869E+197  0.29264655E+197  0.38706751E+197  0.21822422E+199  0.11896423E+201  0.25787490E+202  0.32054807E+203  0.27510017E+204  0.18072161E+205  0.96852756E+205  0.44180184E+206  0.17674231E+207  0.63386322E+207  0.20722484E+208  0.62564835E+208  0.17626531E+209  0.46730852E+209  0.11739484E+210  0.28107025E+210  0.64449314E+210  0.14212359E+211  0.30248926E+211  0.62329561E+211  0.12467913E+212
  0.12063331E+197  0.84440422E+197  0.19945809E+201  0.26769385E+203  0.90367273E+204  0.14567825E+206  0.67108675E+206  0.13501153E+207  0.19153583E+207  0.22186282E+207  0.22855580E+207  0.23201262E+207  0.25560547E+207  0.33118522E+207  0.40456963E+209  0.13850544E+211  0.20119011E+212  0.17689352E+213  0.11186183E+214  0.55904863E+214  0.23385572E+215  0.85039221E+215  0.27602885E+216  0.81535805E+216  0.22240562E+217  0.56659573E+217  0.13603362E+218  0.31004871E+218  0.67487809E+218  0.14099387E+219  0.28390855E+219  0.55298614E+219  0.10450580E+220  0.19213676E+220  0.34445433E+220
  0.30544251E+208  0.18325817E+209  0.10840201E+212  0.67738131E+213  0.13528965E+215  0.14474920E+216  0.55658381E+216  0.10476130E+217  0.14410465E+217  0.16489172E+217  0.16946559E+217  0.17182435E+217  0.18775914E+217  0.23728155E+217  0.67786320E+219  0.14273788E+221  0.13714974E+222  0.84211993E+222  0.38794897E+223  0.14605046E+224  0.47280799E+224  0.13604389E+225  0.35595965E+225  0.86104768E+225  0.19495954E+226  0.41716859E+226  0.84999920E+226  0.16592634E+227  0.31186958E+227  0.56675575E+227  0.99930723E+227  0.17146305E+228  0.28702089E+228  0.46976543E+228  0.75318939E+228
  0.68775564E+219  0.34386130E+220  0.52325644E+222  0.15111662E+224  0.17632421E+225  0.12361659E+226  0.38797056E+226  0.67369383E+226  0.89198299E+226  0.10050909E+227  0.10298831E+227  0.10426438E+227  0.11277405E+227  0.13826197E+227  0.10147994E+230  0.12835067E+231  0.79997214E+231  0.33675318E+232  0.11127323E+233  0.31151303E+233  0.77206310E+233  0.17417874E+234  0.36449351E+234  0.71710507E+234  0.13397275E+235  0.23950655E+235  0.41219281E+235  0.68621665E+235  0.11094548E+236  0.17476784E+236  0.26896913E+236  0.40535717E+236  0.59941395E+236  0.87118493E+236  0.12463305E+237
  0.13520575E+231  0.54079051E+231  0.21944188E+233  0.28876825E+234  0.19311253E+235  0.87171239E+235  0.21742930E+236  0.34226082E+236  0.43208952E+236  0.47748689E+236  0.48738787E+236  0.49247112E+236  0.52581396E+236  0.62128625E+236  0.13292463E+240  0.97425585E+240  0.38175860E+241  0.10708233E+242  0.24819864E+242  0.50776539E+242  0.95008036E+242  0.16613735E+243  0.27539894E+243  0.43708768E+243  0.66903693E+243  0.99312419E+243  0.14358085E+244  0.20286894E+244  0.28090972E+244  0.38207129E+244  0.51142013E+244  0.67478912E+244  0.87884558E+244  0.11311634E+245  0.14402993E+245
  0.22105859E+242  0.66312269E+242  0.75145388E+243  0.43925615E+244  0.16361777E+245  0.46419158E+245  0.89102130E+245  0.12436183E+246  0.14787948E+246  0.15938600E+246  0.16187898E+246  0.16315462E+246  0.17134571E+246  0.19354673E+246  0.14493426E+250  0.57671863E+250  0.13441348E+251  0.23900584E+251  0.37538580E+251  0.54741039E+251  0.75886826E+251  0.10134887E+252  0.13149478E+252  0.16668752E+252  0.20728579E+252  0.25364436E+252  0.30611464E+252  0.36504464E+252  0.43077930E+252  0.50366109E+252  0.58402948E+252  0.67222196E+252  0.76857343E+252  0.87341662E+252  0.98708290E+252
  0.25465751E+253  0.50925386E+253  0.16948716E+254  0.42234097E+254  0.84016653E+254  0.14486767E+255  0.20571926E+255  0.24750175E+255  0.27278692E+255  0.28464295E+255  0.28718868E+255  0.28848545E+255  0.29658485E+255  0.31711606E+255  0.11138290E+260  0.20854545E+260  0.25561321E+260  0.25561441E+260  0.25561598E+260  0.25561795E+260  0.25562037E+260  0.25562329E+260  0.25562674E+260  0.25563077E+260  0.25563542E+260  0.25564073E+260  0.25564675E+260  0.25565350E+260  0.25566103E+260  0.25566938E+260  0.25567858E+260  0.25568869E+260  0.25569972E+260  0.25571173E+260  0.25572475E+260
 -0.54606114E+252 -0.10920731E+253 -0.88448482E+254 -0.27536613E+255 -0.73546165E+255 -0.14055142E+256 -0.98128058E+255 -0.72667892E+255 -0.59047761E+255 -0.52948602E+255 -0.51638880E+255 -0.50971714E+255 -0.46804686E+255 -0.36241341E+255 -0.16609299E+255  0.14635331E+255  0.78289995E+259  0.78296171E+259  0.78304226E+259  0.78314389E+259  0.78326887E+259  0.78341941E+259  0.78359773E+259  0.78380602E+259  0.78404647E+259  0.78432825E+259  0.78463950E+259  0.78498940E+259  0.78538012E+259  0.78581383E+259  0.78629376E+259  0.80273003E+259  0.80330570E+259  0.80393315E+259  0.80461464E+259
  0.12904092E+256  0.25808183E+256  0.85911801E+256  0.21409383E+257  0.60496670E+257  0.11747483E+258  0.17450471E+258  0.21368738E+258  0.23740811E+258  0.24853255E+258  0.25092148E+258  0.25213840E+258  0.25973993E+258  0.27901500E+258  0.31485632E+258  0.37194506E+258  0.45483555E+258  0.51570030E+258  0.59506199E+258  0.69516424E+258  0.81821055E+258  0.96636941E+258  0.11417778E+259  0.13465452E+259  0.15827556E+259  0.18524689E+259  0.21630415E+259  0.25118300E+259  0.29008694E+259  0.33321785E+259  0.38077571E+259  0.43295916E+259  0.48996513E+259  0.55198911E+259  0.61922573E+259
  0.31307420E+253  0.62644197E+253  0.20843462E+254  0.72715232E+254  0.15700018E+255  0.22744198E+255  0.29788365E+255  0.56791932E+255  0.72270582E+255  0.79338400E+255  0.80716296E+255  0.81449923E+255  0.86012475E+255  0.96970301E+255  0.11528508E+256  0.13924731E+256  0.16343328E+256  0.17666323E+256  0.19432234E+256  0.21666795E+256  0.24411559E+256  0.27714977E+256  0.31623683E+256  0.36183401E+256  0.41412980E+256  0.47378458E+256  0.54121868E+256  0.61728950E+256  0.70195796E+256  0.79558524E+256  0.89859397E+256  0.99614964E+256  0.11027259E+257  0.12186896E+257  0.13444059E+257
  0.12041616E+254  0.23894176E+254  0.78747278E+254  0.16355305E+255  0.24748893E+255  0.36173554E+255 -0.10179763E+256 -0.12733687E+263 -0.12769524E+263 -0.12784827E+263 -0.12788109E+263 -0.12797529E+263  0.28339189E+263  0.19606184E+263  0.13955482E+263  0.10820832E+252  0.82754116E+252  0.52690732E+255  0.13646338E+256  0.46916038E+256  0.76267361E+256  0.10372032E+257  0.12338362E+257  0.13591586E+257  0.14293223E+257  0.14561342E+257  0.14613932E+257  0.14623964E+257  0.24957654E+257  0.36734833E+257  0.50120895E+257  0.50157872E+257  0.50193162E+257  0.50871517E+257  0.51587102E+257
