  0.36574570E-009  0.36574570E-009  0.36574571E-009  0.36574572E-009  0.36574573E-009  0.36574575E-009  0.36574577E-009  0.36574579E-009  0.36574580E-009  0.36574580E-009  0.36574580E-009  0.36574580E-009  0.36574581E-009  0.36574581E-009  0.36574583E-009  0.36574585E-009  0.36574588E-009  0.36574592E-009  0.36574598E-009  0.36574605E-009  0.36574613E-009  0.36574624E-009  0.36574636E-009  0.36574650E-009  0.36574667E-009  0.36574686E-009  0.36574707E-009  0.36574731E-009  0.36574758E-009  0.36574787E-009  0.36574820E-009  0.36574856E-009  0.36574895E-009  0.36574938E-009  0.36574984E-009
 -0.17356139E+039 -0.37203711E+040 -0.87165283E+052 -0.49237485E+059 -0.19941780E+064 -0.68861678E+067 -0.12286429E+069 -0.34410413E+069 -0.56215176E+069 -0.68695043E+069 -0.71483128E+069 -0.72932000E+069 -0.83254584E+069 -0.12127503E+070 -0.28692066E+070 -0.21350622E+071 -0.13280009E+073 -0.22850242E+075 -0.35761461E+077 -0.40193425E+079 -0.31932435E+081 -0.18469327E+083 -0.80690096E+084 -0.27582776E+086 -0.76088905E+087 -0.17383822E+089 -0.33607582E+090 -0.55957504E+091 -0.81428252E+092 -0.10484937E+094 -0.12073051E+095 -0.12546742E+096 -0.11863118E+097 -0.10277409E+098 -0.82090038E+098
 -0.93179068E+050 -0.19041574E+052 -0.10048827E+064 -0.26615907E+070 -0.65233226E+074 -0.15462802E+078 -0.26050284E+079 -0.72373416E+079 -0.11786832E+080 -0.14387404E+080 -0.14968253E+080 -0.15270065E+080 -0.17418548E+080 -0.25309213E+080 -0.59333702E+080 -0.41599207E+081 -0.20282801E+083 -0.25873885E+085 -0.31037514E+087 -0.27586347E+089 -0.17763310E+091 -0.84919404E+092 -0.31157786E+094 -0.90642085E+095 -0.21519198E+097 -0.42720466E+098 -0.72364743E+099 -0.10634175E+101 -0.13745339E+102 -0.15810508E+103 -0.16345593E+104 -0.15321524E+105 -0.13120614E+106 -0.10333734E+107 -0.75296096E+107
 -0.24943013E+062 -0.48477861E+063 -0.57763359E+074 -0.71738425E+080 -0.10639766E+085 -0.17310379E+088 -0.27443451E+089 -0.75557737E+089 -0.12262351E+090 -0.14948811E+090 -0.15548683E+090 -0.15860337E+090 -0.18076767E+090 -0.26190292E+090 -0.60768478E+090 -0.40028337E+091 -0.15376657E+093 -0.14578447E+095 -0.13405166E+097 -0.94181602E+098 -0.49122987E+100 -0.19396424E+102 -0.59721905E+103 -0.14773730E+105 -0.30160778E+106 -0.51985608E+107 -0.77094208E+108 -0.99909552E+109 -0.11461739E+111 -0.11767966E+112 -0.10915027E+113 -0.92211043E+113 -0.71465026E+114 -0.51132064E+115 -0.33962429E+116
 -0.44375752E+073 -0.81808602E+074 -0.22067628E+085 -0.12850749E+091 -0.11533203E+095 -0.12876785E+098 -0.19138625E+099 -0.52158045E+099 -0.84310650E+099 -0.10263238E+100 -0.10672226E+100 -0.10884676E+100 -0.12393928E+100 -0.17897918E+100 -0.41044522E+100 -0.25324459E+101 -0.77038311E+102 -0.54442738E+104 -0.38380478E+106 -0.21305529E+108 -0.89950171E+109 -0.29311835E+111 -0.75670871E+112 -0.15903299E+114 -0.27893502E+115 -0.41704789E+116 -0.54099110E+117 -0.61774338E+118 -0.62845346E+119 -0.57546558E+120 -0.47846613E+121 -0.36400832E+122 -0.25511205E+123 -0.16568480E+124 -0.10023913E+125
 -0.59006308E+084 -0.10287991E+086 -0.63010749E+095 -0.17205229E+101 -0.93433914E+104 -0.71571821E+107 -0.99308183E+108 -0.26753006E+109 -0.43047634E+109 -0.52315006E+109 -0.54382984E+109 -0.55457012E+109 -0.63077209E+109 -0.90745800E+109 -0.20535068E+110 -0.11829946E+111 -0.28644842E+112 -0.15140504E+114 -0.81855683E+115 -0.35884386E+117 -0.12253838E+119 -0.32924921E+120 -0.71196984E+121 -0.12699562E+123 -0.19117736E+124 -0.24770678E+125 -0.28079745E+126 -0.28225238E+127 -0.25440455E+128 -0.20757414E+129 -0.15457034E+130 -0.10580526E+131 -0.66997872E+131 -0.39463411E+132 -0.21728624E+133
 -0.62523223E+095 -0.10275933E+097 -0.14337178E+106 -0.18356158E+111 -0.60313945E+114 -0.31687552E+117 -0.40852065E+118 -0.10861150E+119 -0.17384722E+119 -0.21086604E+119 -0.21912321E+119 -0.22341077E+119 -0.25378581E+119 -0.36351812E+119 -0.81021850E+119 -0.43431831E+120 -0.84134847E+121 -0.33390652E+123 -0.13850770E+125 -0.47927237E+126 -0.13226199E+128 -0.29272582E+129 -0.52963776E+130 -0.80093280E+131 -0.10337197E+133 -0.11594757E+134 -0.11474114E+135 -0.10142653E+136 -0.80915327E+136 -0.58770315E+137 -0.39157537E+138 -0.24093939E+139 -0.13771866E+140 -0.73503929E+140 -0.36799065E+141
 -0.54962759E+106 -0.84837000E+107 -0.27064301E+116 -0.16247459E+121 -0.32297054E+124 -0.11632135E+127 -0.13859489E+128 -0.36295041E+128 -0.57742160E+128 -0.69880639E+128 -0.72586843E+128 -0.73991705E+128 -0.83927092E+128 -0.11960731E+129 -0.26199898E+129 -0.13021198E+130 -0.20280933E+131 -0.60702396E+132 -0.19332741E+134 -0.52775105E+135 -0.11758736E+137 -0.21412809E+138 -0.32378137E+139 -0.41460266E+140 -0.45822760E+141 -0.44442367E+142 -0.38350593E+143 -0.29779674E+144 -0.21005249E+145 -0.13566825E+146 -0.80796299E+146 -0.44643121E+147 -0.23011092E+148 -0.11117583E+149 -0.50559087E+149
 -0.41202868E+117 -0.59477702E+118 -0.43567383E+126 -0.12263571E+131 -0.14745294E+134 -0.36381597E+136 -0.39820456E+137 -0.10248163E+138 -0.16188559E+138 -0.19540256E+138 -0.20287067E+138 -0.20674644E+138 -0.23410022E+138 -0.33165189E+138 -0.71219604E+138 -0.32690922E+139 -0.41136864E+140 -0.93313357E+141 -0.22839562E+143 -0.49162680E+144 -0.88349646E+145 -0.13221144E+147 -0.16685271E+148 -0.18067535E+149 -0.17077665E+150 -0.14304106E+151 -0.10750560E+152 -0.73246378E+152 -0.45627246E+153 -0.26176231E+154 -0.13918520E+155 -0.68984556E+155 -0.32030571E+156 -0.13993602E+157 -0.57745576E+157
 -0.26866866E+128 -0.36096428E+129 -0.61003744E+136 -0.80513870E+140 -0.58537162E+143 -0.98850401E+145 -0.98708965E+146 -0.24896503E+147 -0.39001850E+147 -0.46931168E+147 -0.48696732E+147 -0.49612702E+147 -0.56061529E+147 -0.78871529E+147 -0.16555817E+148 -0.69901591E+148 -0.71394128E+149 -0.12339278E+151 -0.23240825E+152 -0.39429462E+153 -0.57089669E+154 -0.70111195E+155 -0.73740802E+156 -0.67426199E+157 -0.54429025E+158 -0.39318558E+159 -0.25704167E+160 -0.15346898E+161 -0.84324364E+161 -0.42918025E+162 -0.20350584E+163 -0.90368831E+163 -0.37753377E+164 -0.14897336E+165 -0.55717742E+165
 -0.14176629E+140 -0.17628999E+141 -0.69122202E+147 -0.42773348E+151 -0.18794892E+154 -0.21693308E+156 -0.19609061E+157 -0.48310131E+157 -0.74941082E+157 -0.89846013E+157 -0.93162055E+157 -0.94881697E+157 -0.10695343E+158 -0.14923724E+158 -0.30518567E+158 -0.11801586E+159 -0.98258875E+159 -0.13013632E+161 -0.18893189E+162 -0.25255063E+163 -0.29427999E+164 -0.29615734E+165 -0.25918690E+166 -0.19980486E+167 -0.13753929E+168 -0.85567233E+168 -0.48590545E+169 -0.25389107E+170 -0.12288488E+171 -0.55413887E+171 -0.23401464E+172 -0.92984918E+172 -0.34907971E+173 -0.12425517E+174 -0.42066810E+174
 -0.64658748E+151 -0.73938600E+152 -0.67698091E+158 -0.19639779E+162 -0.52114002E+164 -0.41036631E+166 -0.33278584E+167 -0.79763193E+167 -0.12229850E+168 -0.14597925E+168 -0.15124250E+168 -0.15397056E+168 -0.17305407E+168 -0.23912460E+168 -0.47456011E+168 -0.16731437E+169 -0.11401423E+170 -0.11641115E+171 -0.13054365E+172 -0.13746421E+173 -0.12875830E+174 -0.10602075E+175 -0.77074347E+175 -0.50008205E+176 -0.29307977E+177 -0.15679174E+178 -0.77227638E+178 -0.35263439E+179 -0.15013274E+180 -0.59898019E+180 -0.22496350E+181 -0.79874026E+181 -0.26908670E+182 -0.86280142E+182 -0.26403269E+183
 -0.25854131E+163 -0.26979157E+164 -0.58127636E+169 -0.79043914E+172 -0.12649311E+175 -0.67778871E+176 -0.48807100E+177 -0.11325617E+178 -0.17125065E+178 -0.20333165E+178 -0.21045329E+178 -0.21414236E+178 -0.23983839E+178 -0.32757156E+178 -0.62810237E+178 -0.20093482E+179 -0.11247132E+180 -0.89077743E+180 -0.77354288E+181 -0.64167229E+182 -0.48258518E+183 -0.32458457E+184 -0.19565080E+185 -0.10665301E+186 -0.53126771E+186 -0.24401790E+187 -0.10409058E+188 -0.41472253E+188 -0.15507507E+189 -0.54654570E+189 -0.18227764E+190 -0.57741875E+190 -0.17429705E+191 -0.50263885E+191 -0.13881126E+192
 -0.91572203E+174 -0.86398995E+175 -0.44209704E+180 -0.28168334E+183 -0.27128612E+185 -0.98563656E+186 -0.62280990E+187 -0.13909142E+188 -0.20682370E+188 -0.24399914E+188 -0.25223943E+188 -0.25650477E+188 -0.28606023E+188 -0.38529485E+188 -0.71019634E+188 -0.20511097E+189 -0.94602941E+189 -0.58481870E+190 -0.39443535E+191 -0.25781829E+192 -0.15551523E+193 -0.85294668E+193 -0.42547326E+194 -0.19449756E+195 -0.82206404E+195 -0.32365616E+196 -0.11937755E+197 -0.41434336E+197 -0.13584958E+198 -0.42223867E+198 -0.12483530E+199 -0.35223393E+199 -0.95104792E+199 -0.24622686E+200 -0.61251338E+200
 -0.28931940E+186 -0.24404005E+187 -0.29993357E+191 -0.89468633E+193 -0.51684163E+195 -0.12670092E+197 -0.69297818E+197 -0.14787127E+198 -0.21547126E+198 -0.25221830E+198 -0.26034863E+198 -0.26455316E+198 -0.29350074E+198 -0.38875196E+198 -0.68489054E+198 -0.17762278E+199 -0.67684212E+199 -0.32857790E+200 -0.17269669E+201 -0.88996457E+201 -0.43012526E+202 -0.19203578E+203 -0.79115221E+203 -0.30271793E+204 -0.10838043E+205 -0.36517861E+205 -0.11627455E+206 -0.35096696E+206 -0.10071439E+207 -0.27554688E+207 -0.72082276E+207 -0.18082021E+208 -0.43585586E+208 -0.10109211E+209 -0.22601693E+209
 -0.81843425E+197 -0.60849277E+198 -0.18217814E+202 -0.25397774E+204 -0.87544410E+205 -0.14383631E+207 -0.67020156E+207 -0.13543522E+208 -0.19254505E+208 -0.22322092E+208 -0.22999238E+208 -0.23349012E+208 -0.25738060E+208 -0.33409663E+208 -0.55892896E+208 -0.12943424E+209 -0.40832004E+209 -0.15656949E+210 -0.64361407E+210 -0.26172452E+211 -0.10126383E+212 -0.36739015E+212 -0.12475477E+213 -0.39884727E+213 -0.12077663E+214 -0.34774681E+214 -0.95425722E+214 -0.25002651E+215 -0.62670447E+215 -0.15060989E+216 -0.34786428E+216 -0.77416307E+216 -0.16620501E+217 -0.34442827E+217 -0.69017788E+217
 -0.20722685E+209 -0.13334338E+210 -0.99017247E+212 -0.64284613E+214 -0.13114521E+216 -0.14309636E+217 -0.55759531E+217 -0.10555119E+218 -0.14559696E+218 -0.16678809E+218 -0.17145229E+218 -0.17385801E+218 -0.19012711E+218 -0.24084819E+218 -0.37981851E+218 -0.78068806E+218 -0.20416990E+219 -0.62168993E+219 -0.20064238E+220 -0.64459301E+220 -0.19951827E+221 -0.58724315E+221 -0.16404498E+222 -0.43760603E+222 -0.11195549E+223 -0.27510362E+223 -0.64952042E+223 -0.14741946E+224 -0.32200900E+224 -0.67806448E+224 -0.13793143E+225 -0.27165729E+225 -0.51791300E+225 -0.95543674E+225 -0.17097397E+226
 -0.46660641E+220 -0.25357184E+221 -0.47810443E+223 -0.14349719E+225 -0.17111013E+226 -0.12244916E+227 -0.39047855E+227 -0.68314025E+227 -0.90790447E+227 -0.10246234E+228 -0.10502182E+228 -0.10633949E+228 -0.11513958E+228 -0.14160798E+228 -0.20877645E+228 -0.37843501E+228 -0.82096889E+228 -0.19944355E+229 -0.50729830E+229 -0.12894295E+230 -0.31912395E+230 -0.76084671E+230 -0.17456592E+231 -0.38840387E+231 -0.83933451E+231 -0.17585406E+232 -0.35657631E+232 -0.69930714E+232 -0.13272674E+233 -0.24414470E+233 -0.43606539E+233 -0.75781805E+233 -0.12774024E+234 -0.20858428E+234 -0.33170848E+234
 -0.91730061E+231 -0.40672450E+232 -0.20075062E+234 -0.27457220E+235 -0.18777648E+236 -0.86639049E+236 -0.22045068E+237 -0.35056992E+237 -0.44490379E+237 -0.49272773E+237 -0.50316455E+237 -0.50852461E+237 -0.54375583E+237 -0.64518245E+237 -0.88100965E+237 -0.13983636E+238 -0.25154227E+238 -0.48940740E+238 -0.98469194E+238 -0.19833533E+239 -0.39233833E+239 -0.75679950E+239 -0.14251377E+240 -0.26507649E+240 -0.48456255E+240 -0.86504709E+240 -0.15026752E+241 -0.25374352E+241 -0.41680078E+241 -0.66702316E+241 -0.10419736E+242 -0.15919438E+242 -0.23531717E+242 -0.33649943E+242 -0.47272733E+242
 -0.14997675E+243 -0.51487260E+243 -0.69046013E+244 -0.41894179E+245 -0.15971168E+246 -0.46419367E+246 -0.91531848E+246 -0.12962836E+247 -0.15529464E+247 -0.16790401E+247 -0.17063822E+247 -0.17203788E+247 -0.18104833E+247 -0.20561603E+247 -0.25725248E+247 -0.35463635E+247 -0.52807150E+247 -0.82505600E+247 -0.13175361E+248 -0.21061634E+248 -0.33285512E+248 -0.51932033E+248 -0.80436333E+248 -0.12635629E+249 -0.19615465E+249 -0.29779341E+249 -0.44093239E+249 -0.63713630E+249 -0.90009295E+249 -0.12458413E+250 -0.16930106E+250 -0.22630580E+250 -0.28672367E+250 -0.35026156E+250 -0.43499598E+250
 -0.17277186E+254 -0.41988405E+254 -0.15801888E+255 -0.40580541E+255 -0.82696044E+255 -0.14674658E+256 -0.21742408E+256 -0.26740976E+256 -0.29770477E+256 -0.31192011E+256 -0.31497315E+256 -0.31652847E+256 -0.32624756E+256 -0.35091684E+256 -0.39687869E+256 -0.47034917E+256 -0.57768799E+256 -0.72581646E+256 -0.92307470E+256 -0.11718870E+257 -0.14777317E+257 -0.18720656E+257 -0.24171562E+257 -0.33356228E+257 -0.43951449E+257 -0.56049722E+257 -0.69742658E+257 -0.85120938E+257 -0.10227453E+258 -0.12129221E+258 -0.14226367E+258 -0.16527370E+258 -0.16034391E+258 -0.15497482E+258 -0.19064147E+258
  0.71113432E+245  0.15308227E+246  0.91179532E+246  0.42434830E+247  0.12962784E+249  0.56650993E+249  0.12576618E+250  0.18521070E+250  0.22572733E+250  0.24572435E+250  0.25006453E+250  0.25228735E+250  0.26663702E+250  0.30601034E+250  0.38954378E+250  0.54874701E+250  0.43407251E+251  0.96111471E+251  0.16657241E+252  0.25807176E+252  0.37489803E+252  0.52163122E+252  0.70385160E+252  0.92819675E+252  0.12014739E+253  0.15319455E+253  0.19286423E+253  0.24007291E+253  0.29658135E+253  0.24163878E+253  0.19451196E+254  0.20624697E+254  0.21026217E+254  0.22554005E+254  0.23122393E+254
  0.31269751E+250  0.64089478E+250  0.23490936E+251  0.59941010E+251  0.12024826E+252  0.20823240E+252  0.29637013E+252  0.35696036E+252  0.39365369E+252  0.41086912E+252  0.41456619E+252  0.41644954E+252  0.42821623E+252  0.45806709E+252  0.51362283E+252  0.60223752E+252  0.73099207E+252  0.90749651E+252  0.11393880E+253  0.14346570E+253  0.18091745E+253  0.22785076E+253  0.29014033E+253  0.37680340E+253  0.20303696E+253  0.79040322E+252  0.15179418E+253  0.92858811E+253  0.45437143E+254  0.22649189E+255  0.14878428E+256  0.18887134E+257 -0.35927389E+259  0.38297662E+260 -0.20612408E+261
  0.57804401E+261  0.57804380E+261  0.57802490E+261  0.57802282E+261  0.57804739E+261  0.57804226E+261  0.57803718E+261  0.57803369E+261  0.57803118E+261  0.57803021E+261  0.57802997E+261  0.57802986E+261  0.57802918E+261  0.57802746E+261  0.57802427E+261  0.57801920E+261  0.57801185E+261  0.57800208E+261  0.57799013E+261  0.57797367E+261  0.57795771E+261  0.57793330E+261  0.57790460E+261  0.57787117E+261 -0.26526182E+262 -0.26526181E+262 -0.26526178E+262 -0.26526177E+262 -0.26526175E+262 -0.26526173E+262 -0.26526171E+262 -0.26526168E+262 -0.26526166E+262 -0.26526161E+262 -0.26526158E+262
  0.69790177E+260  0.31584800E+259  0.31613930E+259  0.22504074E+259  0.22739926E+259  0.23235607E+259  0.18049178E+259  0.16656245E+259  0.24851675E+259  0.30775363E+259  0.43750875E+248  0.45830973E+250  0.64001141E+253  0.60627375E+254  0.75441596E+254  0.75394421E+254  0.75326022E+254  0.75233038E+254  0.29032474E+255  0.70719835E+258  0.67781593E+250  0.42543826E+251  0.67192133E+251  0.91197732E+251  0.16440288E+252  0.10062091E+253  0.86882629E+261 -0.75780753E+251  0.23837344E+255  0.51585533E+255  0.83847393E+255  0.83889146E+255  0.10368439E+257 -0.88969607E+260 -0.24190161E+260
