  0.36574570E-009  0.36574570E-009  0.36574571E-009  0.36574572E-009  0.36574573E-009  0.36574575E-009  0.36574577E-009  0.36574579E-009  0.36574580E-009  0.36574580E-009  0.36574580E-009  0.36574580E-009  0.36574581E-009  0.36574581E-009  0.36574583E-009  0.36574585E-009  0.36574588E-009  0.36574592E-009  0.36574598E-009  0.36574605E-009  0.36574613E-009  0.36574624E-009  0.36574636E-009  0.36574650E-009  0.36574667E-009  0.36574686E-009  0.36574707E-009  0.36574731E-009  0.36574758E-009  0.36574787E-009  0.36574820E-009  0.36574856E-009  0.36574895E-009  0.36574938E-009  0.36574984E-009
  0.23439306E+040  0.49222547E+041  0.87451725E+053  0.47569731E+060  0.18881641E+065  0.64068378E+068  0.11392369E+070  0.31891542E+070  0.52090839E+070  0.63650974E+070  0.66233550E+070  0.67575617E+070  0.77136800E+070  0.11234697E+071  0.26565576E+071  0.19690405E+072  0.12009962E+074  0.20117467E+076  0.30725271E+078  0.33817089E+080  0.26391654E+082  0.15031400E+084  0.64761156E+085  0.21828575E+087  0.59273611E+088  0.13293971E+090  0.25153828E+091  0.40878615E+092  0.57939247E+093  0.72567445E+094  0.81228659E+095  0.82063751E+096  0.75472660E+097  0.63664036E+098  0.49586563E+099
  0.12583748E+052  0.25167498E+053  0.10081868E+065  0.25714406E+071  0.61765319E+075  0.14386404E+079  0.24149776E+080  0.67058251E+080  0.10918982E+081  0.13327097E+081  0.13864952E+081  0.14144421E+081  0.16133749E+081  0.23438496E+081  0.54914707E+081  0.38340939E+082  0.18337108E+084  0.22775833E+086  0.26662213E+088  0.23205389E+090  0.14677527E+092  0.69092183E+093  0.24998188E+095  0.71700264E+096  0.16753051E+098  0.32640786E+099  0.54095835E+100  0.77561255E+101  0.97607043E+102  0.10916365E+104  0.10967053E+105  0.99902993E+105  0.83192309E+106  0.63784749E+107  0.45314917E+108
  0.33685311E+063  0.64002097E+064  0.57953401E+075  0.69308662E+081  0.10074136E+086  0.16105255E+089  0.25435524E+090  0.69988114E+090  0.11355827E+091  0.13842522E+091  0.14397777E+091  0.14686249E+091  0.16737679E+091  0.24245552E+091  0.56217221E+091  0.36867494E+092  0.13895934E+094  0.12830108E+096  0.11513014E+098  0.79204877E+099  0.40577398E+101  0.15775799E+103  0.47895461E+104  0.11680172E+106  0.23463393E+107  0.39678732E+108  0.57549520E+109  0.72734646E+110  0.81203003E+111  0.81028595E+112  0.73003519E+113  0.59915122E+114  0.45141297E+115  0.31434934E+116  0.20355248E+117
  0.59929046E+074  0.10787229E+076  0.22140280E+086  0.12415511E+092  0.10920069E+096  0.11980197E+099  0.17733767E+100  0.48297028E+100  0.78048867E+100  0.95000653E+100  0.98784648E+100  0.10075024E+101  0.11471280E+101  0.16561898E+101  0.37950585E+101  0.23306271E+102  0.69584079E+103  0.47899823E+105  0.32953915E+107  0.17911869E+109  0.74274859E+110  0.23830247E+112  0.60655919E+113  0.12565269E+115  0.21680759E+116  0.31793038E+117  0.40317063E+118  0.44874986E+119  0.44405198E+120  0.39498650E+121  0.31886271E+122  0.23557710E+123  0.16045256E+124  0.10140135E+125  0.59801421E+125
  0.79687477E+085  0.13546873E+087  0.63218356E+096  0.16622531E+102  0.88466608E+105  0.66587381E+108  0.91991527E+109  0.24762989E+110  0.39833381E+110  0.48403364E+110  0.50315675E+110  0.51308844E+110  0.58354740E+110  0.83930453E+110  0.18975499E+111  0.10877315E+112  0.25856549E+113  0.13315809E+115  0.70256885E+116  0.30156465E+118  0.10113809E+120  0.26753878E+121  0.57035728E+122  0.10026441E+124  0.14844355E+125  0.18856449E+126  0.20885478E+127  0.20452089E+128  0.17919967E+129  0.14195476E+130  0.10258434E+131  0.68163637E+131  0.41933420E+132  0.24029579E+133  0.12896154E+134
  0.84437039E+096  0.13509928E+098  0.14384458E+107  0.17734505E+112  0.57107262E+115  0.29480087E+118  0.37829461E+119  0.10048708E+120  0.16078595E+120  0.19499804E+120  0.20262893E+120  0.20659124E+120  0.23465921E+120  0.33602146E+120  0.74814484E+120  0.39892625E+121  0.75884215E+122  0.29351520E+124  0.11882552E+126  0.40256587E+127  0.10910210E+129  0.23771180E+130  0.42398721E+131  0.63177727E+132  0.80166984E+133  0.88113497E+134  0.85146875E+135  0.73276328E+136  0.56789628E+137  0.40021642E+138  0.25864152E+139  0.15441485E+140  0.85719863E+140  0.44500112E+141  0.21714021E+142
  0.74226703E+107  0.11134007E+109  0.27153639E+117  0.15697242E+122  0.30579774E+125  0.10821442E+128  0.12829006E+129  0.33562298E+129  0.53372436E+129  0.64582382E+129  0.67081491E+129  0.68378821E+129  0.77552619E+129  0.11048409E+130  0.24171901E+130  0.11945565E+131  0.18273799E+132  0.53323444E+133  0.16575347E+135  0.44299958E+136  0.96929143E+137  0.17375224E+139  0.25896992E+140  0.32668654E+141  0.35484270E+142  0.33704795E+143  0.28381141E+144  0.21439238E+145  0.14679720E+146  0.91932657E+146  0.53073116E+147  0.28440037E+148  0.14232111E+149  0.66868351E+149  0.29638647E+150
  0.55644096E+118  0.77901748E+119  0.43711361E+127  0.11848282E+132  0.13961139E+135  0.33844364E+137  0.36842754E+138  0.94706075E+138  0.14952956E+139  0.18045536E+139  0.18734584E+139  0.19092176E+139  0.21615561E+139  0.30610218E+139  0.65639412E+139  0.29947632E+140  0.37019519E+141  0.81897216E+142  0.19566295E+144  0.41233678E+145  0.72764320E+146  0.10718080E+148  0.13331345E+149  0.14217767E+150  0.13201166E+151  0.10821496E+152  0.79297605E+152  0.52512465E+153  0.31727057E+154  0.17635280E+155  0.90840982E+155  0.43642966E+156  0.19666673E+157  0.83541572E+157  0.33602021E+158
  0.36283456E+129  0.47168502E+130  0.61205612E+137  0.77787452E+141  0.55423293E+144  0.91950053E+146  0.91277755E+147  0.22990243E+148  0.35994557E+148  0.43302993E+148  0.44930229E+148  0.45774414E+148  0.51716789E+148  0.72722786E+148  0.15239688E+149  0.63927444E+149  0.64148696E+150  0.10816984E+152  0.19889182E+153  0.33035407E+154  0.46967199E+155  0.56771599E+156  0.58842517E+157  0.52975039E+158  0.41983162E+159  0.29656883E+160  0.18884460E+161  0.10947633E+162  0.58285127E+162  0.28717298E+163  0.13182331E+164  0.56712340E+164  0.22986288E+165  0.88181733E+165  0.32151682E+166
  0.19145408E+141  0.22974495E+142  0.69351294E+148  0.41324917E+152  0.17794631E+155  0.20176861E+157  0.18120875E+158  0.44570465E+158  0.69091416E+158  0.82810956E+158  0.85863086E+158  0.87445820E+158  0.98554055E+158  0.13743446E+159  0.28049781E+159  0.10771110E+160  0.88116244E+160  0.11390631E+162  0.16146365E+163  0.21130984E+164  0.24176749E+165  0.23946462E+166  0.20649632E+167  0.15667569E+168  0.10580716E+169  0.64304184E+169  0.35525603E+170  0.18001533E+171  0.84329621E+171  0.36777917E+172  0.15024418E+173  0.57806042E+173  0.21047485E+174  0.72833648E+174  0.24045040E+175
  0.87321046E+152  0.96053175E+153  0.67922881E+159  0.18974662E+163  0.49338302E+165  0.38162080E+167  0.30728226E+168  0.73506187E+168  0.11260878E+169  0.13436966E+169  0.13920583E+169  0.14171244E+169  0.15924205E+169  0.21987781E+169  0.43535052E+169  0.15233038E+170  0.10199774E+171  0.10168836E+172  0.11136405E+173  0.11481644E+174  0.10559745E+175  0.85571850E+175  0.61286298E+176  0.39118848E+177  0.22471531E+178  0.11729178E+179  0.56124348E+179  0.24817355E+180  0.10213407E+181  0.39367555E+181  0.14291531E+182  0.49106619E+182  0.16040761E+183  0.50006545E+183  0.14930047E+184
  0.34915766E+164  0.34915776E+165  0.58321073E+170  0.76366314E+173  0.11974684E+176  0.63016537E+177  0.45021526E+178  0.10422535E+179  0.15743047E+179  0.18684721E+179  0.19337678E+179  0.19675899E+179  0.22030958E+179  0.30062689E+179  0.57484569E+179  0.18238858E+180  0.10031110E+181  0.77607858E+181  0.65834067E+182  0.53474778E+183  0.39489985E+184  0.26139124E+185  0.15519605E+186  0.83175889E+186  0.40563464E+187  0.18149012E+188  0.75078263E+188  0.28918739E+189  0.10437462E+190  0.35498609E+190  0.11434074E+191  0.35034714E+191  0.10252316E+192  0.28754318E+192  0.77538028E+192
  0.12366742E+176  0.11130071E+177  0.44357187E+181  0.27213499E+184  0.25678516E+186  0.91606750E+187  0.57377145E+188  0.12777155E+189  0.18974387E+189  0.22373585E+189  0.23126956E+189  0.23516892E+189  0.26217659E+189  0.35272745E+189  0.64801838E+189  0.18547903E+190  0.84049135E+190  0.50777014E+191  0.33465563E+192  0.21422879E+193  0.12689685E+194  0.68493677E+194  0.33646704E+195  0.15109547E+196  0.62426726E+196  0.23893295E+197  0.85279570E+197  0.28558346E+198  0.90228892E+198  0.27029808E+199  0.77116921E+199  0.21037102E+200  0.55065991E+200  0.13874304E+201  0.33744108E+201
  0.39072320E+187  0.31257868E+188  0.30093616E+192  0.86431182E+194  0.48911092E+196  0.11769689E+198  0.63735383E+198  0.13551978E+199  0.19714797E+199  0.23062040E+199  0.23802502E+199  0.24185393E+199  0.26820037E+199  0.35473401E+199  0.62247280E+199  0.15985411E+200  0.59836558E+200  0.28400764E+201  0.14592664E+202  0.73667362E+202  0.34968809E+203  0.15365125E+204  0.62320791E+204  0.23397629E+205  0.81713790E+205  0.26694576E+206  0.82027776E+206  0.23832378E+207  0.65782511E+207  0.17324534E+208  0.43701614E+208  0.10595534E+209  0.24767486E+209  0.55973048E+209  0.12260181E+210
  0.11052880E+199  0.77370190E+199  0.18278598E+203  0.24532542E+205  0.82817321E+206  0.13350849E+208  0.61502712E+208  0.12373340E+209  0.17553604E+209  0.20332973E+209  0.20946362E+209  0.21263169E+209  0.23425376E+209  0.30352016E+209  0.50532863E+209  0.11576338E+210  0.35866616E+210  0.13453086E+211  0.54091336E+211  0.21555536E+212  0.81935010E+212  0.29258333E+213  0.97773599E+213  0.30617758E+214  0.90169092E+214  0.25082524E+215  0.66201483E+215  0.16650150E+216  0.40064367E+216  0.92570524E+216  0.20605848E+217  0.44320014E+217  0.92354094E+217  0.18689468E+218  0.36809279E+218
  0.27985796E+210  0.16791486E+211  0.99341017E+213  0.62077966E+215  0.12398661E+217  0.13265714E+218  0.51008977E+218  0.96010218E+218  0.13206715E+219  0.15111785E+219  0.15530965E+219  0.15747139E+219  0.17207512E+219  0.21746088E+219  0.34092433E+219  0.69246485E+219  0.17782709E+220  0.52997826E+220  0.16741144E+221  0.52733789E+221  0.16042537E+222  0.46481163E+222  0.12769587E+223  0.33271899E+223  0.82416880E+223  0.19471910E+224  0.44033169E+224  0.95637280E+224  0.20015226E+225  0.40483738E+225  0.79354120E+225  0.15111180E+226  0.28017661E+226  0.50680298E+226  0.89599420E+226
  0.63014768E+221  0.31507404E+222  0.47951914E+224  0.13848946E+226  0.16159298E+227  0.11329003E+228  0.35556206E+228  0.61741876E+228  0.81747427E+228  0.92113436E+228  0.94385561E+228  0.95555040E+228  0.10335390E+229  0.12671285E+229  0.18548101E+229  0.33186754E+229  0.70690344E+229  0.16821696E+230  0.41915066E+230  0.10453683E+231  0.25445312E+231  0.59729152E+231  0.13460664E+232  0.29108293E+232  0.60484791E+232  0.12104362E+233  0.23390033E+233  0.43757536E+233  0.79451441E+233  0.14034568E+234  0.24170237E+234  0.40663173E+234  0.66947240E+234  0.10803730E+235  0.17114215E+235
  0.12388061E+233  0.49552282E+233  0.20109964E+235  0.26463935E+236  0.17697894E+237  0.79889359E+237  0.19926708E+238  0.31367169E+238  0.39599721E+238  0.43760265E+238  0.44667663E+238  0.45133529E+238  0.48189310E+238  0.56939096E+238  0.77083145E+238  0.12065540E+239  0.21317531E+239  0.40674289E+239  0.80261560E+239  0.15879504E+240  0.30926515E+240  0.58736341E+240  0.10835256E+241  0.19396286E+241  0.33715347E+241  0.56988492E+241  0.93834767E+241  0.15078654E+242  0.23690461E+242  0.36453999E+242  0.55026358E+242  0.81599432E+242  0.11903472E+243  0.17102372E+243  0.24227745E+243
  0.20254222E+244  0.60762731E+244  0.68864528E+245  0.40255380E+246  0.14994870E+247  0.42541650E+247  0.81659523E+247  0.11397416E+248  0.13552749E+248  0.14607293E+248  0.14835768E+248  0.14952678E+248  0.15703373E+248  0.17738056E+248  0.21974316E+248  0.29868052E+248  0.43737134E+248  0.67139863E+248  0.10530649E+249  0.16562177E+249  0.25815667E+249  0.39624765E+249  0.59712145E+249  0.88256579E+249  0.12796429E+250  0.18214443E+250  0.25478925E+250  0.35065754E+250  0.47536251E+250  0.63546444E+250  0.83856480E+250  0.10934078E+251  0.14099817E+251  0.17996260E+251  0.22751455E+251
  0.23332682E+255  0.46665437E+255  0.15532268E+256  0.38705436E+256  0.76998084E+256  0.13276733E+257  0.18853658E+257  0.22682923E+257  0.25000240E+257  0.26086813E+257  0.26320140E+257  0.26438996E+257  0.27181344E+257  0.29063128E+257  0.32560263E+257  0.38125534E+257  0.46195449E+257  0.57194011E+257  0.71535159E+257  0.89624409E+257  0.11186006E+258  0.13863413E+258  0.17033300E+258  0.20733810E+258  0.25002635E+258  0.29877043E+258  0.35393944E+258  0.41589880E+258  0.48501062E+258  0.56163430E+258  0.64612594E+258  0.73883949E+258  0.84012597E+258  0.95033400E+258  0.10698106E+259
  0.40124804E+257  0.80249615E+257  0.26710516E+258  0.66562359E+258  0.13241597E+259  0.22832529E+259  0.32423492E+259  0.39008400E+259  0.42993320E+259  0.44861819E+259  0.45263056E+259  0.45467443E+259  0.46744005E+259  0.49979972E+259  0.55993702E+259  0.65563784E+259  0.79440834E+259  0.98354000E+259  0.12301509E+260  0.15412143E+260  0.19235794E+260  0.23839875E+260  0.29290827E+260  0.35654243E+260  0.42994939E+260  0.51376998E+260  0.60863894E+260  0.71518463E+260  0.83402976E+260  0.96579233E+260  0.11110848E+261  0.12705156E+261  0.14446886E+261  0.16342032E+261  0.18396562E+261
  0.15598293E+258  0.31196585E+258  0.10383554E+259  0.25875147E+259  0.51474305E+259  0.88756755E+259  0.12603916E+260  0.15163822E+260  0.16712974E+260  0.17439359E+260  0.17595341E+260  0.17674798E+260  0.18171065E+260  0.19429057E+260  0.21766911E+260  0.25487301E+260  0.30881811E+260  0.38234038E+260  0.47820687E+260  0.59912833E+260  0.74776725E+260  0.92674413E+260  0.11386418E+261  0.13860099E+261  0.16713680E+261  0.19972073E+261  0.23659951E+261  0.27801739E+261  0.32370733E+261  0.37436331E+261  0.43022078E+261  0.49151368E+261  0.55847408E+261  0.63133242E+261  0.71031810E+261
  0.33624241E+263  0.33624235E+263  0.33624211E+263  0.33624156E+263  0.33624065E+263  0.33623927E+263  0.33623785E+263  0.33623686E+263  0.33623625E+263  0.33623596E+263  0.33623590E+263  0.33623587E+263  0.33623567E+263  0.33623517E+263  0.33623424E+263  0.33623277E+263  0.33623062E+263  0.33622771E+263  0.33622390E+263  0.33624231E+263  0.33623641E+263  0.33622930E+263  0.33622089E+263  0.33621108E+263  0.33420862E+263  0.33420863E+263  0.33420864E+263  0.33420866E+263  0.33420867E+263  0.33420869E+263  0.33420871E+263  0.33420874E+263  0.33420876E+263  0.33420879E+263  0.33420882E+263
  0.47741023E+262  0.47007238E+262  0.44817760E+262  0.40135438E+262  0.33416929E+262  0.23585751E+262  0.13566179E+262  0.66957794E+261  0.24689449E+261  0.49617412E+260  0.19373541E+253  0.38740294E+253  0.12490493E+254  0.85390527E+254  0.13485554E+255  0.16609396E+255  0.21313441E+255  0.45408833E+255  0.43433904E+256  0.16256210E+264  0.79121530E+257  0.16185811E+258  0.22262216E+258  0.26334333E+258  0.28881254E+258  0.25492461E+259  0.17422575E+262  0.11446487E+256  0.24305921E+256  0.40472615E+256  0.57679653E+256  0.71658695E+256  0.10289155E+258  0.19710870E+263  0.19391934E+263
