  0.97901112E-010  0.97901113E-010  0.97901117E-010  0.97901126E-010  0.97901141E-010  0.97901162E-010  0.97901183E-010  0.97901198E-010  0.97901207E-010  0.97901211E-010  0.97901212E-010  0.97901212E-010  0.97901215E-010  0.97901222E-010  0.97901236E-010  0.97901257E-010  0.97901288E-010  0.97901330E-010  0.97901384E-010  0.97901453E-010  0.97901538E-010  0.97901640E-010  0.97901762E-010  0.97901903E-010  0.97902066E-010  0.97902252E-010  0.97902462E-010  0.97902699E-010  0.97902963E-010  0.97903255E-010  0.97903578E-010  0.97903932E-010  0.97904319E-010  0.97904739E-010  0.97905195E-010
 -0.11459313E+038 -0.24563583E+039 -0.57847645E+051 -0.33156743E+058 -0.13516262E+063 -0.47131285E+066 -0.84225955E+067 -0.23594138E+068 -0.38548175E+068 -0.47107348E+068 -0.49019536E+068 -0.50013237E+068 -0.57093086E+068 -0.83171794E+068 -0.19682182E+069 -0.14672126E+070 -0.92204001E+071 -0.16223492E+074 -0.26315082E+076 -0.31035965E+078 -0.26067106E+080 -0.16023121E+082 -0.75117508E+083 -0.28191406E+085 -0.88097639E+086 -0.23422759E+088 -0.53423766E+089 -0.10494377E+091 -0.17845437E+092 -0.26467137E+093 -0.34547731E+094 -0.40072293E+095 -0.41686736E+096 -0.39221547E+097 -0.33624930E+098
 -0.61521061E+049 -0.12572114E+051 -0.66689510E+062 -0.17923271E+069 -0.44214185E+073 -0.10583300E+077 -0.17859676E+078 -0.49630137E+078 -0.80835882E+078 -0.98674350E+078 -0.10265868E+079 -0.10472896E+079 -0.11946688E+079 -0.17359911E+079 -0.40709054E+079 -0.28594808E+080 -0.14084871E+082 -0.18372856E+084 -0.22844836E+086 -0.21311335E+088 -0.14511615E+090 -0.73755229E+091 -0.29055162E+093 -0.92900749E+094 -0.25027849E+096 -0.57936900E+097 -0.11599846E+099 -0.20138971E+100 -0.30445820E+101 -0.40355073E+102 -0.47299647E+103 -0.49477800E+104 -0.46603266E+105 -0.39844781E+106 -0.31143976E+107
 -0.16468513E+061 -0.32007290E+062 -0.38334922E+073 -0.48308979E+079 -0.72114890E+083 -0.11847897E+087 -0.18816799E+088 -0.51820851E+088 -0.84109602E+088 -0.10254047E+089 -0.10665601E+089 -0.10879419E+089 -0.12400097E+089 -0.17967294E+089 -0.41702077E+089 -0.27523568E+090 -0.10680214E+092 -0.10353983E+094 -0.98699637E+095 -0.72801269E+097 -0.40168048E+099 -0.16869309E+101 -0.55804375E+102 -0.15192049E+104 -0.35265124E+105 -0.71041030E+106 -0.12478262E+108 -0.19134180E+109 -0.25697627E+110 -0.30416082E+111 -0.31985005E+112 -0.30147999E+113 -0.25689071E+114 -0.19941770E+115 -0.14199199E+116
 -0.29298891E+072 -0.54013763E+073 -0.14645284E+084 -0.86537524E+089 -0.78170521E+093 -0.88134258E+096 -0.13124106E+098 -0.35777874E+098 -0.57840028E+098 -0.70412493E+098 -0.73219016E+098 -0.74676884E+098 -0.85033942E+098 -0.12280881E+099 -0.28173336E+099 -0.17419302E+100 -0.53523216E+101 -0.38676186E+103 -0.28270686E+105 -0.16481094E+107 -0.73636635E+108 -0.25534779E+110 -0.70878639E+111 -0.16418232E+113 -0.32819859E+114 -0.57503640E+115 -0.88555765E+116 -0.11984628E+118 -0.14287011E+119 -0.15087108E+120 -0.14221119E+121 -0.12067105E+122 -0.92934181E+122 -0.65441049E+123 -0.42407893E+124
 -0.38958650E+083 -0.67926000E+084 -0.41817378E+094 -0.11586080E+100 -0.63328317E+103 -0.48987261E+106 -0.68108802E+107 -0.18354544E+108 -0.29537998E+108 -0.35898830E+108 -0.37318240E+108 -0.38055432E+108 -0.43285988E+108 -0.62280463E+108 -0.14099375E+109 -0.81404552E+109 -0.19908099E+111 -0.10759368E+113 -0.60326856E+114 -0.27784535E+116 -0.10045604E+118 -0.28739623E+119 -0.66882868E+120 -0.13172861E+122 -0.22663139E+123 -0.34516488E+124 -0.46572960E+125 -0.55583360E+126 -0.58762410E+127 -0.55308732E+128 -0.46683949E+129 -0.35624871E+130 -0.24772479E+131 -0.15807599E+132 -0.93136503E+132
 -0.41280678E+094 -0.67846389E+095 -0.95149357E+104 -0.12361121E+110 -0.40880073E+113 -0.21688789E+116 -0.28022074E+117 -0.74531009E+117 -0.11931616E+118 -0.14473182E+118 -0.15040093E+118 -0.15334466E+118 -0.17420033E+118 -0.24955503E+118 -0.55647683E+118 -0.29900327E+119 -0.58498581E+120 -0.23738936E+122 -0.10215092E+124 -0.37152794E+125 -0.10861710E+127 -0.25613968E+128 -0.49930407E+129 -0.83552537E+130 -0.12364453E+132 -0.16359718E+133 -0.19326664E+134 -0.20323009E+135 -0.19034554E+136 -0.15951293E+137 -0.12042921E+138 -0.82556117E+138 -0.51775947E+139 -0.29906525E+140 -0.16002784E+141
 -0.36288916E+105 -0.56013250E+106 -0.17961351E+115 -0.10941116E+120 -0.21890602E+123 -0.79618524E+125 -0.95085090E+126 -0.24912306E+127 -0.39640722E+127 -0.47977286E+127 -0.49835904E+127 -0.50800768E+127 -0.57624803E+127 -0.82136011E+127 -0.18001596E+128 -0.89691859E+128 -0.14108842E+130 -0.43181228E+131 -0.14271255E+133 -0.40972246E+134 -0.96776729E+135 -0.18792773E+137 -0.30655161E+138 -0.43550452E+139 -0.55403155E+140 -0.63646335E+141 -0.65779946E+142 -0.60886554E+143 -0.50464733E+144 -0.37607682E+145 -0.25365169E+146 -0.15600982E+147 -0.88138092E+147 -0.46027097E+148 -0.22340149E+149
 -0.27204009E+116 -0.39269887E+117 -0.28913699E+125 -0.82583486E+129 -0.99942371E+132 -0.24902806E+135 -0.27325235E+136 -0.70361820E+136 -0.11117197E+137 -0.13420017E+137 -0.13933130E+137 -0.14199427E+137 -0.16078971E+137 -0.22783460E+137 -0.48956318E+137 -0.22532200E+138 -0.28637119E+139 -0.66430855E+140 -0.16880383E+142 -0.38241192E+143 -0.72912808E+144 -0.11646468E+146 -0.15880717E+147 -0.19139005E+148 -0.20919766E+149 -0.20853553E+150 -0.18839883E+151 -0.15333134E+152 -0.11232114E+153 -0.74335924E+153 -0.44728743E+154 -0.24649290E+155 -0.12527458E+156 -0.59066012E+156 -0.25969283E+157
 -0.17738728E+127 -0.23832505E+128 -0.40485423E+135 -0.54218466E+139 -0.39676216E+142 -0.67664716E+144 -0.67752270E+145 -0.17099273E+146 -0.26794027E+146 -0.32244569E+146 -0.33458228E+146 -0.34087878E+146 -0.38521235E+146 -0.54206486E+146 -0.11386670E+147 -0.48215662E+147 -0.49743115E+148 -0.87935724E+149 -0.17204435E+151 -0.30746416E+152 -0.47277912E+153 -0.62045834E+154 -0.70642225E+155 -0.72170036E+156 -0.67747805E+157 -0.58567724E+158 -0.46210629E+159 -0.33028373E+160 -0.21353076E+161 -0.12530943E+162 -0.67162497E+162 -0.33112112E+163 -0.15116108E+164 -0.64251414E+164 -0.25549845E+165
 -0.93600561E+138 -0.11639468E+140 -0.45873277E+146 -0.28803832E+150 -0.12739204E+153 -0.14850293E+155 -0.13463425E+156 -0.33193738E+156 -0.51507797E+156 -0.61759343E+156 -0.64040163E+156 -0.65222973E+156 -0.73526972E+156 -0.10262269E+157 -0.21003747E+157 -0.81476109E+157 -0.68535449E+158 -0.92870017E+159 -0.14015767E+161 -0.19757115E+162 -0.24477830E+163 -0.26360539E+164 -0.25031056E+165 -0.21664222E+166 -0.17460237E+167 -0.13083542E+168 -0.90065877E+168 -0.56453140E+169 -0.32158142E+170 -0.16704936E+171 -0.79612954E+171 -0.35054558E+172 -0.14350298E+173 -0.54894574E+173 -0.19708793E+174
 -0.42690649E+150 -0.48817631E+151 -0.44928161E+157 -0.13225578E+161 -0.35323468E+163 -0.28094313E+165 -0.22857239E+166 -0.54832548E+166 -0.84104471E+166 -0.10040390E+167 -0.10402670E+167 -0.10590451E+167 -0.11904182E+167 -0.16454296E+167 -0.32686938E+167 -0.11563670E+168 -0.79635827E+168 -0.83229974E+169 -0.97118725E+170 -0.10799486E+172 -0.10770632E+173 -0.95058678E+173 -0.75195114E+174 -0.55111555E+175 -0.38131811E+176 -0.24755415E+177 -0.14851269E+178 -0.81500426E+178 -0.40828306E+179 -0.18735913E+180 -0.79239863E+180 -0.31100516E+181 -0.11395141E+182 -0.39152824E+182 -0.12666088E+183
 -0.17070074E+162 -0.17812868E+163 -0.38576684E+168 -0.53229049E+171 -0.85740597E+173 -0.46408399E+175 -0.33538236E+176 -0.77905385E+176 -0.11785119E+177 -0.13995286E+177 -0.14485939E+177 -0.14740106E+177 -0.16510751E+177 -0.22559044E+177 -0.43305964E+177 -0.13905999E+178 -0.78700428E+178 -0.63848127E+179 -0.57769950E+180 -0.50694844E+181 -0.40665087E+182 -0.29374980E+183 -0.19336682E+184 -0.12000648E+185 -0.71303694E+185 -0.40088742E+186 -0.20931014E+187 -0.10036839E+188 -0.44117555E+188 -0.17842985E+189 -0.66814216E+189 -0.23323958E+190 -0.76320515E+190 -0.23499820E+191 -0.68337500E+191
 -0.60460138E+173 -0.57044551E+174 -0.29339984E+179 -0.18969073E+182 -0.18389293E+184 -0.67499726E+185 -0.42821610E+186 -0.95751413E+186 -0.14245734E+187 -0.16809913E+187 -0.17378316E+187 -0.17672541E+187 -0.19711652E+187 -0.26562085E+187 -0.49027881E+187 -0.14219201E+188 -0.66355459E+188 -0.42062688E+189 -0.29612823E+190 -0.20522818E+191 -0.13231111E+192 -0.78128586E+192 -0.42760415E+193 -0.22485402E+194 -0.11482238E+195 -0.55884946E+195 -0.25351537E+196 -0.10596360E+197 -0.40755941E+197 -0.14487191E+198 -0.47902287E+198 -0.14835547E+199 -0.43243625E+199 -0.11899471E+200 -0.31015927E+200
 -0.19102184E+185 -0.16112636E+186 -0.19905240E+190 -0.60251199E+192 -0.35036830E+194 -0.86794110E+195 -0.47681525E+196 -0.10189760E+197 -0.14858182E+197 -0.17396776E+197 -0.17958480E+197 -0.18248970E+197 -0.20249406E+197 -0.26836598E+197 -0.47357779E+197 -0.12340906E+198 -0.47627691E+198 -0.23746330E+199 -0.13060807E+200 -0.71575228E+200 -0.37066231E+201 -0.17871201E+202 -0.81286370E+202 -0.36280746E+203 -0.15947922E+204 -0.67160951E+204 -0.26410769E+205 -0.95920249E+205 -0.32172598E+206 -0.10017622E+207 -0.29156607E+207 -0.79877957E+207 -0.20677387E+208 -0.50673408E+208 -0.11795835E+209
 -0.54036756E+196 -0.40175464E+197 -0.12090348E+201 -0.17104557E+203 -0.59353485E+204 -0.98576003E+205 -0.46159862E+206 -0.93450985E+206 -0.13297068E+207 -0.15420761E+207 -0.15889590E+207 -0.16131770E+207 -0.17786418E+207 -0.23104781E+207 -0.38731476E+207 -0.90198070E+207 -0.28861901E+208 -0.11392846E+209 -0.49185984E+209 -0.21352969E+210 -0.88792182E+210 -0.34924004E+211 -0.13206495E+212 -0.50220876E+212 -0.19051282E+213 -0.69355001E+213 -0.23564924E+214 -0.74053321E+214 -0.21566833E+215 -0.58582801E+215 -0.14952171E+216 -0.36111484E+216 -0.82697598E+216 -0.17965800E+217 -0.37173288E+217
 -0.13682060E+208 -0.88039374E+208 -0.65713440E+211 -0.43298118E+213 -0.88931727E+214 -0.98137100E+215 -0.38456137E+216 -0.72961051E+216 -0.10075233E+217 -0.11546754E+217 -0.11870676E+217 -0.12037760E+217 -0.13168158E+217 -0.16696878E+217 -0.26398825E+217 -0.54635178E+217 -0.14526390E+218 -0.45695365E+218 -0.15570110E+219 -0.53679462E+219 -0.17920451E+220 -0.57477752E+220 -0.18107308E+221 -0.59101511E+221 -0.19418014E+222 -0.60974783E+222 -0.17809329E+223 -0.48144385E+223 -0.12106390E+224 -0.28541813E+224 -0.63590126E+224 -0.13483757E+225 -0.27174200E+225 -0.51979562E+225 -0.94981531E+225
 -0.30807480E+219 -0.16741968E+220 -0.31729937E+222 -0.96672997E+223 -0.11607301E+225 -0.84072106E+225 -0.26982592E+226 -0.47340665E+226 -0.63007460E+226 -0.71150306E+226 -0.72936230E+226 -0.73855743E+226 -0.80000491E+226 -0.98518211E+226 -0.14575336E+227 -0.26656222E+227 -0.59003936E+227 -0.14889589E+228 -0.40303418E+228 -0.11069660E+229 -0.29662907E+229 -0.77633861E+229 -0.20487872E+230 -0.58209039E+230 -0.16626356E+231 -0.44795085E+231 -0.11154110E+232 -0.25724000E+232 -0.55435670E+232 -0.11269741E+233 -0.21794554E+233 -0.40375673E+233 -0.71016494E+233 -0.11825665E+234 -0.18910329E+234
 -0.60564364E+230 -0.26853804E+231 -0.13323410E+233 -0.18507231E+234 -0.12745883E+235 -0.59601240E+235 -0.15278014E+236 -0.24386282E+236 -0.31011247E+236 -0.34374950E+236 -0.35109252E+236 -0.35486430E+236 -0.37968293E+236 -0.45138022E+236 -0.61955677E+236 -0.99574176E+236 -0.18387383E+237 -0.37492536E+237 -0.81294470E+237 -0.17852403E+238 -0.38361939E+238 -0.82198253E+238 -0.18415817E+239 -0.46763223E+239 -0.11611915E+240 -0.26509840E+240 -0.55499235E+240 -0.10787061E+241 -0.19720884E+241 -0.34280866E+241 -0.57141268E+241 -0.91934237E+241 -0.13877061E+242 -0.19662886E+242 -0.27201091E+242
 -0.99021479E+241 -0.33994235E+242 -0.45829363E+243 -0.28272565E+244 -0.10853878E+245 -0.32050584E+245 -0.63737677E+245 -0.90739110E+245 -0.10906180E+246 -0.11809556E+246 -0.12005590E+246 -0.12105981E+246 -0.12753961E+246 -0.14534764E+246 -0.18345644E+246 -0.25787289E+246 -0.39853273E+246 -0.66273385E+246 -0.11653265E+247 -0.20508089E+247 -0.35193257E+247 -0.62470116E+247 -0.12272356E+248 -0.29226373E+248 -0.61985176E+248 -0.11660330E+249 -0.20046914E+249 -0.32246946E+249 -0.49315700E+249 -0.72493186E+249 -0.10322117E+250 -0.14316823E+250 -0.17641318E+250 -0.20028726E+250 -0.24070636E+250
 -0.11407185E+253 -0.27722659E+253 -0.10493001E+254 -0.27475060E+254 -0.56338912E+254 -0.10215873E+255 -0.15271929E+255 -0.18953062E+255 -0.21252627E+255 -0.22346975E+255 -0.22582717E+255 -0.22702997E+255 -0.23461895E+255 -0.25436426E+255 -0.29291055E+255 -0.35944139E+255 -0.46856687E+255 -0.64578056E+255 -0.94215929E+255 -0.13159975E+256 -0.17755264E+256 -0.27388484E+256 -0.51098252E+256 -0.12315645E+257 -0.20628115E+257 -0.30119801E+257 -0.40862550E+257 -0.52928394E+257 -0.66387088E+257 -0.81308730E+257 -0.97758373E+257 -0.11581776E+258 -0.88229409E+257 -0.58232333E+257 -0.90938405E+257
  0.41975096E+248  0.71968773E+248  0.47953741E+249  0.56925048E+252  0.15105033E+253  0.28795081E+253  0.42469525E+253  0.51869086E+253  0.57557334E+253  0.60224514E+253  0.60797257E+253  0.61089009E+253  0.62911232E+253  0.67530409E+253  0.76114728E+253  0.89775646E+253  0.13743873E+254  0.25270760E+255  0.49502426E+255  0.69940023E+255  0.81523198E+255  0.86947616E+255  0.89499127E+255  0.83835088E+255  0.88265524E+255  0.93324411E+255  0.99049731E+255  0.92636244E+255  0.97032595E+255  0.10136679E+256  0.12212725E+256  0.13408412E+256  0.14209134E+256  0.15093125E+256  0.16051377E+256
 -0.97499811E+252 -0.20584326E+253 -0.14654934E+253 -0.14652492E+253  0.70239487E+254  0.11067489E+255  0.11067547E+255  0.11067588E+255  0.11067613E+255  0.11067624E+255  0.11071323E+255  0.11071324E+255  0.11071332E+255  0.11107237E+255  0.11107275E+255  0.11107349E+255  0.11107438E+255  0.39084479E+256  0.84765384E+256  0.13623623E+257  0.19011675E+257  0.24120278E+257  0.28203005E+257  0.30235478E+257  0.30235504E+257  0.30235560E+257  0.30235696E+257  0.30236090E+257  0.30237475E+257  0.30243863E+257  0.30287438E+257  0.30886344E+257 -0.93391605E+257  0.13480819E+259 -0.70626144E+259
  0.16804368E+250  0.33608729E+250  0.11329168E+251  0.28333751E+251  0.33827835E+253  0.34236571E+253  0.34641427E+253  0.87982717E+253  0.88149606E+253  0.88706821E+253  0.88723625E+253  0.89217659E+253  0.89271123E+253  0.89406647E+253  0.89658506E+253  0.90059306E+253  0.90640482E+253  0.91432559E+253  0.92465339E+253  0.93853444E+253  0.30639599E+254  0.56225077E+254  0.86390510E+254  0.12105138E+255  0.15740455E+255  0.20143012E+255  0.23598838E+255  0.28924433E+255  0.31867605E+255  0.36561639E+255  0.37608687E+255  0.38757529E+255  0.40012508E+255  0.41377918E+255  0.42858031E+255
  0.65233125E+252  0.65248580E+252  0.65252896E+252  0.65259431E+252  0.65606846E+252  0.65728012E+252  0.65740814E+252  0.65748991E+252  0.65756257E+252  0.65760466E+252  0.65760476E+252  0.65760481E+252  0.65760510E+252  0.75374213E+254  0.88499670E+254  0.88499824E+254  0.88499959E+254  0.88500285E+254  0.88502575E+254  0.89321863E+254  0.89321867E+254  0.89367771E+254  0.89394429E+254  0.89418212E+254  0.38529904E+257  0.83801679E+257  0.83803017E+257  0.83803882E+257  0.83808308E+257  0.83808307E+257  0.83808309E+257  0.83808311E+257  0.83808312E+257  0.83808192E+257  0.83808154E+257
