  0.67102456E-010  0.67102457E-010  0.67102461E-010  0.67102470E-010  0.67102484E-010  0.67102505E-010  0.67102527E-010  0.67102541E-010  0.67102550E-010  0.67102554E-010  0.67102555E-010  0.67102556E-010  0.67102558E-010  0.67102566E-010  0.67102579E-010  0.67102600E-010  0.67102631E-010  0.67102673E-010  0.67102727E-010  0.67102796E-010  0.67102881E-010  0.67102983E-010  0.67103104E-010  0.67103245E-010  0.67103407E-010  0.67103593E-010  0.67103803E-010  0.67104040E-010  0.67104303E-010  0.67104595E-010  0.67104917E-010  0.67105270E-010  0.67105656E-010  0.67106076E-010  0.67106531E-010
 -0.49013610E+033 -0.98027319E+034 -0.39277986E+046 -0.10026966E+053 -0.24132466E+057 -0.56408665E+060 -0.94766706E+061 -0.26317575E+062 -0.42854412E+062 -0.52306557E+062 -0.54417708E+062 -0.55514666E+062 -0.63323154E+062 -0.91996904E+062 -0.21557045E+063 -0.14599633E+064  0.12425211E+066  0.19907880E+069  0.83728817E+071  0.17006964E+074  0.19992827E+076  0.15229925E+078  0.81375021E+079  0.32330291E+081  0.99853555E+082  0.24821931E+084  0.51061519E+085  0.92821963E+086  0.16154766E+088  0.27553913E+089  0.44202938E+090  0.64188960E+091  0.83343313E+092  0.96930343E+093  0.10151463E+095
 -0.26313693E+045 -0.49996067E+046 -0.45281104E+057 -0.54199134E+063 -0.78928866E+067 -0.12660756E+071 -0.20011778E+072 -0.55071142E+072 -0.89359356E+072 -0.10892919E+073 -0.11329896E+073 -0.11556920E+073 -0.13171389E+073 -0.19080342E+073 -0.44247033E+073 -0.28047209E+074  0.18065280E+076  0.21528903E+079  0.69427151E+081  0.11154991E+084  0.10630652E+086  0.66942734E+087  0.30040393E+089  0.10156438E+091  0.26991383E+092  0.58283437E+093  0.10500712E+095  0.16962516E+096  0.26781183E+097  0.41979262E+098  0.61914692E+099  0.82408736E+100  0.97934618E+101  0.10428004E+103  0.10010073E+104
 -0.70438841E+056 -0.12679005E+058 -0.26028558E+068 -0.14607647E+074 -0.12871333E+078 -0.14166209E+081 -0.20986877E+082 -0.57164497E+082 -0.92383832E+082 -0.11245131E+083 -0.11693081E+083 -0.11925769E+083 -0.13578687E+083 -0.19605389E+083 -0.44931170E+083 -0.26555954E+084  0.13078284E+086  0.11574336E+089  0.28608984E+091  0.36340351E+093  0.28055808E+095  0.14593008E+097  0.54952391E+098  0.15796229E+100  0.36088728E+101  0.67630279E+102  0.10661864E+104  0.15320992E+105  0.22027560E+106  0.31829787E+107  0.43182000E+108  0.52633813E+109  0.57179704E+110  0.55673448E+111  0.48926218E+112
 -0.12531667E+068 -0.21303857E+069 -0.99437331E+078 -0.26165801E+084 -0.13949479E+088 -0.10531492E+091 -0.14561545E+092 -0.39203671E+092 -0.63066170E+092 -0.76636247E+092 -0.79664296E+092 -0.81236933E+092 -0.92393972E+092 -0.13289495E+093 -0.30050247E+093 -0.16490821E+094  0.62875219E+095  0.41217631E+098  0.78049989E+100  0.78326738E+102  0.48947432E+104  0.21010334E+106  0.66327140E+107  0.16193918E+109  0.31773241E+110  0.51622369E+111  0.71139377E+112  0.91094244E+113  0.11985480E+115  0.16018947E+116  0.19991894E+117  0.22286142E+118  0.22099032E+119  0.19647704E+120  0.15786883E+121
 -0.16663316E+079 -0.26661334E+080 -0.28392571E+089 -0.35030218E+094 -0.11298379E+098 -0.58492614E+100 -0.75122320E+101 -0.19958076E+102 -0.31936310E+102 -0.38732654E+102 -0.40248564E+102 -0.41035697E+102 -0.46611639E+102 -0.66749421E+102 -0.14863861E+103 -0.75378685E+103  0.22591681E+105  0.10928789E+108  0.15843657E+110  0.12551036E+112  0.63425180E+113  0.22443118E+115  0.59329857E+116  0.12289461E+118  0.20684128E+119  0.29102351E+120  0.35018406E+121  0.40065165E+122  0.48549501E+123  0.60222316E+124  0.69104450E+125  0.70328670E+126  0.63541182E+127  0.51503841E+128  0.37782295E+129
 -0.17656483E+090 -0.26484753E+091 -0.64602628E+099 -0.37371452E+104 -0.72914055E+107 -0.25872484E+110 -0.30698553E+111 -0.80325332E+111 -0.12774649E+112 -0.15458151E+112 -0.16056406E+112 -0.16366971E+112 -0.18563114E+112 -0.26447249E+112 -0.57869759E+112 -0.26973682E+113  0.64740329E+114  0.22990675E+117  0.25494220E+119  0.15926005E+121  0.65005133E+122  0.18938658E+124  0.41871205E+125  0.73487464E+126  0.10596326E+128  0.12894744E+129  0.13531384E+130  0.13889951E+131  0.15627922E+132  0.18048856E+133  0.19016896E+134  0.17627732E+135  0.14480948E+136  0.10682209E+137  0.71430277E+137
 -0.15521412E+101 -0.21730001E+102 -0.12194946E+110 -0.33076334E+114 -0.39030366E+117 -0.94857844E+119 -0.10335146E+121 -0.26572077E+121 -0.41957469E+121 -0.50636644E+121 -0.52570434E+121 -0.53574008E+121 -0.60656005E+121 -0.85901986E+121 -0.18422435E+122 -0.78426463E+122  0.15418681E+124  0.39921792E+126  0.33821592E+128  0.16639996E+130  0.54784075E+131  0.13122274E+133  0.24227809E+134  0.35976153E+135  0.44378129E+136  0.46642597E+137  0.42626675E+138  0.39509790E+139  0.41695962E+140  0.44944980E+141  0.43375889E+142  0.36513469E+143  0.27207784E+144  0.18230201E+145  0.11092363E+146
 -0.11635633E+112 -0.15126340E+113 -0.19630952E+120 -0.24964220E+124 -0.17810666E+127 -0.29619300E+129 -0.29428732E+130 -0.74138111E+130 -0.11608427E+131 -0.13965900E+131 -0.14490800E+131 -0.14763111E+131 -0.16680010E+131 -0.23456780E+131 -0.49157234E+131 -0.18968473E+132  0.31393583E+133  0.58763302E+135  0.37976099E+137  0.14692399E+139  0.38953162E+140  0.76580863E+141  0.11787788E+143  0.14784769E+144  0.15576791E+145  0.14117819E+146  0.11219665E+147  0.94834573E+147  0.95028310E+148  0.95699289E+149  0.84275198E+150  0.64192915E+151  0.43271603E+152  0.26279212E+153  0.14521750E+154
 -0.75871628E+122 -0.91046060E+123 -0.27487385E+130 -0.16388195E+134 -0.70655715E+136 -0.80293010E+138 -0.72176149E+139 -0.17756709E+140 -0.27528509E+140 -0.32996113E+140 -0.34212479E+140 -0.34843249E+140 -0.39270374E+140 -0.54767586E+140 -0.11176494E+141 -0.38722248E+141  0.55756541E+142  0.74702689E+144  0.36752083E+146  0.11159996E+148  0.23780238E+149  0.38296948E+150  0.49050338E+151  0.51866440E+152  0.46587318E+153  0.36347413E+154  0.25076777E+155  0.19629280E+156  0.18936612E+157  0.17791656E+158  0.14219753E+159  0.97592037E+159  0.59337835E+160  0.32587786E+161  0.16319683E+162
 -0.40034576E+134 -0.44038087E+135 -0.31145249E+141 -0.87050643E+144 -0.22661123E+147 -0.17564153E+149 -0.14155661E+150 -0.33871010E+150 -0.51894980E+150 -0.61925996E+150 -0.64155326E+150 -0.65310803E+150 -0.73391763E+150 -0.10134760E+151 -0.20058088E+151 -0.61622121E+151  0.80323844E+152  0.76185025E+154  0.28459122E+156  0.67669275E+157  0.11562086E+159  0.15218026E+160  0.16182027E+161  0.14394835E+162  0.11000527E+163  0.73737039E+163  0.44081963E+164  0.32730431E+165  0.30828365E+166  0.26891772E+167  0.19368223E+168  0.11918982E+169  0.65162789E+169  0.32282662E+170  0.14616710E+171
 -0.18259522E+146 -0.18259544E+147 -0.30503386E+152 -0.39960286E+155 -0.62726445E+157 -0.33072943E+159 -0.23650681E+160 -0.54767245E+160 -0.82735485E+160 -0.98199900E+160 -0.10163255E+161 -0.10341061E+161 -0.11579193E+161 -0.15802338E+161 -0.30186010E+161 -0.80801438E+161  0.10009007E+163  0.66440528E+164  0.18781834E+166  0.34869911E+167  0.47641035E+168  0.51110461E+169  0.45005162E+170  0.33597029E+171  0.21793389E+172  0.12523074E+173  0.64738310E+173  0.47323125E+174  0.44004523E+175  0.35311957E+176  0.22715610E+177  0.12467610E+178  0.61092450E+178  0.27231268E+179  0.11117641E+180
 -0.73011605E+157 -0.65710529E+158 -0.26190913E+163 -0.16075234E+166 -0.15183223E+168 -0.54261155E+169 -0.34018399E+170 -0.75778799E+170 -0.11254983E+171 -0.13272033E+171 -0.13719082E+171 -0.13950471E+171 -0.15553194E+171 -0.20927672E+171 -0.38362760E+171 -0.87087512E+171  0.10905689E+173  0.50108949E+174  0.10674120E+176  0.15418852E+177  0.16788825E+178  0.14634646E+179  0.10639385E+180  0.66466273E+180  0.36500551E+181  0.17936158E+182  0.79991806E+182  0.60935891E+183  0.56112912E+184  0.40844128E+185  0.23219196E+186  0.11302663E+187  0.49482605E+187  0.19789312E+188  0.72626846E+188
 -0.25859818E+169 -0.20687883E+170 -0.19919389E+174 -0.57232211E+176 -0.32416104E+178 -0.78131186E+179 -0.42350894E+180 -0.90082488E+180 -0.13107001E+181 -0.15333375E+181 -0.15825892E+181 -0.16080574E+181 -0.17833124E+181 -0.23590433E+181 -0.41201158E+181 -0.75686463E+181  0.10442620E+183  0.32884784E+184  0.52506424E+185  0.58754232E+186  0.50780862E+187  0.35832134E+188  0.21432887E+189  0.11168930E+190  0.51770695E+190  0.21694600E+191  0.83252238E+191  0.71876964E+192  0.64806407E+193  0.41992000E+194  0.20838096E+195  0.89470380E+195  0.34894576E+196  0.12482701E+197  0.41027623E+197
 -0.81703228E+180 -0.57192341E+181 -0.13512862E+185 -0.18142530E+187 -0.61294782E+188 -0.98959851E+189 -0.45632840E+190 -0.91843052E+190 -0.13032005E+191 -0.15096639E+191 -0.15552301E+191 -0.15787645E+191 -0.17393997E+191 -0.22541187E+191 -0.37148782E+191 -0.50091846E+191  0.87813195E+192  0.18796207E+194  0.22346278E+195  0.19265253E+196  0.13152550E+197  0.74793458E+197  0.36659002E+198  0.15875977E+199  0.61901622E+199  0.22051738E+200  0.72596754E+200  0.79862727E+201  0.68373339E+202  0.38550309E+203  0.16467293E+204  0.62073083E+204  0.21516387E+205  0.68604195E+205  0.20097866E+206
 -0.23112414E+192 -0.13867469E+193 -0.82048808E+195 -0.51287880E+197 -0.10250964E+199 -0.10982840E+200 -0.42274316E+200 -0.79606528E+200 -0.10952857E+201 -0.12534008E+201 -0.12881925E+201 -0.13061350E+201 -0.14273582E+201 -0.18042108E+201 -0.27642957E+201 -0.20547769E+201  0.64396316E+202  0.93053871E+203  0.81693328E+204  0.53893007E+205  0.28889858E+206  0.13169358E+207  0.52639210E+207  0.18863288E+208  0.61625574E+208  0.18596203E+209  0.52336393E+209  0.85439394E+210  0.66107529E+211  0.31601710E+212  0.11436300E+213  0.37758401E+213  0.11615032E+214  0.32855160E+214  0.85231144E+214
 -0.58520413E+203 -0.29260255E+204 -0.44535096E+206 -0.12865606E+208 -0.15021632E+209 -0.10544659E+210 -0.33129860E+210 -0.57559569E+210 -0.76231506E+210 -0.85908270E+210 -0.88029397E+210 -0.89121177E+210 -0.96402818E+210 -0.11822108E+211 -0.16361786E+211  0.20996521E+210  0.40557230E+212  0.39309580E+213  0.25217389E+214  0.12619450E+215  0.52722962E+215  0.19141185E+216  0.62038080E+216  0.18302308E+217  0.49871500E+217  0.12695987E+218  0.30409954E+218  0.88861680E+219  0.58440035E+220  0.23004409E+221  0.69222734E+221  0.20088747E+222  0.54802142E+222  0.13651963E+223  0.31059783E+223
 -0.13176860E+215 -0.52707536E+215 -0.21391773E+217 -0.28157344E+218 -0.18841376E+219 -0.85150444E+219 -0.21262941E+220 -0.33492013E+220 -0.42297206E+220 -0.46748316E+220 -0.47719137E+220 -0.48217579E+220 -0.51487636E+220 -0.60856057E+220 -0.70475598E+220  0.12446761E+221  0.21313734E+222  0.13734201E+223  0.63489595E+223  0.23826898E+224  0.76850486E+224  0.22042731E+225  0.57528355E+225  0.13887805E+226  0.31394785E+226  0.67109780E+226  0.13584656E+227  0.89543526E+228  0.46841279E+229  0.14668835E+230  0.35862343E+230  0.93174545E+230  0.22494001E+231  0.48675916E+231  0.95657385E+231
 -0.25904353E+226 -0.77713229E+226 -0.88079627E+227 -0.51498262E+228 -0.19193080E+229 -0.54512771E+229 -0.10476775E+230 -0.14634414E+230 -0.17410062E+230 -0.18768695E+230 -0.19063080E+230 -0.19213723E+230 -0.20181315E+230 -0.22806149E+230 -0.15666716E+230  0.12168643E+231  0.88278935E+231  0.37154618E+232  0.12127438E+233  0.33588003E+233  0.82570341E+233  0.18515814E+234  0.38572407E+234  0.75628335E+234  0.14092083E+235  0.25157700E+235  0.42230338E+235  0.86526835E+237  0.33458084E+238  0.79618308E+238  0.15330278E+239  0.37797539E+239  0.79548013E+239  0.14528378E+240  0.24047934E+240
 -0.42353066E+237 -0.84706371E+237 -0.28195165E+238 -0.70273576E+238 -0.13987090E+239 -0.24144913E+239 -0.34337681E+239 -0.41358065E+239 -0.45615231E+239 -0.47613358E+239 -0.48042517E+239 -0.48261151E+239 -0.49627616E+239 -0.53098032E+239  0.44614361E+239  0.69826594E+240  0.25051392E+241  0.65615002E+241  0.14560077E+242  0.28959372E+242  0.53171018E+242  0.91764055E+242  0.15068565E+243  0.23750044E+243  0.36163792E+243  0.53596823E+243  0.65317281E+243  0.79407465E+246  0.20530925E+247  0.34476089E+247  0.49896563E+247  0.13869470E+248  0.23585867E+248  0.34136417E+248  0.45594669E+248
 -0.48790334E+248 -0.48790567E+248 -0.48792767E+248 -0.48802543E+248 -0.48833096E+248 -0.48900124E+248 -0.49012022E+248 -0.49116581E+248 -0.49185169E+248 -0.49218060E+248 -0.49224657E+248 -0.49228041E+248 -0.49250105E+248 -0.49311953E+248  0.50441786E+249  0.21964927E+250  0.23786087E+250  0.26176702E+250  0.29291208E+250  0.33215096E+250  0.38030772E+250  0.43818802E+250  0.50659799E+250  0.58643496E+250  0.67825751E+250  0.85489801E+250 -0.12096080E+252  0.68850747E+255  0.97979816E+255  0.97931320E+255  0.98067877E+255  0.51509884E+256  0.51550843E+256  0.51497770E+256  0.51543465E+256
  0.35579796E+246  0.10673380E+247  0.12117044E+248  0.12263597E+249 -0.40226893E+249 -0.18768493E+250 -0.48421969E+250 -0.44763740E+250 -0.42148252E+250 -0.40833008E+250 -0.40546575E+250 -0.40399631E+250 -0.39271582E+250  0.64931126E+252  0.31506218E+256  0.38817210E+258 -0.16316414E+260 -0.16316308E+260 -0.16316202E+260 -0.16316114E+260 -0.16316067E+260 -0.16316050E+260 -0.16316047E+260 -0.16316082E+260 -0.16316073E+260 -0.16316063E+260 -0.14888257E+261  0.56363635E+264  0.21392287E+264  0.69750005E+252  0.18857377E+254  0.22813761E+265  0.13511846E+253  0.28929192E+253  0.47398078E+253
  0.36451225E+257  0.72902417E+257  0.24265485E+258  0.15314731E+259 -0.15741355E+260 -0.15740774E+260 -0.15739612E+260  0.37051421E+258  0.74975092E+258  0.92951056E+258  0.96595899E+258  0.98452562E+258  0.20537921E+259  0.89793069E+264  0.19421002E+257  0.11230178E+261  0.38381336E+259  0.76779889E+259  0.12684644E+260  0.18999525E+260  0.26761470E+260  0.36107044E+260  0.47170740E+260  0.60085201E+260  0.74981968E+260  0.91992008E+260  0.11124413E+261  0.13286584E+261  0.15698351E+261  0.18372255E+261  0.21320727E+261  0.24556166E+261  0.28078596E+261  0.32064986E+261  0.35414409E+261
  0.26739501E+252  0.53478993E+252  0.17799699E+253  0.72820290E+251  0.92419836E+251  0.95542308E+251  0.98664755E+251  0.10106988E+252  0.10252257E+252 -0.18682679E+251 -0.71738814E+253 -0.71736010E+253 -0.71719912E+253 -0.71679105E+253 -0.71603269E+253 -0.71482588E+253 -0.71307596E+253 -0.71069101E+253 -0.70758127E+253 -0.70282775E+253 -0.69698472E+253 -0.69069876E+253 -0.68325692E+253 -0.67456982E+253 -0.71626836E+253 -0.41734167E+253 -0.79003054E+252  0.49763485E+254  0.75406792E+254  0.11851688E+255  0.12369736E+255  0.12938159E+255  0.13559101E+255  0.14234687E+255  0.14967031E+255
  0.17702011E+252  0.17703341E+252  0.17704630E+252  0.44845483E+252  0.30995677E+257  0.26012065E+251  0.12356494E+250  0.46375840E+255  0.45556754E+255  0.45175900E+255  0.45175900E+255  0.45175900E+255  0.45175900E+255  0.45495021E+255  0.46091018E+255  0.46091018E+255  0.46091018E+255  0.77768566E+255  0.11945367E+256  0.17272418E+256  0.23904238E+256  0.23904238E+256  0.23904238E+256  0.23904238E+256  0.19819099E+257  0.40345039E+257  0.40345222E+257  0.40345224E+257  0.21927066E+257  0.49017594E+255 -0.24433339E+257 -0.24473551E+257 -0.24510557E+257 -0.24521971E+257 -0.24521982E+257
