  0.97901112E-010  0.97901113E-010  0.97901117E-010  0.97901126E-010  0.97901141E-010  0.97901162E-010  0.97901183E-010  0.97901198E-010  0.97901207E-010  0.97901211E-010  0.97901212E-010  0.97901212E-010  0.97901215E-010  0.97901222E-010  0.97901236E-010  0.97901257E-010  0.97901288E-010  0.97901330E-010  0.97901384E-010  0.97901453E-010  0.97901538E-010  0.97901640E-010  0.97901762E-010  0.97901903E-010  0.97902066E-010  0.97902252E-010  0.97902462E-010  0.97902699E-010  0.97902963E-010  0.97903255E-010  0.97903578E-010  0.97903932E-010  0.97904319E-010  0.97904739E-010  0.97905195E-010
  0.40927002E+039  0.85946669E+040  0.15269683E+053  0.83059963E+059  0.32968590E+064  0.11186751E+068  0.19891808E+069  0.55684677E+069  0.90953944E+069  0.11113868E+070  0.11564803E+070  0.11799136E+070  0.13468580E+070  0.19616501E+070  0.46385197E+070  0.34380705E+071  0.20970181E+073  0.35126695E+075  0.53649675E+077  0.59049670E+079  0.46084889E+081  0.26248334E+083  0.11309057E+085  0.38119358E+086  0.10351157E+088  0.23216062E+089  0.43928196E+090  0.71390457E+091  0.10118611E+093  0.12673407E+094  0.14186129E+095  0.14332061E+096  0.13181028E+097  0.11118747E+098  0.86601919E+098
  0.21972283E+051  0.43944547E+052  0.17603647E+064  0.44899090E+070  0.10784632E+075  0.25119588E+078  0.42167058E+079  0.11708801E+080  0.19065242E+080  0.23269966E+080  0.24209094E+080  0.24697066E+080  0.28170559E+080  0.40925115E+080  0.95884594E+080  0.66945726E+081  0.32017791E+083  0.39768396E+085  0.46555081E+087  0.40519981E+089  0.25629701E+091  0.12065060E+093  0.43653406E+094  0.12520981E+096  0.29256238E+097  0.57002141E+098  0.94471223E+099  0.13545186E+101  0.17046103E+102  0.19064494E+103  0.19153143E+104  0.17447415E+105  0.14529074E+106  0.11139701E+107  0.79140640E+107
  0.58817389E+062  0.11175299E+064  0.10119069E+075  0.12101760E+081  0.17590106E+085  0.28120813E+088  0.44412057E+089  0.12220373E+090  0.19828002E+090  0.24169930E+090  0.25139441E+090  0.25643132E+090  0.29225059E+090  0.42334287E+090  0.98158866E+090  0.64372997E+091  0.24263209E+093  0.22402369E+095  0.20102935E+097  0.13830295E+099  0.70855495E+100  0.27548007E+102  0.83637649E+103  0.20396905E+105  0.40974386E+106  0.69292317E+107  0.10050180E+109  0.12702161E+110  0.14181166E+111  0.14150808E+112  0.12749389E+113  0.10463677E+114  0.78835883E+114  0.54898973E+115  0.35549182E+116
  0.10464116E+074  0.18835400E+075  0.38658478E+085  0.21678320E+091  0.19067161E+095  0.20918196E+098  0.30964293E+099  0.84329705E+099  0.13627832E+100  0.16587722E+100  0.17248432E+100  0.17591637E+100  0.20029589E+100  0.28918134E+100  0.66264149E+100  0.40694235E+101  0.12149834E+103  0.83636796E+104  0.57540945E+106  0.31276603E+108  0.12969699E+110  0.41612677E+111  0.10592013E+113  0.21942409E+114  0.37861098E+115  0.55520845E+116  0.70407263E+117  0.78367641E+118  0.77547815E+119  0.68979629E+120  0.55685842E+121  0.41141132E+122  0.28021519E+123  0.17708851E+124  0.10443824E+125
  0.13914105E+085  0.23653967E+086  0.11038367E+096  0.29024063E+101  0.15446853E+105  0.11626585E+108  0.16062310E+109  0.43237764E+109  0.69551633E+109  0.84515371E+109  0.87854389E+109  0.89588525E+109  0.10189111E+110  0.14654794E+110  0.33132435E+110  0.18992485E+111  0.45147219E+112  0.23250423E+114  0.12267566E+116  0.52657264E+117  0.17660442E+119  0.46717778E+120  0.99597903E+121  0.17508817E+123  0.25922516E+124  0.32929163E+125  0.36472828E+126  0.35716285E+127  0.31294561E+128  0.24790439E+129  0.17915031E+130  0.11903953E+131  0.73231919E+131  0.41965051E+132  0.22521800E+133
  0.14743418E+096  0.23589457E+097  0.25116269E+106  0.30965643E+111  0.99713043E+114  0.51474130E+117  0.66052662E+118  0.17545687E+119  0.28074256E+119  0.34047905E+119  0.35380308E+119  0.36072153E+119  0.40972998E+119  0.58671495E+119  0.13063087E+120  0.69655063E+120  0.13249878E+122  0.51249987E+123  0.20748124E+125  0.70293313E+126  0.19051042E+128  0.41509215E+129  0.74037862E+130  0.11032438E+132  0.13999370E+133  0.15387214E+134  0.14869288E+135  0.12796419E+136  0.99173711E+136  0.69891575E+137  0.45167931E+138  0.26966387E+139  0.14969824E+140  0.77713707E+140  0.37920837E+141
  0.12960608E+107  0.19440901E+108  0.47412153E+116  0.27408444E+121  0.53394301E+124  0.18894934E+127  0.22400266E+128  0.58601920E+128  0.93191687E+128  0.11276497E+129  0.11712857E+129  0.11939379E+129  0.13541183E+129  0.19291228E+129  0.42205681E+129  0.20857716E+130  0.31907240E+131  0.93106760E+132  0.28942186E+134  0.77353437E+135  0.16925394E+137  0.30340488E+138  0.45221854E+139  0.57047451E+140  0.61964926E+141  0.58858067E+142  0.49561876E+143  0.37439516E+144  0.25635464E+145  0.16054447E+146  0.92683401E+146  0.49665989E+147  0.24854189E+148  0.11677558E+149  0.51759586E+149
  0.97159280E+117  0.13602291E+119  0.76323094E+126  0.20687901E+131  0.24377069E+134  0.59094437E+136  0.64329807E+137  0.16536286E+138  0.26108817E+138  0.31508659E+138  0.32711780E+138  0.33336158E+138  0.37742150E+138  0.53447395E+138  0.11461060E+139  0.52290468E+139  0.64638485E+140  0.14299868E+142  0.34164646E+143  0.71999195E+144  0.12705792E+146  0.18715763E+147  0.23279356E+148  0.24827553E+149  0.23052577E+150  0.18897239E+151  0.13847596E+152  0.91702126E+152  0.55405012E+153  0.30796653E+154  0.15863703E+155  0.76214636E+155  0.34344420E+156  0.14589114E+157  0.58680330E+157
  0.63353971E+128  0.82360112E+129  0.10686928E+137  0.13582215E+141  0.96772723E+143  0.16055071E+146  0.15937680E+147  0.40142432E+147  0.62848795E+147  0.75609790E+147  0.78451047E+147  0.79925047E+147  0.90300813E+147  0.12697862E+148  0.26609465E+148  0.11162137E+149  0.11200778E+150  0.18887261E+151  0.34728410E+152  0.57683890E+153  0.82011891E+154  0.99133427E+155  0.10275104E+157  0.92506311E+157  0.73312741E+158  0.51788499E+159  0.32977314E+160  0.19117599E+161  0.10178243E+162  0.50148772E+162  0.23020264E+163  0.99036854E+163  0.40141084E+164  0.15399256E+165  0.56146865E+165
  0.33429496E+140  0.40115369E+141  0.12109221E+148  0.72156096E+151  0.31070599E+154  0.35230098E+156  0.31640206E+157  0.77822876E+157  0.12063802E+158  0.14459321E+158  0.14992242E+158  0.15268598E+158  0.17208166E+158  0.23996932E+158  0.48976701E+158  0.18807041E+159  0.15385668E+160  0.19888888E+161  0.28193075E+162  0.36897247E+163  0.42216187E+164  0.41814684E+165  0.36058306E+166  0.27358938E+167  0.18476364E+168  0.11229070E+169  0.62036678E+169  0.31435374E+170  0.14726210E+171  0.64224298E+171  0.26236812E+172  0.10094565E+173  0.36754911E+173  0.12718852E+174  0.41989620E+174
  0.15246991E+152  0.16771678E+153  0.11859810E+159  0.33131041E+162  0.86147927E+164  0.66633446E+166  0.53653445E+167  0.12834649E+168  0.19662209E+168  0.23461799E+168  0.24306225E+168  0.24743894E+168  0.27804676E+168  0.38392065E+168  0.76014964E+168  0.26597849E+169  0.17809467E+170  0.17755540E+171  0.19445201E+172  0.20048309E+173  0.18438838E+174  0.14942282E+175  0.10701740E+176  0.68309520E+176  0.39240198E+177  0.20481833E+178  0.98006460E+178  0.43337178E+179  0.17835168E+180  0.68745793E+180  0.24956712E+181  0.85753017E+181  0.28011410E+182  0.87324759E+182  0.26071869E+183
  0.60965871E+163  0.60965824E+164  0.10183267E+170  0.13334074E+173  0.20908587E+175  0.11003093E+177  0.78610456E+177  0.18198410E+178  0.27488361E+178  0.32624710E+178  0.33764815E+178  0.34355370E+178  0.38467452E+178  0.52491364E+178  0.10037170E+179  0.31846197E+179  0.17514968E+180  0.13550906E+181  0.11495237E+182  0.93373180E+182  0.68955059E+183  0.45643148E+184  0.27100026E+185  0.14524131E+186  0.70832183E+186  0.31692087E+187  0.13110337E+188  0.50498722E+188  0.18226239E+189  0.61988963E+189  0.19966628E+190  0.61179072E+190  0.17903039E+191  0.50212081E+191  0.13540048E+192
  0.21593374E+175  0.19434020E+176  0.77450753E+180  0.47516607E+183  0.44836381E+185  0.15995127E+187  0.10018415E+188  0.22309724E+188  0.33130484E+188  0.39065699E+188  0.40381132E+188  0.41061985E+188  0.45777694E+188  0.61588447E+188  0.11314810E+189  0.32385808E+189  0.14675525E+190  0.88660427E+190  0.58433954E+191  0.37406802E+192  0.22157927E+193  0.11960067E+194  0.58752942E+194  0.26384060E+195  0.10900920E+196  0.41722511E+196  0.14891580E+197  0.49868912E+197  0.15755902E+198  0.47199917E+198  0.13466304E+199  0.36735422E+199  0.96157434E+199  0.24227624E+200  0.58924753E+200
  0.68223564E+186  0.54578800E+187  0.52545559E+191  0.15091468E+194  0.85401988E+195  0.20550632E+197  0.11128603E+198  0.23662612E+198  0.34423284E+198  0.40267781E+198  0.41560674E+198  0.42229227E+198  0.46829481E+198  0.61938799E+198  0.10868767E+199  0.27911534E+199  0.10447852E+200  0.49589847E+200  0.25480136E+201  0.12863157E+202  0.61060216E+202  0.26829826E+203  0.10882234E+204  0.40856339E+204  0.14268713E+205  0.46613728E+205  0.14323618E+206  0.41615954E+206  0.11486916E+207  0.30252057E+207  0.76311691E+207  0.18501912E+208  0.43248976E+208  0.97740137E+208  0.21408730E+209
  0.19299259E+198  0.13509467E+199  0.31915710E+202  0.42835475E+204  0.14460449E+206  0.23311438E+207  0.10738764E+208  0.21604633E+208  0.30649701E+208  0.35502653E+208  0.36573669E+208  0.37126833E+208  0.40902183E+208  0.52996530E+208  0.88233550E+208  0.20213013E+209  0.62625455E+209  0.23490100E+210  0.94448490E+210  0.37638395E+211  0.14306924E+212  0.51089296E+212  0.17072794E+213  0.53463608E+213  0.15745043E+214  0.43798400E+214  0.11559932E+215  0.29074085E+215  0.69959450E+215  0.16164450E+216  0.35981456E+216  0.77390586E+216  0.16126657E+217  0.32635111E+217  0.64275491E+217
  0.48865559E+209  0.29319299E+210  0.17345637E+213  0.10839232E+215  0.21648877E+216  0.23162787E+217  0.89064901E+217  0.16763989E+218  0.23059754E+218  0.26386125E+218  0.27118040E+218  0.27495493E+218  0.30045396E+218  0.37970032E+218  0.59527517E+218  0.12090871E+219  0.31049780E+219  0.92538272E+219  0.29231616E+220  0.92079137E+220  0.28012322E+221  0.81162579E+221  0.22297571E+222  0.58097770E+222  0.14391257E+223  0.34000981E+223  0.76888779E+223  0.16699760E+224  0.34949697E+224  0.70690881E+224  0.13856454E+225  0.26386441E+225  0.48923121E+225  0.88495516E+225  0.15645417E+226
  0.11002910E+221  0.55014468E+221  0.83727396E+223  0.24181194E+225  0.28215196E+226  0.19781162E+227  0.62083375E+227  0.10780518E+228  0.14273611E+228  0.16083581E+228  0.16480308E+228  0.16684506E+228  0.18046236E+228  0.22124852E+228  0.32386136E+228  0.57946157E+228  0.12343005E+229  0.29372018E+229  0.73187781E+229  0.18253315E+230  0.44430695E+230  0.10429500E+231  0.23504150E+231  0.50827083E+231  0.10561477E+232  0.21135873E+232  0.40842173E+232  0.76406540E+232  0.13873278E+233  0.24506202E+233  0.42204382E+233  0.71003146E+233  0.11689844E+234  0.18864682E+234  0.29883573E+234
  0.21630599E+232  0.86522235E+232  0.35113403E+234  0.46207812E+235  0.30901683E+236  0.13949190E+237  0.34793279E+237  0.54769026E+237  0.69143568E+237  0.76408132E+237  0.77992505E+237  0.78805935E+237  0.84141516E+237  0.99419176E+237  0.13459193E+238  0.21067196E+238  0.37221860E+238  0.71020756E+238  0.14014489E+239  0.27727431E+239  0.54001431E+239  0.10256087E+240  0.18919685E+240  0.33868256E+240  0.58870980E+240  0.99508488E+240  0.16384609E+241  0.26328994E+241  0.41366106E+241  0.63652548E+241  0.96081755E+241  0.14248098E+242  0.20784665E+242  0.29862446E+242  0.42304030E+242
  0.35365580E+243  0.10609648E+244  0.12024226E+245  0.70288597E+245  0.26182021E+246  0.74280399E+246  0.14258258E+247  0.19900589E+247  0.23663931E+247  0.25505227E+247  0.25904159E+247  0.26108290E+247  0.27419048E+247  0.30971728E+247  0.38368507E+247  0.52151544E+247  0.76368134E+247  0.11723268E+248  0.18387677E+248  0.28919454E+248  0.45077058E+248  0.69189123E+248  0.10426356E+249  0.15410463E+249  0.22343759E+249  0.31804041E+249  0.44488384E+249  0.61227697E+249  0.83002085E+249  0.11095701E+250  0.14641973E+250  0.19091704E+250  0.24619295E+250  0.31422740E+250  0.39725615E+250
  0.40740830E+254  0.81481362E+254  0.27120408E+255  0.67582271E+255  0.13444362E+256  0.23181995E+256  0.32919631E+256  0.39605752E+256  0.43651924E+256  0.45549143E+256  0.45956547E+256  0.46164076E+256  0.47460259E+256  0.50745964E+256  0.56852249E+256  0.66569786E+256  0.80660769E+256  0.99868320E+256  0.12490899E+257  0.15649345E+257  0.19531766E+257  0.24206611E+257  0.29741341E+257  0.36202556E+257  0.43656068E+257  0.52166944E+257  0.61799633E+257  0.72617935E+257  0.84685075E+257  0.98063802E+257  0.11281629E+258  0.12900435E+258  0.14668925E+258  0.16593187E+258  0.18679279E+258
  0.10602548E+256  0.21205099E+256  0.68902676E+256  0.17061568E+257  0.33138055E+257  0.56552065E+257  0.82129800E+257  0.99620722E+257  0.11017004E+258  0.11511086E+258  0.11617184E+258  0.11671230E+258  0.12008787E+258  0.12864466E+258  0.14454664E+258  0.16985266E+258  0.20654764E+258  0.26082160E+258  0.33158013E+258  0.42082494E+258  0.53053534E+258  0.66263527E+258  0.81902428E+258  0.10015851E+259  0.11957341E+259  0.14175639E+259  0.16684759E+259  0.19502779E+259  0.22646052E+259  0.26130934E+259  0.29973652E+259  0.34190763E+259  0.38797276E+259  0.43809536E+259  0.49243322E+259
  0.50964509E+256  0.10192762E+257  0.33924740E+257  0.84535354E+257  0.16824894E+258  0.29010932E+258  0.41191028E+258  0.49554179E+258  0.54615220E+258  0.56988303E+258  0.57497897E+258  0.57757479E+258  0.59378773E+258  0.63487015E+258  0.71121727E+258  0.83271376E+258  0.10089547E+259  0.12530644E+259  0.15710074E+259  0.19714752E+259  0.24628618E+259  0.30532485E+259  0.37503724E+259  0.45615875E+259  0.54938427E+259  0.65583423E+259  0.77736562E+259  0.91385428E+259  0.98601529E+259  0.10660195E+260  0.11542387E+260  0.12510424E+260  0.13567971E+260  0.14718669E+260  0.15966139E+260
  0.23441016E+252  0.46882036E+252  0.15604826E+253  0.38885884E+253  0.13046131E+254  0.18648332E+254  0.24251177E+254  0.33423926E+254  0.35751988E+254  0.37466198E+254  0.37700608E+254  0.37868780E+254  0.38614571E+254  0.50462087E+254  0.71854576E+254  0.10589807E+255  0.15526271E+255  0.22254228E+255  0.31026865E+255  0.42176053E+255  0.58184660E+255  0.77463265E+255  0.10027983E+256  0.12687346E+256  0.15739156E+256  0.19270381E+256  0.23099605E+256  0.27164036E+256  0.31702665E+256  0.36737824E+256  0.42308033E+256  0.48421966E+256  0.55101301E+256  0.62369403E+256  0.70248143E+256
  0.24784439E+253  0.42923509E+253  0.12462496E+254  0.28521666E+254  0.50596929E+254  0.70476950E+254  0.71100123E+254  0.71426632E+254  0.71585338E+254  0.71651397E+254  0.71665177E+254  0.71672128E+254  0.71712913E+254  0.16744833E+255  0.21950359E+255  0.28069928E+255  0.35417960E+255  0.42318746E+255  0.49092609E+255  0.24318395E+256  0.47093374E+256  0.12407049E+257  0.20267730E+257  0.28453571E+257  0.77553827E+257  0.12522289E+258  0.12695518E+258  0.12985275E+258  0.13252058E+258  0.13435534E+258  0.13626899E+258  0.13817220E+258  0.13973320E+258  0.14086984E+258  0.14090658E+258
