  0.67102456E-010  0.67102457E-010  0.67102461E-010  0.67102470E-010  0.67102484E-010  0.67102505E-010  0.67102527E-010  0.67102541E-010  0.67102550E-010  0.67102554E-010  0.67102555E-010  0.67102556E-010  0.67102558E-010  0.67102566E-010  0.67102579E-010  0.67102600E-010  0.67102631E-010  0.67102673E-010  0.67102727E-010  0.67102796E-010  0.67102881E-010  0.67102983E-010  0.67103104E-010  0.67103245E-010  0.67103407E-010  0.67103593E-010  0.67103803E-010  0.67104040E-010  0.67104303E-010  0.67104595E-010  0.67104917E-010  0.67105270E-010  0.67105656E-010  0.67106076E-010  0.67106531E-010
  0.61414464E+034  0.12282864E+036  0.49201742E+047  0.10860918E+054  0.83730548E+057 -0.70977295E+061 -0.15075955E+063 -0.43142139E+063 -0.71054848E+063 -0.87082669E+063 -0.90665532E+063 -0.92527980E+063 -0.10582538E+064 -0.15516029E+064 -0.37568866E+064 -0.32004155E+065 -0.26861549E+067 -0.42082022E+069 -0.25802630E+071  0.38624020E+073  0.91404464E+075  0.88028514E+077  0.52889811E+079  0.22523610E+081  0.72790031E+082  0.18675321E+084  0.39310245E+085  0.73472476E+086  0.13350202E+088  0.23915978E+089  0.39933286E+090  0.59641597E+091  0.78966179E+092  0.93151424E+093  0.98613984E+094
  0.32971274E+046  0.62645263E+047  0.56721671E+058  0.58707110E+064  0.27375391E+068 -0.15948284E+072 -0.32275406E+073 -0.91831471E+073 -0.15091749E+074 -0.18481560E+074 -0.19239197E+074 -0.19633001E+074 -0.22443038E+074 -0.32847843E+074 -0.79008795E+074 -0.63598009E+075 -0.41355785E+077 -0.48790977E+079 -0.25797248E+081  0.21148482E+083  0.45786660E+085  0.37305338E+087  0.19004489E+089  0.69220553E+090  0.19308007E+092  0.43119179E+093  0.79604827E+094  0.13268853E+096  0.22016387E+097  0.36437112E+098  0.56042761E+099  0.76734090E+100  0.92962466E+101  0.10036651E+103  0.97361139E+103
  0.88260441E+057  0.15886837E+059  0.32604898E+069  0.15822677E+075  0.44623647E+078 -0.17868868E+082 -0.34368335E+083 -0.97162496E+083 -0.15928936E+084 -0.19489648E+084 -0.20285336E+084 -0.20698880E+084 -0.23647844E+084 -0.34542259E+084 -0.82461257E+084 -0.62527234E+085 -0.31637622E+087 -0.28137529E+089 -0.12602060E+091  0.54033557E+092  0.11271869E+095  0.78010312E+096  0.33719817E+098  0.10502957E+100  0.25273681E+101  0.49096918E+102  0.79438641E+103  0.11833288E+105  0.18024820E+106  0.27655226E+107  0.39188706E+108  0.49132134E+109  0.54387953E+110  0.53672047E+111  0.47650456E+112
  0.15702280E+069  0.26693799E+070  0.12456124E+080  0.28342292E+085  0.48336477E+088 -0.13307002E+092 -0.24256652E+093 -0.68085915E+093 -0.11131322E+094 -0.13606006E+094 -0.14158891E+094 -0.14446212E+094 -0.16493547E+094 -0.24037314E+094 -0.56891579E+094 -0.40500137E+095 -0.16015083E+097 -0.10751586E+099 -0.40230280E+100  0.81474502E+101  0.18113196E+104  0.10707328E+106  0.39309528E+107  0.10469573E+109  0.21722878E+110  0.36681773E+111  0.51974068E+112  0.69406774E+113  0.97717385E+114  0.13948647E+116  0.18203414E+117  0.20863052E+118  0.21067207E+119  0.18974752E+120  0.15397016E+121
  0.20879267E+080  0.33406723E+081  0.35566320E+090  0.37944155E+095  0.39123699E+098 -0.74074456E+101 -0.12756835E+103 -0.35518703E+103 -0.57886904E+103 -0.70675416E+103 -0.73531884E+103 -0.75016142E+103 -0.85583173E+103 -0.12440132E+104 -0.29153228E+104 -0.19412726E+105 -0.60255430E+106 -0.30586983E+108 -0.94575153E+109  0.69219414E+110  0.21259998E+113  0.10819520E+115  0.33785425E+116  0.76942027E+117  0.13758070E+119  0.20179612E+120  0.25016713E+121  0.30091274E+122  0.39496267E+123  0.52628137E+124  0.63177207E+125  0.66048741E+126  0.60720866E+127  0.49832953E+128  0.36904589E+129
  0.22123711E+091  0.33185454E+092  0.80925450E+100  0.40480216E+105  0.25224818E+108 -0.32863847E+111 -0.53280473E+112 -0.14699072E+113 -0.23869440E+113 -0.29104333E+113 -0.30273277E+113 -0.30880590E+113 -0.35199893E+113 -0.51010600E+113 -0.11817908E+114 -0.73313622E+114 -0.17939471E+116 -0.68999562E+117 -0.17474079E+119  0.25572894E+118  0.19291057E+122  0.85519874E+123  0.22761421E+125  0.44330823E+126  0.68279088E+127  0.86921123E+128  0.94192951E+129  0.10278705E+131  0.12713041E+132  0.15854508E+133  0.17468486E+134  0.16613019E+135  0.13873785E+136  0.10356079E+137  0.69881611E+137
  0.19448448E+102  0.27227728E+103  0.15276208E+111  0.35827821E+115  0.13484160E+118 -0.12099189E+121 -0.18391060E+122 -0.50205597E+122 -0.81185952E+122 -0.98839004E+122 -0.10277958E+123 -0.10482653E+123 -0.11936719E+123 -0.17236923E+123 -0.39403248E+123 -0.22673030E+124 -0.43921903E+125 -0.12831634E+127 -0.26423840E+128 -0.95080373E+128  0.13927577E+131  0.54792323E+132  0.12468747E+134  0.20777405E+135  0.27553192E+136  0.30419045E+137  0.28786135E+138  0.28812156E+139  0.34015097E+140  0.39750935E+141  0.40059222E+142  0.34540809E+143  0.26137319E+144  0.17710215E+145  0.10870014E+146
  0.14579536E+113  0.18953320E+114  0.24591089E+121  0.27040821E+125  0.61403477E+127 -0.37999347E+130 -0.53897764E+131 -0.14535201E+132 -0.23388955E+132 -0.28423045E+132 -0.29546322E+132 -0.30129694E+132 -0.34267770E+132 -0.49275521E+132 -0.11088949E+133 -0.58899590E+133 -0.90695438E+134 -0.20183069E+136 -0.33597652E+137 -0.17875147E+138  0.80618462E+139  0.29056806E+141  0.56811734E+142  0.81071170E+143  0.92537979E+144  0.88530726E+145  0.73084519E+146  0.68240215E+147  0.78029867E+148  0.85358627E+149  0.78292420E+150  0.60963674E+151  0.41685274E+152  0.25584714E+153  0.14255705E+154
  0.95067715E+123  0.11408076E+125  0.34432658E+131  0.17751252E+135  0.24278979E+137 -0.10385889E+140 -0.13669952E+141 -0.36343641E+141 -0.58140783E+141 -0.70501889E+141 -0.73258735E+141 -0.74690147E+141 -0.84825989E+141 -0.12136213E+142 -0.26810501E+142 -0.13076396E+143 -0.16066070E+144 -0.27322006E+145 -0.36592384E+146 -0.21494408E+147  0.36665912E+148  0.12882014E+150  0.21813344E+151  0.26704020E+152  0.26236543E+153  0.21736437E+154  0.15637002E+155  0.13983625E+156  0.15719331E+157  0.16027188E+158  0.13293332E+159  0.93056217E+159  0.57326143E+160  0.31797690E+161  0.16050424E+162
  0.50163618E+135  0.55179711E+136  0.39014825E+142  0.94288728E+145  0.77457360E+147 -0.22987403E+150 -0.27890951E+151 -0.72914096E+151 -0.11582909E+152 -0.14008826E+152 -0.14549545E+152 -0.14830214E+152 -0.16813375E+152 -0.23908631E+152 -0.51671114E+152 -0.23009044E+153 -0.22634674E+154 -0.29520991E+155 -0.31694455E+156 -0.18317309E+157  0.10971111E+158  0.43721045E+159  0.65021047E+160  0.68515219E+161  0.57976779E+162  0.41577501E+163  0.26038275E+164  0.23234850E+165  0.25991020E+166  0.24492604E+167  0.18223017E+168  0.11410963E+169  0.63136659E+169  0.31573380E+170  0.14403776E+171
  0.22879312E+147  0.22879188E+148  0.38210843E+153  0.43280609E+156  0.21254887E+158 -0.44023081E+160 -0.48844715E+161 -0.12514733E+162 -0.19711676E+162 -0.23763842E+162 -0.24666370E+162 -0.25134666E+162 -0.28434744E+162 -0.40132520E+162 -0.84497983E+162 -0.34138396E+163 -0.26971441E+164 -0.27083609E+165 -0.23249643E+166 -0.12442045E+167  0.13196703E+167  0.11790202E+169  0.15826794E+170  0.14449183E+171  0.10549608E+172  0.65496932E+172  0.35676426E+173  0.33846813E+174  0.37840023E+175  0.32535409E+176  0.21508502E+177  0.11983628E+178  0.59367036E+178  0.26697845E+179  0.10978608E+180
  0.91484060E+158  0.82335149E+159  0.32808769E+164  0.17408903E+167  0.50708858E+168 -0.74019969E+170 -0.74362479E+171 -0.18593944E+172 -0.28980692E+172 -0.34799599E+172 -0.36094408E+172 -0.36765931E+172 -0.41482198E+172 -0.58006658E+172 -0.11838079E+173 -0.43097816E+173 -0.27417574E+174 -0.21286320E+175 -0.14589814E+176 -0.69724557E+176 -0.82867634E+176  0.24041703E+178  0.31060371E+179  0.24910424E+180  0.15763809E+181  0.84847752E+181  0.40178465E+182  0.44614546E+183  0.49360715E+184  0.38067514E+185  0.22118357E+186  0.10905602E+187  0.48228763E+187  0.19451613E+188  0.71880181E+188
  0.32402533E+170  0.25921845E+171  0.24952612E+175  0.61964762E+177  0.10563219E+179 -0.11046378E+181 -0.99243906E+181 -0.24084379E+182 -0.37048374E+182 -0.44264661E+182 -0.45868472E+182 -0.46699744E+182 -0.52512751E+182 -0.72582282E+182 -0.14269873E+183 -0.46465921E+183 -0.23852034E+184 -0.14382545E+185 -0.78703060E+185 -0.32834244E+186 -0.70782752E+186  0.30307963E+187  0.46926372E+188  0.34215603E+189  0.18982416E+190  0.88989354E+190  0.36651635E+191  0.54870755E+192  0.58371508E+193  0.39561837E+194  0.19959776E+195  0.86644514E+195  0.34115155E+196  0.12303672E+197  0.40705591E+197
  0.10237471E+182  0.71661714E+182  0.16927314E+186  0.19632024E+188  0.19133522E+189 -0.14744727E+191 -0.11660563E+192 -0.27264757E+192 -0.41248315E+192 -0.48967444E+192 -0.50680297E+192 -0.51567380E+192 -0.57735780E+192 -0.78635468E+192 -0.14783456E+193 -0.42707606E+193 -0.17717611E+194 -0.83395838E+194 -0.36495206E+195 -0.13109284E+196 -0.32579157E+196 -0.10716701E+196  0.46376938E+197  0.34683014E+198  0.17460527E+199  0.72337248E+199  0.25996431E+200  0.64508064E+201  0.62970111E+202  0.36667571E+203  0.15849305E+204  0.60325599E+204  0.21104671E+205  0.67826734E+205  0.19994314E+206
  0.28960011E+193  0.17375840E+194  0.10278119E+197  0.55433084E+198  0.29580155E+199 -0.17681067E+201 -0.12057585E+202 -0.26901097E+202 -0.39835936E+202 -0.46897745E+202 -0.48461438E+202 -0.49270411E+202 -0.54853810E+202 -0.73318113E+202 -0.13063727E+203 -0.33188586E+203 -0.11142145E+204 -0.41187659E+204 -0.14475300E+205 -0.44463978E+205 -0.11104249E+206 -0.18881429E+206  0.17527778E+205  0.18797771E+207  0.10262386E+208  0.39976632E+208  0.12711405E+209  0.73305017E+210  0.62048610E+211  0.30297859E+212  0.11051355E+213  0.36825958E+213  0.11434372E+214  0.32595275E+214  0.85050440E+214
  0.73326468E+204  0.36662806E+205  0.55788444E+207  0.13869517E+209  0.37059914E+209 -0.19047485E+211 -0.10901829E+212 -0.22904400E+212 -0.32981641E+212 -0.38401974E+212 -0.39598750E+212 -0.40217003E+212 -0.44441328E+212 -0.57977393E+212 -0.96866333E+212 -0.21440143E+213 -0.58353032E+213 -0.17082872E+214 -0.48615780E+214 -0.12763043E+215 -0.30092415E+215 -0.62221987E+215 -0.10771562E+216 -0.13428801E+216 -0.16841973E+215  0.60344271E+216  0.20378310E+217  0.80293923E+219  0.55659636E+220  0.22192311E+221  0.67105098E+221  0.19669349E+222  0.54182855E+222  0.13598550E+223  0.31100826E+223
  0.16510691E+216  0.66041787E+216  0.26797149E+218  0.30178186E+219  0.31784431E+219 -0.18296431E+221 -0.84770985E+221 -0.16470131E+222 -0.22850398E+222 -0.26212275E+222 -0.26951576E+222 -0.27332723E+222 -0.29901089E+222 -0.37797224E+222 -0.58464639E+222 -0.11172956E+223 -0.24768279E+223 -0.58231512E+223 -0.13620354E+224 -0.30718423E+224 -0.66058019E+224 -0.13522371E+225 -0.26410454E+225 -0.49394367E+225 -0.88806601E+225 -0.15405307E+226 -0.32717091E+226  0.83897861E+228  0.45070693E+229  0.14215302E+230  0.34847316E+230  0.91685624E+230  0.22360086E+231  0.48716523E+231  0.96157465E+231
  0.32458321E+227  0.97373013E+227  0.11033550E+229  0.54428248E+229  0.18857745E+228 -0.15312826E+231 -0.54683353E+231 -0.95761276E+231 -0.12631279E+232 -0.14194407E+232 -0.14536143E+232 -0.14711806E+232 -0.15872438E+232 -0.19250399E+232 -0.27162319E+232 -0.44638886E+232 -0.81877643E+232 -0.15883728E+233 -0.31283762E+233 -0.61067414E+233 -0.11670919E+234 -0.21718712E+234 -0.39281927E+234 -0.69054048E+234 -0.11809880E+235 -0.19677869E+235 -0.39587171E+235  0.82791871E+237  0.32403683E+238  0.77399371E+238  0.14920615E+239  0.37473161E+239  0.79623448E+239  0.14622006E+240  0.24278561E+240
  0.53068659E+238  0.10613409E+239  0.35318717E+239  0.71432676E+239 -0.52381758E+239 -0.10489236E+241 -0.26935341E+241 -0.40929927E+241 -0.50303336E+241 -0.54889091E+241 -0.55882533E+241 -0.56390847E+241 -0.59653829E+241 -0.68491713E+241 -0.87065998E+241 -0.12665127E+242 -0.20279126E+242 -0.34136172E+242 -0.58118562E+242 -0.97773395E+242 -0.16071920E+243 -0.25708735E+243 -0.39999579E+243 -0.60605456E+243 -0.89591474E+243 -0.12948270E+244 -0.26207325E+244  0.76749059E+246  0.19963412E+247  0.33587765E+247  0.48611353E+247  0.13916842E+248  0.23809934E+248  0.34574472E+248  0.46244360E+248
  0.61134591E+249  0.61130814E+249  0.61113753E+249  0.41882728E+249 -0.86937527E+249 -0.48038489E+250 -0.79280076E+250 -0.98253386E+250 -0.10874765E+251 -0.11346508E+251 -0.11446877E+251 -0.11498005E+251 -0.11817331E+251 -0.12626962E+251 -0.15470662E+251 -0.25868841E+251 -0.40403030E+251 -0.60209528E+251 -0.86031555E+251 -0.11859607E+252 -0.15861566E+252 -0.20678994E+252 -0.26380637E+252 -0.33034124E+252 -0.40707254E+252 -0.49466034E+252 -0.13611252E+253  0.66810284E+255  0.95576711E+255  0.95576082E+255  0.95575413E+255  0.52507101E+256  0.52507023E+256  0.52506940E+256  0.52506851E+256
 -0.96661426E+252 -0.19332254E+253 -0.17846638E+255 -0.55619505E+255 -0.16330664E+256 -0.32440665E+256 -0.26783442E+256 -0.23833990E+256 -0.22411760E+256 -0.21803149E+256 -0.21672457E+256 -0.21605883E+256 -0.21190078E+256 -0.77319897E+256 -0.26966650E+260 -0.87042760E+260 -0.86822500E+260 -0.86819951E+260 -0.86816633E+260 -0.86812450E+260 -0.86807305E+260 -0.86801111E+260 -0.86793782E+260 -0.86785232E+260 -0.86782826E+260 -0.86779936E+260 -0.79180833E+261  0.54767578E+264  0.21098049E+264  0.47616160E+256  0.10751060E+258  0.23481022E+265  0.62106808E+256  0.12421879E+257  0.19156048E+257
  0.20804146E+257  0.41608244E+257  0.13848986E+258  0.87404375E+258  0.98544434E+264  0.61873936E+264  0.25087500E+264  0.20661655E+258  0.41323293E+258  0.51011377E+258  0.53091771E+258  0.54151512E+258  0.10036190E+259 -0.39691009E+266 -0.40401935E+266 -0.40401894E+266  0.98056959E+258  0.19629118E+259  0.32436381E+259  0.48588277E+259  0.68438527E+259  0.92334458E+259  0.12061737E+260  0.15362290E+260  0.19168128E+260  0.23513868E+260  0.28443199E+260  0.33979242E+260  0.40154352E+260  0.47000639E+260  0.54549921E+260  0.62833819E+260  0.71883697E+260  0.81730703E+260  0.92405841E+260
  0.67250864E+252  0.13450177E+253  0.44768040E+253  0.28254312E+254  0.98976139E+255  0.17517679E+256  0.17561653E+256  0.17561665E+256  0.17561672E+256  0.17560126E+256  0.17609102E+256  0.17637451E+256  0.17814508E+256  0.18263332E+256  0.19091016E+256  0.20408168E+256  0.22318098E+256  0.24921160E+256  0.28315320E+256  0.32604729E+256  0.37877453E+256  0.44226515E+256  0.51743505E+256  0.60518865E+256  0.70641646E+256  0.82246635E+256  0.95381382E+256  0.11022713E+257  0.12679138E+257  0.14515888E+257  0.16542990E+257  0.18767348E+257  0.21197384E+257  0.23841462E+257  0.26707905E+257
  0.84493330E+253  0.16708179E+254  0.54756775E+254  0.26156592E+255  0.17073375E+262  0.92906629E+261  0.53628523E+259  0.47277469E+255  0.47308326E+255  0.47312598E+255  0.47313034E+255  0.47313250E+255  0.47314349E+255  0.47636570E+255  0.48234429E+255  0.48234429E+255  0.48234429E+255  0.80641334E+255  0.12311477E+256  0.35918531E+256  0.64740674E+256  0.91552039E+256  0.11075299E+257  0.12300737E+257  0.31240496E+257  0.52713266E+257  0.53432320E+257  0.54049342E+257  0.34743476E+257  0.12243957E+257 -0.13319118E+257 -0.13364928E+257 -0.13403812E+257 -0.13407814E+257 -0.13398470E+257
