  0.86563662E-010  0.86563663E-010  0.86563667E-010  0.86563676E-010  0.86563691E-010  0.86563712E-010  0.86563733E-010  0.86563748E-010  0.86563757E-010  0.86563761E-010  0.86563762E-010  0.86563762E-010  0.86563765E-010  0.86563772E-010  0.86563786E-010  0.86563807E-010  0.86563838E-010  0.86563880E-010  0.86563934E-010  0.86564003E-010  0.86564088E-010  0.86564190E-010  0.86564311E-010  0.86564453E-010  0.86564616E-010  0.86564802E-010  0.86565012E-010  0.86565249E-010  0.86565512E-010  0.86565805E-010  0.86566127E-010  0.86566481E-010  0.86566868E-010  0.86567289E-010  0.86567745E-010
  0.66533927E+050  0.13309787E+052  0.53843562E+063  0.13903123E+070  0.33902689E+074  0.80374961E+077  0.13537632E+079  0.37609202E+079  0.61250014E+079  0.74763459E+079  0.77781742E+079  0.79350055E+079  0.90514234E+079  0.13151601E+080  0.30830639E+080  0.21598400E+081  0.10332764E+083  0.12242989E+085  0.12920219E+087  0.96996094E+088  0.51116919E+090  0.19435828E+092  0.54942169E+093  0.11801597E+095  0.19384910E+096  0.23723408E+097  0.18882159E+098  0.13615671E+098 -0.26708903E+100 -0.57845885E+101 -0.82905637E+102 -0.95495569E+103 -0.94273959E+104 -0.82341301E+105 -0.64873406E+106
  0.37599737E+062  0.71456462E+063  0.65340553E+074  0.79110565E+080  0.11673703E+085  0.18995489E+088  0.30107436E+089  0.82888963E+089  0.13451932E+090  0.16398914E+090  0.17056958E+090  0.17398835E+090  0.19830189E+090  0.28730336E+090  0.66658668E+090  0.43869023E+091  0.16530547E+093  0.14554071E+095  0.11766978E+097  0.69762781E+098  0.29737794E+100  0.93202540E+101  0.22046248E+103  0.40094905E+104  0.56232926E+105  0.58931642E+106  0.39460418E+107 -0.11208021E+107 -0.51218515E+109 -0.94949896E+110 -0.12035788E+112 -0.12402632E+113 -0.11029934E+114 -0.87239518E+114 -0.62510257E+115
  0.10624205E+074  0.19128363E+075  0.39646224E+085  0.22507456E+091  0.20097475E+095  0.22442253E+098  0.33346749E+099  0.90874963E+099  0.14689176E+100  0.17881193E+100  0.18593732E+100  0.18963863E+100  0.21593266E+100  0.31182087E+100  0.71504234E+100  0.44073360E+101  0.13146831E+103  0.86252454E+104  0.53426886E+106  0.24997661E+108  0.86105966E+109  0.22218497E+111  0.43915266E+112  0.67507264E+113  0.80656878E+114  0.72103753E+115  0.40114854E+116 -0.53915717E+116 -0.48753770E+118 -0.77291930E+119 -0.86508302E+120 -0.79638624E+121 -0.63723919E+122 -0.45591355E+123 -0.29680780E+124
  0.20013214E+085  0.34031493E+086  0.16037239E+096  0.42690051E+101  0.23065554E+105  0.17671322E+108  0.24512483E+109  0.66031617E+109  0.10624765E+110  0.12911981E+110  0.13422364E+110  0.13687437E+110  0.15568109E+110  0.22396592E+110  0.50678110E+110  0.29160929E+111  0.69204740E+112  0.33943571E+114  0.16110171E+116  0.59441368E+117  0.16526519E+119  0.35061263E+120  0.57811819E+121  0.74966820E+122  0.76096608E+123  0.57744361E+124  0.26215199E+125 -0.66704584E+125 -0.30663381E+127 -0.41540220E+128 -0.40981836E+129 -0.33653859E+130 -0.24197268E+131 -0.15641477E+132 -0.92418818E+132
  0.28274732E+096  0.45252328E+097  0.48654007E+106  0.60727769E+111  0.19852528E+115  0.10431692E+118  0.13444529E+119  0.35742143E+119  0.57208625E+119  0.69389908E+119  0.72106976E+119  0.73517821E+119  0.83512817E+119  0.11961958E+120  0.26658809E+120  0.14271164E+121  0.27078468E+122  0.99661973E+123  0.36251163E+125  0.10538753E+127  0.23619860E+128  0.41133732E+129  0.56474940E+130  0.61632339E+131  0.52974836E+132  0.33905571E+133  0.12213961E+134 -0.49437449E+134 -0.14307733E+136 -0.16552295E+137 -0.14368702E+138 -0.10508805E+139 -0.67800504E+139 -0.39548666E+140 -0.21183937E+141
  0.31957305E+107  0.47950376E+108  0.11808579E+117  0.69109240E+121  0.13668008E+125  0.49234598E+127  0.58642469E+128  0.15356091E+129  0.24429420E+129  0.29564602E+129  0.30709459E+129  0.31303783E+129  0.35506892E+129  0.50600707E+129  0.11082871E+130  0.54993593E+130  0.83827239E+131  0.23247391E+133  0.64829862E+134  0.14835792E+136  0.26763840E+137  0.38189593E+138  0.43562524E+139  0.39898187E+140  0.28919412E+141  0.15477879E+142  0.42177957E+142 -0.26241029E+143 -0.52709862E+144 -0.52044841E+145 -0.39682204E+146 -0.25804911E+147 -0.14917158E+148 -0.78413527E+148 -0.38029922E+149
  0.30099587E+118  0.42153003E+119  0.23883358E+127  0.65538987E+131  0.78401908E+134  0.19347496E+137  0.21168480E+138  0.54474299E+138  0.86047383E+138  0.10386128E+139  0.10783048E+139  0.10989040E+139  0.12442838E+139  0.17627298E+139  0.37848201E+139  0.17339865E+140  0.21330942E+141  0.44776634E+142  0.95784309E+143  0.17236449E+145  0.24985868E+146  0.29149986E+147  0.27554084E+148  0.21107777E+149  0.12834233E+150  0.56744917E+150  0.10636058E+151 -0.10803631E+152 -0.15926693E+153 -0.13415415E+154 -0.89678614E+154 -0.51761637E+155 -0.26767695E+156 -0.12661949E+157 -0.55529643E+157
  0.24299881E+129  0.31600809E+130  0.41404388E+137  0.53273120E+141  0.38535207E+144  0.65084293E+146  0.64964848E+147  0.16383790E+148  0.25664999E+148  0.30882314E+148  0.32044011E+148  0.32646695E+148  0.36889789E+148  0.51897149E+148  0.10891822E+149  0.45880620E+149  0.45744143E+150  0.73035353E+151  0.11993180E+153  0.16951672E+154  0.19706855E+155  0.18750880E+156  0.14641884E+157  0.93421484E+157  0.47319774E+158  0.16969334E+159  0.16941042E+159 -0.36079411E+160 -0.40465386E+161 -0.29065146E+162 -0.17002727E+163 -0.86947082E+163 -0.40155941E+164 -0.17067139E+165 -0.67587391E+165
  0.17165474E+140  0.20606314E+141  0.62806612E+147  0.37888435E+151  0.16563770E+154  0.19121419E+156  0.17276476E+157  0.42557904E+157  0.66014124E+157  0.79141829E+157  0.82062459E+157  0.83577043E+157  0.94209079E+157  0.13144749E+158  0.26874685E+158  0.10362521E+159  0.84059916E+159  0.10259608E+161  0.12944564E+162  0.14353204E+163  0.13351455E+164  0.10330151E+165  0.66383835E+165  0.35089443E+166  0.14663707E+167  0.41379979E+167 -0.84525165E+164 -0.10048593E+169 -0.87901818E+169 -0.53817727E+170 -0.27498819E+171 -0.12434695E+172 -0.51197664E+172 -0.19519776E+173 -0.69696204E+173
  0.98809875E+151  0.10873545E+153  0.77634926E+158  0.21956335E+162  0.57964198E+164  0.45651761E+166  0.37002373E+167  0.88674103E+167  0.13595124E+168  0.16227093E+168  0.16812066E+168  0.17115270E+168  0.19236205E+168  0.26578594E+168  0.52731417E+168  0.18522969E+169  0.12265915E+170  0.11502336E+171  0.11162417E+172  0.96961156E+172  0.71978440E+173  0.45123629E+174  0.23750758E+175  0.10326521E+176  0.35096937E+176  0.73615860E+176 -0.10094824E+177 -0.21781085E+178 -0.15130111E+179 -0.78928412E+179 -0.35158604E+180 -0.14030288E+181 -0.51402510E+181 -0.17549655E+182 -0.56407420E+182
  0.49573244E+163  0.49595613E+164  0.83639397E+169  0.11087506E+173  0.17652624E+175  0.94607650E+176  0.68086593E+177  0.15796128E+178  0.23882448E+178  0.28355354E+178  0.29348281E+178  0.29862623E+178  0.33445123E+178  0.45675223E+178  0.87543105E+178  0.27870319E+179  0.15106085E+180  0.10936958E+181  0.81726736E+181  0.55523856E+182  0.32789463E+183  0.16582103E+184  0.71046810E+184  0.25153828E+185  0.67927339E+185  0.92506471E+185 -0.37040742E+186 -0.39244898E+187 -0.21938396E+188 -0.97469033E+188 -0.37776750E+189 -0.13275883E+190 -0.43193526E+190 -0.13181328E+191 -0.38072970E+191
  0.22024572E+175  0.19832053E+176  0.79795028E+180  0.49561782E+183  0.47487979E+185  0.17257494E+187  0.10897338E+188  0.24330340E+188  0.36173596E+188  0.42673404E+188  0.44114127E+188  0.44859870E+188  0.50027027E+188  0.67373096E+188  0.12410735E+189  0.35607549E+189  0.15824891E+190  0.88846427E+190  0.51170427E+191  0.27135804E+192  0.12698229E+193  0.51507785E+193  0.17811647E+194  0.50562421E+194  0.10387221E+195  0.52273029E+194 -0.86983746E+195 -0.59463961E+196 -0.27020228E+197 -0.10218657E+198 -0.34390684E+198 -0.10620198E+199 -0.30620358E+199 -0.83358889E+199 -0.21597608E+200
  0.87759417E+186  0.70247134E+187  0.68274520E+191  0.19852445E+194  0.11409436E+196  0.27978031E+197  0.15289810E+198  0.32614443E+198  0.47515797E+198  0.55615277E+198  0.57407262E+198  0.58333962E+198  0.64713710E+198  0.85700558E+198  0.15083008E+199  0.38752463E+199  0.14129490E+200  0.61726760E+200  0.27413785E+201  0.11316988E+202  0.41748562E+202  0.13476681E+203  0.37134580E+203  0.82284656E+203  0.11610676E+204 -0.98419239E+203 -0.15539855E+205 -0.76176650E+205 -0.28349847E+206 -0.91205334E+206 -0.26598629E+207 -0.72012817E+207 -0.18358723E+208 -0.44491344E+208 -0.10319960E+209
  0.31688346E+198  0.22196142E+199  0.52933082E+202  0.71929051E+204  0.24665925E+206  0.40542686E+207  0.18871628E+208  0.38117160E+208  0.54176658E+208  0.62801544E+208  0.64705366E+208  0.65688756E+208  0.72404864E+208  0.93961384E+208  0.15690619E+209  0.35832643E+209  0.10705643E+210  0.36460630E+210  0.12478759E+211  0.39941333E+211  0.11530623E+212  0.29270628E+212  0.62879745E+212  0.10279580E+213  0.66752997E+212 -0.37079746E+213 -0.22228777E+214 -0.82453349E+214 -0.25273875E+215 -0.69112976E+215 -0.17428496E+216 -0.41269404E+216 -0.92809668E+216 -0.19977911E+217 -0.41399680E+217
  0.10458095E+210  0.62795765E+210  0.37497770E+213  0.23726308E+215  0.48155751E+216  0.52574689E+217  0.20459505E+218  0.38702016E+218  0.53366120E+218  0.61124282E+218  0.62831791E+218  0.63712481E+218  0.69667318E+218  0.88212071E+218  0.13860194E+219  0.27870250E+219  0.67964383E+219  0.18032280E+220  0.47427984E+220  0.11690848E+221  0.26100247E+221  0.51022862E+221  0.81646748E+221  0.83063782E+221 -0.65018345E+221 -0.69124524E+222 -0.25851788E+223 -0.74850200E+223 -0.18973672E+224 -0.44058045E+224 -0.95854622E+224 -0.19801888E+225 -0.39185232E+225 -0.74743601E+225 -0.13807032E+226
  0.31775769E+221  0.15902224E+222  0.24424652E+224  0.71439061E+225  0.84761670E+226  0.60711508E+227  0.19324868E+228  0.33773707E+228  0.44862104E+228  0.50618547E+228  0.51880775E+228  0.52530574E+228  0.56868504E+228  0.69865194E+228  0.10215110E+229  0.17847117E+229  0.35223100E+229  0.72424473E+229  0.14531676E+230  0.27230655E+230  0.45942207E+230  0.65992582E+230  0.68490846E+230  0.27147832E+229 -0.24592939E+231 -0.91080661E+231 -0.24338060E+232 -0.56064983E+232 -0.11785107E+233 -0.23209045E+233 -0.43461477E+233 -0.78121986E+233 -0.13567346E+234 -0.22874234E+234 -0.37577025E+234
  0.89435670E+232  0.35814627E+233  0.14666066E+235  0.19553432E+236  0.13311484E+237  0.61510665E+237  0.15607153E+238  0.24779829E+238  0.31424190E+238  0.34791750E+238  0.35526489E+238  0.35903764E+238  0.38375638E+238  0.45356945E+238  0.60629508E+238  0.90061289E+238  0.14140584E+239  0.22213139E+239  0.33379868E+239  0.46103641E+239  0.55264598E+239  0.49180760E+239  0.51758513E+238 -0.11673299E+240 -0.38252277E+240 -0.89579191E+240 -0.18129766E+241 -0.33628605E+241 -0.58711931E+241 -0.97913168E+241 -0.15741707E+242 -0.24551635E+242 -0.37315901E+242 -0.55460074E+242 -0.80817690E+242
  0.23442854E+244  0.70434352E+244  0.80534799E+245  0.47735634E+246  0.18137655E+247  0.52857994E+247  0.10370088E+248  0.14650297E+248  0.17536122E+248  0.18954944E+248  0.19258962E+248  0.19413479E+248  0.20365004E+248  0.22689910E+248  0.26709639E+248  0.32344541E+248  0.38913240E+248  0.44889730E+248  0.47622705E+248  0.43019697E+248  0.25197826E+248 -0.13897458E+248 -0.84904284E+248 -0.20148650E+249 -0.38080472E+249 -0.64401482E+249 -0.10167970E+250 -0.15299074E+250 -0.22197589E+250 -0.31290324E+250 -0.43073003E+250 -0.58116961E+250 -0.77075851E+250 -0.10069274E+251 -0.12980760E+251
  0.57492871E+255  0.11524519E+256  0.38703228E+256  0.97989463E+256  0.19970714E+257  0.35625319E+257  0.52168097E+257  0.63961574E+257  0.71261362E+257  0.74720361E+257  0.74559364E+257  0.74392035E+257  0.73346934E+257  0.70697701E+257  0.65774356E+257  0.57939485E+257  0.46578570E+257  0.31094672E+257  0.10905048E+257 -0.14561194E+257 -0.45864778E+257 -0.83557590E+257 -0.12818357E+258 -0.18027971E+258 -0.24037663E+258 -0.30899898E+258 -0.38666638E+258 -0.47389326E+258 -0.57118938E+258 -0.67906069E+258 -0.79800852E+258 -0.92853110E+258 -0.10711226E+259 -0.12262738E+259 -0.13944732E+259
  0.13246254E+267  0.13246382E+267  0.13246373E+267  0.13246354E+267  0.13246323E+267  0.13246277E+267  0.13246232E+267  0.13246201E+267  0.13246182E+267  0.13246172E+267 -0.75682534E+266 -0.75682534E+266 -0.75682534E+266 -0.75682534E+266 -0.75682534E+266 -0.75682534E+266 -0.75682534E+266 -0.75682534E+266 -0.75682533E+266 -0.75682533E+266 -0.75682533E+266 -0.75682532E+266 -0.75682532E+266 -0.75682531E+266 -0.75682530E+266 -0.75682529E+266 -0.75682529E+266 -0.75682528E+266 -0.75682526E+266 -0.75682525E+266 -0.75682524E+266 -0.75682522E+266 -0.75682520E+266 -0.75682518E+266 -0.75682516E+266
  0.24278210E+255  0.41814112E+255  0.17160363E+256  0.44841246E+256  0.12164159E+258  0.29226685E+258  0.46914431E+258  0.59171483E+258  0.66630262E+258  0.70136733E+258  0.70890123E+258  0.71274005E+258  0.73675910E+258  0.79792024E+258  0.91254025E+258  0.10974020E+259  0.13707312E+259  0.17533100E+259  0.22698626E+259  0.29508574E+259  0.38349280E+259  0.49722120E+259  0.64290493E+259  0.82947485E+259  0.10691487E+260  0.13789066E+260  0.17827363E+260  0.23150983E+260  0.30263968E+260  0.39917861E+260  0.53256391E+260  0.72058957E+260  0.99160112E+260  0.13919184E+261  0.19993372E+261
  0.26045927E+257  0.37313910E+257  0.61805830E+261  0.34357030E+261  0.26172799E+262  0.30301119E+258  0.30301375E+258  0.30301551E+258  0.30301657E+258  0.30301703E+258  0.30301716E+258  0.30301722E+258  0.30301816E+258  0.30302055E+258  0.30302498E+258  0.30303205E+258  0.30304228E+258  0.30305624E+258  0.30307443E+258  0.30309739E+258  0.30312555E+258  0.30315949E+258  0.30319968E+258  0.30324660E+258  0.30330072E+258  0.30336251E+258  0.30343245E+258  0.30351099E+258  0.30359861E+258  0.30369575E+258  0.30380286E+258  0.30392038E+258  0.30404879E+258  0.30418849E+258  0.30433992E+258
  0.29825035E+253  0.31135010E+253  0.37320640E+253  0.49532837E+253  0.47769646E+257  0.29964685E+253  0.59925500E+253  0.80495902E+253  0.92943847E+253  0.99259556E+253  0.10993055E+254  0.10998582E+254  0.10998582E+254  0.10998582E+254  0.10998582E+254  0.10998582E+254  0.10998583E+254  0.10998583E+254  0.97649074E+253  0.82088166E+253  0.19910042E+254  0.33999552E+254  0.50680671E+254  0.70154122E+254  0.92618254E+254  0.11826918E+255  0.14730119E+255  0.20566655E+255  0.65308006E+255  0.71905500E+255  0.78769269E+255  0.85791885E+255  0.13216715E+256  0.13906667E+256  0.14561979E+256
  0.45988867E+261  0.19446382E+259  0.19718464E+259  0.18252217E+259  0.18335285E+259  0.15179780E+248  0.26788846E+248  0.18483122E+254 -0.16317709E+254  0.64371588E+254  0.63949945E+254  0.13101056E+251  0.16037200E+251  0.67699398E+254  0.21197505E+255  0.29470454E+256  0.18505881E+256  0.39892458E+255  0.79457029E+255  0.13080861E+256  0.19483316E+256  0.19483860E+256  0.19484230E+256  0.19484591E+256  0.19486534E+256  0.16735844E+257  0.11549128E+257 -0.62473486E+256  0.24563800E+264  0.64736397E+251  0.12970894E+252  0.10296932E+254  0.17125104E+264  0.88064525E+251  0.86061596E+251
