  0.13053509E-009  0.13053509E-009  0.13053509E-009  0.13053510E-009  0.13053512E-009  0.13053514E-009  0.13053516E-009  0.13053517E-009  0.13053518E-009  0.13053519E-009  0.13053519E-009  0.13053519E-009  0.13053519E-009  0.13053520E-009  0.13053521E-009  0.13053523E-009  0.13053526E-009  0.13053531E-009  0.13053536E-009  0.13053543E-009  0.13053551E-009  0.13053562E-009  0.13053574E-009  0.13053588E-009  0.13053604E-009  0.13053623E-009  0.13053644E-009  0.13053667E-009  0.13053693E-009  0.13053723E-009  0.13053755E-009  0.13053790E-009  0.13053828E-009  0.13053870E-009  0.13053916E-009
  0.36669908E+051  0.73339782E+052  0.29378995E+064  0.74932784E+070  0.17998647E+075  0.41922516E+078  0.70373341E+079  0.19541023E+080  0.31818317E+080  0.38835654E+080  0.40402982E+080  0.41217367E+080  0.47014340E+080  0.68300644E+080  0.16002349E+081  0.11172691E+082  0.53434971E+083  0.66369340E+085  0.77693825E+087  0.67620016E+089  0.42769583E+091  0.20132917E+093  0.72842057E+094  0.20892511E+096  0.48815795E+097  0.95109516E+098  0.15762476E+100  0.22599717E+101  0.28440496E+102  0.31807690E+103  0.31955258E+104  0.29109139E+105  0.24240004E+106  0.18585111E+107  0.13203480E+108
  0.20722945E+063  0.39373576E+064  0.35652169E+075  0.42637720E+081  0.61974649E+085  0.99077213E+088  0.15647568E+090  0.43055679E+090  0.69859414E+090  0.85157199E+090  0.88573049E+090  0.90347687E+090  0.10296779E+091  0.14915514E+091  0.34584024E+091  0.22680350E+092  0.85485721E+093  0.78928654E+095  0.70825662E+097  0.48724771E+099  0.24961919E+101  0.97046751E+102  0.29463211E+104  0.71850752E+105  0.14433432E+107  0.24408082E+108  0.35400953E+109  0.44741676E+110  0.49950628E+111  0.49843134E+112  0.44906500E+113  0.36855339E+114  0.27767496E+115  0.19336332E+116  0.12520939E+117
  0.58554883E+074  0.10539874E+076  0.21632414E+086  0.12130701E+092  0.10669560E+096  0.11705366E+099  0.17326945E+100  0.47189068E+100  0.76258384E+100  0.92821287E+100  0.96518475E+100  0.98438977E+100  0.11208123E+101  0.16181959E+101  0.37079978E+101  0.22771612E+102  0.67987733E+103  0.46800795E+105  0.32197613E+107  0.17500643E+109  0.72568980E+110  0.23282724E+112  0.59261779E+113  0.12276366E+115  0.21182119E+116  0.31061623E+117  0.39389323E+118  0.43842140E+119  0.43382969E+120  0.38589218E+121  0.31151999E+122  0.23015154E+123  0.15675676E+124  0.99065465E+124  0.58423701E+125
  0.11030203E+086  0.18751335E+087  0.87504975E+096  0.23008385E+102  0.12245264E+106  0.92168097E+108  0.12733169E+110  0.34276126E+110  0.55136074E+110  0.66998366E+110  0.69645325E+110  0.71020037E+110  0.80772739E+110  0.11617381E+111  0.26265271E+111  0.15056026E+112  0.35789771E+113  0.18431242E+115  0.97246373E+116  0.41740877E+118  0.13998844E+120  0.37030571E+121  0.78943630E+122  0.13877577E+124  0.20545900E+125  0.26098833E+126  0.28907015E+127  0.28307037E+128  0.24802308E+129  0.19647315E+130  0.14198186E+131  0.94341606E+131  0.58037628E+132  0.33257877E+133  0.17848744E+134
  0.15583506E+097  0.24933596E+098  0.26547386E+107  0.32730058E+112  0.10539472E+116  0.54407177E+118  0.69816417E+119  0.18545460E+120  0.29673960E+120  0.35987994E+120  0.37396319E+120  0.38127586E+120  0.43307688E+120  0.62014666E+120  0.13807437E+121  0.73624099E+121  0.14004853E+123  0.54169703E+124  0.21929725E+126  0.74294590E+127  0.20134916E+129  0.43869621E+130  0.78246066E+131  0.11659251E+133  0.14794469E+134  0.16260869E+135  0.15713314E+136  0.13522619E+137  0.10480075E+138  0.73856502E+138  0.47729920E+139  0.28495765E+140  0.15818732E+141  0.82120264E+141  0.40070858E+142
  0.17613141E+108  0.26419696E+109  0.64431877E+117  0.37247363E+122  0.72561500E+125  0.25677753E+128  0.30441419E+129  0.79638590E+129  0.12664525E+130  0.15324486E+130  0.15917490E+130  0.16225328E+130  0.18402140E+130  0.26216313E+130  0.57356503E+130  0.28345136E+131  0.43361111E+132  0.12652856E+134  0.39330615E+135  0.10511589E+137  0.22999377E+138  0.41227665E+139  0.61447531E+140  0.77514584E+141  0.84194826E+142  0.79972164E+143  0.67340280E+144  0.50868924E+145  0.34830471E+146  0.21812726E+147  0.12592543E+148  0.67478885E+148  0.33768057E+149  0.15865599E+150  0.70322359E+150
  0.16589268E+119  0.23224960E+120  0.13031624E+128  0.35323119E+132  0.41622131E+135  0.10089966E+138  0.10983871E+139  0.28234570E+139  0.44579008E+139  0.53798868E+139  0.55853114E+139  0.56919196E+139  0.64442124E+139  0.91257751E+139  0.19568972E+140  0.89282388E+140  0.11036562E+142  0.24415805E+143  0.58332199E+144  0.12292747E+146  0.21692627E+147  0.31952694E+148  0.39743073E+149  0.42385382E+150  0.39354511E+151  0.32260218E+152  0.23639491E+153  0.15654482E+154  0.94581148E+154  0.52572158E+155  0.27080338E+156  0.13010245E+157  0.58627476E+157  0.24904173E+158  0.10016919E+159
  0.13392783E+130  0.17410606E+131  0.22591732E+138  0.28712252E+142  0.20457372E+145  0.33939809E+147  0.33691655E+148  0.84859593E+148  0.13285999E+149  0.15983626E+149  0.16584257E+149  0.16895855E+149  0.19089253E+149  0.26842805E+149  0.56251415E+149  0.23596343E+150  0.23677995E+151  0.39926588E+152  0.73412646E+153  0.12193571E+155  0.17335761E+156  0.20954455E+157  0.21718691E+158  0.19552897E+159  0.15495751E+160  0.10946138E+161  0.69700865E+161  0.40406593E+162  0.21512373E+163  0.10599196E+164  0.48654212E+164  0.20931717E+165  0.84838947E+165  0.32546501E+166  0.11866666E+167
  0.94606828E+140  0.11352811E+142  0.34269559E+148  0.20420453E+152  0.87931034E+154  0.99702650E+156  0.89543123E+157  0.22024204E+158  0.34141072E+158  0.40920493E+158  0.42428683E+158  0.43210781E+158  0.48699842E+158  0.67912340E+158  0.13860616E+159  0.53224733E+159  0.43542036E+160  0.56285886E+161  0.79785606E+162  0.10441597E+164  0.11946544E+165  0.11832675E+166  0.10203549E+167  0.77417322E+167  0.52281669E+168  0.31773985E+169  0.17553844E+170  0.88948529E+170  0.41668526E+171  0.18172471E+172  0.74237532E+172  0.28562631E+173  0.10399786E+174  0.35987824E+174  0.11880875E+175
  0.54458670E+152  0.59904490E+153  0.42360424E+159  0.11833621E+163  0.30770009E+165  0.23799913E+167  0.19163763E+168  0.45842384E+168  0.70228846E+168  0.83800097E+168  0.86816192E+168  0.88379446E+168  0.99311848E+168  0.13712755E+169  0.27150783E+169  0.95001353E+169  0.63611192E+170  0.63418098E+171  0.69452064E+172  0.71604746E+173  0.65854967E+174  0.53365847E+175  0.38220240E+176  0.24395732E+177  0.14013882E+178  0.73146178E+178  0.35000465E+179  0.15476639E+180  0.63692843E+180  0.24550333E+181  0.89124435E+181  0.30623673E+182  0.10003259E+183  0.31184787E+183  0.93105762E+183
  0.27322096E+164  0.27322073E+165  0.45636680E+170  0.59757139E+173  0.93702639E+175  0.49310818E+177  0.35229611E+178  0.81556957E+178  0.12319028E+179  0.14620905E+179  0.15131847E+179  0.15396507E+179  0.17239355E+179  0.23524232E+179  0.44982015E+179  0.14272012E+180  0.78493967E+180  0.60728428E+181  0.51515187E+182  0.41843820E+183  0.30900595E+184  0.20453540E+185  0.12143835E+186  0.65083455E+186  0.31739959E+187  0.14201124E+188  0.58746575E+188  0.22628016E+189  0.81669703E+189  0.27776433E+190  0.89467503E+190  0.27413356E+191  0.80220432E+191  0.22499120E+192  0.60670381E+192
  0.12138755E+176  0.10924870E+177  0.43539050E+181  0.26711530E+184  0.25204849E+186  0.89916948E+187  0.56318747E+188  0.12541463E+189  0.18624379E+189  0.21960874E+189  0.22700348E+189  0.23083091E+189  0.25734038E+189  0.34622091E+189  0.63606479E+189  0.18205760E+190  0.82498667E+190  0.49840215E+191  0.32848022E+192  0.21027460E+193  0.12455396E+194  0.67228738E+194  0.33025161E+195  0.14830370E+196  0.61273048E+196  0.23451657E+197  0.83703045E+197  0.28030331E+198  0.88560460E+198  0.26529947E+199  0.75690678E+199  0.20648001E+200  0.54047425E+200  0.13617653E+201  0.33119868E+201
  0.48368254E+187  0.38694562E+188  0.37253036E+192  0.10699345E+195  0.60547175E+196  0.14569726E+198  0.78898182E+198  0.16776025E+199  0.24404993E+199  0.28548554E+199  0.29465172E+199  0.29939155E+199  0.33200587E+199  0.43912605E+199  0.77056051E+199  0.19788375E+200  0.74071747E+200  0.35157265E+201  0.18064173E+202  0.91191979E+202  0.43287278E+203  0.19020132E+204  0.77145131E+204  0.28963148E+205  0.10115045E+206  0.33044124E+206  0.10153857E+207  0.29500988E+207  0.81428946E+207  0.21445157E+208  0.54095922E+208  0.13115636E+209  0.30658294E+209  0.69285857E+209  0.15176169E+210
  0.17464906E+199  0.12225420E+200  0.28882167E+203  0.38764027E+205  0.13086012E+207  0.21095746E+208  0.97180753E+208  0.19551178E+209  0.27736540E+209  0.32128235E+209  0.33097454E+209  0.33598041E+209  0.37014557E+209  0.47959375E+209  0.79847232E+209  0.18291827E+210  0.56672966E+210  0.21257222E+211  0.85469432E+211  0.34059645E+212  0.12946397E+213  0.46230350E+213  0.15448900E+214  0.48378001E+214  0.14247248E+215  0.39631767E+215  0.10460176E+216  0.26308048E+216  0.63303549E+216  0.14626550E+217  0.32558108E+217  0.70027418E+217  0.14592308E+218  0.29530066E+218  0.58160012E+218
  0.57639378E+210  0.34583578E+211  0.20460032E+214  0.12785408E+216  0.25535931E+217  0.27321684E+218  0.10505662E+219  0.19773986E+219  0.27200167E+219  0.31123794E+219  0.31987126E+219  0.32432351E+219  0.35440093E+219  0.44787612E+219  0.70215783E+219  0.14261801E+220  0.36624707E+220  0.10915242E+221  0.34479345E+221  0.10860785E+222  0.33040270E+222  0.95729537E+222  0.26299314E+223  0.68524194E+223  0.16973893E+224  0.40102639E+224  0.90686696E+224  0.19696552E+225  0.41221417E+225  0.83376287E+225  0.16342971E+226  0.31121429E+226  0.57702246E+226  0.10437578E+227  0.18452938E+227
  0.17513089E+222  0.87565299E+222  0.13326695E+225  0.38488647E+226  0.44909498E+227  0.31485261E+228  0.98816845E+228  0.17159134E+229  0.22719022E+229  0.25599915E+229  0.26231378E+229  0.26556396E+229  0.28723835E+229  0.35215689E+229  0.51548373E+229  0.92231687E+229  0.19646038E+230  0.46750225E+230  0.11648842E+231  0.29052293E+231  0.70715960E+231  0.16599488E+232  0.37408791E+232  0.80895235E+232  0.16809374E+233  0.33639269E+233  0.65003222E+233  0.12160639E+234  0.22080296E+234  0.39003338E+234  0.67171233E+234  0.11300649E+235  0.18605209E+235  0.30024472E+235  0.47561819E+235
  0.49292115E+233  0.19716805E+234  0.80016857E+235  0.10529894E+237  0.70419184E+237  0.31787636E+238  0.79287517E+238  0.12480861E+239  0.15756558E+239  0.17412021E+239  0.17773070E+239  0.17958436E+239  0.19174318E+239  0.22655820E+239  0.30671048E+239  0.48008235E+239  0.84821368E+239  0.16184055E+240  0.31935501E+240  0.63183227E+240  0.12305370E+241  0.23370584E+241  0.43112280E+241  0.77175532E+241  0.13414919E+242  0.22674988E+242  0.37335610E+242  0.59995915E+242  0.94261056E+242  0.14504531E+243  0.21894198E+243  0.32467227E+243  0.47362162E+243  0.68047792E+243  0.96398559E+243
  0.12920436E+245  0.38761201E+245  0.43929186E+246  0.25679168E+247  0.95653206E+247  0.27137577E+248  0.52091101E+248  0.72704799E+248  0.86453798E+248  0.93180794E+248  0.94638251E+248  0.95384024E+248  0.10017275E+249  0.11315212E+249  0.14017544E+249  0.19052988E+249  0.27900101E+249  0.42828701E+249  0.67175131E+249  0.10565009E+250  0.16467775E+250  0.25276536E+250  0.38090173E+250  0.56298506E+250  0.81627817E+250  0.11618898E+251  0.16252863E+251  0.22368234E+251  0.30323074E+251  0.40535857E+251  0.53491473E+251  0.69747709E+251  0.89941700E+251  0.11479679E+252  0.14512977E+252
  0.31686968E+256  0.63373672E+256  0.21093403E+257  0.52563381E+257  0.10456614E+258  0.18030274E+258  0.25603934E+258  0.30804210E+258  0.33951208E+258  0.35426811E+258  0.35743678E+258  0.35905089E+258  0.36913223E+258  0.39468752E+258  0.44217955E+258  0.51775701E+258  0.62734774E+258  0.77670997E+258  0.97146501E+258  0.12171199E+259  0.15190834E+259  0.18826794E+259  0.23131547E+259  0.28156894E+259  0.33954020E+259  0.40573533E+259  0.48065560E+259  0.56479721E+259  0.65865192E+259  0.76270777E+259  0.87744836E+259  0.10033543E+260  0.11409023E+260  0.12905657E+260  0.14528159E+260
  0.73006204E+267  0.73005596E+267  0.73005596E+267  0.73005596E+267  0.73005596E+267  0.73005596E+267  0.73005596E+267  0.73005596E+267  0.73005596E+267  0.73005596E+267  0.73005596E+267  0.73005596E+267  0.73005596E+267  0.73005596E+267  0.73005596E+267  0.73005596E+267  0.73005596E+267  0.73005596E+267  0.73005596E+267  0.73005596E+267  0.73005596E+267  0.73005596E+267  0.73005596E+267  0.73005597E+267  0.73005597E+267  0.73005597E+267  0.73005597E+267  0.73005597E+267  0.73005597E+267  0.73005597E+267  0.73005597E+267  0.73005598E+267  0.73005598E+267  0.73005598E+267  0.73005598E+267
  0.85514691E+268  0.85514710E+268  0.85514802E+268  0.85514997E+268  0.85512615E+268  0.85514356E+268  0.85514826E+268  0.85515148E+268  0.85512633E+268  0.85512724E+268  0.85512744E+268  0.85512754E+268  0.85512816E+268  0.85512975E+268  0.85513269E+268  0.85513738E+268  0.85514417E+268  0.85515343E+268  0.85516551E+268  0.85516506E+268  0.85516450E+268  0.85518704E+268  0.85521373E+268  0.85524489E+268  0.85524382E+268  0.85524259E+268  0.85524121E+268  0.85523965E+268  0.85523791E+268  0.85523598E+268  0.85523385E+268  0.85523151E+268  0.85521498E+268  0.85521220E+268  0.85520919E+268
  0.52681273E+269  0.52681271E+269  0.52681261E+269  0.52681241E+269  0.52681207E+269  0.52681158E+269  0.52681109E+269  0.52681075E+269  0.52681055E+269  0.52681045E+269  0.52681043E+269  0.52681041E+269  0.52681032E+269  0.52681009E+269  0.52680966E+269  0.52680897E+269  0.52680798E+269  0.52680662E+269  0.52680485E+269  0.52680263E+269  0.52679989E+269  0.52679659E+269  0.52679268E+269  0.52678812E+269  0.52678286E+269  0.52677686E+269  0.52677006E+269  0.52676243E+269  0.28804012E+257  0.31024076E+261  0.65237497E+261  0.10278740E+262  0.14381485E+262  0.18845864E+262  0.23685145E+262
 -0.94632693E+256 -0.12050871E+257  0.19792731E+261  0.62159098E+260 -0.17193943E+261 -0.50819247E+261  0.26954992E+260  0.23820042E+259 -0.11858875E+260  0.26047449E+265 -0.55628356E+254 -0.55627623E+254 -0.91861752E+254  0.24053356E+266  0.24053408E+266  0.24053490E+266  0.24053569E+266  0.24053597E+266  0.24053556E+266  0.24053319E+266  0.24052545E+266  0.24086076E+266  0.24126004E+266  0.24172972E+266  0.24228180E+266  0.24230688E+266  0.24230520E+266  0.24232104E+266  0.24233836E+266  0.24236439E+266  0.24241657E+266  0.24246678E+266  0.24250302E+266  0.24252148E+266  0.24249865E+266
  0.34419324E+262  0.28307913E+262  0.15763652E+253  0.37595502E+254 -0.24421730E+262 -0.24601211E+262  0.68157416E+259  0.25556788E+259  0.28537265E+253  0.69523443E+253  0.75701834E+253  0.78851410E+253  0.16293253E+254  0.21398957E+267  0.50376777E+266  0.50087537E+266  0.41392815E+266  0.28522372E+266  0.21472139E+266  0.12160301E+266  0.13790196E+265  0.84009677E+267  0.84488103E+267  0.85121591E+267  0.86692069E+267  0.57768657E+266  0.13665129E+266  0.11285396E+267  0.11111252E+267  0.10839685E+267  0.10251326E+267  0.92880300E+266  0.69597426E+266  0.45475392E+266  0.39455194E+263
