  0.21190017E-009  0.21190017E-009  0.21190017E-009  0.21190018E-009  0.21190019E-009  0.21190022E-009  0.21190024E-009  0.21190025E-009  0.21190026E-009  0.21190026E-009  0.21190027E-009  0.21190027E-009  0.21190027E-009  0.21190028E-009  0.21190029E-009  0.21190031E-009  0.21190034E-009  0.21190038E-009  0.21190044E-009  0.21190051E-009  0.21190059E-009  0.21190069E-009  0.21190081E-009  0.21190095E-009  0.21190111E-009  0.21190130E-009  0.21190151E-009  0.21190174E-009  0.21190200E-009  0.21190229E-009  0.21190261E-009  0.21190296E-009  0.21190335E-009  0.21190377E-009  0.21190422E-009
 -0.12818119E+038 -0.27476863E+039 -0.64728326E+051 -0.37082623E+058 -0.15127408E+063 -0.52785162E+066 -0.94343613E+067 -0.26428921E+068 -0.43179987E+068 -0.52767747E+068 -0.54909731E+068 -0.56022850E+068 -0.63953534E+068 -0.93166514E+068 -0.22047894E+069 -0.16438410E+070 -0.10334508E+072 -0.18160616E+074 -0.29357393E+076 -0.34492100E+078 -0.28912158E+080 -0.17803855E+082 -0.84112519E+083 -0.32123940E+085 -0.10425655E+087 -0.30434223E+088 -0.99121274E+089  0.13602923E+091 -0.26477238E+092 -0.17770420E+093 -0.31017203E+094 -0.35345875E+095 -0.37513299E+096 -0.35614764E+097 -0.30756707E+098
 -0.68816018E+049 -0.14063219E+051 -0.74625409E+062 -0.20047570E+069 -0.49493446E+073 -0.11856084E+077 -0.20011012E+078 -0.55609871E+078 -0.90576354E+078 -0.11056469E+079 -0.11502921E+079 -0.11734900E+079 -0.13386318E+079 -0.19452015E+079 -0.45616382E+079 -0.32048132E+080 -0.15793797E+082 -0.20581459E+084 -0.25515240E+086 -0.23724695E+088 -0.16133446E+090 -0.82213702E+091 -0.32674654E+093 -0.10649192E+095 -0.29881992E+096 -0.76450085E+097 -0.22353776E+099  0.32115313E+100 -0.51517214E+101 -0.23911998E+102 -0.43158094E+103 -0.43270043E+104 -0.41797096E+105 -0.36038793E+106 -0.28384368E+107
 -0.18421292E+061 -0.35803585E+062 -0.42898941E+073 -0.54040991E+079 -0.80741693E+083 -0.13276761E+087 -0.21090433E+088 -0.58084199E+088 -0.94276708E+088 -0.11493600E+089 -0.11954915E+089 -0.12194585E+089 -0.13899132E+089 -0.20139547E+089 -0.46745614E+089 -0.30859495E+090 -0.11982025E+092 -0.11607788E+094 -0.11037379E+096 -0.81193272E+097 -0.44770843E+099 -0.18869033E+101 -0.63052063E+102 -0.17529600E+104 -0.42524287E+105 -0.95394657E+106 -0.25106390E+108  0.37613659E+109 -0.50785967E+110 -0.14458925E+111 -0.30041929E+112 -0.26033899E+113 -0.22969928E+114 -0.17956605E+115 -0.12889420E+116
 -0.32773052E+072 -0.60420375E+073 -0.16389860E+084 -0.96818172E+089 -0.87541292E+093 -0.98796534E+096 -0.14715397E+098 -0.40117524E+098 -0.64856712E+098 -0.78954820E+098 -0.82101913E+098 -0.83736694E+098 -0.95350633E+098 -0.13771032E+099 -0.31593357E+099 -0.19539226E+100 -0.60080969E+101 -0.43397368E+103 -0.31657256E+105 -0.18417258E+107 -0.82301470E+108 -0.28669936E+110 -0.80501312E+111 -0.19084160E+113 -0.40021595E+114 -0.78776029E+115 -0.18719790E+117  0.29169138E+118 -0.33851561E+119 -0.44954656E+119 -0.14041970E+121 -0.10210458E+122 -0.82933945E+122 -0.58618907E+123 -0.38326946E+124
 -0.43578232E+083 -0.75983039E+084 -0.46801836E+094 -0.12964418E+100 -0.70937693E+103 -0.54934427E+106 -0.76399413E+107 -0.20589813E+108 -0.33135889E+108 -0.40271805E+108 -0.41864176E+108 -0.42691198E+108 -0.48559158E+108 -0.69868752E+108 -0.15818210E+109 -0.91358113E+109 -0.22361617E+111 -0.12084455E+113 -0.67653790E+114 -0.31115816E+116 -0.11261759E+118 -0.32403477E+119 -0.76404989E+120 -0.15439335E+122 -0.27992161E+123 -0.48390175E+124 -0.10422316E+126  0.16863406E+127 -0.17170566E+128 -0.13232399E+127 -0.50119222E+129 -0.29089732E+130 -0.22124443E+131 -0.14067887E+132 -0.83770473E+132
 -0.46175597E+094 -0.75894326E+095 -0.10649872E+105 -0.13833975E+110 -0.45805171E+113 -0.24332312E+116 -0.31448383E+117 -0.83649479E+117 -0.13391736E+118 -0.16244481E+118 -0.16880804E+118 -0.17211220E+118 -0.19552160E+118 -0.28010551E+118 -0.62464938E+118 -0.33576283E+119 -0.65756719E+120 -0.26691630E+122 -0.11474658E+124 -0.41707023E+125 -0.12217736E+127 -0.29014811E+128 -0.57414216E+129 -0.98860756E+130 -0.15499466E+132 -0.23562454E+133 -0.46210356E+134  0.77572883E+135 -0.70684098E+136  0.65181863E+136 -0.14799745E+138 -0.62990467E+138 -0.46584689E+139 -0.26378888E+140 -0.14320591E+141
 -0.40591928E+105 -0.62657881E+106 -0.20105489E+115 -0.12247113E+120 -0.24535900E+123 -0.89366718E+125 -0.10677135E+127 -0.27976458E+127 -0.44517959E+127 -0.53880905E+127 -0.55968358E+127 -0.57052020E+127 -0.64716325E+127 -0.92246646E+127 -0.20219571E+128 -0.10078916E+129 -0.15873094E+130 -0.48612643E+131 -0.16060739E+133 -0.46118332E+134 -0.10927226E+136 -0.21401302E+137 -0.35515832E+138 -0.52098496E+139 -0.70664488E+140 -0.94636011E+141 -0.16995378E+143  0.29591171E+144 -0.24581822E+145  0.41659327E+145 -0.38377221E+146 -0.10308626E+147 -0.81116997E+147 -0.40027664E+148 -0.19895158E+149
 -0.30429765E+116 -0.43928613E+117 -0.32368465E+125 -0.92461522E+129 -0.11206170E+133 -0.27967721E+135 -0.30703789E+136 -0.79070180E+136 -0.12493688E+137 -0.15081890E+137 -0.15658595E+137 -0.15957894E+137 -0.18070405E+137 -0.25606254E+137 -0.55029110E+137 -0.25341208E+138 -0.32251104E+139 -0.74894594E+140 -0.19037358E+142 -0.43176120E+143 -0.82684887E+144 -0.13344532E+146 -0.18560528E+147 -0.23193266E+148 -0.27237300E+149 -0.32211939E+150 -0.53334103E+151  0.96319422E+152 -0.74198015E+153  0.16858320E+154 -0.91401817E+154 -0.11249062E+155 -0.12204674E+156 -0.50007542E+156 -0.23059155E+157
 -0.19842123E+127 -0.26660062E+128 -0.45328051E+135 -0.60719293E+139 -0.44507018E+142 -0.76043203E+144 -0.76188699E+145 -0.19231237E+146 -0.30136579E+146 -0.36267902E+146 -0.37633156E+146 -0.38341456E+146 -0.43328676E+146 -0.60974604E+146 -0.12810615E+147 -0.54281464E+147 -0.56089894E+148 -0.99308258E+149 -0.19450766E+151 -0.34837568E+152 -0.53885882E+153 -0.71605482E+154 -0.83424626E+155 -0.88820946E+156 -0.90426421E+157 -0.94747015E+158 -0.14582228E+160  0.27319453E+161 -0.19813733E+162  0.53273448E+162 -0.20557975E+163 -0.98387174E+161 -0.16768742E+164 -0.51177299E+164 -0.22781946E+165
 -0.10469938E+139 -0.13020545E+140 -0.51367346E+146 -0.32267230E+150 -0.14297703E+153 -0.16702324E+155 -0.15154093E+156 -0.37369269E+156 -0.57991893E+156 -0.69536130E+156 -0.72104573E+156 -0.73436546E+156 -0.82787995E+156 -0.11555661E+157 -0.23656392E+157 -0.91840875E+157 -0.77397306E+158 -0.10509623E+160 -0.15892343E+161 -0.22480389E+162 -0.28067409E+163 -0.30685838E+164 -0.29934430E+165 -0.27170637E+166 -0.24027594E+167 -0.22403638E+168 -0.32364994E+169  0.62901171E+170 -0.43521215E+171  0.12964044E+172 -0.40422267E+172  0.31553344E+172 -0.20798371E+173 -0.36934458E+173 -0.18063234E+174
 -0.47752751E+150 -0.54610820E+151 -0.50317238E+157 -0.14821235E+161 -0.39669703E+163 -0.31628305E+165 -0.25757170E+166 -0.61805469E+166 -0.94810639E+166 -0.11318983E+167 -0.11727493E+167 -0.11939238E+167 -0.13420673E+167 -0.18552251E+167 -0.36866027E+167 -0.13055225E+168 -0.90104560E+168 -0.94426450E+169 -0.11051703E+171 -0.12351086E+172 -0.12441170E+173 -0.11183806E+174 -0.91339119E+174 -0.70766811E+175 -0.54520138E+176 -0.45508307E+177 -0.62414669E+178  0.12578112E+180 -0.83960028E+180  0.26643598E+181 -0.73170585E+181  0.94001053E+181 -0.26541703E+182 -0.13213991E+182 -0.12810024E+183
 -0.19094181E+162 -0.19927084E+163 -0.43212516E+168 -0.59677680E+171 -0.96364178E+173 -0.52307926E+175 -0.37847903E+176 -0.87948129E+176 -0.13306467E+177 -0.15802918E+177 -0.16357135E+177 -0.16644231E+177 -0.18644378E+177 -0.25477790E+177 -0.48929669E+177 -0.15731592E+178 -0.89265275E+178 -0.72671681E+179 -0.66036479E+180 -0.58351337E+181 -0.47408502E+182 -0.35028369E+183 -0.23960102E+184 -0.15881000E+185 -0.10706115E+186 -0.80640237E+186 -0.10636735E+188  0.22201727E+189 -0.14430933E+190  0.47605244E+190 -0.12171858E+191  0.18952253E+191 -0.35934705E+191  0.15156431E+191 -0.92067031E+191
 -0.67629275E+173 -0.63816774E+174 -0.32874007E+179 -0.21279006E+182 -0.20687788E+184 -0.76194619E+185 -0.48414286E+186 -0.10831229E+187 -0.16118239E+187 -0.19021165E+187 -0.19664673E+187 -0.19997778E+187 -0.22306523E+187 -0.30064744E+187 -0.55525485E+187 -0.16129432E+188 -0.75509545E+188 -0.48079838E+189 -0.34049542E+190 -0.23820060E+191 -0.15612179E+192 -0.94822623E+192 -0.54390445E+193 -0.30958981E+194 -0.18380928E+195 -0.12625361E+196 -0.16244587E+197  0.35045111E+198 -0.22348693E+199  0.75455900E+199 -0.18571957E+200  0.31397867E+200 -0.49839335E+200  0.44594928E+200 -0.79547846E+200
 -0.21367248E+185 -0.18026133E+186 -0.22309978E+190 -0.67636729E+192 -0.39465700E+194 -0.98167465E+195 -0.54043197E+196 -0.11557814E+197 -0.16858759E+197 -0.19741807E+197 -0.20379748E+197 -0.20709670E+197 -0.22981922E+197 -0.30466975E+197 -0.53808628E+197 -0.14051150E+198 -0.54443680E+198 -0.27302483E+199 -0.15138127E+200 -0.84019203E+200 -0.44459099E+201 -0.22218184E+202 -0.10716174E+203 -0.52713297E+203 -0.27821150E+204 -0.17664846E+205 -0.22496523E+206  0.50001664E+207 -0.31470323E+208  0.10768564E+209 -0.26001501E+209  0.45524026E+209 -0.67277736E+209  0.72920435E+209 -0.85850447E+209
 -0.60444222E+196 -0.44948957E+197 -0.13556758E+201 -0.19219670E+203 -0.66970248E+204 -0.11179483E+206 -0.52500656E+206 -0.10640520E+207 -0.15148221E+207 -0.17571217E+207 -0.18106150E+207 -0.18382484E+207 -0.20270836E+207 -0.26343907E+207 -0.44214359E+207 -0.10325474E+208 -0.33209379E+208 -0.13210196E+209 -0.57666539E+209 -0.25473877E+210 -0.10902850E+211 -0.44942034E+211 -0.18322677E+212 -0.78692597E+212 -0.37409810E+213 -0.22331155E+214 -0.28536461E+215  0.65065575E+216 -0.40600133E+217  0.13994938E+218 -0.33487448E+218  0.59468544E+218 -0.85622784E+218  0.98262682E+218 -0.10171060E+219
 -0.15304423E+208 -0.98508027E+208 -0.73727725E+211 -0.48718301E+213 -0.10059050E+215 -0.11173580E+216 -0.43964795E+216 -0.83555621E+216 -0.11547888E+217 -0.13238973E+217 -0.13611261E+217 -0.13803302E+217 -0.15102947E+217 -0.19163853E+217 -0.30354143E+217 -0.63067288E+217 -0.16884741E+218 -0.53680063E+218 -0.18578392E+219 -0.65639029E+219 -0.22805682E+220 -0.77944363E+220 -0.27124248E+221 -0.10338278E+222 -0.45067750E+222 -0.25793915E+223 -0.33439575E+224  0.77811999E+225 -0.48297789E+226  0.16710903E+227 -0.39828716E+227  0.71107829E+227 -0.10150183E+228  0.11839563E+228 -0.11846990E+228
 -0.34460498E+219 -0.18735406E+220 -0.35631701E+222 -0.10900019E+224 -0.13179310E+225 -0.96320082E+225 -0.31105349E+226 -0.54728830E+226 -0.72944340E+226 -0.82419729E+226 -0.84498256E+226 -0.85568509E+226 -0.92724615E+226 -0.11432573E+227 -0.16962824E+227 -0.31203600E+227 -0.69763173E+227 -0.17879188E+228 -0.49522693E+228 -0.14101933E+229 -0.40047896E+229 -0.11469311E+230 -0.34675603E+230 -0.12026080E+231 -0.49166628E+231 -0.27539699E+232 -0.36453155E+233  0.86085400E+234 -0.53274798E+235  0.18465093E+236 -0.43941340E+236  0.78591622E+236 -0.11190081E+237  0.13106739E+237 -0.13015172E+237
 -0.67745803E+230 -0.30059621E+231 -0.14984479E+233 -0.20941741E+234 -0.14570297E+235 -0.69052197E+235 -0.17882017E+236 -0.28688938E+236 -0.36579697E+236 -0.40592730E+236 -0.41469076E+236 -0.41919292E+236 -0.44885084E+236 -0.53479993E+236 -0.73773820E+236 -0.11969972E+237 -0.22457989E+237 -0.46933649E+237 -0.10554464E+238 -0.24540933E+238 -0.57739128E+238 -0.14156211E+239 -0.38356696E+239 -0.12537427E+240 -0.49258020E+240 -0.27488237E+241 -0.37171879E+242  0.88610481E+243 -0.54757277E+244  0.18992319E+245 -0.45172132E+245  0.80835106E+245 -0.11502245E+246  0.13484401E+246 -0.13371095E+246
 -0.11076291E+242 -0.38078104E+242 -0.51705247E+243 -0.32235463E+244 -0.12591961E+245 -0.38062383E+245 -0.77184581E+245 -0.11106198E+246 -0.13425660E+246 -0.14573767E+246 -0.14823112E+246 -0.14950857E+246 -0.15777603E+246 -0.18066161E+246 -0.23032667E+246 -0.32965447E+246 -0.52464579E+246 -0.91218007E+246 -0.17101022E+247 -0.33283634E+247 -0.66757871E+247 -0.14628582E+248 -0.37308699E+248 -0.11959424E+249 -0.46073939E+249 -0.25897270E+250 -0.35603901E+251  0.85287307E+252 -0.52672778E+253  0.18273513E+254 -0.43456301E+254  0.77773888E+254 -0.11065298E+255  0.12974066E+255 -0.12862475E+255
 -0.12759761E+253 -0.31131947E+253 -0.11960493E+254 -0.32131026E+254 -0.68710109E+254 -0.13189269E+255 -0.20741409E+255 -0.26519213E+255 -0.30232260E+255 -0.32022077E+255 -0.32408679E+255 -0.32606200E+255 -0.33863222E+255 -0.37206219E+255 -0.43990029E+255 -0.56452830E+255 -0.78810721E+255 -0.11968901E+256 -0.19853328E+256 -0.34144772E+256 -0.62200282E+256 -0.13109375E+257 -0.33207394E+257 -0.10704668E+258 -0.40877634E+258 -0.23176531E+259 -0.32129297E+260  0.77094161E+261 -0.47605384E+262  0.16516302E+263 -0.39276511E+263  0.70294504E+263 -0.10001019E+264  0.11726368E+264 -0.11625323E+264
  0.11294779E+259  0.11294778E+259  0.11294774E+259  0.11294765E+259  0.11294754E+259  0.11294733E+259  0.11294713E+259  0.11294700E+259  0.11294692E+259  0.11294688E+259  0.11294358E+259  0.11294384E+259  0.11294382E+259  0.11294376E+259  0.11294364E+259  0.11294348E+259  0.11294325E+259  0.11294298E+259  0.11294134E+259  0.11294106E+259  0.11294084E+259  0.11294077E+259  0.11294097E+259  0.11294159E+259  0.11294280E+259  0.11294484E+259  0.11294799E+259  0.11295260E+259  0.11295905E+259  0.11296783E+259  0.11297949E+259  0.11299466E+259  0.11301406E+259  0.11303853E+259  0.11306503E+259
  0.49713521E+257  0.49877582E+257  0.50641907E+257  0.52273817E+257  0.51564348E+258  0.27364306E+258  0.35453861E+258  0.41008718E+258  0.44370420E+258  0.45946594E+258  0.46279861E+258  0.46452270E+258  0.47530046E+258  0.50262181E+258  0.55339881E+258  0.63421135E+258  0.75129744E+258  0.91087579E+258  0.11189457E+259  0.13813857E+259  0.17039674E+259  0.20923689E+259  0.25521834E+259  0.30889286E+259  0.37080548E+259  0.44149487E+259  0.52149381E+259  0.61132920E+259  0.71152251E+259  0.82259065E+259  0.94504506E+259  0.10793933E+260  0.12261143E+260  0.13860215E+260  0.13844999E+260
 -0.19825358E+252 -0.39650712E+252 -0.13196015E+253 -0.14249103E+254 -0.15706439E+252 -0.15705347E+252 -0.15704300E+252 -0.15691852E+252 -0.15690585E+252 -0.15689906E+252 -0.15689779E+252 -0.15689622E+252 -0.15689228E+252 -0.15686263E+252 -0.15680402E+252 -0.46298616E+253  0.15981973E+258  0.14374592E+249  0.26628999E+255  0.60218225E+255 -0.19018965E+256 -0.49170778E+256 -0.84869975E+256 -0.12655071E+257 -0.17452870E+257 -0.22945211E+257 -0.29177158E+257 -0.34652494E+257 -0.41782384E+257 -0.49199270E+257 -0.58786480E+257 -0.69306847E+257 -0.80800118E+257 -0.93305882E+257 -0.10686355E+258
  0.98764284E+252  0.98776074E+252  0.98762658E+252  0.98780749E+252  0.13317427E+254  0.12798887E+254  0.12267403E+254  0.37325882E+254  0.36666126E+254  0.36359340E+254  0.36291021E+254  0.35805325E+254  0.35600269E+254  0.10673985E+255  0.11354801E+255  0.10884817E+255  0.10884835E+255  0.10884610E+255  0.15745987E+256  0.15754179E+256  0.15754181E+256  0.15754641E+256  0.15754912E+256  0.11834954E+257  0.12768007E+263  0.36543380E+257  0.33346905E+258  0.20178533E+261  0.21074736E+261  0.11608926E+261  0.63927679E+260  0.10309641E+258  0.24108395E+252  0.31292405E+252  0.31439090E+252
