  0.92066449E-010  0.92066449E-010  0.92066454E-010  0.92066462E-010  0.92066477E-010  0.92066498E-010  0.92066520E-010  0.92066534E-010  0.92066543E-010  0.92066547E-010  0.92066548E-010  0.92066549E-010  0.92066551E-010  0.92066559E-010  0.92066572E-010  0.92066593E-010  0.92066624E-010  0.92066666E-010  0.92066721E-010  0.92066790E-010  0.92066875E-010  0.92066977E-010  0.92067098E-010  0.92067239E-010  0.92067402E-010  0.92067589E-010  0.92067799E-010  0.92068036E-010  0.92068300E-010  0.92068592E-010  0.92068915E-010  0.92069269E-010  0.92069656E-010  0.92070076E-010  0.92070533E-010
  0.26029163E+039  0.54661216E+040  0.97113522E+052  0.52835000E+059  0.20973380E+064  0.71169544E+067  0.12655152E+069  0.35426579E+069  0.57864899E+069  0.70706438E+069  0.73575284E+069  0.75066115E+069  0.85687124E+069  0.12480025E+070  0.29527563E+070  0.63791197E+071  0.12346575E+075  0.95113388E+077  0.29665619E+080  0.47329678E+082  0.45011878E+084  0.28327586E+086  0.12711441E+088  0.42986058E+089  0.11427970E+091  0.24687633E+092  0.44499143E+093  0.68377083E+094  0.91170518E+095  0.10706077E+097  0.11211706E+098  0.10583609E+099  0.90889732E+099  0.71579318E+100  0.52059441E+101
  0.13974359E+051  0.27948702E+052  0.11195893E+064  0.28561312E+070  0.68609778E+074  0.15981462E+078  0.26827520E+079  0.74493795E+079  0.12129704E+080  0.14804839E+080  0.15402332E+080  0.15712790E+080  0.17922701E+080  0.26037426E+080  0.61065693E+080  0.13694067E+082  0.19155378E+085  0.10818850E+088  0.25829619E+090  0.32570943E+092  0.25092299E+094  0.13043667E+096  0.49116999E+097  0.14122351E+099  0.32277229E+100  0.60516027E+101  0.95449790E+102  0.12926943E+104  0.15288743E+105  0.16015895E+106  0.15038983E+107  0.12788404E+108  0.99348745E+108  0.71051476E+109  0.47093314E+110
  0.37408438E+062  0.71075993E+063  0.64358188E+074  0.76984093E+080  0.11190853E+085  0.17891517E+088  0.28256854E+089  0.77751351E+089  0.12615447E+090  0.15377975E+090  0.15994822E+090  0.16315292E+090  0.18594275E+090  0.26934956E+090  0.62563513E+090  0.14683873E+092  0.14815425E+095  0.61331080E+097  0.11202639E+100  0.11157490E+102  0.69572483E+103  0.29845451E+105  0.94218554E+106  0.23010133E+108  0.45166412E+109  0.73419787E+110  0.10123113E+112  0.12071693E+113  0.12651934E+114  0.11812210E+115  0.99363548E+115  0.76045846E+116  0.53396567E+117  0.34649819E+118  0.20912803E+119
  0.66554029E+073  0.11979718E+075  0.24587590E+085  0.13790858E+091  0.12130995E+095  0.13309467E+098  0.19701608E+099  0.53656426E+099  0.86709802E+099  0.10554272E+100  0.10974662E+100  0.11193034E+100  0.12744231E+100  0.18399757E+100  0.42293030E+100  0.10486167E+102  0.76134886E+104  0.23092231E+107  0.32249903E+109  0.25348111E+111  0.12780740E+113  0.45197917E+114  0.11948714E+116  0.24758224E+117  0.41689777E+118  0.58689580E+119  0.70660562E+120  0.74112941E+121  0.68760284E+122  0.57156088E+123  0.43028577E+124  0.29610121E+125  0.18774502E+126  0.11044490E+127  0.60646903E+127
  0.88498526E+084  0.15044741E+086  0.70207744E+095  0.18464550E+101  0.98280663E+104  0.73978905E+107  0.10220410E+109  0.27512138E+109  0.44255653E+109  0.53777083E+109  0.55901701E+109  0.57005132E+109  0.64833273E+109  0.93248452E+109  0.21198459E+110  0.56102136E+111  0.29230840E+114  0.64926734E+116  0.69271814E+118  0.42924377E+120  0.17480526E+122  0.50898449E+123  0.11253824E+125  0.19758656E+126  0.28505443E+127  0.34709540E+128  0.36445888E+129  0.33582403E+130  0.27549264E+131  0.20365832E+132  0.13706581E+133  0.84722389E+133  0.48460149E+134  0.25818792E+135  0.12886969E+136
  0.93775442E+095  0.15004061E+097  0.15975169E+106  0.19700511E+111  0.63445386E+114  0.32754169E+117  0.42031330E+118  0.11164882E+119  0.17864564E+119  0.21665798E+119  0.22513652E+119  0.22953896E+119  0.26072471E+119  0.37334635E+119  0.83946833E+119  0.23981874E+121  0.89382677E+123  0.14529357E+126  0.11830612E+128  0.57723114E+129  0.18960468E+131  0.45390587E+132  0.83815095E+133  0.12451110E+135  0.15368030E+136  0.16163046E+137  0.14781515E+138  0.11949803E+139  0.86569816E+139  0.56845987E+140  0.34162829E+141  0.18946265E+142  0.97656914E+142  0.47074049E+143  0.21336343E+144
  0.82438087E+106  0.12365705E+108  0.30157243E+116  0.17438175E+121  0.33975500E+124  0.12023971E+127  0.14254821E+128  0.37292510E+128  0.59304470E+128  0.71760364E+128  0.74537240E+128  0.75978765E+128  0.86172205E+128  0.12276396E+129  0.27340613E+129  0.85295166E+130  0.22657773E+133  0.26929834E+135  0.16713469E+137  0.64114270E+138  0.16959084E+140  0.33324507E+141  0.51304630E+142  0.64380823E+143  0.67874971E+144  0.61563609E+145  0.48962751E+146  0.34678603E+147  0.22155221E+148  0.12905570E+149  0.69168691E+149  0.34375994E+150  0.15948709E+151  0.69478650E+151  0.28566303E+152
  0.61801673E+117  0.86522283E+118  0.48547998E+126  0.13163012E+131  0.15512394E+134  0.37607809E+136  0.40940266E+137  0.10523928E+138  0.16616046E+138  0.20052597E+138  0.20818284E+138  0.21215649E+138  0.24019698E+138  0.34014803E+138  0.75351258E+138  0.25949141E+140  0.48926221E+142  0.42468200E+144  0.20057256E+146  0.60383289E+147  0.12837569E+149  0.20665611E+150  0.26475615E+151  0.28012356E+152  0.25180410E+153  0.19662303E+154  0.13576946E+155  0.84113194E+155  0.47318522E+156  0.24415999E+157  0.11654376E+158  0.51837301E+158  0.21620303E+159  0.85019429E+159  0.31673212E+160
  0.40300035E+128  0.52390007E+129  0.67980425E+136  0.86424201E+140  0.61585878E+143  0.10218270E+146  0.10143747E+147  0.25549291E+147  0.40001187E+147  0.48123171E+147  0.49931545E+147  0.50869701E+147  0.57473565E+147  0.80817928E+147  0.17985055E+148  0.68881576E+149  0.91754050E+151  0.58071428E+153  0.20829060E+155  0.49103719E+156  0.83717043E+157  0.11015495E+159  0.11717944E+160  0.10431285E+161  0.79786573E+161  0.53532650E+162  0.32034200E+163  0.17329408E+164  0.85700517E+164  0.39109813E+165  0.16600980E+166  0.65990084E+166  0.24709377E+167  0.87597574E+167  0.29532998E+168
  0.21265710E+140  0.25518832E+141  0.77031025E+147  0.45916467E+151  0.19774899E+154  0.22424303E+156  0.20139749E+157  0.49536389E+157  0.76789568E+157  0.92037813E+157  0.95430029E+157  0.97189120E+157  0.10953511E+158  0.15274790E+158  0.34868028E+158  0.14840789E+160  0.13893515E+162  0.63980013E+163  0.17384065E+165  0.32005940E+166  0.43640843E+167  0.46812765E+168  0.41244063E+169  0.30816463E+170  0.20010610E+171  0.11511381E+172  0.59574864E+172  0.28086865E+173  0.12188344E+174  0.49108720E+174  0.18506887E+175  0.65644936E+175  0.22035081E+176  0.70326393E+176  0.21429179E+177
  0.96996566E+151  0.10669613E+153  0.75448286E+158  0.21084693E+162  0.54834425E+164  0.42417534E+166  0.34155629E+167  0.81705563E+167  0.12517028E+168  0.14935875E+168  0.15473443E+168  0.15752067E+168  0.17700586E+168  0.24440626E+168  0.59628939E+168  0.27712370E+170  0.18126169E+172  0.60563063E+173  0.12425968E+175  0.17808339E+176  0.19357730E+177  0.16875944E+178  0.12278516E+179  0.76790436E+179  0.42222936E+180  0.20775029E+181  0.92774995E+181  0.38037783E+182  0.14455328E+183  0.51325694E+183  0.17142153E+184  0.54166300E+184  0.16273714E+185  0.46689065E+185  0.12839863E+186
  0.38786993E+163  0.38786956E+164  0.64786703E+169  0.84867238E+172  0.13310269E+175  0.70053015E+176  0.50050261E+177  0.11586795E+178  0.17501705E+178  0.20772023E+178  0.21497929E+178  0.21873936E+178  0.24492107E+178  0.33421192E+178  0.93885584E+178  0.45458702E+180  0.20635796E+182  0.49837907E+183  0.76903836E+184  0.85450842E+185  0.73764636E+186  0.52075389E+187  0.31183318E+188  0.16272612E+189  0.75542728E+189  0.31705245E+190  0.12186363E+191  0.43348691E+191  0.14394633E+192  0.44947136E+192  0.13278400E+193  0.37309032E+193  0.10015461E+194  0.25788295E+194  0.63909269E+194
  0.13738955E+175  0.12365047E+176  0.49278587E+180  0.30246765E+183  0.28546972E+185  0.10185298E+187  0.63797290E+187  0.14207003E+188  0.21097851E+188  0.24877509E+188  0.25715201E+188  0.26148782E+188  0.29151841E+188  0.39220498E+188  0.14289874E+189  0.66111120E+190  0.20667337E+192  0.35898577E+193  0.41448369E+194  0.35531297E+195  0.24245995E+196  0.13801982E+197  0.67754435E+197  0.29395442E+198  0.11483363E+199  0.40984956E+199  0.13520494E+200  0.41617159E+200  0.12046173E+201  0.33003290E+201  0.86058051E+201  0.21458570E+202  0.51374509E+202  0.11851200E+203  0.26423137E+203
  0.43412134E+186  0.34729667E+187  0.33435834E+191  0.96081015E+193  0.54385673E+195  0.13089015E+197  0.70883294E+197  0.15072061E+198  0.21926293E+198  0.25649078E+198  0.26472616E+198  0.26898466E+198  0.29828711E+198  0.39453022E+198  0.21856938E+199  0.85681099E+200  0.18276065E+202  0.22677390E+203  0.19463194E+204  0.12793789E+205  0.68628090E+205  0.31341748E+206  0.12555592E+207  0.45100955E+207  0.14770345E+208  0.44675111E+208  0.12609086E+209  0.33486773E+209  0.84261405E+209  0.20204821E+210  0.46394582E+210  0.10244096E+211  0.21828741E+211  0.45027807E+211  0.90159108E+211
  0.12282179E+198  0.85975141E+198  0.20311346E+202  0.27277650E+204  0.92111804E+205  0.14851817E+207  0.68421432E+207  0.13765561E+208  0.19528879E+208  0.22621087E+208  0.23303519E+208  0.23655984E+208  0.26061575E+208  0.33767957E+208  0.33808046E+209  0.99027380E+210  0.14247525E+212  0.12513219E+213  0.79154964E+213  0.39592986E+214  0.16582092E+215  0.60389195E+215  0.19636394E+216  0.58121994E+216  0.15888962E+217  0.40569468E+217  0.97616783E+217  0.22295095E+218  0.48622911E+218  0.10176123E+219  0.20523823E+219  0.40033815E+219  0.75757738E+219  0.13944988E+220  0.25027290E+220
  0.31104191E+209  0.18662486E+210  0.11040931E+213  0.69046123E+214  0.13795409E+216  0.14763308E+217  0.56772128E+217  0.10686085E+218  0.14699469E+218  0.16819956E+218  0.17286536E+218  0.17527154E+218  0.19152668E+218  0.24204531E+218  0.51410561E+219  0.10153548E+221  0.97055322E+221  0.59567500E+222  0.27460384E+223  0.10350729E+224  0.33563516E+224  0.96769151E+224  0.25379928E+225  0.61561089E+225  0.13979342E+226  0.29999089E+226  0.61292313E+226  0.11995068E+227  0.22597437E+227  0.41151038E+227  0.72692399E+227  0.12493416E+228  0.20944516E+228  0.34325682E+228  0.55102045E+228
  0.70056017E+220  0.35027945E+221  0.53309534E+223  0.15410906E+225  0.17990165E+226  0.12616022E+227  0.39599903E+227  0.68766429E+227  0.91049791E+227  0.10259616E+228  0.10512701E+228  0.10642966E+228  0.11511664E+228  0.14113602E+228  0.73599949E+229  0.91000227E+230  0.56576618E+231  0.23822145E+232  0.78813121E+232  0.22105454E+233  0.54919386E+233  0.12426275E+234  0.26093488E+234  0.51540686E+234  0.96682807E+234  0.17351141E+235  0.29966868E+235  0.50045758E+235  0.81137176E+235  0.12812375E+236  0.19760584E+236  0.29836902E+236  0.44194398E+236  0.64327398E+236  0.92150485E+236
  0.13778738E+232  0.55114826E+232  0.22367283E+234  0.29473109E+235  0.19722712E+236  0.89061971E+236  0.22218079E+237  0.34976209E+237  0.44157224E+237  0.48797155E+237  0.49809107E+237  0.50328653E+237  0.53736566E+237  0.63494812E+237  0.94686993E+239  0.68938509E+240  0.26986356E+241  0.75783414E+241  0.17605653E+242  0.36132271E+242  0.67877658E+242  0.11926724E+243  0.19882191E+243  0.31760755E+243  0.48913031E+243  0.72997521E+243  0.10602179E+244  0.15038546E+244  0.20892564E+244  0.28496486E+244  0.38236016E+244  0.50555599E+244  0.65963742E+244  0.85038669E+244  0.10843433E+245
  0.22549007E+243  0.67646818E+243  0.76666064E+244  0.44911274E+245  0.16745018E+246  0.47532393E+246  0.91260643E+246  0.12738668E+247  0.15148302E+247  0.16327286E+247  0.16582722E+247  0.16713428E+247  0.17552719E+247  0.19827581E+247  0.10259808E+250  0.40765646E+250  0.94983922E+250  0.16944132E+251  0.26748219E+251  0.39266436E+251  0.54883676E+251  0.74021246E+251  0.97144986E+251  0.12477421E+252  0.15665578E+252  0.19307202E+252  0.23430351E+252  0.28062910E+252  0.33232633E+252  0.38967198E+252  0.45294181E+252  0.52241146E+252  0.59835611E+252  0.68105094E+252  0.77077190E+252
  0.26049024E+254  0.52097813E+254  0.17340322E+255  0.43432487E+255  0.86549052E+255  0.14937807E+256  0.21220713E+256  0.25534724E+256  0.28145392E+256  0.29369514E+256  0.29632379E+256  0.29766281E+256  0.30602603E+256  0.32722604E+256  0.78705665E+259  0.14733897E+260  0.18059217E+260  0.18333069E+260  0.18689479E+260  0.19138610E+260  0.19691265E+260  0.20356446E+260  0.21143269E+260  0.22061193E+260  0.22067944E+260  0.22075654E+260  0.22084380E+260  0.22094179E+260  0.22105105E+260  0.22117217E+260  0.22130574E+260  0.22145230E+260  0.22161241E+260  0.22178663E+260  0.22197549E+260
  0.31616407E+263  0.31616305E+263  0.31616306E+263  0.80073669E+263  0.80123732E+263  0.83230788E+263  0.83228520E+263  0.83226415E+263  0.83226379E+263  0.83226361E+263  0.83226391E+263  0.83226389E+263  0.83226377E+263  0.83226347E+263  0.83226292E+263  0.83227057E+263  0.83226929E+263  0.12563822E+268  0.12540612E+268  0.12528665E+268  0.12541796E+268  0.12536596E+268  0.12525225E+268  0.12516896E+268  0.23899953E+265  0.23899731E+265  0.23899479E+265  0.23899196E+265  0.23860134E+265  0.23859161E+265  0.23858776E+265  0.23858354E+265  0.23857893E+265  0.23857391E+265  0.23856847E+265
  0.14364551E+265 -0.52537827E+258 -0.10507799E+259 -0.54993404E+259  0.68594970E+266  0.34215773E+266 -0.18389953E+259 -0.36779689E+259 -0.47908337E+259  0.14527704E+259  0.75007188E+264 -0.35522549E+258 -0.71172723E+258 -0.16154432E+259 -0.32948945E+259 -0.19227222E+260 -0.19226426E+260  0.11524779E+268  0.10725025E+268  0.97038125E+267  0.84287702E+267  0.68633765E+267  0.49660162E+267  0.26880608E+267 -0.23566863E+260 -0.47132255E+260 -0.67342509E+261 -0.66637538E+261 -0.37653038E+260 -0.75304222E+260 -0.11681928E+261 -0.16237144E+261 -0.21213241E+261 -0.26627257E+261 -0.32496141E+261
 -0.54332283E+251 -0.10659111E+252 -0.35983882E+252  0.13776739E+254  0.19548119E+255  0.19418229E+255  0.19288385E+255  0.50710814E+255  0.59509110E+255  0.63543427E+255  0.64394312E+255  0.64971516E+255  0.67626093E+255  0.12651465E+256  0.23468188E+256  0.24967218E+256  0.26333085E+256  0.26885215E+256  0.27604540E+256  0.28664949E+256  0.36834954E+256  0.46619757E+256  0.58096433E+256  0.71253833E+256  0.23890507E+260  0.67716528E+264  0.67860090E+264  0.67985755E+264  0.68075666E+264  0.68074358E+264  0.68072907E+264  0.68071307E+264  0.68069719E+264  0.68067626E+264  0.68065296E+264
  0.12806663E+252  0.25052717E+252  0.58749127E+252  0.10392404E+253  0.15227168E+253  0.19771331E+253  0.20935774E+253  0.16832287E+253 -0.12506706E+253 -0.11128651E+257 -0.11824237E+251 -0.24335851E+251  0.29583950E+252  0.12157303E+266  0.12172690E+266  0.61464914E+254  0.11261583E+255  0.60326193E+255  0.12306216E+256  0.35638622E+257  0.78102231E+257  0.13184791E+258  0.17197317E+258  0.15002112E+259  0.30575419E+268  0.31116169E+268  0.90902243E+266  0.70999965E+266  0.45786141E+266  0.89000912E+263  0.85363924E+263  0.82151299E+263  0.13740215E+264  0.22016399E+263  0.44488130E+262
