  0.47014384E-010  0.47014384E-010  0.47014389E-010  0.47014397E-010  0.47014412E-010  0.47014432E-010  0.47014453E-010  0.47014468E-010  0.47014476E-010  0.47014480E-010  0.47014481E-010  0.47014482E-010  0.47014485E-010  0.47014492E-010  0.47014505E-010  0.47014526E-010  0.47014556E-010  0.47014597E-010  0.47014651E-010  0.47014718E-010  0.47014802E-010  0.47014902E-010  0.47015021E-010  0.47015159E-010  0.47015319E-010  0.47015502E-010  0.47015709E-010  0.47015941E-010  0.47016200E-010  0.47016487E-010  0.47016803E-010  0.47017151E-010  0.47017530E-010  0.47017943E-010  0.47018390E-010
  0.52238264E+042  0.10970030E+044  0.19489847E+056  0.10601570E+063  0.42080320E+067  0.14278511E+071  0.25389448E+072  0.71074646E+072  0.11609153E+073  0.14185487E+073  0.14761049E+073  0.15060147E+073  0.17190987E+073  0.25038053E+073  0.59205005E+073  0.43882749E+074  0.26765815E+076  0.44834318E+078  0.68474667E+080  0.75364419E+082  0.58815560E+084  0.33498128E+086  0.14432162E+088  0.48645002E+089  0.13209021E+091  0.29625163E+092  0.56054079E+093  0.91095465E+094  0.12911335E+096  0.16171046E+097  0.18101051E+098  0.18287076E+099  0.16818263E+100  0.14186798E+101  0.11049766E+102
  0.28044906E+054  0.56089782E+055  0.22468861E+067  0.57308098E+073  0.13765246E+078  0.32062063E+081  0.53821066E+082  0.14944845E+083  0.24334438E+083  0.29701251E+083  0.30899934E+083  0.31522770E+083  0.35956257E+083  0.52235881E+083  0.12238490E+084  0.85448001E+084  0.40866712E+086  0.50758831E+088  0.59419722E+090  0.51715339E+092  0.32709892E+094  0.15397521E+096  0.55709119E+097  0.15978453E+099  0.37333993E+100  0.72739121E+101  0.12055036E+103  0.17284112E+104  0.21751100E+105  0.24326307E+106  0.24439166E+107  0.22262474E+108  0.18538592E+109  0.14213767E+110  0.10097933E+111
  0.75073133E+065  0.14263887E+067  0.12915731E+078  0.15446390E+084  0.22451590E+088  0.35892757E+091  0.56686531E+092  0.15597805E+093  0.25308008E+093  0.30849946E+093  0.32087407E+093  0.32730306E+093  0.37302197E+093  0.54034516E+093  0.12528773E+094  0.82164229E+094  0.30968959E+096  0.28593527E+098  0.25658051E+100  0.17651549E+102  0.90429677E+103  0.35157177E+105  0.10673653E+107  0.26029409E+108  0.52288070E+109  0.88423283E+110  0.12824721E+112  0.16208590E+113  0.18095639E+114  0.18056697E+115  0.16268300E+116  0.13351602E+117  0.10059345E+118  0.70049825E+118  0.45359668E+119
  0.13356152E+077  0.24041060E+078  0.49342729E+088  0.27669677E+094  0.24336868E+098  0.26699503E+101  0.39522115E+102  0.10763651E+103  0.17394253E+103  0.21172190E+103  0.22015504E+103  0.22453564E+103  0.25565310E+103  0.36910446E+103  0.84578048E+103  0.51941197E+104  0.15507749E+106  0.10675087E+108  0.73441553E+109  0.39918313E+111  0.16552713E+113  0.53107021E+114  0.13517390E+116  0.28001931E+117  0.48315618E+118  0.70850396E+119  0.89845566E+120  0.10000227E+122  0.98954921E+122  0.88020555E+123  0.71056538E+124  0.52496701E+125  0.35755626E+126  0.22596459E+127  0.13326226E+128
  0.17759636E+088  0.30191364E+089  0.14089100E+099  0.37045602E+104  0.19715994E+108  0.14839905E+111  0.20501565E+112  0.55187693E+112  0.88774115E+112  0.10787349E+113  0.11213533E+113  0.11434875E+113  0.13005149E+113  0.18705045E+113  0.42289485E+113  0.24241577E+114  0.57624799E+115  0.29675983E+117  0.15657554E+119  0.67206622E+120  0.22539416E+122  0.59622598E+123  0.12710644E+125  0.22344164E+126  0.33080772E+127  0.42021500E+128  0.46542929E+129  0.45576909E+130  0.39933976E+131  0.31633966E+132  0.22860372E+133  0.15189858E+134  0.93445867E+134  0.53548210E+135  0.28738103E+136
  0.18818152E+099  0.30109025E+100  0.32057788E+109  0.39523787E+114  0.12727134E+118  0.65700393E+120  0.84308106E+121  0.22394914E+122  0.35833340E+122  0.43457968E+122  0.45158617E+122  0.46041672E+122  0.52297000E+122  0.74886957E+122  0.16673426E+123  0.88906143E+123  0.16911819E+125  0.65413627E+126  0.26481644E+128  0.89715803E+129  0.24314289E+131  0.52975569E+132  0.94487477E+133  0.14079342E+135  0.17865332E+136  0.19636111E+137  0.18974901E+138  0.16329486E+139  0.12655407E+140  0.89186772E+140  0.57637139E+141  0.34410583E+142  0.19102199E+143  0.99165828E+143  0.48388297E+144
  0.16542615E+110  0.24813906E+111  0.60515704E+119  0.34983466E+124  0.68151208E+127  0.24117058E+130  0.28591188E+131  0.74798152E+131  0.11894774E+132  0.14393063E+132  0.14950024E+132  0.15239151E+132  0.17283657E+132  0.24622884E+132  0.53870371E+132  0.26622317E+133  0.40725620E+134  0.11883815E+136  0.36940097E+137  0.98726937E+138  0.21601472E+140  0.38721843E+141  0.57712742E+142  0.72803236E+143  0.79077451E+144  0.75111442E+145  0.63247326E+146  0.47777101E+147  0.32713468E+148  0.20486944E+149  0.11827166E+150  0.63377504E+150  0.31715627E+151  0.14901284E+152  0.66048150E+152
  0.12401182E+121  0.17361643E+122  0.97416918E+129  0.26405529E+134  0.31114308E+137  0.75426777E+139  0.82109095E+140  0.21106538E+141  0.33324699E+141  0.40216935E+141  0.41752571E+141  0.42549513E+141  0.48173221E+141  0.68219039E+141  0.14628637E+142  0.66742371E+142  0.82502982E+143  0.18251850E+145  0.43605791E+146  0.91893492E+147  0.16216158E+149  0.23885992E+150  0.29709630E+151  0.31684867E+152  0.29419163E+153  0.24115878E+154  0.17671519E+155  0.11702388E+156  0.70703409E+156  0.39299912E+157  0.20243698E+158  0.97257083E+158  0.43826517E+159  0.18616922E+160  0.74880701E+160
  0.80863517E+131  0.10512250E+133  0.13640532E+140  0.17336006E+144  0.12351839E+147  0.20492322E+149  0.20342491E+150  0.51236886E+150  0.80218772E+150  0.96506616E+150  0.10013313E+151  0.10201451E+151  0.11525790E+151  0.16207263E+151  0.33963718E+151  0.14247100E+152  0.14296400E+153  0.24107044E+154  0.44325398E+155  0.73622855E+156  0.10467059E+158  0.12651969E+159  0.13113403E+160  0.11805730E+161  0.93560894E+161  0.66091051E+162  0.42084279E+163  0.24396861E+164  0.12988830E+165  0.63996265E+165  0.29376642E+166  0.12638239E+167  0.51224411E+167  0.19651061E+168  0.71649044E+168
  0.42668621E+143  0.51202306E+144  0.15455912E+151  0.92098272E+154  0.39657770E+157  0.44966885E+159  0.40384838E+160  0.99331349E+160  0.15397962E+161  0.18455549E+161  0.19135758E+161  0.19488491E+161  0.21964113E+161  0.30629140E+161  0.62512754E+161  0.24004883E+162  0.19637891E+163  0.25385493E+164  0.35984100E+165  0.47092638E+166  0.53880097E+167  0.53366535E+168  0.46019016E+169  0.34915977E+170  0.23579549E+171  0.14330381E+172  0.79169567E+172  0.40116664E+173  0.18792916E+174  0.81959636E+174  0.33481858E+175  0.12882028E+176  0.46904059E+176  0.16230863E+177  0.53583914E+177
  0.19460900E+155  0.21406972E+156  0.15137570E+162  0.42287648E+165  0.10995715E+168  0.85049395E+169  0.68482035E+170  0.16381854E+171  0.25096398E+171  0.29946108E+171  0.31023915E+171  0.31582546E+171  0.35489258E+171  0.49002763E+171  0.97023786E+171  0.33948896E+172  0.22731568E+173  0.22662565E+174  0.24818813E+175  0.25588077E+176  0.23533384E+177  0.19070375E+178  0.13658067E+179  0.87178556E+179  0.50078841E+180  0.26138908E+181  0.12507474E+182  0.55306025E+182  0.22760743E+183  0.87731020E+183  0.31848764E+184  0.10943420E+185  0.35746810E+185  0.11143935E+186  0.33271496E+186
  0.77815401E+166  0.77815332E+167  0.12997672E+173  0.17019285E+176  0.26687221E+178  0.14044094E+180  0.10033660E+181  0.23228038E+181  0.35085522E+181  0.41641442E+181  0.43096646E+181  0.43850418E+181  0.49098986E+181  0.66998793E+181  0.12811218E+182  0.40647771E+182  0.22355676E+183  0.17295915E+184  0.14671915E+185  0.11917436E+186  0.88007226E+186  0.58253225E+187  0.34586557E+188  0.18536258E+189  0.90397795E+189  0.40445870E+190  0.16731467E+191  0.64446290E+191  0.23260145E+192  0.79109369E+192  0.25481017E+193  0.78075296E+193  0.22847381E+194  0.64079182E+194  0.17279380E+195
  0.27561274E+178  0.24805122E+179  0.98856234E+183  0.60649032E+186  0.57228085E+188  0.20415812E+190  0.12787278E+191  0.28475628E+191  0.42287003E+191  0.49862578E+191  0.51541567E+191  0.52410593E+191  0.58429618E+191  0.78610109E+191  0.14441971E+192  0.41336520E+192  0.18731478E+193  0.11316314E+194  0.74582050E+194  0.47743241E+195  0.28280209E+196  0.15264410E+197  0.74984242E+197  0.33672631E+198  0.13912159E+199  0.53247422E+199  0.19004931E+200  0.63643384E+200  0.20107816E+201  0.60236734E+201  0.17185708E+202  0.46881665E+202  0.12271567E+203  0.30919131E+203  0.75199267E+203
  0.87078949E+189  0.69663084E+190  0.67067857E+194  0.19262380E+197  0.10900506E+199  0.26230354E+200  0.14204297E+201  0.30202426E+201  0.43937106E+201  0.51396893E+201  0.53047112E+201  0.53900438E+201  0.59772100E+201  0.79057297E+201  0.13872652E+202  0.35625657E+202  0.13335378E+203  0.63294770E+203  0.32521519E+204  0.16417589E+205  0.77931494E+205  0.34242561E+206  0.13888688E+207  0.52143295E+207  0.18210443E+208  0.59490406E+208  0.18280318E+209  0.53111582E+209  0.14659916E+210  0.38608409E+210  0.97390635E+210  0.23612503E+211  0.55195115E+211  0.12473756E+212  0.27322145E+212
  0.24633120E+201  0.17243163E+202  0.40736427E+205  0.54674150E+207  0.18456972E+209  0.29754184E+210  0.13706716E+211  0.27575670E+211  0.39120593E+211  0.45314794E+211  0.46681816E+211  0.47387861E+211  0.52206635E+211  0.67643592E+211  0.11261935E+212  0.25799437E+212  0.79933547E+212  0.29981935E+213  0.12054909E+214  0.48038920E+214  0.18260053E+215  0.65204908E+215  0.21789671E+216  0.68234029E+216  0.20094817E+217  0.55898032E+217  0.14753398E+218  0.37105791E+218  0.89285540E+218  0.20629798E+219  0.45921093E+219  0.98769116E+219  0.20581500E+220  0.41650236E+220  0.82030909E+220
  0.62370847E+212  0.37422455E+213  0.22139543E+216  0.13834930E+218  0.27632110E+219  0.29564450E+220  0.11368044E+221  0.21397182E+221  0.29432959E+221  0.33678666E+221  0.34612866E+221  0.35094639E+221  0.38349278E+221  0.48464112E+221  0.75979615E+221  0.15432516E+222  0.39631135E+222  0.11811245E+223  0.37309663E+223  0.11752318E+224  0.35752458E+224  0.10358772E+225  0.28458153E+225  0.74149158E+225  0.18367234E+226  0.43394554E+226  0.98130916E+226  0.21313387E+227  0.44605168E+227  0.90220411E+227  0.17684519E+228  0.33676098E+228  0.62438858E+228  0.11294368E+229  0.19967685E+229
  0.14043855E+224  0.70219154E+224  0.10686759E+227  0.30864284E+228  0.36013204E+229  0.25248225E+230  0.79241837E+230  0.13760016E+231  0.18218524E+231  0.20528730E+231  0.21035104E+231  0.21295738E+231  0.23033820E+231  0.28239678E+231  0.41336958E+231  0.73961158E+231  0.15754279E+232  0.37489292E+232  0.93412775E+232  0.23297211E+233  0.56707559E+233  0.13311230E+234  0.29998336E+234  0.64870378E+234  0.13479539E+235  0.26975532E+235  0.52126474E+235  0.97516896E+235  0.17706321E+236  0.31277009E+236  0.53865011E+236  0.90620577E+236  0.14919627E+237  0.24076801E+237  0.38140102E+237
  0.27608786E+235  0.11043491E+236  0.44817883E+237  0.58978519E+238  0.39442173E+239  0.17804430E+240  0.44409375E+240  0.69905991E+240  0.88253351E+240  0.97525687E+240  0.99547946E+240  0.10058619E+241  0.10739641E+241  0.12689650E+241  0.17179023E+241  0.26889677E+241  0.47508914E+241  0.90647779E+241  0.17887249E+242  0.35389270E+242  0.68923049E+242  0.13089991E+243  0.24147422E+243  0.43226433E+243  0.75137688E+243  0.12700383E+244  0.20911876E+244  0.33604033E+244  0.52796122E+244  0.81240651E+244  0.12263057E+245  0.18185066E+245  0.26527797E+245  0.38113926E+245  0.53993338E+245
  0.45139792E+246  0.13541900E+247  0.15347426E+248  0.89714642E+248  0.33418112E+249  0.94809845E+249  0.18198932E+250  0.25400686E+250  0.30204138E+250  0.32554331E+250  0.33063519E+250  0.33324068E+250  0.34997093E+250  0.39531660E+250  0.48972728E+250  0.66564926E+250  0.97473850E+250  0.14962951E+251  0.23468798E+251  0.36910691E+251  0.57533029E+251  0.88307961E+251  0.13307462E+252  0.19668858E+252  0.28518090E+252  0.40592629E+252  0.56782184E+252  0.78147286E+252  0.10593889E+253  0.14161900E+253  0.18688167E+253  0.24367561E+253  0.31422677E+253  0.40106227E+253  0.50703570E+253
  0.52000634E+257  0.10400084E+258  0.34615818E+258  0.86260355E+258  0.17160069E+259  0.29588998E+259  0.42017927E+259  0.50551960E+259  0.55716414E+259  0.58137987E+259  0.58657989E+259  0.58922875E+259  0.60577298E+259  0.64771107E+259  0.72564894E+259  0.84967708E+259  0.10295234E+260  0.12746377E+260  0.15942449E+260  0.19973823E+260  0.24929265E+260  0.30896137E+260  0.37960548E+260  0.46207503E+260  0.55721003E+260  0.66584097E+260  0.78879045E+260  0.92687280E+260  0.10808950E+261  0.12516579E+261  0.14399552E+261  0.16465755E+261  0.18723012E+261  0.21179091E+261  0.23841725E+261
  0.60688226E+258 -0.81766143E+259 -0.49080060E+260 -0.13631416E+261 -0.40320958E+261 -0.61315207E+261 -0.82307632E+261 -0.81311635E+261 -0.80708918E+261  0.21993305E+261  0.21114945E+261  0.20667464E+261  0.17872943E+261  0.10789094E+261 -0.23755600E+260 -0.23325652E+261 -0.53704139E+261 -0.95107103E+261 -0.14909260E+262 -0.21718693E+262 -0.30088910E+262 -0.40167436E+262 -0.52099659E+262 -0.66029088E+262 -0.82097517E+262 -0.10044511E+263 -0.12121068E+263 -0.14453161E+263 -0.17054400E+263 -0.19938290E+263 -0.23118210E+263 -0.26607451E+263 -0.30419191E+263 -0.34566512E+263 -0.39062430E+263
 -0.19728410E+267 -0.19728410E+267 -0.19728406E+267 -0.19728398E+267 -0.19728386E+267 -0.19728367E+267 -0.19728349E+267 -0.19728336E+267 -0.19728329E+267 -0.19728325E+267 -0.19728324E+267 -0.19728324E+267 -0.19728321E+267 -0.19728315E+267 -0.19728304E+267 -0.19728285E+267 -0.19728259E+267 -0.19728223E+267 -0.19728175E+267 -0.19728116E+267 -0.19728042E+267 -0.19727954E+267 -0.19727850E+267 -0.19727728E+267 -0.19727587E+267 -0.19727426E+267 -0.19727245E+267 -0.19727040E+267 -0.19726813E+267 -0.19726560E+267 -0.19726282E+267 -0.19725976E+267 -0.19725643E+267 -0.19725279E+267 -0.19724886E+267
 -0.75076126E+260 -0.75076123E+260 -0.75076111E+260 -0.66446267E+260 -0.59460400E+260 -0.49294341E+260 -0.39136452E+260 -0.32165071E+260 -0.27947695E+260 -0.25956770E+260 -0.25528621E+260 -0.25310362E+260 -0.23940842E+260 -0.20428428E+260 -0.17757864E+260 -0.15743649E+260 -0.15743410E+260 -0.15662939E+260 -0.15558012E+260 -0.15425663E+260 -0.15558434E+260 -0.15724309E+260 -0.15485659E+260 -0.15209775E+260 -0.14895172E+260 -0.14535902E+260 -0.14129280E+260 -0.13672576E+260 -0.13163114E+260 -0.12573754E+260 -0.11925162E+260 -0.11241356E+260 -0.10494210E+260 -0.96811911E+259 -0.87998810E+259
  0.78538901E+252  0.15258754E+253  0.74645684E+253  0.25322031E+266  0.12404662E+266  0.12394765E+266  0.12384812E+266  0.12378969E+266  0.12374795E+266  0.12458839E+266  0.12477002E+266  0.12486266E+266  0.12544174E+266  0.12691630E+266  0.51924689E+265  0.24609547E+265  0.13868809E+258  0.23425331E+258  0.32806078E+258  0.21135507E+259 -0.58600273E+267 -0.59634382E+267  0.83836146E+265  0.45166624E+265  0.12872977E+260  0.13730790E+260  0.13960716E+260  0.16091163E+260  0.18800036E+261  0.14080342E+266  0.13339274E+266  0.28658361E+259  0.50134362E+259  0.65394703E+259  0.65401512E+259
