  0.81661466E-010  0.81661467E-010  0.81661471E-010  0.81661481E-010  0.81661496E-010  0.81661517E-010  0.81661539E-010  0.81661554E-010  0.81661563E-010  0.81661568E-010  0.81661569E-010  0.81661569E-010  0.81661572E-010  0.81661579E-010  0.81661593E-010  0.81661615E-010  0.81661647E-010  0.81661690E-010  0.81661746E-010  0.81661817E-010  0.81661904E-010  0.81662009E-010  0.81662133E-010  0.81662278E-010  0.81662446E-010  0.81662637E-010  0.81662853E-010  0.81663096E-010  0.81663367E-010  0.81663668E-010  0.81663999E-010  0.81664363E-010  0.81664760E-010  0.81665192E-010  0.81665661E-010
  0.27772524E+040  0.58331913E+041  0.10457715E+054  0.57558649E+060  0.23193914E+065  0.80100593E+068  0.14288294E+070  0.40015678E+070  0.65371477E+070  0.79883689E+070  0.83125810E+070  0.84810628E+070  0.96814184E+070  0.14102550E+071  0.35855768E+071  0.60821049E+074  0.17658921E+078  0.14086507E+081  0.44555884E+083  0.71244569E+085  0.67500033E+087  0.42206741E+089  0.18799751E+091  0.63100647E+092  0.16655811E+094  0.35742558E+095  0.64034238E+096  0.97852202E+097  0.12982141E+099  0.15176387E+100  0.15828877E+101  0.14887674E+102  0.12743188E+103  0.10005970E+104  0.72577516E+104
  0.14910102E+052  0.29825353E+053  0.12056082E+065  0.31113049E+071  0.75869236E+075  0.17985892E+079  0.30293280E+080  0.84158229E+080  0.13705921E+081  0.16729820E+081  0.17405220E+081  0.17756161E+081  0.20254364E+081  0.29429306E+081  0.77917537E+081  0.13683447E+085  0.27406522E+088  0.16048507E+091  0.38882000E+093  0.49142506E+095  0.37706634E+097  0.19467108E+099  0.72732082E+100  0.20747078E+102  0.47060159E+103  0.87612905E+104  0.13730109E+106  0.18486600E+107  0.21749166E+108  0.22675643E+109  0.21201718E+110  0.17959675E+111  0.13903985E+112  0.99126905E+112  0.65516294E+113
  0.39912707E+063  0.75847891E+064  0.69301166E+075  0.83856790E+081  0.12374115E+086  0.20134205E+089  0.31911647E+090  0.87855878E+090  0.14257989E+091  0.17381550E+091  0.18079023E+091  0.18441384E+091  0.21018421E+091  0.30451838E+091  0.86599553E+091  0.15350288E+095  0.21205552E+098  0.91139915E+100  0.16906062E+103  0.16877694E+105  0.10478716E+107  0.44624920E+108  0.13970419E+110  0.33832148E+111  0.65875933E+112  0.10628579E+114  0.14554799E+115  0.17249219E+116  0.17977601E+117  0.16700257E+118  0.13984821E+119  0.10659599E+120  0.74574524E+120  0.48233221E+121  0.29024461E+122
  0.71008118E+074  0.12783900E+076  0.26475290E+086  0.15020976E+092  0.13412677E+096  0.14976749E+099  0.22253329E+100  0.60643482E+100  0.98024965E+100  0.11932612E+101  0.12408107E+101  0.12655105E+101  0.14409772E+101  0.20808628E+101  0.66647255E+101  0.11444909E+105  0.10902427E+108  0.34384909E+110  0.48806320E+112  0.38454054E+114  0.19298660E+116  0.67716142E+117  0.17742634E+119  0.36433871E+120  0.60825001E+121  0.84947447E+122  0.10153220E+124  0.10579331E+125  0.97571593E+125  0.80673567E+126  0.60442911E+127  0.41415229E+128  0.26158232E+129  0.15334616E+130  0.83940403E+130
  0.94419291E+085  0.16054512E+087  0.75595565E+096  0.20109970E+102  0.10865542E+106  0.83240020E+108  0.11546212E+110  0.31102994E+110  0.50045935E+110  0.60819393E+110  0.63223442E+110  0.64472012E+110  0.73330520E+110  0.10549459E+111  0.40667300E+111  0.63776932E+114  0.41881480E+117  0.96899373E+119  0.10516981E+122  0.65328842E+123  0.26469827E+125  0.76425759E+126  0.16736668E+128  0.29102474E+129  0.41600632E+130  0.50224366E+131  0.52327922E+132  0.47878510E+133  0.39029202E+134  0.28688952E+135  0.19210091E+136  0.11819911E+137  0.67331636E+137  0.35741122E+138  0.17780314E+139
  0.10004691E+097  0.16010918E+098  0.17200517E+107  0.21454157E+112  0.70136367E+115  0.36851582E+118  0.47493532E+119  0.12626037E+120  0.20209101E+120  0.24512152E+120  0.25471959E+120  0.25970341E+120  0.29501080E+120  0.42255791E+120  0.21293087E+121  0.28319789E+124  0.12814999E+127  0.21741512E+129  0.18027077E+131  0.88173905E+132  0.28801643E+134  0.68322018E+135  0.12485703E+137  0.18355757E+138  0.22432349E+139  0.23377325E+140  0.21201253E+141  0.17010917E+142  0.12240283E+143  0.79889307E+143  0.47751013E+144  0.26353529E+145  0.13524566E+146  0.64938230E+146  0.29329729E+147
  0.87948991E+107  0.13195336E+109  0.32469098E+117  0.18988504E+122  0.37554663E+125  0.13526984E+128  0.16111218E+129  0.42188473E+129  0.67115842E+129  0.81223832E+129  0.84369118E+129  0.86001917E+129  0.97549188E+129  0.13901655E+130  0.10011117E+131  0.10431863E+134  0.32509969E+136  0.40421529E+138  0.25574752E+140  0.98346328E+141  0.25853201E+143  0.50295490E+144  0.76563060E+145  0.94996338E+146  0.99082235E+147  0.88982402E+148  0.70134533E+149  0.49272157E+150  0.31250347E+151  0.18085422E+152  0.96368333E+152  0.47645433E+153  0.22002401E+154  0.95451729E+154  0.39098380E+155
  0.65931022E+118  0.92325719E+119  0.52267268E+127  0.14331578E+132  0.17144534E+135  0.42305173E+137  0.46285132E+138  0.11910765E+139  0.18814128E+139  0.22709078E+139  0.23576930E+139  0.24027324E+139  0.27206002E+139  0.38541592E+139  0.43123538E+140  0.32763366E+143  0.70263714E+145  0.63976804E+147  0.30842425E+149  0.93069471E+150  0.19649086E+152  0.31282968E+153  0.39584706E+154  0.41367848E+155  0.36753123E+156  0.28391360E+157  0.19413799E+158  0.11922253E+159  0.66544700E+159  0.34096661E+160  0.16173757E+161  0.71538807E+161  0.29689117E+162  0.11622985E+163  0.43127650E+163
  0.42991183E+129  0.55902987E+130  0.73184461E+137  0.94083764E+141  0.68056548E+144  0.11493580E+147  0.11471959E+148  0.28931347E+148  0.45320371E+148  0.54533233E+148  0.56584586E+148  0.57648819E+148  0.65141363E+148  0.91641533E+148  0.17086764E+150  0.89476193E+152  0.13190680E+155  0.87866111E+156  0.32215829E+158  0.76108193E+159  0.12872529E+161  0.16729961E+162  0.17554492E+163  0.15415655E+164  0.11640664E+165  0.77187737E+165  0.45699962E+166  0.24487115E+167  0.12007056E+168  0.54380665E+168  0.22927770E+169  0.90593766E+169  0.33740913E+170  0.11904516E+171  0.39964121E+171
  0.22684824E+141  0.27229361E+142  0.82922605E+148  0.49977866E+152  0.21849273E+155  0.25220956E+157  0.22786237E+158  0.56129516E+158  0.87065308E+158  0.10437904E+159  0.10823097E+159  0.11022851E+159  0.12425074E+159  0.17336285E+159  0.56938894E+160  0.19763146E+163  0.19997483E+165  0.97327516E+166  0.27075898E+168  0.49934495E+169  0.67456435E+170  0.71356437E+171  0.61911145E+172  0.45563590E+173  0.29169371E+174  0.16563611E+175  0.84724801E+175  0.39528683E+176  0.16994857E+177  0.67912427E+177  0.25406588E+178  0.89535147E+178  0.29881320E+179  0.94879094E+179  0.28778250E+180
  0.10346412E+153  0.11384478E+154  0.81212589E+159  0.22945250E+163  0.60576044E+165  0.47704367E+167  0.38663479E+168  0.92653026E+168  0.14205031E+169  0.16955019E+169  0.17566222E+169  0.17883021E+169  0.20099051E+169  0.27770569E+169  0.16803065E+171  0.37697091E+173  0.26125587E+175  0.92753862E+176  0.19519686E+178  0.28002050E+179  0.30103052E+180  0.25826335E+181  0.18466944E+182  0.11354637E+183  0.61450760E+183  0.29802704E+184  0.13137909E+185  0.53248976E+185  0.20030635E+186  0.70483018E+186  0.23353494E+187  0.73274227E+187  0.21877259E+188  0.62417930E+188  0.17080749E+189
  0.41370660E+164  0.41384216E+165  0.69729921E+170  0.92334480E+173  0.14701079E+176  0.78780822E+177  0.56691690E+178  0.13152150E+179  0.19884726E+179  0.23608793E+179  0.24435487E+179  0.24863719E+179  0.27846430E+179  0.38028800E+179  0.44099327E+181  0.62944523E+183  0.29789444E+185  0.76998284E+186  0.12210428E+188  0.13563779E+189  0.11551483E+190  0.80035182E+190  0.46978455E+191  0.24045674E+192  0.10964759E+193  0.45280460E+193  0.17154817E+194  0.60247455E+194  0.19781946E+195  0.61158987E+195  0.17910522E+196  0.49937872E+196  0.13314696E+197  0.34077375E+197  0.84000959E+197
  0.14652989E+176  0.13192430E+177  0.53032330E+181  0.32898575E+184  0.31522904E+186  0.11454278E+188  0.72320899E+188  0.16146377E+189  0.24005508E+189  0.28318710E+189  0.29274757E+189  0.29769623E+189  0.33198462E+189  0.44708778E+189  0.10335114E+192  0.92870372E+193  0.29888569E+195  0.56116905E+196  0.66717359E+197  0.57054515E+198  0.38276170E+199  0.21306010E+200  0.10217842E+201  0.43352336E+201  0.16592710E+202  0.58143844E+202  0.18871710E+203  0.57263433E+203  0.16368301E+204  0.44354324E+204  0.11454702E+205  0.28321604E+205  0.67302529E+205  0.15423884E+206  0.34189450E+206
  0.46295652E+187  0.37051246E+188  0.35977363E+192  0.10446646E+195  0.60040340E+196  0.14720890E+198  0.80437314E+198  0.17157001E+199  0.24995271E+199  0.29255620E+199  0.30198207E+199  0.30685652E+199  0.34041370E+199  0.45079996E+199  0.21702148E+202  0.12174291E+204  0.26485476E+205  0.36037876E+206  0.31900361E+207  0.20839922E+208  0.10933896E+209  0.48581489E+209  0.18927163E+210  0.66230844E+210  0.21181633E+211  0.62730583E+211  0.17380126E+212  0.45416657E+212  0.11268010E+213  0.26689496E+213  0.60632176E+213  0.13263196E+214  0.28031503E+214  0.57408196E+214  0.11422166E+215
  0.13096238E+199  0.91714367E+199  0.21850887E+203  0.29644194E+205  0.10166122E+207  0.16706844E+208  0.77751131E+208  0.15702947E+209  0.22317966E+209  0.25870530E+209  0.26654705E+209  0.27059757E+209  0.29826036E+209  0.38704432E+209  0.40900596E+212  0.14195905E+214  0.20699017E+215  0.20377635E+216  0.13297492E+217  0.65658362E+217  0.26684730E+218  0.93865918E+218  0.29499482E+219  0.84618166E+219  0.22493176E+220  0.56037028E+220  0.13198161E+221  0.29590973E+221  0.63510120E+221  0.13109222E+222  0.26124603E+222  0.50431299E+222  0.94572330E+222  0.17270859E+223  0.30781464E+223
  0.33159572E+210  0.19905713E+211  0.11874506E+214  0.74988076E+215  0.15221086E+217  0.16614065E+218  0.64635518E+218  0.12225040E+219  0.16855894E+219  0.19305779E+219  0.19844974E+219  0.20123076E+219  0.22003424E+219  0.27858804E+219  0.69089440E+222  0.14656696E+224  0.14145468E+225  0.10087226E+226  0.47769198E+226  0.17550124E+227  0.54528818E+227  0.15021855E+228  0.37743181E+228  0.88085788E+228  0.19337883E+229  0.40303640E+229  0.80307273E+229  0.15382778E+230  0.28452460E+230  0.51004693E+230  0.88889009E+230  0.15100041E+231  0.25060203E+231  0.40712025E+231  0.64854911E+231
  0.74664441E+221  0.37353533E+222  0.57310960E+224  0.16721532E+226  0.19842892E+227  0.14208178E+228  0.45205320E+228  0.78985548E+228  0.10490423E+229  0.11835855E+229  0.12130865E+229  0.12282736E+229  0.13296543E+229  0.16333723E+229  0.10388653E+233  0.13213132E+234  0.82834394E+234  0.43219666E+235  0.14426163E+236  0.38452270E+236  0.89587029E+236  0.19043145E+237  0.37807342E+237  0.71113432E+237  0.12792977E+238  0.22158999E+238  0.37142556E+238  0.60484340E+238  0.95993320E+238  0.14886977E+239  0.22609965E+239  0.33693317E+239  0.49345689E+239  0.71127437E+239  0.10103105E+240
  0.14678280E+233  0.58751297E+233  0.24030537E+235  0.31930832E+236  0.21745077E+237  0.10042962E+238  0.25461715E+238  0.40407017E+238  0.51228165E+238  0.56711593E+238  0.57907926E+238  0.58522209E+238  0.62546818E+238  0.73917648E+238  0.13653470E+243  0.10072170E+244  0.39815132E+244  0.15796100E+245  0.34676388E+245  0.64020027E+245  0.10844387E+246  0.17404718E+246  0.26869545E+246  0.40232504E+246  0.58726733E+246  0.83859139E+246  0.11744683E+247  0.16165499E+247  0.21903678E+247  0.29257541E+247  0.38572687E+247  0.50246605E+247  0.64733255E+247  0.82547931E+247  0.10427238E+248
  0.23998723E+244  0.72046418E+244  0.82266685E+245  0.48499876E+246  0.18446709E+247  0.53700734E+247  0.10516835E+248  0.14840724E+248  0.17752477E+248  0.19183262E+248  0.19489745E+248  0.19645577E+248  0.20607599E+248  0.22973429E+248  0.14957252E+253  0.60162309E+253  0.14253003E+254  0.49314417E+254  0.56247614E+254  0.64992743E+254  0.75742406E+254  0.88686113E+254  0.10401064E+255  0.12190037E+255  0.14253749E+255  0.16610213E+255  0.19277267E+255  0.22272568E+255  0.25613610E+255  0.29317746E+255  0.33402163E+255  0.37883977E+255  0.42780042E+255  0.48107068E+255  0.53881557E+255
  0.27646450E+255  0.55308724E+255  0.18539971E+256  0.46345238E+256  0.94925008E+256  0.16865009E+257  0.24546040E+257  0.29970208E+257  0.33308811E+257  0.34886692E+257  0.34790038E+257  0.34740760E+257  0.34431316E+257  0.33636049E+257  0.11643786E+263  0.22433868E+263  0.28881068E+263  0.14538446E+264  0.21511169E+258 -0.15389436E+257 -0.31929888E+257 -0.53667781E+257 -0.82238440E+257 -0.11996026E+258 -0.17018517E+258 -0.23785857E+258 -0.33043608E+258 -0.45941910E+258 -0.64299848E+258 -0.91073486E+258 -0.13002868E+259 -0.15531282E+259 -0.23673773E+259 -0.37197406E+259 -0.60613793E+259
  0.59831403E+261  0.42752532E+261  0.12474746E+262  0.81631639E+264  0.81631555E+264  0.81631434E+264  0.81637484E+264  0.81637403E+264  0.81637353E+264  0.81637328E+264  0.81637335E+264  0.81637331E+264  0.81637315E+264  0.81637274E+264  0.81637197E+264  0.81637076E+264  0.19642369E+265  0.19642395E+265  0.19642428E+265  0.19642877E+265  0.19643428E+265  0.19644092E+265  0.19644878E+265  0.19645796E+265  0.19646855E+265  0.19648064E+265  0.19649432E+265  0.19650969E+265  0.19652684E+265  0.19655510E+265  0.71677585E+265  0.26661413E+265  0.26666094E+265  0.26669805E+265  0.26673828E+265
 -0.14908175E+266 -0.15443568E+266  0.18145730E+265  0.51115226E+255  0.25902136E+259  0.25916510E+259  0.25930883E+259  0.67238526E+259  0.67244460E+259  0.67247241E+259  0.67247842E+259  0.67625969E+259  0.67627874E+259  0.67632710E+259  0.67641712E+259  0.67656080E+259  0.67676998E+259  0.67676751E+259  0.27472117E+259  0.27472114E+259  0.14460958E+260  0.28565869E+260  0.45194929E+260  0.64299527E+260  0.85275022E+260  0.10637681E+261  0.12177558E+261  0.12177308E+261  0.12177028E+261  0.12176719E+261  0.12176385E+261  0.12176009E+261  0.12175600E+261  0.12175153E+261  0.12174670E+261
  0.29758600E+248  0.30561057E+253  0.64447120E+251  0.32154842E+255  0.28890499E+265  0.21372391E+244 -0.98247878E+244  0.46089044E+265  0.59298485E+257  0.11666577E+258 -0.13383195E+258  0.13584795E+265  0.95980626E+257  0.18623080E+258  0.33390906E+258  0.51807803E+258  0.67794775E+258  0.69687887E+258  0.72144820E+258  0.40340883E+259  0.31536174E+265  0.31537183E+265  0.31404773E+265  0.30906774E+265  0.29416323E+265  0.25917460E+265  0.16711438E+265  0.11759874E+258  0.23329509E+258  0.35942781E+258  0.55952711E+259  0.52027759E+255  0.48705635E+248  0.86877549E+248  0.12820028E+249
  0.14377873E+253  0.14377916E+253  0.27072038E+253  0.53759703E+258  0.29224555E+262  0.11574271E+247  0.23512703E+247  0.33810866E+254  0.33810870E+254  0.33810871E+254  0.33810871E+254  0.33880791E+254  0.55158215E+254  0.55163363E+254  0.55170178E+254  0.55170184E+254  0.55891632E+255  0.23980639E+256  0.48365627E+256  0.12473473E+256  0.22952625E+256  0.32212420E+256  0.38407408E+256  0.38902668E+256  0.39446456E+256  0.55451222E+256  0.55850455E+256  0.55850454E+256  0.57372119E+256  0.57372120E+256  0.11399013E+257  0.13852114E+257  0.14007587E+257  0.14007586E+257  0.14007585E+257
