  0.42004567E-009  0.42004567E-009  0.42004567E-009  0.42004568E-009  0.42004570E-009  0.42004572E-009  0.42004574E-009  0.42004575E-009  0.42004576E-009  0.42004577E-009  0.42004577E-009  0.42004577E-009  0.42004577E-009  0.42004578E-009  0.42004579E-009  0.42004581E-009  0.42004585E-009  0.42004589E-009  0.42004594E-009  0.42004601E-009  0.42004610E-009  0.42004620E-009  0.42004632E-009  0.42004647E-009  0.42004663E-009  0.42004682E-009  0.42004703E-009  0.42004727E-009  0.42004754E-009  0.42004783E-009  0.42004816E-009  0.42004852E-009  0.42004891E-009  0.42004933E-009  0.42004979E-009
  0.77226997E+038  0.16217671E+040  0.28813278E+052  0.15673100E+059  0.62210524E+063  0.21109005E+067  0.37535143E+068  0.10507503E+069  0.17162690E+069  0.20971479E+069  0.21822376E+069  0.22264555E+069  0.25414737E+069  0.37015650E+069  0.11616643E+078  0.17732862E+082  0.35619952E+085  0.20284711E+088  0.48478774E+090  0.61139419E+092  0.47095047E+094  0.24475107E+096  0.92132388E+097  0.26479892E+099  0.60494075E+100  0.11336495E+102  0.17871681E+103  0.24191556E+104  0.28596780E+105  0.29941746E+106  0.28101561E+107  0.23884791E+108  0.18546780E+109  0.13258322E+110  0.87840009E+110
  0.41460487E+050  0.82920981E+051  0.33217374E+063  0.84722881E+069  0.20350207E+074  0.47399776E+077  0.79567758E+078  0.22094096E+079  0.35975443E+079  0.43909609E+079  0.45681712E+079  0.46602497E+079  0.53156857E+079  0.77224258E+079  0.43800460E+088  0.42012329E+092  0.58173070E+095  0.24276354E+098  0.44387494E+100  0.44213748E+102  0.27565406E+104  0.11821869E+106  0.37306940E+107  0.91072907E+108  0.17868164E+110  0.29030549E+111  0.40005875E+112  0.47680514E+113  0.49945095E+114  0.46605161E+115  0.39183487E+116  0.29973156E+117  0.21035850E+118  0.13644152E+119  0.82312497E+119
  0.11098517E+062  0.21087184E+063  0.19094277E+074  0.22835563E+080  0.33191887E+084  0.53062982E+087  0.83803993E+088  0.23059416E+089  0.37414746E+089  0.45607811E+089  0.47437245E+089  0.48387691E+089  0.55146663E+089  0.79883318E+089  0.82574639E+098  0.49765440E+102  0.47492294E+105  0.14517420E+108  0.20294524E+110  0.15952864E+112  0.80422241E+113  0.28432124E+115  0.75135519E+116  0.15561336E+118  0.26190038E+119  0.36849300E+120  0.44340064E+121  0.46479319E+122  0.43097335E+123  0.35803601E+124  0.26938894E+125  0.18528075E+126  0.11741826E+127  0.69039880E+127  0.37893102E+128
  0.19745210E+073  0.35541382E+074  0.72946995E+084  0.40906169E+090  0.35979036E+094  0.39471898E+097  0.58428537E+098  0.15912720E+099  0.25715242E+099  0.31300452E+099  0.32547188E+099  0.33194804E+099  0.37795135E+099  0.54567508E+099  0.10378234E+109  0.39297136E+112  0.25839940E+115  0.57825984E+117  0.61754668E+119  0.38269292E+121  0.15581800E+123  0.45355120E+124  0.10024004E+126  0.17590813E+127  0.25364012E+128  0.30866119E+129  0.32390193E+130  0.29826629E+131  0.24452932E+132  0.18065789E+133  0.12151388E+134  0.75066628E+134  0.42913733E+135  0.22851857E+136  0.11400437E+137
  0.26255148E+084  0.44633758E+085  0.20828956E+095  0.54767307E+100  0.29147648E+104  0.21938957E+107  0.30309017E+108  0.81588149E+108  0.13124150E+109  0.15947755E+109  0.16577816E+109  0.16905042E+109  0.19226497E+109  0.27653085E+109  0.97827616E+118  0.23270867E+122  0.10539389E+125  0.17254244E+127  0.14062223E+129  0.68614909E+130  0.22533167E+132  0.53924168E+133  0.99527456E+134  0.14777383E+136  0.18228406E+137  0.19159090E+138  0.17509756E+139  0.14145789E+140  0.10240947E+141  0.67202744E+141  0.40361202E+142  0.22370119E+143  0.11523764E+144  0.55517792E+144  0.25150244E+145
  0.27820017E+095  0.44512034E+096  0.47393392E+105  0.58430996E+110  0.18815488E+114  0.97129872E+116  0.12463906E+118  0.33108098E+118  0.52975142E+118  0.64247208E+118  0.66761407E+118  0.68066894E+118  0.77314619E+118  0.11071106E+119  0.73771647E+128  0.11022658E+132  0.34366111E+134  0.41119036E+136  0.25541845E+138  0.97982557E+139  0.25911127E+141  0.50895020E+142  0.78316219E+143  0.98219637E+144  0.10348278E+146  0.93794586E+146  0.74542278E+147  0.52756724E+148  0.33680197E+149  0.19604956E+150  0.10500248E+151  0.52150637E+151  0.24180109E+152  0.10527533E+153  0.43259912E+153
  0.24455952E+106  0.36683933E+107  0.89464828E+115  0.51718696E+120  0.10075310E+124  0.35654075E+126  0.42268521E+127  0.11057978E+128  0.17584947E+128  0.21278357E+128  0.22101753E+128  0.22529193E+128  0.25551741E+128  0.36401877E+128  0.46359234E+138  0.43498140E+141  0.93288660E+143  0.81475050E+145  0.38510801E+147  0.11593635E+149  0.24640973E+150  0.39648858E+151  0.50767844E+152  0.53679972E+153  0.48218383E+154  0.37622574E+155  0.25957807E+156  0.16068626E+157  0.90323107E+157  0.46569869E+158  0.22212406E+159  0.98727978E+159  0.41149731E+160  0.16171373E+161  0.60208790E+161
  0.18333420E+117  0.25666793E+118  0.14401861E+126  0.39037286E+130  0.45998641E+133  0.11150913E+136  0.12138810E+137  0.31203396E+137  0.49266429E+137  0.59455745E+137  0.61725992E+137  0.62904171E+137  0.71218125E+137  0.10085338E+138  0.24971017E+148  0.14707400E+151  0.21674346E+153  0.13794411E+155  0.49513977E+156  0.11671962E+158  0.19892710E+159  0.26161740E+160  0.27812861E+161  0.24741122E+162  0.18908743E+163  0.12675881E+164  0.75785700E+164  0.40960866E+165  0.20238915E+166  0.92282674E+166  0.39139451E+167  0.15546199E+168  0.58168854E+168  0.20607365E+169  0.69431632E+169
  0.11954545E+128  0.15540911E+129  0.20165804E+136  0.25629125E+140  0.18260660E+143  0.30295355E+145  0.30073847E+146  0.75747375E+146  0.11859349E+147  0.14267305E+147  0.14803440E+147  0.15081579E+147  0.17039450E+147  0.23960426E+147  0.11769127E+158  0.43484482E+160  0.43968730E+162  0.20347597E+164  0.55321865E+165  0.10184079E+167  0.13880589E+168  0.14880952E+169  0.13101586E+170  0.97811920E+170  0.63456470E+171  0.36468934E+172  0.18854991E+173  0.88804315E+173  0.38499249E+174  0.15497390E+175  0.58350583E+175  0.20679799E+176  0.69360927E+176  0.22120511E+177  0.67356470E+177
  0.63079614E+139  0.75695554E+140  0.22849614E+147  0.13615582E+151  0.58629089E+153  0.66477959E+155  0.59703970E+156  0.14684907E+157  0.22763976E+157  0.27284238E+157  0.28289842E+157  0.28811315E+157  0.32471214E+157  0.45281382E+157  0.45200701E+168  0.10466140E+171  0.72456149E+172  0.24311204E+174  0.49906260E+175  0.71509104E+176  0.77692962E+177  0.67687370E+178  0.49208041E+179  0.30746237E+180  0.16888192E+181  0.83003782E+181  0.37025181E+182  0.15163319E+183  0.57561647E+183  0.20416745E+184  0.68122044E+184  0.21505420E+185  0.64554706E+185  0.18505633E+186  0.50853432E+186
  0.28770230E+151  0.31647261E+152  0.22378986E+158  0.62517020E+161  0.16255800E+164  0.12573498E+166  0.10124219E+167  0.24218538E+167  0.37101910E+167  0.44271604E+167  0.45865007E+167  0.46690874E+167  0.52466464E+167  0.72444509E+167  0.15130334E+179  0.21919902E+181  0.10358729E+183  0.25104374E+184  0.38752667E+185  0.43046814E+186  0.37137920E+187  0.26197682E+188  0.15672707E+189  0.81696911E+189  0.37880629E+190  0.15878221E+191  0.60951133E+191  0.21653503E+192  0.71815249E+192  0.22397972E+193  0.66095752E+193  0.18552166E+194  0.49754878E+194  0.12799739E+195  0.31694482E+195
  0.11503923E+163  0.11503927E+164  0.19215417E+169  0.25160894E+172  0.39453743E+174  0.20762451E+176  0.14833521E+177  0.34339772E+177  0.51869591E+177  0.61561705E+177  0.63713044E+177  0.64827401E+177  0.72586759E+177  0.99049435E+177  0.44850267E+189  0.40548550E+191  0.13025105E+193  0.22685348E+194  0.26197715E+195  0.22448255E+196  0.15307221E+197  0.87054178E+197  0.42687152E+198  0.18495852E+199  0.72150743E+199  0.25712429E+200  0.84694167E+200  0.26031008E+201  0.75240858E+201  0.20586568E+202  0.53614153E+202  0.13353327E+203  0.31935609E+203  0.73597688E+203  0.16394306E+204
  0.40745505E+174  0.36670966E+175  0.14614646E+180  0.89662041E+182  0.84604622E+184  0.30182246E+186  0.18904404E+187  0.42097683E+187  0.62516088E+187  0.73715636E+187  0.76197813E+187  0.77482559E+187  0.86380942E+187  0.11621546E+188  0.11923607E+200  0.66990907E+201  0.14539042E+203  0.18075398E+204  0.15513237E+205  0.10191250E+206  0.54617470E+206  0.24914247E+207  0.99669103E+207  0.35744958E+208  0.11685838E+209  0.35281484E+209  0.99398895E+209  0.26352166E+210  0.66200191E+210  0.15849752E+211  0.36343186E+211  0.80143387E+211  0.17057211E+212  0.35147012E+212  0.70304657E+212
  0.12873410E+186  0.10298732E+187  0.99151361E+190  0.28477030E+193  0.16115045E+195  0.38778326E+196  0.20999292E+197  0.44650541E+197  0.64955562E+197  0.75983932E+197  0.78423575E+197  0.79685112E+197  0.88365636E+197  0.11687714E+198  0.28725650E+210  0.99610900E+211  0.14479662E+213  0.12732456E+214  0.80518434E+214  0.40240894E+215  0.16833239E+216  0.61212383E+216  0.19868909E+217  0.58690378E+217  0.16008952E+218  0.40783893E+218  0.97917332E+218  0.22317259E+219  0.48577325E+219  0.10148586E+220  0.20435276E+220  0.39802717E+220  0.75220288E+220  0.13829321E+221  0.24792341E+221
  0.36416638E+197  0.25491657E+198  0.60223665E+201  0.80828923E+203  0.27286344E+205  0.43987873E+206  0.20263680E+207  0.40767209E+207  0.57834947E+207  0.66992306E+207  0.69013278E+207  0.70057079E+207  0.77181039E+207  0.10000568E+208  0.63252728E+220  0.13385554E+222  0.12866507E+223  0.79008027E+223  0.36398313E+224  0.13702913E+225  0.44360440E+225  0.12764093E+226  0.33397265E+226  0.80785985E+226  0.18291596E+227  0.39139623E+227  0.79748245E+227  0.15567369E+228  0.29259695E+228  0.53172771E+228  0.93753746E+228  0.16086295E+229  0.26927406E+229  0.44071438E+229  0.70660245E+229
  0.92206613E+208  0.55323995E+209  0.32730520E+212  0.20453221E+214  0.40850648E+215  0.43707377E+216  0.16806245E+217  0.31633081E+217  0.43512984E+217  0.49789738E+217  0.51170837E+217  0.51883079E+217  0.56694662E+217  0.71659526E+217  0.12822689E+231  0.16245814E+232  0.10127421E+233  0.42633788E+233  0.14087656E+234  0.39439028E+234  0.97746919E+234  0.22051838E+235  0.46146442E+235  0.90788216E+235  0.16961374E+236  0.30322109E+236  0.52184253E+236  0.86875437E+236  0.14045644E+237  0.22125315E+237  0.34050687E+237  0.51316421E+237  0.75882212E+237  0.11028531E+238  0.15777357E+238
  0.20761883E+220  0.10380948E+221  0.15799024E+223  0.45629002E+224  0.53241058E+225  0.37326374E+226  0.11714924E+227  0.20342478E+227  0.26933838E+227  0.30349197E+227  0.31097809E+227  0.31483125E+227  0.34052671E+227  0.41788430E+227  0.24079650E+241  0.17657691E+242  0.69196155E+242  0.19409726E+243  0.44988724E+243  0.92038150E+243  0.17221244E+244  0.30114118E+244  0.49918697E+244  0.79225897E+244  0.12126790E+245  0.18000975E+245  0.26024668E+245  0.36770540E+245  0.50915087E+245  0.69249860E+245  0.92692919E+245  0.12230114E+246  0.15928253E+246  0.20500926E+246  0.26103145E+246
  0.40815746E+231  0.16326310E+232  0.66257587E+233  0.87192404E+234  0.58310367E+235  0.26321647E+236  0.65653767E+236  0.10334735E+237  0.13047185E+237  0.14417999E+237  0.14716968E+237  0.14870461E+237  0.15877281E+237  0.18888595E+237  0.42112038E+251  0.16758938E+252  0.39060200E+252  0.69454800E+252  0.10908665E+253  0.15907640E+253  0.22052475E+253  0.29451504E+253  0.38211501E+253  0.48437875E+253  0.60234790E+253  0.73705229E+253  0.88951196E+253  0.10607367E+254  0.12517272E+254  0.14634766E+254  0.16969691E+254  0.19531826E+254  0.22330872E+254  0.25376463E+254  0.28678187E+254
  0.66732898E+242  0.20019889E+243  0.22689236E+244  0.13263195E+245  0.49404545E+245  0.14016465E+246  0.26904876E+246  0.37551773E+246  0.44653578E+246  0.48128281E+246  0.48881102E+246  0.49266316E+246  0.51739832E+246  0.62349279E+246  0.68907443E+261  0.12901896E+262  0.15813799E+262  0.15813799E+262  0.15813799E+262  0.15813799E+262  0.15813799E+262  0.15813799E+262  0.15813799E+262  0.15813800E+262  0.15813800E+262  0.15813800E+262  0.15813800E+262  0.15813800E+262  0.15813800E+262  0.15813800E+262  0.15813800E+262  0.15813800E+262  0.15813801E+262  0.15813801E+262  0.15813801E+262
  0.76875698E+253  0.15375162E+254  0.51175155E+254  0.12752525E+255  0.25369049E+255  0.43743708E+255  0.62118376E+255  0.74734799E+255  0.82381406E+255  0.85961396E+255  0.86730132E+255  0.87121722E+255  0.89567511E+255  0.20733189E+256  0.10592576E+272  0.58065947E+271  0.19398103E+271 -0.43000477E+254  0.37336140E+255  0.96932933E+255  0.17019044E+256  0.25840018E+256  0.36283512E+256  0.48475191E+256  0.62539235E+256  0.78598422E+256  0.96774356E+256  0.11718742E+257  0.13995692E+257  0.16520125E+257  0.19303799E+257  0.22769589E+257  0.26106550E+257  0.29737435E+257  0.33673676E+257
  0.51828639E+255  0.10365701E+256  0.34501414E+256  0.87450160E+256  0.12595988E+259  0.30849239E+259  0.49138430E+259 -0.94586013E+259  0.25402641E+262  0.76713852E+257  0.15343402E+258  0.19251649E+258  0.43668136E+258  0.10560278E+259  0.22084444E+259  0.13036119E+260  0.32263899E+271  0.37978915E+257  0.75950779E+257  0.12383991E+258  0.18270461E+258  0.25357399E+258  0.33746308E+258  0.43537608E+258  0.54085000E+258  0.66126385E+258  0.79751995E+258  0.95050926E+258  0.11211120E+259  0.13101989E+259  0.17124800E+260  0.22484537E+264  0.27160412E+258  0.54307652E+258  0.83731718E+258
  0.53380927E+261  0.29939675E+256  0.68400426E+256  0.47944477E+257  0.15551941E+269  0.15582779E+269  0.15613677E+269  0.15634934E+269  0.15647815E+269  0.15653860E+269  0.15655158E+269  0.15655820E+269  0.15659951E+269  0.15670428E+269  0.15689910E+269  0.15720952E+269  0.15766052E+269  0.90203756E+265  0.90153780E+265  0.90091942E+265  0.90017829E+265  0.89931475E+265  0.89833484E+265  0.89725186E+265  0.89608840E+265  0.89487750E+265  0.89348302E+265  0.89188589E+265  0.89006477E+265  0.88799565E+265  0.88565138E+265  0.88300106E+265  0.87899660E+265  0.87558418E+265  0.87558654E+265
 -0.14165941E+261  0.41702407E+263 -0.12817009E+262  0.29821718E+266  0.29853483E+266  0.40702741E+253 -0.17830141E+254  0.19225785E+267  0.17987710E+267  0.17406245E+267  0.17281298E+267  0.17217641E+267  0.16820040E+267  0.15811638E+267  0.13935383E+267  0.10942940E+267  0.65884550E+266  0.62335227E+265  0.62137264E+265  0.61886872E+265  0.61578026E+265  0.61371752E+265  0.61125343E+265  0.60833830E+265  0.60490064E+265  0.60081008E+265  0.59576154E+265  0.58890042E+265  0.57894745E+265  0.56775062E+265  0.55520365E+265  0.28186879E+255  0.43771276E+255  0.60728344E+255  0.79111468E+255
  0.29310813E+253  0.48415158E+253  0.25823606E+254  0.79333598E+263  0.47083667E+263  0.23778679E+260  0.38737537E+254  0.41551851E+255  0.61946538E+255  0.71236868E+255  0.73219272E+255  0.88375442E+255  0.94497789E+263  0.25283096E+255  0.47308138E+255  0.23801651E+256  0.20771420E+264  0.15813714E+255  0.18531619E+256  0.20008200E+264  0.16218315E+264  0.11756950E+264  0.64629469E+263  0.14174524E+255  0.14792330E+258  0.11115689E+264  0.10052506E+256  0.18412245E+256  0.25236921E+256  0.30896258E+257  0.22986280E+264  0.89277503E+263  0.62601093E+253  0.65994414E+253  0.66737850E+253
