  0.26395629E-009  0.26395629E-009  0.26395629E-009  0.26395630E-009  0.26395632E-009  0.26395634E-009  0.26395636E-009  0.26395637E-009  0.26395638E-009  0.26395639E-009  0.26395639E-009  0.26395639E-009  0.26395639E-009  0.26395640E-009  0.26395641E-009  0.26395643E-009  0.26395646E-009  0.26395650E-009  0.26395656E-009  0.26395663E-009  0.26395671E-009  0.26395681E-009  0.26395693E-009  0.26395707E-009  0.26395723E-009  0.26395741E-009  0.26395762E-009  0.26395785E-009  0.26395811E-009  0.26395840E-009  0.26395872E-009  0.26395906E-009  0.26395945E-009  0.26395986E-009  0.26396031E-009
  0.97768503E+040  0.20531399E+042  0.37873793E+054 -0.61568526E+061  0.12993356E+068  0.77110439E+071  0.14617869E+073  0.41268271E+073  0.67624102E+073  0.82727398E+073  0.86102340E+073  0.87856382E+073  0.10036328E+074  0.14655717E+074  0.34982482E+074  0.27544128E+075  0.20392461E+077  0.38666926E+079  0.60404429E+081  0.64177185E+083  0.46840307E+085  0.24521204E+087  0.96214816E+088  0.29401690E+090  0.72256093E+091  0.14666072E+093  0.25138180E+094  0.37067360E+095  0.47762693E+096  0.54503154E+097  0.55711031E+098  0.51515497E+099  0.43464003E+100  0.33710928E+101  0.24195550E+102
  0.52486132E+052  0.10497233E+054  0.43745596E+065 -0.35598309E+072  0.44728270E+078  0.18225423E+082  0.32733381E+083  0.91754277E+083  0.14994415E+084  0.18325310E+084  0.19069472E+084  0.19456192E+084  0.22211629E+084  0.32363344E+084  0.76629838E+084  0.56964308E+085  0.32866641E+087  0.46107753E+089  0.55177711E+091  0.46336076E+093  0.27393102E+095  0.11844308E+097  0.38997731E+098  0.10132293E+100  0.21407419E+101  0.37712228E+102  0.56565976E+103  0.73519033E+104  0.84034271E+105  0.85550336E+106  0.78414584E+107  0.65321940E+108  0.49859185E+109  0.35119851E+110  0.22973074E+111
  0.14049255E+064  0.26693603E+065  0.25199086E+076 -0.10288702E+083  0.76986213E+088  0.21536674E+092  0.36536220E+093  0.10160117E+094  0.16552765E+094  0.20207430E+094  0.21023736E+094  0.21447898E+094  0.24467618E+094  0.35561392E+094  0.83440190E+094  0.58397113E+095  0.26382991E+097  0.27438980E+099  0.25152043E+101  0.16685227E+103  0.79839011E+104  0.28487963E+106  0.78636405E+107  0.17354701E+109  0.31492518E+110  0.48104042E+111  0.63079507E+112  0.72194789E+113  0.73133493E+114  0.66361742E+115  0.54495732E+116  0.40861583E+117  0.28192377E+118  0.18019928E+119  0.10734450E+120
  0.24993420E+075  0.44988190E+076  0.96495393E+086 -0.19819586E+093  0.88339057E+098  0.16964448E+102  0.27093181E+103  0.74670522E+103  0.12123085E+104  0.14781101E+104  0.15374638E+104  0.15683006E+104  0.17876277E+104  0.25907639E+104  0.60166222E+104  0.39525117E+105  0.14049927E+107  0.10858793E+109  0.76238101E+110  0.39926369E+112  0.15450212E+114  0.45450511E+115  0.10507171E+117  0.19676246E+118  0.30633674E+119  0.40528796E+120  0.46413450E+121  0.46728611E+122  0.41908888E+123  0.33862160E+124  0.24889285E+125  0.16782324E+126  0.10457037E+127  0.60599153E+127  0.32846506E+128
  0.33231576E+086  0.56493726E+087  0.27625404E+097 -0.28627745E+103  0.76024609E+108  0.10020541E+112  0.15009333E+113  0.40950947E+113  0.66223206E+113  0.80626641E+113  0.83841956E+113  0.85512191E+113  0.97378820E+113  0.14066939E+114  0.32287976E+114  0.19845370E+115  0.55771687E+116  0.32121560E+118  0.17272919E+120  0.71362885E+121  0.22310878E+123  0.54050838E+124  0.10452733E+126  0.16589482E+127  0.22132875E+128  0.25332556E+129  0.25306244E+130  0.22386958E+131  0.17756265E+132  0.12761518E+133  0.83869391E+133  0.50803761E+134  0.28561003E+135  0.14992153E+136  0.73874287E+136
  0.35209733E+097  0.56335622E+098  0.63044840E+107 -0.33072738E+113  0.52341512E+118  0.47340107E+121  0.66225872E+122  0.17862872E+123  0.28756019E+123  0.34952454E+123  0.36335208E+123  0.37053369E+123  0.42149278E+123  0.60658875E+123  0.13738373E+124  0.78729331E+124  0.17575240E+126  0.75674737E+127  0.31169317E+129  0.10150951E+131  0.25611859E+132  0.51035068E+133  0.82453554E+134  0.11075985E+136  0.12646213E+137  0.12505803E+138  0.10883658E+139  0.84495215E+139  0.59197092E+140  0.37799804E+141  0.22187503E+142  0.12061071E+143  0.61113138E+143  0.29028535E+144  0.12991077E+145
  0.30949550E+108  0.46424368E+109  0.11941377E+118 -0.31832850E+123  0.30030198E+128  0.18630962E+131  0.24227620E+132  0.64498704E+132  0.10328981E+133  0.12530630E+133  0.13021732E+133  0.13276742E+133  0.15083560E+133  0.21613122E+133  0.48207864E+133  0.25660658E+134  0.45712975E+135  0.14768130E+137  0.46599988E+138  0.11952437E+140  0.24307441E+141  0.39783196E+142  0.53618814E+143  0.60871951E+144  0.59392419E+145  0.50671902E+146  0.38365196E+147  0.26103352E+148  0.16132765E+149  0.91409291E+149  0.47863242E+150  0.23321732E+151  0.10638913E+152  0.45679789E+152  0.18547705E+153
  0.23199157E+119  0.32478853E+120  0.19297944E+128 -0.26256744E+133  0.14768121E+138  0.62816604E+140  0.75527747E+141  0.19807100E+142  0.31527550E+142  0.38162189E+142  0.39641393E+142  0.40409299E+142  0.45840646E+142  0.65351964E+142  0.14322929E+143  0.70528419E+143  0.10070367E+145  0.24507740E+146  0.59263265E+147  0.11960038E+149  0.19577422E+150  0.26276280E+151  0.29494799E+152  0.28252458E+153  0.23517948E+154  0.17283512E+155  0.11366907E+156  0.67679956E+156  0.36846755E+157  0.18500387E+158  0.86301448E+158  0.37645660E+159  0.15442564E+160  0.59866691E+160  0.22030359E+161
  0.15125644E+130  0.19663358E+131  0.27143869E+138 -0.18946297E+143  0.63548237E+147  0.18518259E+150  0.20462128E+151  0.52738266E+151  0.83351099E+151  0.10062626E+152  0.10447555E+152  0.10647327E+152  0.12057378E+152  0.17087176E+152  0.36699178E+152  0.16643976E+153  0.19125636E+154  0.35214569E+155  0.65288670E+156  0.10356585E+158  0.13623889E+159  0.14968899E+160  0.13968144E+161  0.11268428E+162  0.79882893E+162  0.50480502E+163  0.28790042E+164  0.14976712E+165  0.71714962E+165  0.31860206E+166  0.13222011E+167  0.51564001E+167  0.18995907E+168  0.66409660E+168  0.22122203E+169
  0.79801902E+141  0.95762395E+142  0.30920360E+149 -0.11138188E+154  0.22283328E+158  0.44437361E+160  0.44812855E+161  0.11319099E+162  0.17740445E+162  0.21350603E+162  0.22154466E+162  0.22571513E+162  0.25507869E+162  0.35894536E+162  0.75311527E+162  0.31307502E+163  0.29058480E+164  0.40663527E+165  0.57842214E+166  0.72041906E+167  0.76029008E+168  0.68248245E+169  0.52834675E+170  0.35823799E+171  0.21584588E+172  0.11706157E+173  0.57788064E+173  0.26218070E+174  0.11023395E+175  0.43262679E+175  0.15948120E+176  0.55523705E+176  0.18344203E+177  0.57756697E+177  0.17394598E+178
  0.36391470E+153  0.40030669E+154  0.30476235E+160 -0.57059208E+164  0.68103285E+168  0.92791611E+170  0.84723092E+171  0.20900233E+172  0.32433271E+172  0.38888204E+172  0.40324295E+172  0.41069027E+172  0.46296891E+172  0.64603767E+172  0.13192497E+173  0.50005948E+173  0.37606731E+174  0.40183029E+175  0.43891126E+176  0.42873251E+177  0.36229448E+178  0.26512091E+179  0.16988740E+180  0.96595826E+180  0.49357658E+181  0.22924713E+182  0.97757730E+182  0.38606633E+183  0.14226538E+184  0.49237727E+184  0.16096125E+185  0.49949016E+185  0.14777663E+186  0.41843264E+186  0.11378033E+187
  0.14548533E+165  0.14548553E+166  0.26370278E+171 -0.25880643E+175  0.18432506E+179  0.17118542E+181  0.14021390E+182  0.33639302E+182  0.51584951E+182  0.61574099E+182  0.63794193E+182  0.64944899E+182  0.72993135E+182  0.10083485E+183  0.19953098E+183  0.68564264E+183  0.41880755E+184  0.34325661E+185  0.28819037E+186  0.22051837E+187  0.14889941E+188  0.88611143E+188  0.46880971E+189  0.22297068E+190  0.96384932E+190  0.38249107E+191  0.14058001E+192  0.48223993E+192  0.15543607E+193  0.47350717E+193  0.13702400E+194  0.37835564E+194  0.10007787E+195  0.25445530E+195  0.62381307E+195
  0.51516823E+176  0.46365214E+177  0.20248716E+182 -0.10526527E+186  0.44745793E+189  0.28225986E+191  0.20518038E+192  0.47624330E+192  0.71989029E+192  0.85459977E+192  0.88450082E+192  0.89998901E+192  0.10078280E+193  0.13753729E+193  0.26235343E+193  0.81199854E+193  0.40347082E+194  0.25473335E+195  0.16456249E+196  0.98516574E+196  0.53031840E+197  0.25596232E+198  0.11149544E+199  0.44233760E+199  0.16132807E+200  0.54558845E+200  0.17240852E+201  0.51253111E+201  0.14418136E+202  0.38580004E+202  0.98635247E+202  0.24189911E+203  0.57105267E+203  0.13016368E+204  0.28724952E+204
  0.16271569E+188  0.13017278E+189  0.13905275E+193 -0.38793988E+196  0.98442399E+199  0.41957898E+201  0.26728632E+202  0.59630403E+202  0.88570658E+202  0.10443696E+203  0.10795310E+203  0.10977293E+203  0.12237232E+203  0.16453441E+203  0.30066256E+203  0.83199971E+203  0.33642188E+204  0.16420799E+205  0.81703604E+205  0.38215617E+206  0.16359027E+207  0.63848227E+207  0.22827222E+208  0.75310802E+208  0.23105447E+209  0.66401567E+209  0.17992601E+210  0.46235340E+210  0.11324633E+211  0.26556937E+211  0.59858754E+211  0.13012551E+212  0.27364833E+212  0.55818443E+212  0.11070012E+213
  0.46010561E+199  0.32207458E+200  0.85818877E+203 -0.13066657E+207  0.19798423E+210  0.56566042E+211  0.31108606E+212  0.66155575E+212  0.96156987E+212  0.11242977E+213  0.11602860E+213  0.11788929E+213  0.13067932E+213  0.17251165E+213  0.29971356E+213  0.73512357E+213  0.24160879E+214  0.91405910E+214  0.35050447E+215  0.12788798E+216  0.43413843E+216  0.13656556E+217  0.39936776E+217  0.10919501E+218  0.28088644E+218  0.68382058E+218  0.15841412E+219  0.35089946E+219  0.74637638E+219  0.15301938E+220  0.30337216E+220  0.58331645E+220  0.10905383E+221  0.19868612E+221  0.35347426E+221
  0.11643143E+211  0.69859026E+211  0.47677483E+214 -0.40519588E+217  0.36668121E+220  0.69379041E+221  0.32350392E+222  0.64877024E+222  0.91772725E+222  0.10616006E+223  0.10933338E+223  0.11097185E+223  0.12213000E+223  0.15758024E+223  0.25783718E+223  0.55460188E+223  0.14765956E+224  0.43340669E+224  0.12807060E+225  0.36380297E+225  0.97629965E+225  0.24661758E+226  0.58765503E+226  0.13265848E+227  0.28507004E+227  0.58587913E+227  0.11565926E+228  0.22016581E+228  0.40551474E+228  0.72488057E+228  0.12609178E+229  0.21393895E+229  0.35479534E+229  0.57616968E+229  0.91773917E+229
  0.26193913E+222  0.13096994E+223  0.23769199E+225 -0.11641184E+228  0.62938630E+230  0.77368792E+231  0.29921221E+232  0.55776886E+232  0.76213091E+232  0.86946941E+232  0.89305982E+232  0.90521828E+232  0.98700096E+232  0.12370403E+233  0.18825254E+233  0.35016174E+233  0.75024521E+233  0.17060359E+234  0.38796355E+234  0.85571724E+234  0.18087443E+235  0.36538339E+235  0.70641379E+235  0.13110772E+236  0.23441208E+236  0.40515505E+236  0.67913247E+236  0.11072491E+237  0.17604400E+237  0.27357804E+237  0.41639602E+237  0.62183760E+237  0.91260247E+237  0.13180500E+238  0.18757389E+238
  0.51420516E+233  0.20568280E+234  0.10506744E+236 -0.31154983E+238  0.10068481E+241  0.77933737E+241  0.24325852E+242  0.41291455E+242  0.53930721E+242  0.60411388E+242  0.61828906E+242  0.62557696E+242  0.67371500E+242  0.81257225E+242  0.11287587E+243  0.17791600E+243  0.30318738E+243  0.53143790E+243  0.92686249E+243  0.15812771E+244  0.26209343E+244  0.42139656E+244  0.65784270E+244  0.99909578E+244  0.14796023E+245  0.21415724E+245  0.30360261E+245  0.42238875E+245  0.57771429E+245  0.77800684E+245  0.10330486E+246  0.13541128E+246  0.17541006E+246  0.22476879E+246  0.28514813E+246
  0.83829347E+244  0.25148925E+245  0.39874501E+246 -0.78032554E+248  0.15089325E+251  0.69625272E+251  0.16961689E+252  0.25350277E+252  0.31208051E+252  0.34126503E+252  0.34761071E+252  0.35084318E+252  0.37103258E+252  0.42221175E+252  0.51732631E+252  0.66869665E+252  0.88820663E+252  0.11874089E+253  0.15775932E+253  0.20698348E+253  0.26750303E+253  0.34039278E+253  0.42671477E+253  0.52752067E+253  0.64385340E+253  0.77674832E+253  0.92723572E+253  0.10963409E+254  0.12850860E+254  0.14944919E+254  0.17255778E+254  0.19793643E+254  0.22568727E+254  0.25591265E+254  0.28871548E+254
  0.95733855E+255  0.19146910E+256  0.11999343E+257 -0.18356463E+259  0.21289923E+261  0.52563883E+261  0.96378136E+261  0.11775616E+262  0.13588108E+262  0.14437971E+262  0.14619249E+262  0.14619260E+262  0.14619328E+262  0.14619501E+262  0.14619822E+262  0.14620334E+262  0.14621076E+262  0.14622088E+262  0.14623407E+262  0.14625070E+262  0.14627115E+262  0.14629578E+262  0.14632493E+262  0.14635896E+262  0.14639822E+262  0.14644304E+262  0.14649378E+262  0.14655075E+262  0.14661431E+262  0.14668477E+262  0.14676247E+262  0.14684772E+262  0.14694086E+262  0.14704220E+262  0.14715206E+262
 -0.36356105E+265 -0.36356113E+265 -0.36356153E+265 -0.36356215E+265  0.25570115E+267  0.25570074E+267  0.25570033E+267  0.25456410E+267  0.25456393E+267  0.25456385E+267  0.25456383E+267  0.25456383E+267  0.25456377E+267  0.25456363E+267  0.25456337E+267  0.25456296E+267  0.25456236E+267  0.25456155E+267  0.25456049E+267  0.25455915E+267  0.25455751E+267  0.25455552E+267  0.25455318E+267  0.25455044E+267  0.25454728E+267  0.25454368E+267  0.25453960E+267  0.25453501E+267  0.25452990E+267  0.25452423E+267  0.25451798E+267  0.25451112E+267  0.25450363E+267  0.25449548E+267  0.25448664E+267
 -0.22222027E+266 -0.22222026E+266 -0.22222020E+266 -0.22222008E+266 -0.22221989E+266 -0.22221960E+266 -0.22221931E+266 -0.22221911E+266 -0.22221899E+266 -0.22221893E+266 -0.22221892E+266 -0.22221891E+266 -0.22221887E+266 -0.22221877E+266 -0.22221859E+266 -0.22221830E+266 -0.22221788E+266 -0.22221731E+266 -0.22221657E+266 -0.22221563E+266 -0.22221447E+266 -0.22221308E+266 -0.22221143E+266 -0.22220950E+266 -0.22220729E+266 -0.22220475E+266 -0.22220188E+266 -0.22219866E+266 -0.22219507E+266 -0.22219108E+266 -0.22218669E+266 -0.22218187E+266 -0.22217661E+266 -0.22217088E+266 -0.22216467E+266
 -0.20985918E+254 -0.41968665E+254 -0.14793787E+255 -0.37388912E+255 -0.74714738E+255 -0.12940392E+256 -0.18409142E+256 -0.22164136E+256 -0.24436510E+256 -0.25341601E+256 -0.25100678E+256 -0.25099852E+256 -0.25093217E+256 -0.22511070E+256 -0.17715296E+256 -0.10083412E+256  0.98370962E+254  0.35010628E+257  0.80757511E+257  0.13881998E+258  0.21073892E+258  0.21441549E+258  0.21877550E+258  0.22387520E+258  0.22977145E+258  0.23650485E+258  0.24412572E+258  0.25270546E+258  0.26224809E+258  0.27282920E+258  0.28450014E+258  0.29730947E+258  0.31137376E+258  0.32663527E+258  0.34314516E+258
  0.33276428E+264  0.33336649E+264 -0.17492657E+262 -0.79600008E+261  0.18035609E+254  0.29296351E+254  0.29891778E+254  0.30210860E+254  0.30375333E+254 -0.83268575E+253  0.12708639E+257  0.54913817E+251  0.11001018E+252  0.22824725E+256  0.32811956E+256  0.48608310E+256  0.25364631E+257  0.13394437E+267  0.13463450E+267  0.13551104E+267  0.13659706E+267  0.15093201E+258  0.30272082E+258  0.48124621E+258  0.69098301E+258  0.70694362E+258  0.64897207E+259  0.18154084E+263  0.48261540E+257  0.95330508E+257  0.14441737E+258  0.22828630E+259  0.29773512E+263  0.12639382E+263  0.24843491E+261
