  0.38511918E-010  0.38511918E-010  0.38511923E-010  0.38511931E-010  0.38511946E-010  0.38511967E-010  0.38511989E-010  0.38512003E-010  0.38512012E-010  0.38512016E-010  0.38512017E-010  0.38512018E-010  0.38512021E-010  0.38512028E-010  0.38512041E-010  0.38512063E-010  0.38512093E-010  0.38512136E-010  0.38512190E-010  0.38512260E-010  0.38512345E-010  0.38512447E-010  0.38512569E-010  0.38512710E-010  0.38512874E-010  0.38513060E-010  0.38513272E-010  0.38513509E-010  0.38513773E-010  0.38514067E-010  0.38514390E-010  0.38514745E-010  0.38515133E-010  0.38515555E-010  0.38516012E-010
 -0.40149957E+049 -0.82049440E+050 -0.43291181E+062 -0.11458734E+069 -0.28075967E+073 -0.66521279E+076 -0.11206023E+078 -0.31132449E+078 -0.50702507E+078 -0.61889092E+078 -0.64387662E+078 -0.65685931E+078 -0.74927801E+078 -0.10886998E+079 -0.25522630E+079 -0.17892529E+080 -0.87198673E+081 -0.11111823E+084 -0.13306064E+086 -0.11797388E+088 -0.75737485E+089 -0.36080815E+091 -0.13181074E+093 -0.38105158E+094 -0.89613343E+095 -0.17554100E+097 -0.29224173E+098 -0.42061008E+099 -0.53103871E+100 -0.59556887E+101 -0.59977303E+102 -0.54749574E+103 -0.45674666E+104 -0.35075339E+105 -0.24953801E+106
 -0.22689594E+061 -0.44098924E+062 -0.52534966E+073 -0.65201673E+079 -0.96673912E+083 -0.15721363E+087 -0.24922232E+088 -0.68615417E+088 -0.11135620E+089 -0.13575209E+089 -0.14119956E+089 -0.14402971E+089 -0.16415719E+089 -0.23783608E+089 -0.55183530E+089 -0.36346221E+090 -0.13955674E+092 -0.13217292E+094 -0.12132204E+096 -0.85026986E+097 -0.44214265E+099 -0.17396822E+101 -0.53330585E+102 -0.13108653E+104 -0.26504482E+105 -0.45063776E+106 -0.65655714E+107 -0.83296740E+108 -0.93296954E+109 -0.93355618E+110 -0.84311407E+111 -0.69339586E+112 -0.52336608E+113 -0.36503419E+114 -0.23670337E+115
 -0.64111859E+072 -0.11819501E+074 -0.31876268E+084 -0.18550289E+090 -0.16643410E+094 -0.18574024E+097 -0.27603973E+098 -0.75227393E+098 -0.12160032E+099 -0.14802524E+099 -0.15392396E+099 -0.15698808E+099 -0.17875554E+099 -0.25813749E+099 -0.59196577E+099 -0.36520765E+100 -0.11104658E+102 -0.78393721E+103 -0.55167644E+105 -0.30547977E+107 -0.12857868E+109 -0.41750969E+110 -0.10730563E+112 -0.22405423E+113 -0.38911531E+114 -0.57369099E+115 -0.73079447E+116 -0.81651605E+117 -0.81058807E+118 -0.72302299E+119 -0.58507324E+120 -0.43314949E+121 -0.29555203E+122 -0.18707521E+123 -0.11048080E+124
 -0.12076991E+084 -0.21057139E+085 -0.12894225E+095 -0.35184465E+100 -0.19101388E+104 -0.14625420E+107 -0.20291356E+108 -0.54662768E+108 -0.87956011E+108 -0.10689109E+109 -0.11111637E+109 -0.11331082E+109 -0.12888036E+109 -0.18541227E+109 -0.41956561E+109 -0.24168086E+110 -0.58493267E+111 -0.30884664E+113 -0.16667852E+115 -0.72885909E+116 -0.24812745E+118 -0.66430463E+119 -0.14300309E+121 -0.25338506E+122 -0.37758892E+123 -0.48223554E+124 -0.53653964E+125 -0.52740675E+126 -0.46360382E+127 -0.36826330E+128 -0.26676024E+129 -0.17761751E+130 -0.10946380E+131 -0.62825546E+131 -0.33763532E+132
 -0.17062411E+095 -0.28043352E+096 -0.39118687E+105 -0.50050871E+110 -0.16440584E+114 -0.86336357E+116 -0.11129507E+118 -0.29588958E+118 -0.47360730E+118 -0.57445511E+118 -0.59694952E+118 -0.60862982E+118 -0.69137818E+118 -0.99031120E+118 -0.22071832E+119 -0.11830342E+120 -0.22906865E+121 -0.90814989E+122 -0.37603567E+124 -0.12978778E+126 -0.35705601E+127 -0.78737595E+128 -0.14180994E+130 -0.21298804E+131 -0.27202542E+132 -0.30060404E+133 -0.29179292E+134 -0.25206636E+135 -0.19598186E+136 -0.13849495E+137 -0.89714386E+137 -0.53670927E+138 -0.29847088E+139 -0.15518684E+140 -0.75827227E+140
 -0.19284662E+106 -0.29767323E+107 -0.94943072E+115 -0.56958759E+120 -0.11318980E+124 -0.40748241E+126 -0.48545643E+127 -0.12712796E+128 -0.20224744E+128 -0.24476283E+128 -0.25424139E+128 -0.25916196E+128 -0.29396084E+128 -0.41893040E+128 -0.91764119E+128 -0.45600964E+129 -0.70992337E+130 -0.21226152E+132 -0.67479829E+133 -0.18373516E+135 -0.40808982E+136 -0.74039692E+137 -0.11143138E+139 -0.14168543E+140 -0.15489897E+141 -0.14792340E+142 -0.12511849E+143 -0.94872010E+143 -0.65167894E+144 -0.40923160E+145 -0.23680453E+146 -0.12715198E+147 -0.63741808E+147 -0.29994445E+148 -0.13312571E+149
 -0.18163621E+117 -0.26220549E+118 -0.19202645E+126 -0.54016235E+130 -0.64927658E+133 -0.16012624E+136 -0.17524144E+137 -0.45098890E+137 -0.71239949E+137 -0.85989223E+137 -0.89275590E+137 -0.90981135E+137 -0.10301822E+138 -0.14594559E+138 -0.31339750E+138 -0.14383658E+139 -0.18091423E+140 -0.40994450E+141 -0.10015542E+143 -0.21502445E+144 -0.38518313E+145 -0.57424649E+146 -0.72123415E+147 -0.77528889E+148 -0.72452768E+149 -0.59710778E+150 -0.43950233E+151 -0.29213885E+152 -0.17706484E+153 -0.98686303E+153 -0.50951995E+154 -0.24527898E+155 -0.11072065E+156 -0.47103764E+156 -0.18971091E+157
 -0.14663783E+128 -0.19701893E+129 -0.33289864E+136 -0.43906933E+140 -0.31912625E+143 -0.53865767E+145 -0.53781953E+146 -0.13564562E+147 -0.21249436E+147 -0.25569463E+147 -0.26531372E+147 -0.27030407E+147 -0.30543819E+147 -0.42970880E+147 -0.90196584E+147 -0.38077517E+148 -0.38872372E+149 -0.67112596E+150 -0.12617073E+152 -0.21348730E+153 -0.30810038E+154 -0.37692407E+155 -0.39448029E+156 -0.35795070E+157 -0.28551164E+158 -0.20275990E+159 -0.12968251E+160 -0.75458359E+160 -0.40300015E+161 -0.19908942E+162 -0.91598303E+162 -0.39484436E+163 -0.16030831E+164 -0.61589823E+164 -0.22485191E+165
 -0.10358519E+139 -0.12881597E+140 -0.50497633E+146 -0.31227158E+150 -0.13717245E+153 -0.15825418E+155 -0.14302989E+156 -0.35236561E+156 -0.54659925E+156 -0.65530810E+156 -0.67949356E+156 -0.69203572E+156 -0.78008014E+156 -0.10884699E+157 -0.22258017E+157 -0.86059734E+157 -0.71618343E+158 -0.94750208E+159 -0.13729759E+161 -0.18303033E+162 -0.21256224E+163 -0.21307712E+164 -0.18552403E+165 -0.14186884E+166 -0.96421964E+166 -0.58909650E+167 -0.32687939E+168 -0.16624364E+169 -0.78118887E+169 -0.34158686E+170 -0.13985705E+171 -0.53913337E+171 -0.19662840E+172 -0.68140692E+172 -0.22524173E+173
 -0.59626899E+150 -0.68187837E+151 -0.62419866E+157 -0.18096201E+161 -0.48003434E+163 -0.37782458E+165 -0.30635025E+166 -0.73424082E+166 -0.11257699E+167 -0.13437448E+167 -0.13921915E+167 -0.14173025E+167 -0.15929597E+167 -0.22011056E+167 -0.43680548E+167 -0.15397906E+168 -0.10487545E+169 -0.10696170E+170 -0.11971343E+171 -0.12570685E+172 -0.11734237E+173 -0.96229140E+173 -0.69582417E+174 -0.44759788E+175 -0.25874910E+176 -0.13575935E+177 -0.65241392E+177 -0.28952714E+178 -0.11951402E+179 -0.46184958E+179 -0.16803161E+180 -0.57845247E+180 -0.18925892E+181 -0.59083859E+181 -0.17661826E+182
 -0.29915014E+162 -0.31218564E+163 -0.67247589E+168 -0.91382955E+171 -0.14619404E+174 -0.78298840E+175 -0.56373137E+176 -0.13080681E+177 -0.19778422E+177 -0.23483397E+177 -0.24305860E+177 -0.24731902E+177 -0.27699461E+177 -0.37831287E+177 -0.72535746E+177 -0.23200715E+178 -0.12979698E+179 -0.10268224E+180 -0.88988358E+180 -0.73603630E+181 -0.55159442E+182 -0.36944000E+183 -0.22143382E+184 -0.11958573E+185 -0.58683575E+185 -0.26390557E+186 -0.10963279E+187 -0.42377102E+187 -0.15340087E+188 -0.52303099E+188 -0.16882588E+189 -0.51823437E+189 -0.15189020E+190 -0.42657937E+190 -0.11516598E+191
 -0.13290746E+174 -0.12540817E+175 -0.64156728E+179 -0.40849454E+182 -0.39329392E+184 -0.14282402E+186 -0.90231943E+186 -0.20150241E+187 -0.29961882E+187 -0.35347020E+187 -0.36540683E+187 -0.37158548E+187 -0.41439824E+187 -0.55814133E+187 -0.10287309E+188 -0.29704874E+188 -0.13693224E+189 -0.84547807E+189 -0.56903251E+190 -0.37081136E+191 -0.22284809E+192 -0.12168706E+193 -0.60335348E+193 -0.27298013E+194 -0.11347163E+195 -0.43646534E+195 -0.15642185E+196 -0.52561027E+196 -0.16653846E+197 -0.50009925E+197 -0.14297157E+198 -0.39070021E+198 -0.10242181E+199 -0.25839436E+199 -0.62915653E+199
 -0.52958489E+185 -0.44674465E+186 -0.54894311E+190 -0.16363286E+193 -0.94497375E+194 -0.23154313E+196 -0.12661428E+197 -0.27015735E+197 -0.39364847E+197 -0.46077661E+197 -0.47562876E+197 -0.48330940E+197 -0.53618897E+197 -0.71018186E+197 -0.12510795E+198 -0.32438875E+198 -0.12353657E+199 -0.59895176E+199 -0.31409260E+200 -0.16134130E+201 -0.77675556E+201 -0.34518322E+202 -0.14127729E+203 -0.53427468E+203 -0.18768902E+204 -0.61609326E+204 -0.19006153E+205 -0.55401002E+205 -0.15333592E+206 -0.40475320E+206 -0.10229845E+207 -0.24843502E+207 -0.58155111E+207 -0.13158792E+208 -0.28853222E+208
 -0.19122357E+197 -0.14218910E+198 -0.42560352E+201 -0.59292205E+203 -0.20431021E+205 -0.33551565E+206 -0.15629658E+207 -0.31581934E+207 -0.44897503E+207 -0.52049654E+207 -0.53628431E+207 -0.54443933E+207 -0.60013943E+207 -0.77899324E+207 -0.13030988E+208 -0.30168665E+208 -0.95107993E+208 -0.36418060E+209 -0.14933747E+210 -0.60517276E+210 -0.23318661E+211 -0.84180179E+211 -0.28375959E+212 -0.89478706E+212 -0.26499420E+213 -0.74050207E+213 -0.19617419E+214 -0.49491374E+214 -0.11939404E+215 -0.27645879E+215 -0.61650449E+215 -0.13280532E+216 -0.27710509E+216 -0.56140714E+216 -0.11067876E+217
 -0.63109458E+208 -0.40615680E+209 -0.30152303E+212 -0.19561521E+214 -0.39893646E+215 -0.43506239E+216 -0.16948379E+217 -0.32079408E+217 -0.44247972E+217 -0.50687061E+217 -0.52104306E+217 -0.52835298E+217 -0.57778653E+217 -0.73189293E+217 -0.11540594E+218 -0.23713182E+218 -0.61967617E+218 -0.18839129E+219 -0.60633685E+219 -0.19405237E+220 -0.59799729E+220 -0.17505091E+221 -0.48485274E+221 -0.12715654E+222 -0.31662705E+222 -0.75123890E+222 -0.17047042E+223 -0.37130438E+223 -0.77890869E+223 -0.15785621E+224 -0.30993466E+224 -0.59102893E+224 -0.10971402E+225 -0.19866222E+225 -0.35153283E+225
 -0.19175112E+220 -0.10423115E+221 -0.19646534E+223 -0.58922388E+224 -0.70236483E+225 -0.50233952E+226 -0.16014299E+227 -0.28013190E+227 -0.37227462E+227 -0.42012189E+227 -0.43061403E+227 -0.43601558E+227 -0.47208881E+227 -0.58057790E+227 -0.85582233E+227 -0.15506413E+228 -0.33606989E+228 -0.81491227E+228 -0.20661242E+229 -0.52290055E+229 -0.12879460E+230 -0.30518169E+230 -0.69289843E+230 -0.15072507E+231 -0.31467738E+231 -0.63213986E+231 -0.12253048E+232 -0.22980825E+232 -0.41814087E+232 -0.73990468E+232 -0.12761199E+233 -0.21495476E+233 -0.35426915E+233 -0.57222040E+233 -0.90715416E+233
 -0.53970023E+231 -0.23939763E+232 -0.11811303E+234 -0.16141654E+235 -0.11035069E+236 -0.50883070E+236 -0.12942537E+237 -0.20578156E+237 -0.26112974E+237 -0.28918731E+237 -0.29531034E+237 -0.29845494E+237 -0.31912303E+237 -0.37861437E+237 -0.51687993E+237 -0.81992026E+237 -0.14730318E+238 -0.28592187E+238 -0.57298103E+238 -0.11483073E+239 -0.22596208E+239 -0.43266581E+239 -0.80329074E+239 -0.14452872E+240 -0.25223992E+240 -0.42773648E+240 -0.70613367E+240 -0.11371304E+241 -0.17897047E+241 -0.27579289E+241 -0.41680683E+241 -0.61871947E+241 -0.90334801E+241 -0.12988446E+242 -0.18411437E+242
 -0.14146608E+243 -0.48604237E+243 -0.65134630E+244 -0.39484546E+245 -0.15046757E+246 -0.43699609E+246 -0.86133999E+246 -0.12195360E+247 -0.14607763E+247 -0.15792730E+247 -0.16049668E+247 -0.16181194E+247 -0.17027798E+247 -0.19335251E+247 -0.24180783E+247 -0.33303214E+247 -0.49498688E+247 -0.77083923E+247 -0.12242448E+248 -0.19452569E+248 -0.30568369E+248 -0.47219494E+248 -0.71512143E+248 -0.10611120E+249 -0.15432764E+249 -0.22021093E+249 -0.30864731E+249 -0.42546187E+249 -0.57752630E+249 -0.77287224E+249 -0.10208067E+250 -0.13320363E+250 -0.17187915E+250 -0.21949579E+250 -0.27762155E+250
 -0.34694116E+254 -0.84506264E+254 -0.31742592E+255 -0.81417423E+255 -0.16584818E+256 -0.29399683E+256 -0.43540435E+256 -0.53527250E+256 -0.59570868E+256 -0.62404675E+256 -0.63013199E+256 -0.63323178E+256 -0.65259239E+256 -0.70166977E+256 -0.79287097E+256 -0.93799998E+256 -0.11484393E+257 -0.14352491E+257 -0.18092236E+257 -0.22809373E+257 -0.28607767E+257 -0.35589644E+257 -0.43855760E+257 -0.53505577E+257 -0.64637387E+257 -0.77348367E+257 -0.91734769E+257 -0.10789188E+258 -0.12591412E+258 -0.14589520E+258 -0.16792800E+258 -0.19210478E+258 -0.21851712E+258 -0.24725591E+258 -0.27841161E+258
 -0.79934616E+265 -0.11432891E+266 -0.11523717E+266 -0.11523811E+266 -0.11853059E+266 -0.12352772E+266 -0.13630848E+266 -0.14020281E+266 -0.14020281E+266 -0.14020281E+266 -0.14020281E+266 -0.14020281E+266 -0.14020281E+266 -0.14020281E+266 -0.14019947E+266 -0.14019656E+266 -0.14019517E+266 -0.14019516E+266 -0.14019516E+266 -0.14019516E+266 -0.14019516E+266 -0.14019516E+266 -0.14019516E+266 -0.14019515E+266 -0.14019514E+266 -0.14019513E+266 -0.14019511E+266 -0.14019510E+266 -0.14019508E+266 -0.14019506E+266 -0.14019504E+266 -0.14019502E+266 -0.14019505E+266 -0.14019508E+266 -0.14019504E+266
  0.76397945E+253  0.76563087E+253  0.23630833E+254  0.43289486E+253  0.10257341E+254  0.66050123E+253 -0.58067402E+254  0.39703139E+254  0.73715097E+257  0.10847013E+258  0.11594299E+258  0.11975213E+258  0.14364146E+258  0.20483661E+258  0.32080850E+258  0.51123340E+258  0.24464403E+261  0.24498922E+261  0.24543931E+261  0.24600703E+261  0.24670489E+261  0.24754518E+261  0.24854004E+261  0.24970142E+261  0.25104117E+261  0.25257098E+261  0.25430244E+261  0.25624700E+261  0.25841605E+261  0.26082105E+261  0.26347002E+261  0.26637968E+261  0.26955862E+261  0.27301744E+261  0.27676714E+261
  0.62754412E+257  0.62895495E+257  0.63251216E+257  0.63268741E+257  0.63330478E+257  0.63420505E+257  0.63510527E+257  0.63572337E+257  0.63609762E+257  0.63627331E+257  0.63631096E+257  0.63633016E+257  0.63652830E+257  0.63703069E+257  0.63796436E+257  0.63945309E+257 -0.23128946E+259  0.15257569E+259  0.65310089E+259  0.12844387E+260  0.20604891E+260  0.29949330E+260  0.41012536E+260  0.53927613E+260  0.68826083E+260  0.85837978E+260  0.10509208E+261  0.12671586E+261  0.15083565E+261  0.17757684E+261  0.20706402E+261  0.23942688E+261  0.27326206E+261  0.32925434E+261  0.26864730E+261
  0.37911772E+253  0.39852461E+253  0.45146704E+253  0.45536179E+253  0.46169311E+253  0.53865831E+253  0.61846276E+253  0.71914637E+253  0.77555688E+253  0.80163128E+253  0.80743118E+253  0.81038814E+253  0.82869627E+253  0.21437472E+254  0.21911523E+253  0.22938627E+253 -0.85395226E+254  0.47162655E+255  0.11945449E+256  0.21011722E+256  0.32169694E+256  0.45662647E+256  0.61723735E+256  0.80597570E+256  0.10219579E+257  0.12663900E+257  0.15459844E+257  0.18562999E+257  0.21968297E+257  0.25680667E+257  0.29705733E+257  0.29706697E+257  0.29707509E+257  0.29708096E+257  0.29708374E+257
  0.19964966E+266  0.40355740E+259  0.23632736E+259  0.26742138E+253  0.13125132E+254  0.66932235E+258  0.69403639E+258  0.76282031E+258  0.70142356E+258  0.70166492E+258  0.74384049E+258  0.74811267E+258  0.74829950E+258 -0.42032580E+258  0.50949810E+256 -0.38363905E+252  0.18594469E+254  0.18687174E+254  0.18439332E+254  0.57911886E+254  0.87852028E+254  0.10905133E+255  0.12312513E+255  0.12055104E+255  0.12025007E+255  0.16542372E+255  0.16655841E+255  0.16777894E+255  0.17506295E+255  0.29581829E+255  0.60247368E+255  0.67495681E+255  0.67984156E+255  0.67944158E+255  0.67944394E+255
