  0.14983927E-009  0.14983927E-009  0.14983928E-009  0.14983929E-009  0.14983930E-009  0.14983932E-009  0.14983934E-009  0.14983936E-009  0.14983937E-009  0.14983937E-009  0.14983937E-009  0.14983937E-009  0.14983938E-009  0.14983938E-009  0.14983940E-009  0.14983942E-009  0.14983945E-009  0.14983949E-009  0.14983954E-009  0.14983961E-009  0.14983970E-009  0.14983980E-009  0.14983992E-009  0.14984006E-009  0.14984023E-009  0.14984042E-009  0.14984063E-009  0.14984086E-009  0.14984113E-009  0.14984142E-009  0.14984175E-009  0.14984210E-009  0.14984249E-009  0.14984291E-009  0.14984337E-009
  0.14682438E+045  0.27896676E+046  0.25267792E+057  0.30252320E+063  0.44080250E+067  0.70775043E+070  0.11189184E+072  0.30792938E+072  0.49965779E+072  0.60908644E+072  0.63352093E+072  0.64621543E+072  0.73649217E+072  0.10669089E+073  0.24742671E+073  0.16306092E+074  0.78940438E+075  0.19206446E+078  0.47236038E+080  0.70681278E+082  0.65646176E+084  0.40864430E+086  0.18229286E+088  0.61425626E+089  0.16291483E+091  0.35134868E+092  0.63250258E+093  0.97094914E+094  0.12936126E+096  0.15181399E+097  0.15890558E+098  0.14994527E+099  0.12873147E+100  0.10135921E+101  0.73707607E+101
  0.82973520E+056  0.14935257E+058  0.30662641E+068  0.17212737E+074  0.15174801E+078  0.16716523E+081  0.24770436E+082  0.67472634E+082  0.10904439E+083  0.13273153E+083  0.13801903E+083  0.14076562E+083  0.16027636E+083  0.23141537E+083  0.53038379E+083  0.32747075E+084  0.12482337E+086  0.22116731E+088  0.41320180E+090  0.48743373E+092  0.36635812E+094  0.18828519E+096  0.70465458E+097  0.20185032E+099  0.46019355E+100  0.86128366E+101  0.13566697E+103  0.18354680E+104  0.21690369E+105  0.22707073E+106  0.21310815E+107  0.18114121E+108  0.14067725E+109  0.10058465E+110  0.66657337E+110
  0.23445033E+068  0.39856620E+069  0.18604664E+079  0.48967822E+084  0.26118757E+088  0.19735938E+091  0.27294194E+092  0.73486288E+092  0.11821776E+093  0.14365572E+093  0.14933200E+093  0.15228002E+093  0.17319472E+093  0.24911799E+093  0.56334857E+093  0.32484392E+094  0.98081169E+095  0.12695267E+098  0.18008689E+100  0.16734561E+102  0.10169773E+104  0.43111062E+105  0.13522504E+107  0.32896071E+108  0.64403731E+109  0.10449641E+111  0.14387813E+112  0.17138592E+113  0.17946775E+114  0.16743918E+115  0.14076962E+116  0.10768701E+117  0.75587586E+117  0.49037223E+118  0.29591001E+119
  0.44164258E+079  0.70662926E+080  0.75256298E+089  0.92870867E+094  0.29968055E+098  0.15527353E+101  0.19946277E+102  0.52994373E+102  0.84801431E+102  0.10284861E+103  0.10687400E+103  0.10896417E+103  0.12377077E+103  0.17724639E+103  0.39473414E+103  0.21187377E+104  0.50987012E+105  0.48398152E+107  0.52105386E+109  0.38106521E+111  0.18705165E+113  0.65333421E+114  0.17156294E+116  0.35403602E+117  0.59452889E+118  0.83532469E+119  0.10042230E+121  0.10520718E+122  0.97518689E+122  0.81000718E+123  0.60942752E+124  0.41917618E+125  0.26568184E+126  0.15624881E+127  0.85781574E+127
  0.62395358E+090  0.93593190E+091  0.22831010E+100  0.13210146E+105  0.25785328E+108  0.91565997E+110  0.10867061E+112  0.28435877E+112  0.45224235E+112  0.54724628E+112  0.56842630E+112  0.57942126E+112  0.65717183E+112  0.93630100E+112  0.20490240E+113  0.10201855E+114  0.19691745E+115  0.13772535E+117  0.11249852E+119  0.64684138E+120  0.25616001E+122  0.73627128E+123  0.16165441E+125  0.28260966E+126  0.40654975E+127  0.49401514E+128  0.51791908E+129  0.47664232E+130  0.39062817E+131  0.28854237E+132  0.19406905E+133  0.11989487E+134  0.68550517E+134  0.36511399E+135  0.18220018E+136
  0.70521837E+101  0.98730734E+102  0.55411180E+110  0.15032171E+115  0.17745521E+118  0.43159357E+120  0.47034679E+121  0.12093413E+122  0.19095970E+122  0.23046275E+122  0.23926436E+122  0.24383211E+122  0.27606592E+122  0.39097582E+122  0.83865413E+122  0.38591245E+123  0.60136556E+124  0.31165549E+126  0.19312044E+128  0.87197239E+129  0.27820834E+131  0.65708497E+132  0.12044679E+134  0.17812915E+135  0.21919871E+136  0.23003778E+137  0.21002766E+138  0.16957107E+139  0.12271604E+140  0.80512595E+140  0.48352232E+141  0.26800558E+142  0.13808040E+143  0.66537289E+143  0.30150843E+144
  0.66422269E+112  0.86349093E+113  0.11206975E+121  0.14254305E+125  0.10173679E+128  0.16930484E+130  0.16825497E+131  0.42389849E+131  0.66374893E+131  0.79855198E+131  0.82856640E+131  0.84413749E+131  0.95374908E+131  0.13412658E+132  0.28117245E+132  0.11912565E+133  0.15087173E+134  0.58320424E+135  0.27418288E+137  0.97087304E+138  0.24916698E+140  0.48277196E+141  0.73758330E+142  0.92123878E+143  0.96816704E+144  0.87612715E+145  0.69557824E+146  0.49196883E+147  0.31395230E+148  0.18271172E+149  0.97852992E+149  0.48602398E+150  0.22538268E+151  0.98149421E+151  0.40343732E+152
  0.53623728E+123  0.64348582E+124  0.19428202E+131  0.11585251E+135  0.49966577E+137  0.56818281E+139  0.51086705E+140  0.12569070E+141  0.19486539E+141  0.23357109E+141  0.24218189E+141  0.24664719E+141  0.27798760E+141  0.38769813E+141  0.79159451E+141  0.30758881E+142  0.31882586E+143  0.92630024E+144  0.33053379E+146  0.91651555E+147  0.18885354E+149  0.29959897E+150  0.38077757E+151  0.40090312E+152  0.35917397E+153  0.27978229E+154  0.19283053E+155  0.11928657E+156  0.67024586E+156  0.34550020E+157  0.16478286E+158  0.73245581E+158  0.30533421E+159  0.12002146E+160  0.44699990E+160
  0.37879859E+134  0.41667916E+135  0.29470313E+141  0.82382362E+144  0.21453090E+147  0.16637781E+149  0.13412336E+150  0.32094586E+150  0.49174706E+150  0.58680566E+150  0.60793189E+150  0.61888177E+150  0.69546175E+150  0.96039620E+150  0.19024577E+151  0.67532493E+151  0.57714606E+152  0.12712102E+154  0.34455542E+155  0.74690100E+156  0.12330343E+158  0.15980411E+159  0.16858816E+160  0.14930632E+161  0.11380066E+162  0.76157586E+162  0.45482180E+163  0.24565045E+164  0.12132551E+165  0.55308327E+165  0.23456239E+166  0.93174059E+166  0.34868473E+167  0.12355906E+168  0.41644043E+168
  0.21804824E+146  0.21804862E+147  0.36427494E+152  0.47728011E+155  0.74942804E+157  0.39536127E+159  0.28279607E+160  0.65491248E+160  0.98939267E+160  0.11743390E+161  0.12153918E+161  0.12366566E+161  0.13847331E+161  0.18898253E+161  0.36157605E+161  0.11680550E+162  0.82970645E+162  0.13988004E+164  0.28831662E+165  0.48769127E+166  0.64343650E+167  0.67951533E+168  0.59354390E+169  0.44110029E+170  0.28536879E+171  0.16371257E+172  0.84545181E+172  0.39790723E+173  0.17242959E+174  0.69394077E+174  0.26126663E+175  0.92601109E+175  0.31064367E+176  0.99097023E+176  0.30185486E+177
  0.10939545E+158  0.98456083E+158  0.39244094E+163  0.24090103E+166  0.22759796E+168  0.81380120E+169  0.51033368E+170  0.11369058E+171  0.16886442E+171  0.19913023E+171  0.20583822E+171  0.20931023E+171  0.23335951E+171  0.31400833E+171  0.57732721E+171  0.16913353E+172  0.10077224E+173  0.13140187E+174  0.20626153E+175  0.27167460E+176  0.28563116E+177  0.24506771E+178  0.17672490E+179  0.10990572E+180  0.60195524E+180  0.29531579E+181  0.13157606E+182  0.53845858E+182  0.20431509E+183  0.72453421E+183  0.24173451E+184  0.76319622E+184  0.22914081E+185  0.65706310E+185  0.18062996E+186
  0.48602555E+169  0.38882115E+170  0.37438994E+174  0.10758225E+177  0.60949868E+178  0.14697551E+180  0.79688759E+180  0.16951793E+181  0.24665935E+181  0.28856224E+181  0.29783200E+181  0.30262543E+181  0.33561113E+181  0.44397787E+181  0.77992555E+181  0.20664211E+182  0.10439530E+183  0.10645034E+184  0.12745349E+185  0.13039925E+186  0.10888385E+187  0.75635711E+187  0.44879584E+188  0.23283298E+189  0.10764311E+190  0.45036453E+190  0.17267394E+191  0.61298255E+191  0.20321061E+192  0.63364696E+192  0.18698098E+193  0.52488612E+193  0.14080052E+194  0.36233710E+194  0.89759164E+194
  0.19366228E+181  0.13556385E+182  0.32030664E+185  0.43009327E+187  0.14534142E+189  0.23475690E+190  0.10828144E+191  0.21795596E+191  0.30928271E+191  0.35828896E+191  0.36910463E+191  0.37469083E+191  0.41282029E+191  0.53500455E+191  0.89227672E+191  0.21357961E+192  0.92731097E+192  0.74761665E+193  0.68365800E+194  0.54171362E+195  0.35781753E+196  0.20042410E+197  0.97478058E+197  0.42035038E+198  0.16349347E+199  0.58155523E+199  0.19132976E+200  0.58762048E+200  0.16977535E+201  0.46443179E+201  0.12095215E+202  0.30128944E+202  0.72074975E+202  0.16616380E+203  0.37031535E+203
  0.69927913E+192  0.41956831E+193  0.24824960E+196  0.15519283E+198  0.31025050E+199  0.33253876E+200  0.12803400E+201  0.24112897E+201  0.33178265E+201  0.37968781E+201  0.39022893E+201  0.39566515E+201  0.43239409E+201  0.54658306E+201  0.85961885E+201  0.18635157E+202  0.70755324E+202  0.45550551E+203  0.31823052E+204  0.19455348E+205  0.10117214E+206  0.45478114E+206  0.18048649E+207  0.64425402E+207  0.21000943E+208  0.63288254E+208  0.17809331E+209  0.47181232E+209  0.11847843E+210  0.28361830E+210  0.65035148E+210  0.14344106E+211  0.30538852E+211  0.62954092E+211  0.12599634E+212
  0.23078272E+204  0.11539160E+205  0.17563359E+207  0.50742359E+208  0.59256910E+209  0.41612420E+210  0.13077844E+211  0.22724449E+211  0.30098193E+211  0.33919807E+211  0.34757504E+211  0.35188683E+211  0.38064516E+211  0.46682201E+211  0.68787125E+211  0.13642839E+212  0.46328835E+212  0.23970071E+213  0.12769450E+214  0.59925197E+214  0.24390325E+215  0.87486719E+215  0.28182708E+216  0.82873713E+216  0.22542118E+217  0.57325473E+217  0.13747764E+218  0.31312838E+218  0.68134172E+218  0.14232891E+219  0.28662119E+219  0.55840835E+219  0.10557199E+220  0.19419870E+220  0.34837514E+220
  0.70120734E+215  0.28048357E+216  0.11383842E+218  0.14985250E+219  0.10029012E+220  0.45341247E+220  0.11325651E+221  0.17842237E+221  0.22534893E+221  0.24907203E+221  0.25424628E+221  0.25690287E+221  0.27433222E+221  0.32427090E+221  0.44615413E+221  0.83189251E+221  0.25940453E+222  0.10770813E+223  0.43487194E+223  0.15550828E+224  0.49174043E+224  0.13978174E+225  0.36322727E+225  0.87498142E+225  0.19759963E+226  0.42212257E+226  0.85921795E+226  0.16762836E+227  0.31498607E+227  0.57241003E+227  0.10094598E+228  0.17326713E+228  0.29019177E+228  0.47527263E+228  0.76263140E+228
  0.19736077E+227  0.59208382E+227  0.67107254E+228  0.39238500E+229  0.14626200E+230  0.41557134E+230  0.79895050E+230  0.11162124E+231  0.13280507E+231  0.14317494E+231  0.14542189E+231  0.14657171E+231  0.15395747E+231  0.17399592E+231  0.22593568E+231  0.42236636E+231  0.12324812E+232  0.40367808E+232  0.12190830E+233  0.32858262E+233  0.79948256E+233  0.17857094E+234  0.37150816E+234  0.72829049E+234  0.13575672E+235  0.24235588E+235  0.41675131E+235  0.69351612E+235  0.11211354E+236  0.17663198E+236  0.27193002E+236  0.41004373E+236  0.60679282E+236  0.88271342E+236  0.12641672E+237
  0.51732117E+238  0.10346455E+239  0.34439316E+239  0.85840973E+239  0.17088146E+240  0.29510108E+240  0.41983949E+240  0.50578192E+240  0.55790927E+240  0.58237855E+240  0.58763428E+240  0.59031185E+240  0.60704860E+240  0.64956539E+240  0.86176992E+240  0.18303901E+241  0.48609071E+241  0.12012674E+242  0.26477538E+242  0.52905169E+242  0.97763466E+242  0.16973354E+243  0.28013864E+243  0.44340796E+243  0.67757464E+243  0.10048079E+244  0.14519844E+244  0.20512912E+244  0.28408696E+244  0.38655039E+244  0.51773355E+244  0.68376227E+244  0.89158629E+244  0.11491396E+245  0.14654339E+245
  0.12687132E+250  0.12687192E+250  0.12687868E+250  0.12691104E+250  0.12701348E+250  0.12726647E+250  0.12762327E+250  0.12791720E+250  0.12811300E+250  0.12820875E+250  0.12822949E+250  0.12824010E+250  0.12830823E+250  0.12849275E+250  0.27378676E+250  0.70627655E+250  0.14749303E+251  0.25229395E+251  0.38901367E+251  0.56157470E+251  0.77385499E+251  0.10297021E+252  0.13329448E+252  0.16874057E+252  0.20969121E+252  0.25653046E+252  0.30964514E+252  0.36942542E+252  0.43626602E+252  0.51056754E+252  0.59273686E+252  0.68379285E+252  0.78361088E+252  0.89262644E+252  0.10112867E+253
  0.29230902E+261  0.97563794E+255  0.19512760E+256  0.40318164E+256  0.74686825E+256  0.12471709E+257  0.17475008E+257  0.20910474E+257  0.22989486E+257  0.23964320E+257  0.24173653E+257  0.24280286E+257  0.24946294E+257  0.26634562E+257  0.11167706E+260  0.20888894E+260  0.25602822E+260  0.25612690E+260  0.25625556E+260  0.25641785E+260  0.25661733E+260  0.25685754E+260  0.25714193E+260  0.25747392E+260  0.25785690E+260  0.25829422E+260  0.25878918E+260  0.25934506E+260  0.25996512E+260  0.26065258E+260  0.26141086E+260  0.26574441E+260  0.26665313E+260  0.26764190E+260  0.26871384E+260
  0.48515978E+258  0.97031982E+258  0.30597300E+259  0.75145544E+259  0.14132777E+260  0.23771534E+260  0.35602453E+260  0.43654219E+260  0.48491005E+260  0.50753183E+260  0.51238956E+260  0.51486407E+260  0.53031931E+260  0.56949690E+260  0.64230467E+260  0.75816891E+260  0.10044612E+261  0.12346799E+261  0.15348615E+261  0.19134946E+261  0.23789201E+261  0.29393402E+261  0.36028401E+261  0.43774036E+261  0.52661423E+261  0.62823636E+261  0.74309419E+261  0.87208898E+261  0.10159746E+262  0.11754992E+262  0.15239083E+263  0.19144482E+267  0.22944426E+261  0.45888851E+261  0.70762899E+261
  0.28862763E+259  0.56011276E+259  0.14375498E+260  0.15868503E+260  0.18355886E+260  0.21976828E+260  0.25596106E+260  0.28081221E+260  0.29585121E+260  0.30290290E+260  0.30441714E+260  0.30518849E+260  0.31000618E+260  0.32221863E+260  0.34491448E+260  0.38103247E+260  0.43340406E+260  0.50539689E+260  0.59916632E+260  0.71727709E+260  0.86220696E+260  0.10363421E+261  0.12419684E+261  0.14812599E+261  0.17562727E+261  0.20702992E+261  0.25322196E+261  0.30509910E+261  0.36296441E+261  0.42711866E+261  0.49785985E+261  0.57548431E+261  0.66028581E+261  0.75255605E+261  0.85258535E+261
  0.30748036E+264  0.30748054E+264  0.30748140E+264  0.30748223E+264  0.30743974E+264  0.30743974E+264  0.30743974E+264  0.30743974E+264  0.30743974E+264  0.30743974E+264 -0.31921390E+264  0.36918602E+260  0.16588513E+255  0.32606469E+255 -0.29235642E+254 -0.64472221E+255 -0.16428632E+256 -0.32004955E+256 -0.52315868E+256 -0.77931581E+256 -0.10942028E+257 -0.14733669E+257 -0.19222885E+257 -0.24463788E+257 -0.30509880E+257 -0.37118289E+257 -0.44597728E+257 -0.43690898E+257 -0.42219315E+257 -0.40307770E+257 -0.36474979E+257 -0.32424164E+257 -0.27998800E+257 -0.23183663E+257 -0.17963599E+257
  0.31410451E+265  0.30562521E+265  0.30509462E+265  0.15480854E+265  0.32335874E+257  0.52069036E+257  0.52372619E+257  0.52515900E+257  0.52578680E+257  0.52602851E+257  0.52607735E+257  0.52610176E+257  0.52622986E+257  0.52855442E+257  0.53279134E+257  0.53271237E+257  0.53271741E+257  0.53271837E+257  0.53271849E+257  0.79754421E+257  0.90715300E+257  0.10316491E+258  0.11143625E+258  0.11917971E+258  0.12957538E+259  0.26600604E+259  0.27078448E+259  0.27472745E+259  0.28343903E+260  0.15459629E+261  0.76585786E+260  0.81087285E+254  0.20855349E+255  0.23318284E+255  0.24097076E+255
