  0.47014384E-010  0.47014384E-010  0.47014389E-010  0.47014397E-010  0.47014412E-010  0.47014432E-010  0.47014453E-010  0.47014468E-010  0.47014476E-010  0.47014480E-010  0.47014481E-010  0.47014482E-010  0.47014485E-010  0.47014492E-010  0.47014505E-010  0.47014526E-010  0.47014556E-010  0.47014597E-010  0.47014651E-010  0.47014718E-010  0.47014802E-010  0.47014902E-010  0.47015021E-010  0.47015159E-010  0.47015319E-010  0.47015502E-010  0.47015709E-010  0.47015941E-010  0.47016200E-010  0.47016487E-010  0.47016803E-010  0.47017151E-010  0.47017530E-010  0.47017943E-010  0.47018390E-010
 -0.94577902E+040 -0.20393701E+042 -0.51454382E+054 -0.29923141E+061 -0.12250454E+066 -0.43010199E+069 -0.76956682E+070 -0.21561449E+071 -0.35229448E+071 -0.43052744E+071 -0.44800540E+071 -0.45708814E+071 -0.52180133E+071 -0.76018741E+071 -0.17992919E+072 -0.13432495E+073 -0.85315943E+074 -0.15419537E+077 -0.26019462E+079 -0.32111468E+081 -0.28231545E+083 -0.18151449E+085 -0.89205783E+086 -0.35414225E+088 -0.11937736E+090 -0.36029811E+091 -0.11988693E+093  0.15836653E+094 -0.33060914E+095 -0.23702928E+096 -0.40808849E+097 -0.47001359E+098 -0.50129457E+099 -0.47800710E+100 -0.41419077E+101
 -0.50775584E+052 -0.10440919E+054 -0.59322163E+065 -0.16177205E+072 -0.40077653E+076 -0.96597290E+079 -0.16322813E+081 -0.45368084E+081 -0.73899494E+081 -0.90209704E+081 -0.93852706E+081 -0.95745639E+081 -0.10922132E+082 -0.15872081E+082 -0.37228337E+082 -0.26190941E+083 -0.13039060E+085 -0.17472909E+087 -0.22608072E+089 -0.22078324E+091 -0.15745457E+093 -0.83767618E+094 -0.34631144E+096 -0.11733677E+098 -0.34203709E+099 -0.90480694E+100 -0.27022885E+102  0.37617555E+103 -0.64009324E+104 -0.32300478E+105 -0.56680221E+106 -0.57561455E+107 -0.55848005E+108 -0.48367461E+109 -0.38221025E+110
 -0.13592066E+064 -0.26590003E+065 -0.34101960E+076 -0.43608449E+082 -0.65375611E+086 -0.10816237E+090 -0.17202959E+091 -0.47386823E+091 -0.76919413E+091 -0.93777628E+091 -0.97542030E+091 -0.99497783E+091 -0.11340748E+092 -0.16433498E+092 -0.38151908E+092 -0.25222989E+093 -0.98929057E+094 -0.98538021E+096 -0.97777506E+098 -0.75535055E+100 -0.43676233E+102 -0.19216350E+104 -0.66794407E+105 -0.19307693E+107 -0.48665973E+108 -0.11288859E+110 -0.30336919E+111  0.44272208E+112 -0.62787366E+113 -0.20055553E+114 -0.39345051E+115 -0.34661784E+116 -0.30688365E+117 -0.24100065E+118 -0.17355620E+119
 -0.24181447E+075 -0.44887778E+076 -0.13028992E+087 -0.78128672E+092 -0.70874482E+096 -0.80478872E+099 -0.12002755E+101 -0.32729251E+101 -0.52916790E+101 -0.64421462E+101 -0.66989644E+101 -0.68323710E+101 -0.77801507E+101 -0.11237280E+102 -0.25786900E+102 -0.15972905E+103 -0.49611581E+104 -0.36838898E+106 -0.28040805E+108 -0.17130328E+110 -0.80267371E+111 -0.29187987E+113 -0.85251671E+114 -0.21016417E+116 -0.45803751E+117 -0.93228232E+118 -0.22611297E+120  0.34467001E+121 -0.41648552E+122 -0.67307722E+122 -0.18311134E+124 -0.13616962E+125 -0.11078100E+126 -0.78683803E+126 -0.51607927E+127
 -0.32154000E+086 -0.56471799E+087 -0.37205027E+097 -0.10461973E+103 -0.57425923E+106 -0.44744119E+109 -0.62314615E+110 -0.16798033E+111 -0.27036279E+111 -0.32859795E+111 -0.34159316E+111 -0.34834244E+111 -0.39623187E+111 -0.57015950E+111 -0.12912054E+112 -0.74697142E+112 -0.18468242E+114 -0.10258682E+116 -0.59923947E+117 -0.28939931E+119 -0.10982325E+121 -0.32984309E+122 -0.80904107E+123 -0.17003755E+125 -0.32045817E+126 -0.57283231E+127 -0.12585089E+129  0.19989326E+130 -0.21029085E+131 -0.64694478E+130 -0.64930016E+132 -0.38923004E+133 -0.29540390E+134 -0.18888395E+135 -0.11280507E+136
 -0.34070454E+097 -0.56430668E+098 -0.84661648E+107 -0.11163889E+113 -0.37076041E+116 -0.19816192E+119 -0.25650087E+120 -0.68245764E+120 -0.10926936E+121 -0.13255173E+121 -0.13774506E+121 -0.14044175E+121 -0.15954795E+121 -0.22859101E+121 -0.50993792E+121 -0.27458950E+122 -0.54321144E+123 -0.22662354E+125 -0.10164867E+127 -0.38795653E+128 -0.11915981E+130 -0.29537593E+131 -0.60803156E+132 -0.10891679E+134 -0.17754533E+135 -0.27906673E+136 -0.55786204E+137  0.92189628E+138 -0.86209020E+139  0.64184758E+139 -0.18994061E+141 -0.84867622E+141 -0.62133240E+142 -0.35437045E+143 -0.19285711E+144
 -0.29950570E+108 -0.46611936E+109 -0.15983101E+118 -0.98835135E+122 -0.19857357E+126 -0.72769844E+128 -0.87083464E+129 -0.22825203E+130 -0.36325746E+130 -0.43967867E+130 -0.45671683E+130 -0.46556191E+130 -0.52812207E+130 -0.75286865E+130 -0.16508454E+131 -0.82447428E+131 -0.13117027E+133 -0.41286140E+134 -0.14231957E+136 -0.42915207E+137 -0.10661520E+139 -0.21795165E+140 -0.37628687E+141 -0.57438106E+142 -0.81022067E+143 -0.11216879E+145 -0.20513378E+146  0.35241210E+147 -0.29871964E+148  0.46694778E+148 -0.48655982E+149 -0.14119324E+150 -0.10791800E+151 -0.53832183E+151 -0.26794339E+152
 -0.22452464E+119 -0.32697476E+120 -0.25731981E+128 -0.74618968E+132 -0.90679327E+135 -0.22770033E+138 -0.25041670E+139 -0.64513135E+139 -0.10195152E+140 -0.12307900E+140 -0.12778670E+140 -0.13022993E+140 -0.14747547E+140 -0.20900416E+140 -0.44935918E+140 -0.20735981E+141 -0.26663246E+142 -0.63637211E+143 -0.16879295E+145 -0.40205253E+146 -0.80733948E+147 -0.13600125E+149 -0.19680659E+150 -0.25598889E+151 -0.31271870E+152 -0.38219127E+153 -0.64364512E+154  0.11490933E+156 -0.89889078E+156  0.19582061E+157 -0.11429035E+158 -0.16254596E+158 -0.16145234E+159 -0.67421505E+159 -0.31049852E+160
 -0.14640421E+130 -0.19856812E+131 -0.36034930E+138 -0.49003526E+142 -0.36008084E+145 -0.61899713E+147 -0.62137315E+148 -0.15691394E+149 -0.24593969E+149 -0.29599689E+149 -0.30714325E+149 -0.31292607E+149 -0.35364581E+149 -0.49774852E+149 -0.10462958E+150 -0.44433527E+150 -0.46399356E+151 -0.84442288E+152 -0.17261627E+154 -0.32476424E+155 -0.52676550E+156 -0.73063097E+157 -0.88571508E+158 -0.98192205E+159 -0.10401133E+161 -0.11256521E+162 -0.17595697E+163  0.32638678E+164 -0.23943877E+165  0.62847227E+165 -0.25366878E+166 -0.48684795E+165 -0.21928224E+167 -0.69441162E+167 -0.30646041E+168
 -0.77251968E+141 -0.97051950E+142 -0.40836665E+149 -0.26042171E+153 -0.11564957E+156 -0.13593009E+158 -0.12358995E+159 -0.30492642E+159 -0.47330816E+159 -0.56757525E+159 -0.58854886E+159 -0.59942570E+159 -0.67579440E+159 -0.94345989E+159 -0.19325805E+160 -0.75213076E+160 -0.64076163E+161 -0.89458536E+162 -0.14123094E+164 -0.20991357E+165 -0.27485335E+166 -0.31364786E+167 -0.31839391E+168 -0.30104273E+169 -0.27703289E+170 -0.26659908E+171 -0.39047362E+172  0.75236423E+173 -0.52490017E+174  0.15415756E+175 -0.49345485E+175  0.33986126E+175 -0.26670294E+176 -0.51144937E+176 -0.24213207E+177
 -0.35234155E+153 -0.40741530E+154 -0.40002556E+160 -0.11962396E+164 -0.32079263E+166 -0.25734247E+168 -0.21006032E+169 -0.50436306E+169 -0.77390863E+169 -0.92402578E+169 -0.95739277E+169 -0.97468825E+169 -0.10957028E+170 -0.15150022E+170 -0.30126385E+170 -0.10697624E+171 -0.74674702E+171 -0.80498214E+172 -0.98409440E+173 -0.11560260E+175 -0.12213185E+176 -0.11459011E+177 -0.97396739E+177 -0.78640235E+178 -0.63050282E+179 -0.54256106E+180 -0.75285751E+181  0.15059186E+183 -0.10111220E+184  0.31820944E+184 -0.88663255E+184  0.10940995E+185 -0.33211396E+185 -0.20688448E+185 -0.16992416E+186
 -0.14088557E+165 -0.14881921E+166 -0.34355009E+171 -0.48169155E+174 -0.77901138E+176 -0.42548361E+178 -0.30866182E+179 -0.71778142E+179 -0.10863502E+180 -0.12903231E+180 -0.13356067E+180 -0.13590649E+180 -0.15225108E+180 -0.20811010E+180 -0.39999887E+180 -0.12899864E+181 -0.74083125E+181 -0.62084986E+182 -0.58968709E+183 -0.54795990E+184 -0.46697630E+185 -0.36008709E+186 -0.25635374E+187 -0.17716024E+188 -0.12427193E+189 -0.96342222E+189 -0.12826375E+191  0.26601808E+192 -0.17360250E+193  0.56995779E+193 -0.14682761E+194  0.22496955E+194 -0.44041149E+194  0.15323304E+194 -0.11916396E+195
 -0.49899963E+176 -0.47720266E+177 -0.26136365E+182 -0.17176691E+185 -0.16717446E+187 -0.61958014E+188 -0.39483387E+189 -0.88411926E+189 -0.13162065E+190 -0.15534965E+190 -0.16060997E+190 -0.16333298E+190 -0.18220843E+190 -0.24566199E+190 -0.45413751E+190 -0.13238205E+191 -0.62786253E+191 -0.41199249E+192 -0.30526603E+193 -0.22471022E+194 -0.15448682E+195 -0.97904413E+195 -0.58450935E+196 -0.34706407E+197 -0.21430684E+198 -0.15116543E+199 -0.19580293E+200  0.42016768E+201 -0.26864932E+202  0.90464850E+202 -0.22347833E+203  0.37534801E+203 -0.60344328E+203  0.52101981E+203 -0.99379682E+203
 -0.15765731E+188 -0.13500612E+189 -0.17738116E+193 -0.54602777E+195 -0.31875083E+197 -0.79793777E+198 -0.44074741E+199 -0.94362907E+199 -0.13770949E+200 -0.16129003E+200 -0.16650800E+200 -0.16920662E+200 -0.18779550E+200 -0.24905802E+200 -0.44035882E+200 -0.11546357E+201 -0.45388851E+201 -0.23494499E+202 -0.13647764E+203 -0.79758054E+203 -0.44263615E+204 -0.23072328E+205 -0.11581918E+206 -0.59458765E+206 -0.32603885E+207 -0.21194103E+208 -0.27100662E+209  0.59977915E+210 -0.37810823E+211  0.12920272E+212 -0.31248994E+212  0.54571929E+212 -0.81016601E+212  0.86947763E+212 -0.10452645E+213
 -0.44598511E+199 -0.33731489E+200 -0.10779202E+204 -0.15518328E+206 -0.54051263E+207 -0.90825786E+208 -0.42818966E+209 -0.86898849E+209 -0.12378576E+210 -0.14361870E+210 -0.14799751E+210 -0.15025956E+210 -0.16572017E+210 -0.21546861E+210 -0.36210378E+210 -0.84987095E+210 -0.27789036E+211 -0.11436292E+212 -0.52397535E+212 -0.24389274E+213 -0.10943177E+214 -0.47016948E+214 -0.19946290E+215 -0.89433108E+215 -0.44088168E+216 -0.26837934E+217 -0.34352999E+218  0.78076029E+219 -0.48764588E+220  0.16797926E+221 -0.40222515E+221  0.71363199E+221 -0.10289835E+222  0.11777081E+222 -0.12256691E+222
 -0.11292305E+211 -0.74117159E+211 -0.58627076E+214 -0.39346070E+216 -0.81101129E+217 -0.90719508E+218 -0.35861484E+219 -0.68263768E+219 -0.94409202E+219 -0.10826296E+220 -0.11131298E+220 -0.11288635E+220 -0.12353588E+220 -0.15682965E+220 -0.24879574E+220 -0.52029763E+220 -0.14205720E+221 -0.46876977E+221 -0.17068244E+222 -0.63579110E+222 -0.23133663E+223 -0.82312975E+223 -0.29792687E+224 -0.11854089E+225 -0.53416433E+225 -0.31030848E+226 -0.40224941E+227  0.93395688E+228 -0.57999395E+229  0.20061708E+230 -0.47827466E+230  0.85362956E+230 -0.12190013E+231  0.14209532E+231 -0.14235326E+231
 -0.25426540E+222 -0.14146630E+223 -0.28338573E+225 -0.88071299E+226 -0.10607569E+228 -0.78133325E+228 -0.25378920E+229 -0.44730776E+229 -0.59656604E+229 -0.67421098E+229 -0.69124334E+229 -0.70001350E+229 -0.75865654E+229 -0.93579310E+229 -0.13913797E+230 -0.25832231E+230 -0.59182064E+230 -0.15814388E+231 -0.46216756E+231 -0.13875908E+232 -0.41177791E+232 -0.12252874E+233 -0.38493556E+233 -0.13925569E+234 -0.58567907E+234 -0.33134840E+235 -0.43817693E+236  0.10334382E+238 -0.63969790E+238  0.22169521E+239 -0.52761141E+239  0.94358663E+239 -0.13436344E+240  0.15735616E+240 -0.15628996E+240
 -0.49985984E+233 -0.22814031E+234 -0.11922586E+236 -0.16935975E+237 -0.11688161E+238 -0.55937680E+238 -0.14599250E+239 -0.23446628E+239 -0.29893039E+239 -0.33168151E+239 -0.33883242E+239 -0.34250590E+239 -0.36670707E+239 -0.43705247E+239 -0.60521518E+239 -0.99661041E+239 -0.19306194E+240 -0.42321001E+240 -0.10072431E+241 -0.24655186E+241 -0.60353834E+241 -0.15325658E+242 -0.43077913E+242 -0.14658855E+243 -0.58876428E+243 -0.33048388E+244 -0.44654372E+245  0.10638574E+247 -0.65746848E+247  0.22803259E+248 -0.54237347E+248  0.97055549E+248 -0.13810542E+249  0.16190140E+249 -0.16054548E+249
 -0.81726048E+244 -0.29133738E+245 -0.41192378E+246 -0.26121559E+247 -0.10017179E+248 -0.30763297E+248 -0.63131646E+248 -0.90409172E+248 -0.10884922E+249 -0.11792922E+249 -0.11990706E+249 -0.12092195E+249 -0.12755377E+249 -0.14633348E+249 -0.18862637E+249 -0.27736741E+249 -0.46111419E+249 -0.84673026E+249 -0.16830665E+250 -0.34298258E+250 -0.71004842E+250 -0.16044395E+251 -0.42347434E+251 -0.14089751E+252 -0.55132716E+252 -0.31099351E+253 -0.42753666E+254  0.10240074E+256 -0.63242913E+256  0.21940436E+257 -0.52176780E+257  0.93380757E+257 -0.13285795E+258  0.15577569E+258 -0.15443616E+258
 -0.94147671E+255 -0.24167340E+256 -0.95684677E+256 -0.26182938E+257 -0.52818082E+257 -0.10627254E+258 -0.17097891E+258 -0.20701292E+258 -0.22981483E+258 -0.24072943E+258 -0.24447790E+258 -0.24639387E+258 -0.25861916E+258 -0.29134809E+258 -0.35871378E+258 -0.48493997E+258 -0.71700296E+258 -0.11540885E+259 -0.20231135E+259 -0.35983229E+259 -0.66906137E+259 -0.14494832E+260 -0.37925787E+260 -0.12658247E+261 -0.48886053E+261 -0.27807935E+262 -0.38574771E+263  0.92564916E+264 -0.57158383E+265  0.19830646E+266 -0.47158164E+266  0.84400571E+266 -0.12007934E+267  0.14079509E+267 -0.13958188E+267
 -0.15307260E+243 -0.15337358E+243 -0.15458000E+243 -0.64235638E+243  0.53296661E+245  0.55355711E+245 -0.44607620E+245  0.20004266E+248  0.34034182E+248  0.87582412E+245  0.89859429E+245  0.89903544E+245  0.90188979E+245  0.90967880E+245  0.92607858E+245  0.97242361E+245  0.79295033E+245  0.76851805E+244 -0.16418748E+246 -0.51621201E+247 -0.59225206E+247 -0.71151370E+247 -0.89199873E+247 -0.10199208E+248 -0.42570376E+248 -0.13436739E+249 -0.33889482E+249 -0.76106785E+249 -0.12949727E+250 -0.41563893E+251  0.48320583E+252  0.48950240E+252  0.46557071E+252  0.46530213E+252  0.46533306E+252
 -0.17119619E+247 -0.17143559E+247 -0.16240988E+247  0.13613349E+249  0.36550205E+249  0.69823339E+249  0.10317073E+250  0.12610952E+250  0.13999118E+250  0.14650252E+250  0.14790061E+250  0.14861280E+250  0.15306102E+250  0.16439271E+250  0.18545149E+250  0.21896380E+250 -0.15221718E+251 -0.38955510E+251 -0.69908581E+251 -0.10896138E+252 -0.15698103E+252 -0.21482378E+252 -0.28333677E+252 -0.36336041E+252 -0.45540935E+252 -0.56017166E+252 -0.67830096E+252 -0.81019470E+252 -0.95650737E+252 -0.86683681E+252 -0.44560072E+252  0.17851756E+251  0.52562327E+252  0.10798272E+253  0.16828345E+253
 -0.43950361E+249 -0.44032153E+249 -0.44031679E+249  0.35561305E+255  0.35626161E+255  0.35720760E+255  0.35800530E+255  0.35865632E+255  0.35865606E+255  0.35865720E+255  0.35865718E+255  0.35865716E+255  0.35865709E+255  0.36043340E+255  0.36043302E+255  0.36043241E+255 -0.12915903E+257 -0.12917975E+257 -0.12920675E+257 -0.12924081E+257 -0.12928271E+257 -0.12933314E+257 -0.12939253E+257 -0.12946198E+257 -0.12909287E+257 -0.12867154E+257 -0.12819467E+257 -0.12744712E+257 -0.12675268E+257  0.70038427E+256  0.29844108E+257  0.29924201E+257  0.30011700E+257  0.30106907E+257  0.30210121E+257
  0.24043675E+252  0.44053371E+252  0.81446865E+252  0.10434586E+262  0.11523473E+259  0.11541077E+259  0.97331291E+258  0.11567389E+259 -0.10434545E+252  0.35560909E+252  0.48506020E+252  0.48506771E+252  0.13370953E+254  0.64192222E+259  0.97260961E+253  0.52474692E+253  0.23452990E+252  0.68684177E+252  0.38585169E+253  0.42142886E+254 -0.84948944E+259 -0.87082329E+259  0.32549315E+260  0.15320401E+260  0.17997712E+254  0.36907531E+254  0.21288545E+254  0.22440563E+254  0.18036036E+256  0.11278646E+266  0.11883957E+266  0.54287402E+253  0.16516215E+255  0.17347298E+255  0.17441474E+255
