  0.55612993E-009  0.55612993E-009  0.55612994E-009  0.55612995E-009  0.55612996E-009  0.55612998E-009  0.55613000E-009  0.55613002E-009  0.55613003E-009  0.55613003E-009  0.55613003E-009  0.55613003E-009  0.55613003E-009  0.55613004E-009  0.55613005E-009  0.55613007E-009  0.55613010E-009  0.55613014E-009  0.55613020E-009  0.55613026E-009  0.55613035E-009  0.55613045E-009  0.55613056E-009  0.55613070E-009  0.55613086E-009  0.55613104E-009  0.55613124E-009  0.55613147E-009  0.55613173E-009  0.55613201E-009  0.55613232E-009  0.55613267E-009  0.55613304E-009  0.55613345E-009  0.55613389E-009
  0.52780701E+039  0.11083943E+041  0.19692226E+053  0.10711650E+060  0.42517229E+064  0.14426752E+068  0.25653040E+069  0.71812540E+069  0.11729679E+070  0.14332760E+070  0.14914298E+070  0.15216501E+070  0.17369463E+070  0.25297997E+070  0.59819667E+070  0.44338332E+071  0.27043699E+073  0.45299976E+075  0.69186516E+077  0.76148868E+079  0.59428566E+081  0.33847696E+083  0.14582931E+085  0.49153644E+086  0.13347237E+088  0.29935331E+089  0.56641204E+090  0.92049915E+091  0.13046640E+093  0.16340531E+094  0.18290768E+095  0.18478735E+096  0.16994509E+097  0.14335443E+098  0.11165517E+099
  0.28336122E+051  0.56672219E+052  0.22702174E+064  0.57903149E+070  0.13908169E+075  0.32394938E+078  0.54379841E+079  0.15100003E+080  0.24587080E+080  0.30009611E+080  0.31220738E+080  0.31850041E+080  0.36329556E+080  0.52778196E+080  0.12365551E+081  0.86335115E+081  0.41290996E+083  0.51286020E+085  0.60037413E+087  0.52253584E+089  0.33050764E+091  0.15558170E+093  0.56290959E+094  0.16145479E+096  0.37724522E+097  0.73500407E+098  0.12181254E+100  0.17465130E+101  0.21978942E+102  0.24581147E+103  0.24695191E+104  0.22495682E+105  0.18732769E+106  0.14362620E+107  0.10203659E+108
  0.75852687E+062  0.14412004E+064  0.13049846E+075  0.15606777E+081  0.22684703E+085  0.36265406E+088  0.57275061E+089  0.15759744E+090  0.25570760E+090  0.31170234E+090  0.32420544E+090  0.33070117E+090  0.37689474E+090  0.54595510E+090  0.12658849E+091  0.83017259E+091  0.31290487E+093  0.28890502E+095  0.25924766E+097  0.17835248E+099  0.91371924E+100  0.35523920E+102  0.10785105E+104  0.26301423E+105  0.52834846E+106  0.89348385E+107  0.12958945E+109  0.16378272E+110  0.18285105E+111  0.18245769E+112  0.16438645E+113  0.13491396E+114  0.10164655E+115  0.70783037E+115  0.45834340E+116
  0.13494841E+074  0.24290703E+075  0.49855097E+085  0.27956983E+091  0.24589557E+095  0.26976707E+098  0.39932445E+099  0.10875402E+100  0.17574845E+100  0.21392005E+100  0.22244075E+100  0.22686682E+100  0.25830735E+100  0.37293659E+100  0.85456156E+100  0.52480456E+101  0.15668756E+103  0.10785959E+105  0.74204949E+106  0.40333708E+108  0.16725164E+110  0.53660905E+111  0.13658502E+113  0.28294476E+114  0.48820692E+115  0.71591380E+116  0.90785521E+117  0.10104872E+119  0.99990543E+119  0.88941788E+120  0.71800208E+121  0.53046080E+122  0.36129757E+123  0.22832854E+124  0.13465607E+125
  0.17944051E+085  0.30504872E+086  0.14235400E+096  0.37430265E+101  0.19920706E+105  0.14993981E+108  0.20714420E+109  0.55760672E+109  0.89695799E+109  0.10899347E+110  0.11329956E+110  0.11553596E+110  0.13140173E+110  0.18899247E+110  0.42728547E+110  0.24493257E+111  0.58223087E+112  0.29984199E+114  0.15820302E+116  0.67905927E+117  0.22774207E+119  0.60244324E+120  0.12843304E+122  0.22577535E+123  0.33426474E+124  0.42460820E+125  0.47029664E+126  0.46053634E+127  0.40351721E+128  0.31964895E+129  0.23099509E+130  0.15348740E+131  0.94423141E+131  0.54108117E+132  0.29038520E+133
  0.19013560E+096  0.30421679E+097  0.32390672E+106  0.39934184E+111  0.12859282E+115  0.66382534E+117  0.85183433E+118  0.22627428E+119  0.36205377E+119  0.43909168E+119  0.45627474E+119  0.46519698E+119  0.52839970E+119  0.75664466E+119  0.16846537E+120  0.89829193E+120  0.17087407E+122  0.66093014E+123  0.26756892E+125  0.90649252E+126  0.24567537E+128  0.53527883E+129  0.95473406E+130  0.14226352E+132  0.18051969E+133  0.19841325E+134  0.19173257E+135  0.16500216E+136  0.12787733E+137  0.90119328E+137  0.58239771E+138  0.34770326E+139  0.19301869E+140  0.10020217E+141  0.48893858E+141
  0.16714393E+107  0.25071575E+108  0.61144094E+116  0.35346720E+121  0.68858834E+124  0.24367458E+127  0.28888038E+128  0.75574748E+128  0.12018272E+129  0.14542500E+129  0.15105243E+129  0.15397373E+129  0.17463105E+129  0.24878532E+129  0.54429681E+129  0.26898720E+130  0.41148462E+131  0.12007241E+133  0.37324038E+134  0.99754068E+135  0.21826437E+137  0.39125479E+138  0.58314808E+139  0.73563199E+140  0.79903297E+141  0.75896135E+142  0.63908225E+143  0.48276411E+144  0.33055369E+145  0.20701057E+146  0.11950764E+147  0.64039740E+147  0.32046968E+148  0.15056928E+149  0.66737846E+149
  0.12529956E+118  0.17541927E+119  0.98428488E+126  0.26679714E+131  0.31437375E+134  0.76209918E+136  0.82961608E+137  0.21325680E+138  0.33670697E+138  0.40634493E+138  0.42186073E+138  0.42991289E+138  0.48673385E+138  0.68927331E+138  0.14780520E+139  0.67435323E+139  0.83359596E+140  0.18441414E+142  0.44059001E+143  0.92849465E+144  0.16385019E+146  0.24134937E+147  0.30019494E+148  0.32015521E+149  0.29726302E+150  0.24367725E+151  0.17856102E+152  0.11824634E+153  0.71442013E+153  0.39710443E+154  0.20455145E+155  0.98272798E+155  0.44284138E+156  0.18811269E+157  0.75662199E+157
  0.81703205E+128  0.10621410E+130  0.13782174E+137  0.17516017E+141  0.12480092E+144  0.20705092E+146  0.20553702E+147  0.51768866E+147  0.81051662E+147  0.97508618E+147  0.10117279E+148  0.10307370E+148  0.11645460E+148  0.16375538E+148  0.34316353E+148  0.14395022E+149  0.14444839E+150  0.24357422E+151  0.44786077E+152  0.74388711E+153  0.10576041E+155  0.12783809E+156  0.13250142E+157  0.11928897E+158  0.94537363E+158  0.66780999E+159  0.42523679E+160  0.24651604E+161  0.13124454E+162  0.64664446E+162  0.29683326E+163  0.12770158E+164  0.51758988E+164  0.19856091E+165  0.72396395E+165
  0.43111693E+140  0.51733995E+141  0.15616405E+148  0.93054594E+151  0.40069551E+154  0.45433777E+156  0.40804149E+157  0.10036269E+158  0.15557837E+158  0.18647169E+158  0.19334441E+158  0.19690837E+158  0.22192162E+158  0.30947156E+158  0.63161809E+158  0.24254118E+159  0.19841793E+160  0.25649151E+161  0.36358081E+162  0.47582489E+163  0.54441036E+164  0.53922550E+165  0.46498772E+166  0.35280149E+167  0.23825561E+168  0.14479925E+169  0.79995828E+169  0.40535359E+170  0.18989050E+171  0.82814938E+171  0.33831216E+172  0.13016419E+173  0.47393277E+173  0.16400112E+174  0.54142512E+174
  0.19662982E+152  0.21629264E+153  0.15294758E+159  0.42726752E+162  0.11109889E+165  0.85932471E+166  0.69193083E+167  0.16551946E+168  0.25356972E+168  0.30257036E+168  0.31346033E+168  0.31910465E+168  0.35857740E+168  0.49511554E+168  0.98031170E+168  0.34301380E+169  0.22967595E+170  0.22897946E+171  0.25076752E+172  0.25854229E+173  0.23778363E+174  0.19269034E+175  0.13800423E+176  0.88087570E+176  0.50601154E+177  0.26411575E+178  0.12637954E+179  0.55882983E+179  0.22998170E+180  0.88646075E+180  0.32180902E+181  0.11057522E+182  0.36119443E+182  0.11260072E+183  0.33618140E+183
  0.78623440E+163  0.78623374E+164  0.13132640E+170  0.17196010E+173  0.26964328E+175  0.14189917E+177  0.10137840E+178  0.23469216E+178  0.35449816E+178  0.42073806E+178  0.43544119E+178  0.44305717E+178  0.49608781E+178  0.67694441E+178  0.12944236E+179  0.41069813E+179  0.22587804E+180  0.17475559E+181  0.14824398E+182  0.12041389E+183  0.88923288E+183  0.58859966E+184  0.34946969E+185  0.18729482E+186  0.91340304E+186  0.40867612E+187  0.16905935E+188  0.65118279E+188  0.23502658E+189  0.79934056E+189  0.25746601E+190  0.78888890E+190  0.23085409E+191  0.64746592E+191  0.17459299E+192
  0.27847472E+175  0.25062701E+176  0.99882760E+180  0.61278802E+183  0.57822318E+185  0.20627796E+187  0.12920050E+188  0.28771294E+188  0.42726074E+188  0.50380306E+188  0.52076728E+188  0.52954777E+188  0.59036299E+188  0.79426324E+188  0.14591922E+189  0.41765717E+189  0.18925978E+190  0.11433854E+191  0.75357185E+191  0.48239809E+192  0.28574553E+193  0.15423374E+194  0.75765448E+194  0.34023535E+195  0.14057159E+196  0.53802422E+196  0.19203015E+197  0.64306670E+197  0.20317351E+198  0.60864331E+198  0.17364727E+199  0.47369911E+199  0.12399337E+200  0.31240968E+200  0.75981785E+200
  0.87983184E+186  0.70386473E+187  0.67764293E+191  0.19462398E+194  0.11013693E+196  0.26502714E+197  0.14351784E+198  0.30516024E+198  0.44393314E+198  0.51930557E+198  0.53597910E+198  0.54460096E+198  0.60392725E+198  0.79878162E+198  0.14016694E+199  0.35995563E+199  0.13473850E+200  0.63952219E+200  0.32859527E+201  0.16588344E+202  0.78742558E+202  0.34599111E+203  0.14033351E+204  0.52686514E+204  0.18400171E+205  0.60110207E+205  0.18470757E+206  0.53664816E+206  0.14812596E+207  0.39010429E+207  0.98404518E+207  0.23858261E+208  0.55769434E+208  0.12603513E+209  0.27606274E+209
  0.24888912E+198  0.17422218E+199  0.41159436E+202  0.55241882E+204  0.18648624E+206  0.30063136E+207  0.13849038E+208  0.27861997E+208  0.39526794E+208  0.45785311E+208  0.47166526E+208  0.47879903E+208  0.52748711E+208  0.68345953E+208  0.11378870E+209  0.26067319E+209  0.80763584E+209  0.30293377E+210  0.12180208E+211  0.48538569E+211  0.18450081E+212  0.65883750E+212  0.22016574E+213  0.68944642E+213  0.20304092E+214  0.56480131E+214  0.14907014E+215  0.37492083E+215  0.90214873E+215  0.20844477E+216  0.46398848E+216  0.99796433E+216  0.20795514E+217  0.42083206E+217  0.82883395E+217
  0.63018512E+209  0.37811055E+210  0.22369442E+213  0.13978591E+215  0.27919036E+216  0.29871435E+217  0.11486084E+218  0.21619357E+218  0.29738572E+218  0.34028364E+218  0.34972264E+218  0.35459039E+218  0.38747473E+218  0.48967331E+218  0.76768534E+218  0.15592758E+219  0.40042682E+219  0.11933946E+220  0.37697495E+220  0.11874558E+221  0.36124505E+221  0.10466598E+222  0.28754414E+222  0.74921083E+222  0.18558429E+223  0.43846211E+223  0.99152095E+223  0.21535135E+224  0.45069144E+224  0.91158645E+224  0.17868380E+225  0.34026127E+225  0.63087667E+225  0.11411695E+226  0.20175049E+226
  0.14189688E+221  0.70948320E+221  0.10797731E+224  0.31184778E+225  0.36387160E+226  0.25510394E+227  0.80064649E+227  0.13902893E+228  0.18407695E+228  0.20741889E+228  0.21253521E+228  0.21516861E+228  0.23272991E+228  0.28532903E+228  0.41766176E+228  0.74729146E+228  0.15917886E+229  0.37878800E+229  0.94383940E+229  0.23539551E+230  0.57297632E+230  0.13449760E+231  0.30310525E+231  0.65545403E+231  0.13619780E+232  0.27256128E+232  0.52668564E+232  0.98530781E+232  0.17890369E+233  0.31602033E+233  0.54424617E+233  0.91561783E+233  0.15074543E+234  0.24326727E+234  0.38535891E+234
  0.27895479E+232  0.11158168E+233  0.45283277E+234  0.59590955E+235  0.39851738E+236  0.17989307E+237  0.44870506E+237  0.70631866E+237  0.89169734E+237  0.98538349E+237  0.10058161E+238  0.10163063E+238  0.10851157E+238  0.12821413E+238  0.17357402E+238  0.27168901E+238  0.48002329E+238  0.91589822E+238  0.18073259E+239  0.35757426E+239  0.69640150E+239  0.13226177E+240  0.24398605E+240  0.43675976E+240  0.75918901E+240  0.12832395E+241  0.21129183E+241  0.33953140E+241  0.53344466E+241  0.82084200E+241  0.12390354E+242  0.18373787E+242  0.26803022E+242  0.38509245E+242  0.54553197E+242
  0.45608530E+243  0.13682521E+244  0.15506796E+245  0.90646247E+245  0.33765125E+246  0.95794336E+246  0.18387905E+247  0.25664439E+247  0.30517767E+247  0.32892363E+247  0.33406838E+247  0.33670092E+247  0.35360489E+247  0.39942141E+247  0.49481251E+247  0.67256191E+247  0.98486311E+247  0.15118532E+248  0.23712945E+248  0.37294690E+248  0.58131453E+248  0.89226208E+248  0.13445789E+249  0.19873242E+249  0.28814334E+249  0.41014176E+249  0.57371690E+249  0.78958383E+249  0.10703815E+250  0.14308812E+250  0.18881985E+250  0.24620217E+250  0.31748401E+250  0.40521855E+250  0.51228877E+250
  0.52540617E+254  0.10508080E+255  0.34975275E+255  0.87156094E+255  0.17338260E+256  0.29896249E+256  0.42454235E+256  0.51076882E+256  0.56294960E+256  0.58741677E+256  0.59267078E+256  0.59534715E+256  0.61206316E+256  0.65443671E+256  0.73318448E+256  0.85850233E+256  0.10402194E+257  0.12879122E+257  0.16108375E+257  0.20181533E+257  0.25188332E+257  0.31217039E+257  0.38354651E+257  0.46687052E+257  0.56299105E+257  0.67274718E+257  0.79696993E+257  0.93648198E+257  0.10920986E+258  0.12646288E+258  0.14548743E+258  0.16636318E+258  0.18916916E+258  0.21398383E+258  0.24088529E+258
  0.61588248E+255  0.12317650E+256  0.40998417E+256  0.10216438E+257  0.20323540E+257  0.35043743E+257  0.49764123E+257  0.54431474E+257  0.59499530E+257  0.62367472E+257  0.62983326E+257  0.63297039E+257  0.65256423E+257  0.70223284E+257  0.79453731E+257  0.94142843E+257  0.11544279E+258  0.14751239E+258  0.18932125E+258  0.24205182E+258  0.30687502E+258  0.38492693E+258  0.47732909E+258  0.58519404E+258  0.69789064E+258  0.82657122E+258  0.97220888E+258  0.11357666E+259  0.13181984E+259  0.15204507E+259  0.17434609E+259  0.19867680E+259  0.22525738E+259  0.25417986E+259  0.28553546E+259
  0.47077781E+256  0.94154446E+256  0.31337536E+257  0.78088124E+257  0.15525718E+258  0.26766293E+258  0.38008611E+258  0.45730694E+258  0.50405237E+258  0.63193193E+258  0.65982935E+258  0.94538713E+258  0.96036337E+258  0.99832669E+258  0.10688777E+259  0.11811502E+259  0.13439495E+259  0.15686171E+259  0.18613088E+259  0.22300859E+259  0.26827639E+259  0.32269049E+259  0.38697991E+259  0.46184389E+259  0.54795059E+259  0.64626951E+259  0.75754396E+259  0.88250952E+259  0.90960968E+259  0.93965027E+259  0.97276929E+259  0.10091036E+260  0.10487887E+260  0.10919588E+260  0.11387470E+260
 -0.87688591E+254 -0.17537461E+255 -0.58371535E+255 -0.14545769E+256 -0.28881883E+256 -0.49840247E+256 -0.70798572E+256 -0.85103993E+256 -0.93794115E+256 -0.97860117E+256 -0.98735114E+256 -0.99180332E+256 -0.99174426E+256 -0.99019844E+256 -0.98732568E+256 -0.98275402E+256 -0.97612152E+256 -0.96708662E+256 -0.95530593E+256 -0.93765846E+256 -0.91356933E+256 -0.88450479E+256 -0.85006257E+256 -0.80986203E+256 -0.76360701E+256 -0.71062466E+256 -0.65238300E+256 -0.24851608E+257 -0.26446621E+257 -0.27571424E+257 -0.28012609E+257 -0.55047831E+257 -0.84457231E+257 -0.11631391E+258 -0.15086773E+258
  0.14474487E+255  0.28170069E+255  0.74866722E+255  0.15833389E+256  0.24831507E+256  0.37327301E+256  0.45130624E+256  0.50011492E+256  0.52562937E+256  0.53785353E+256  0.54095227E+256  0.54243794E+256  0.55078490E+256  0.58511594E+256  0.60868451E+256  0.62959512E+256  0.63990813E+256  0.64959780E+256  0.65911386E+256  0.67535445E+257  0.25939414E+257 -0.19158885E+257  0.56731889E+257  0.10950316E+258  0.17285194E+258  0.21586948E+258  0.21770188E+258  0.21343183E+259  0.11996575E+266  0.12330442E+266  0.12704607E+266  0.24135422E+263  0.19637449E+263  0.72375022E+262  0.20869954E+262
