  0.32427842E-009  0.32427842E-009  0.32427843E-009  0.32427843E-009  0.32427845E-009  0.32427847E-009  0.32427849E-009  0.32427851E-009  0.32427851E-009  0.32427852E-009  0.32427852E-009  0.32427852E-009  0.32427852E-009  0.32427853E-009  0.32427854E-009  0.32427856E-009  0.32427859E-009  0.32427864E-009  0.32427869E-009  0.32427876E-009  0.32427884E-009  0.32427894E-009  0.32427906E-009  0.32427920E-009  0.32427936E-009  0.32427954E-009  0.32427975E-009  0.32427999E-009  0.32428025E-009  0.32428053E-009  0.32428085E-009  0.32428120E-009  0.32428158E-009  0.32428200E-009  0.32428245E-009
  0.68300243E+038  0.14345979E+040  0.25726984E+052  0.14158956E+059  0.57013168E+063  0.19673825E+067  0.35089314E+068  0.98269029E+068  0.16053573E+069  0.19617354E+069  0.20413524E+069  0.20827267E+069  0.23774986E+069  0.34631908E+069  0.55334837E+069 -0.64521991E+073 -0.18807075E+077 -0.14606289E+080 -0.45594579E+082 -0.72743457E+084 -0.69166123E+086 -0.43515195E+088 -0.19519372E+090 -0.65980911E+091 -0.17533281E+093 -0.37858656E+094 -0.68205900E+095 -0.10475210E+097 -0.13960130E+098 -0.16385212E+099 -0.17150860E+100 -0.16182572E+101 -0.13891079E+102 -0.10935136E+103 -0.79498635E+103
  0.36668024E+050  0.73351724E+051  0.29658561E+063  0.76533533E+069  0.18648256E+074  0.44171081E+077  0.74385295E+078  0.20664644E+079  0.33653940E+079  0.41078789E+079  0.42737158E+079  0.43598854E+079  0.49732896E+079  0.72260699E+079  0.74131175E+079 -0.14524294E+084 -0.29183727E+087 -0.16614293E+090 -0.39698428E+092 -0.50058778E+094 -0.38555774E+096 -0.20035758E+098 -0.75416858E+099 -0.21674687E+101 -0.49514685E+102 -0.92787085E+103 -0.14627293E+105 -0.19799486E+106 -0.23404545E+107 -0.24504973E+108 -0.22998657E+109 -0.19547405E+110 -0.15178625E+111 -0.10850487E+112 -0.71886966E+112
  0.98156273E+061  0.18653876E+063  0.17048074E+074  0.20626935E+080  0.30412692E+084  0.49441107E+087  0.78348351E+088  0.21569507E+089  0.35004452E+089  0.42672876E+089  0.44385189E+089  0.45274795E+089  0.51601463E+089  0.74760435E+089  0.33108788E+088 -0.16301687E+094 -0.22576592E+097 -0.94185745E+099 -0.17217529E+102 -0.17147653E+104 -0.10689734E+106 -0.45841157E+107 -0.14465517E+109 -0.35311326E+110 -0.69277039E+111 -0.11255173E+113 -0.15509955E+114 -0.18484993E+115 -0.19362622E+116 -0.18067556E+117 -0.15190198E+118 -0.11619528E+119 -0.81547816E+119 -0.52892680E+120 -0.31908910E+121
  0.17462840E+073  0.31440529E+074  0.65127637E+084  0.36947102E+090  0.32962536E+094  0.36771615E+097  0.54627052E+098  0.14886185E+099  0.24061942E+099  0.29290551E+099  0.30457708E+099  0.31063992E+099  0.35371001E+099  0.51077457E+099 -0.84833800E+099 -0.12159480E+104 -0.11604990E+107 -0.35463043E+109 -0.49564844E+111 -0.38955657E+113 -0.19636456E+115 -0.69416564E+116 -0.18343152E+118 -0.37988840E+119 -0.63933700E+120 -0.89951937E+121 -0.10823493E+123 -0.11345470E+124 -0.10519768E+125 -0.87392980E+125 -0.65754363E+126 -0.45224193E+127 -0.28659753E+128 -0.16851309E+129 -0.92489186E+129
  0.23220287E+084  0.39484313E+085  0.18595569E+095  0.49462681E+100  0.26700322E+104  0.20434371E+107  0.28338389E+108  0.76334611E+108  0.12282354E+109  0.14926312E+109  0.15516298E+109  0.15822715E+109  0.17996704E+109  0.25890056E+109 -0.12058990E+110 -0.67783220E+113 -0.44570293E+116 -0.99710631E+118 -0.10646242E+121 -0.65965037E+122 -0.26855670E+124 -0.78164849E+125 -0.17274331E+127 -0.30312825E+128 -0.43706196E+129 -0.53185676E+130 -0.55810521E+131 -0.51392337E+132 -0.42132591E+133 -0.31127074E+134 -0.20936413E+135 -0.12933588E+136 -0.73937498E+136 -0.39371937E+137 -0.19641922E+138
  0.24604271E+095  0.39377199E+096  0.42309868E+105  0.52766652E+110  0.17233083E+114  0.90450338E+116  0.11654178E+118  0.30980917E+118  0.49586810E+118  0.60144741E+118  0.62499712E+118  0.63722536E+118  0.72385464E+118  0.10367952E+119 -0.10356235E+120 -0.30107356E+123 -0.13634233E+126 -0.22313877E+128 -0.18181969E+130 -0.88703775E+131 -0.29127334E+133 -0.69699347E+134 -0.12863614E+136 -0.19098449E+137 -0.23557754E+138 -0.24759832E+139 -0.22627826E+140 -0.18280228E+141 -0.13233893E+142 -0.86841781E+142 -0.52155591E+143 -0.28906856E+144 -0.14890982E+145 -0.71739444E+145 -0.32498648E+146
  0.21629062E+106  0.32452658E+107  0.79864828E+115  0.46700132E+120  0.92263856E+123  0.33194715E+126  0.39525110E+127  0.10349368E+128  0.16463988E+128  0.19924607E+128  0.20696128E+128  0.21096644E+128  0.23929105E+128  0.34100511E+128 -0.66824692E+129 -0.11092646E+133 -0.34578095E+135 -0.41359636E+137 -0.25685828E+139 -0.98520496E+140 -0.26050671E+142 -0.51165194E+143 -0.78727396E+144 -0.98730886E+145 -0.10401775E+147 -0.94276796E+147 -0.74923783E+148 -0.53025727E+149 -0.33851395E+150 -0.19704348E+151 -0.10553363E+152 -0.52413939E+152 -0.24301992E+153 -0.10580523E+154 -0.43477392E+154
  0.16214240E+117  0.22706692E+118  0.12855768E+126  0.35244994E+130  0.42114665E+133  0.10379145E+136  0.11351837E+137  0.29210129E+137  0.46138684E+137  0.55689827E+137  0.57817959E+137  0.58922405E+137  0.66717020E+137  0.94512852E+137 -0.35129815E+139 -0.34843128E+142 -0.74708121E+144 -0.65226758E+146 -0.30824134E+148 -0.92782119E+149 -0.19717743E+151 -0.31724645E+152 -0.40619042E+153 -0.42947099E+154 -0.38576153E+155 -0.30098340E+156 -0.20765966E+157 -0.12854486E+158 -0.72255030E+158 -0.37253627E+159 -0.17768647E+160 -0.78975960E+160 -0.32916843E+161 -0.12935852E+162 -0.48162102E+162
  0.10572706E+128  0.13748893E+129  0.17999777E+136  0.23136101E+140  0.16715035E+143  0.28190720E+145  0.28126755E+146  0.70927013E+146  0.11110156E+147  0.13368475E+147  0.13871315E+147  0.14132186E+147  0.15968779E+147  0.22464329E+147 -0.15694839E+149 -0.95159765E+151 -0.14019431E+154 -0.89196678E+155 -0.32009588E+157 -0.75445318E+158 -0.12856923E+160 -0.16907386E+161 -0.17973408E+162 -0.15987659E+163 -0.12218361E+164 -0.81906123E+164 -0.48968372E+165 -0.26466072E+166 -0.13076784E+167 -0.59624988E+167 -0.25288215E+168 -0.10044392E+169 -0.37582575E+169 -0.13314215E+170 -0.44858826E+170
  0.55788174E+139  0.66968702E+140  0.20393772E+147  0.12289103E+151  0.53652624E+153  0.61840426E+155  0.55844779E+156  0.13754703E+157  0.21334567E+157  0.25576670E+157  0.26520442E+157  0.27009863E+157  0.30445430E+157  0.42477722E+157 -0.56045996E+159 -0.21017315E+162 -0.21243778E+164 -0.98279001E+165 -0.26714727E+167 -0.49171295E+168 -0.67011985E+169 -0.71835997E+170 -0.63242695E+171 -0.47212733E+172 -0.30628679E+173 -0.17602059E+174 -0.91003290E+174 -0.42860471E+175 -0.18580979E+176 -0.74794466E+176 -0.28161224E+177 -0.99804182E+177 -0.33474492E+178 -0.10675578E+179 -0.32506717E+179
  0.25444648E+151  0.27999451E+152  0.19971912E+158  0.56415135E+161  0.14871478E+164  0.11692277E+166  0.94710758E+166  0.22693045E+167  0.34789427E+167  0.41523380E+167  0.43020037E+167  0.43795784E+167  0.49222069E+167  0.68005695E+167 -0.17184483E+170 -0.40082669E+172 -0.27737754E+174 -0.93038082E+175 -0.19094801E+177 -0.27356298E+178 -0.29718879E+179 -0.25889604E+180 -0.18820413E+181 -0.11758885E+182 -0.64586618E+182 -0.31742822E+183 -0.14159092E+184 -0.57986217E+184 -0.22011891E+185 -0.78073811E+185 -0.26049662E+186 -0.82235361E+186 -0.24685127E+187 -0.70763396E+187 -0.19445657E+188
  0.10174173E+163  0.10178255E+164  0.17146711E+169  0.22699603E+172  0.36080967E+174  0.19299688E+176  0.13878790E+177  0.32191591E+177  0.48666199E+177  0.57778611E+177  0.59801431E+177  0.60849259E+177  0.68147362E+177  0.93059374E+177 -0.46026933E+180 -0.66908008E+182 -0.31604987E+184 -0.76569353E+185 -0.11817144E+187 -0.13124654E+188 -0.11321902E+189 -0.79860498E+189 -0.47773691E+190 -0.24901864E+191 -0.11545931E+192 -0.48395187E+192 -0.18576887E+193 -0.65995123E+193 -0.21887402E+194 -0.68262337E+194 -0.20143816E+195 -0.56540445E+195 -0.15163421E+196 -0.39008571E+196 -0.96591815E+196
  0.36035689E+174  0.32446355E+175  0.13039443E+180  0.80866891E+182  0.77338842E+184  0.28043203E+186  0.17690969E+187  0.39486236E+187  0.58698813E+187  0.69242336E+187  0.71579345E+187  0.72789013E+187  0.81170267E+187  0.10930196E+188 -0.10898836E+191 -0.98673079E+192 -0.31681071E+194 -0.55159262E+195 -0.63685620E+196 -0.54562803E+197 -0.37201963E+198 -0.21155679E+199 -0.10373151E+200 -0.44943795E+200 -0.17531625E+201 -0.62476031E+201 -0.20578561E+202 -0.63247787E+202 -0.18281096E+203 -0.50018146E+203 -0.13026239E+204 -0.32443349E+204 -0.77590495E+204 -0.17881133E+205 -0.39831053E+205
  0.11385359E+186  0.91126931E+186  0.88448808E+190  0.25673928E+193  0.14723392E+195  0.36011124E+196  0.19655481E+197  0.41908753E+197  0.61044619E+197  0.71444708E+197  0.73745654E+197  0.74935544E+197  0.83126656E+197  0.11006676E+198 -0.22997794E+201 -0.12926284E+203 -0.28039837E+204 -0.34848143E+205 -0.29901917E+206 -0.19640872E+207 -0.10524975E+208 -0.48007146E+208 -0.19204172E+209 -0.68870369E+209 -0.22514591E+210 -0.67973638E+210 -0.19149916E+211 -0.50768563E+211 -0.12753585E+212 -0.30534513E+212 -0.70014460E+212 -0.15439359E+213 -0.32859953E+213 -0.67708790E+213 -0.13543746E+214
  0.32207200E+197  0.22557158E+198  0.53710283E+201  0.72836727E+203  0.24913575E+205  0.40822688E+206  0.18970770E+207  0.38293583E+207  0.54411675E+207  0.63066775E+207  0.64977213E+207  0.65964006E+207  0.72702711E+207  0.94325727E+207 -0.43426706E+211 -0.15058037E+213 -0.21877011E+214 -0.19230536E+215 -0.12158494E+216 -0.60756107E+216 -0.25412509E+217 -0.92403626E+217 -0.29991746E+218 -0.88588670E+218 -0.24163596E+219 -0.61557014E+219 -0.14778851E+220 -0.33683385E+220 -0.73316785E+220 -0.15316911E+221 -0.30842015E+221 -0.60071998E+221 -0.11352511E+222 -0.20871601E+222 -0.37417150E+222
  0.81548354E+208  0.48958472E+209  0.29180971E+212  0.18418547E+214  0.37265844E+215  0.40527723E+216  0.15735587E+217  0.29738066E+217  0.40987724E+217  0.46938173E+217  0.48247765E+217  0.48923205E+217  0.53489607E+217  0.67705283E+217 -0.73378694E+221 -0.15524096E+223 -0.14913592E+224 -0.91546206E+224 -0.42165487E+225 -0.15871899E+226 -0.51377330E+226 -0.14782146E+227 -0.38675689E+227 -0.93550922E+227 -0.21181280E+228 -0.45321927E+228 -0.92343408E+228 -0.18025795E+229 -0.33880087E+229 -0.61568753E+229 -0.10855671E+230 -0.18626085E+230 -0.31178698E+230 -0.51029217E+230 -0.81815452E+230
  0.18361996E+220  0.91872177E+220  0.14078773E+223  0.41050161E+224  0.48507177E+225  0.34565126E+226  0.10965532E+227  0.19135184E+227  0.25400174E+227  0.28651687E+227  0.29364614E+227  0.29731622E+227  0.32181293E+227  0.39517957E+227 -0.11024812E+232 -0.13962612E+233 -0.86986702E+233 -0.36606196E+234 -0.12093443E+235 -0.33851797E+235 -0.83892274E+235 -0.18925114E+236 -0.39601715E+236 -0.77909802E+236 -0.14555052E+237 -0.26019837E+237 -0.44779448E+237 -0.74547244E+237 -0.12052371E+238 -0.18985291E+238 -0.29218048E+238 -0.44033137E+238 -0.65112076E+238 -0.94631955E+238 -0.13537959E+239
  0.36097811E+231  0.14449998E+232  0.58996271E+233  0.78318811E+234  0.53008500E+235  0.24310929E+236  0.61350480E+236  0.97144384E+236  0.12307082E+237  0.13620888E+237  0.13907522E+237  0.14054701E+237  0.15019049E+237  0.17742566E+237 -0.14461195E+242 -0.10599640E+243 -0.41507868E+243 -0.11639078E+244 -0.26972572E+244 -0.55174543E+244 -0.10322976E+245 -0.18050536E+245 -0.29920503E+245 -0.47485661E+245 -0.72683111E+245 -0.10788918E+246 -0.15597772E+246 -0.22038086E+246 -0.30515294E+246 -0.41503787E+246 -0.55553775E+246 -0.73298662E+246 -0.95462427E+246 -0.12286744E+247 -0.15644271E+247
  0.59019173E+242  0.17719100E+243  0.20170966E+244  0.11873985E+245  0.44678489E+245  0.12851868E+246  0.24951231E+246  0.35047217E+246  0.41947394E+246  0.45329508E+246  0.46053262E+246  0.46421410E+246  0.48700143E+246  0.54257188E+246 -0.15775319E+252 -0.62745867E+252 -0.14611326E+253 -0.25973548E+253 -0.40788874E+253 -0.59476232E+253 -0.82447088E+253 -0.11010642E+254 -0.14285339E+254 -0.18108203E+254 -0.22518174E+254 -0.27553750E+254 -0.33253063E+254 -0.39653862E+254 -0.46793557E+254 -0.54709274E+254 -0.63437803E+254 -0.73015707E+254 -0.83479249E+254 -0.94864446E+254 -0.10720714E+255
  0.67989556E+253  0.13597980E+254  0.45260025E+254  0.11278510E+255  0.22436707E+255  0.38687401E+255  0.54938039E+255  0.66096134E+255  0.75801831E+255  0.78967988E+255  0.78579529E+255  0.78538593E+255  0.78279687E+255  0.75146771E+255 -0.12125094E+262 -0.22686079E+262 -0.27768256E+262 -0.27768258E+262 -0.27768260E+262 -0.27768263E+262 -0.27768267E+262 -0.27768271E+262 -0.27768276E+262 -0.27768282E+262 -0.27768289E+262 -0.27768297E+262 -0.27768305E+262 -0.27768315E+262 -0.27768327E+262 -0.27768339E+262 -0.27768353E+262 -0.27768367E+262 -0.27768384E+262 -0.27768402E+262 -0.27768421E+262
  0.94410440E+245  0.19970137E+246  0.10677338E+247  0.39394577E+249  0.21170708E+249 -0.48707174E+249 -0.16192337E+250 -0.39875395E+247  0.25066967E+253  0.25068929E+253  0.12705662E+251  0.13734894E+251  0.62815819E+251  0.63109746E+251  0.63495858E+251  0.62092369E+251 -0.84587708E+261 -0.84587708E+261 -0.84587708E+261 -0.84587707E+261 -0.84587707E+261 -0.84587706E+261 -0.84587706E+261 -0.84587705E+261 -0.84587705E+261 -0.84587704E+261 -0.84587703E+261 -0.84587701E+261 -0.84587699E+261 -0.84587697E+261 -0.84587696E+261 -0.84587657E+261 -0.84587655E+261 -0.84587653E+261 -0.84587651E+261
  0.13249141E+252  0.27756126E+252  0.95824246E+252  0.10485462E+254 -0.19312381E+259 -0.50298434E+259 -0.80420005E+259 -0.10049413E+260 -0.11270751E+260 -0.25585301E+257  0.45385250E+257  0.45381960E+257  0.10138232E+258 -0.85605959E+258 -0.26499407E+259 -0.55419585E+259 -0.98151424E+259 -0.10020636E+260 -0.10023255E+260 -0.12220542E+260 -0.15683524E+260 -0.15685598E+260 -0.15687917E+260 -0.15690437E+260 -0.15693092E+260 -0.15695790E+260 -0.15698405E+260 -0.15700769E+260 -0.15702654E+260 -0.15703683E+260 -0.15702597E+260 -0.15683938E+260 -0.19292047E+260  0.22604729E+260 -0.22180713E+261
  0.28170934E+263  0.28170928E+263  0.28170915E+263  0.18486549E+264 -0.54045276E+254 -0.25278625E+255  0.15509392E+256  0.15546569E+256  0.15570944E+256  0.15584428E+256  0.15832828E+256  0.59085088E+256  0.59078391E+256  0.59061829E+256  0.59034038E+256  0.58995062E+256  0.58961224E+256 -0.32445120E+258 -0.61513772E+264 -0.61513444E+264  0.37630212E+265  0.37630211E+265  0.37630211E+265  0.37630211E+265  0.37630210E+265  0.37630210E+265  0.37630209E+265  0.37630209E+265  0.37630208E+265  0.37630207E+265  0.37630207E+265  0.37630206E+265  0.37630205E+265  0.37630204E+265  0.37630203E+265
  0.32123797E+262  0.56136898E+259  0.56135642E+259 -0.25711382E+259 -0.10663703E+264  0.31810350E+259  0.43037386E+259  0.76734438E+259  0.76741417E+259  0.81978059E+259  0.37297705E+261  0.12617256E+264  0.62516443E+258  0.47639030E+258  0.34877443E+258 -0.49478694E+249 -0.46180481E+256  0.79569775E+259 -0.33859281E+265  0.21401559E+258  0.37376563E+257  0.37325162E+257  0.37315231E+257  0.37375531E+257  0.37445255E+257  0.37359527E+257  0.37449424E+257  0.37550391E+257  0.37666748E+257  0.37791611E+257  0.37324361E+257  0.37213337E+257  0.37382201E+257  0.37561784E+257  0.37756470E+257
