  0.55890898E-010  0.55890899E-010  0.55890903E-010  0.55890912E-010  0.55890927E-010  0.55890948E-010  0.55890969E-010  0.55890984E-010  0.55890993E-010  0.55890997E-010  0.55890998E-010  0.55890998E-010  0.55891001E-010  0.55891008E-010  0.55891022E-010  0.55891043E-010  0.55891074E-010  0.55891116E-010  0.55891171E-010  0.55891240E-010  0.55891325E-010  0.55891427E-010  0.55891549E-010  0.55891690E-010  0.55891853E-010  0.55892040E-010  0.55892251E-010  0.55892488E-010  0.55892752E-010  0.55893045E-010  0.55893368E-010  0.55893722E-010  0.55894110E-010  0.55894531E-010  0.55894988E-010
  0.54100902E+039  0.11361184E+041  0.20184797E+053  0.10979592E+060  0.43580793E+064  0.14787648E+068  0.26294775E+069  0.73608998E+069  0.12023108E+070  0.14691307E+070  0.15287393E+070  0.15597156E+070  0.17803976E+070  0.25930850E+070  0.61327477E+070  0.73050683E+071  0.83196124E+074  0.62944043E+077  0.19578503E+080  0.31205744E+082  0.29660870E+084  0.18658631E+086  0.83694662E+087  0.28292246E+089  0.75187320E+090  0.16236395E+092  0.29254841E+093  0.44936274E+094  0.59894747E+095  0.70310851E+096  0.73609356E+097  0.69466792E+098  0.59642243E+099  0.46960876E+100  0.34148486E+101
  0.29044892E+051  0.58089754E+052  0.23270034E+064  0.59351544E+070  0.14256079E+075  0.33205318E+078  0.55740196E+079  0.15477742E+080  0.25202146E+080  0.30760327E+080  0.32001752E+080  0.32646796E+080  0.37238371E+080  0.54098488E+080  0.12678956E+081  0.15062342E+082  0.12902983E+085  0.71594845E+087  0.17046476E+090  0.21474258E+092  0.16534013E+094  0.85910017E+095  0.32337035E+097  0.92939957E+098  0.21233261E+100  0.39793673E+101  0.62739748E+102  0.84936099E+103  0.10041643E+105  0.10515529E+106  0.98709217E+106  0.83912873E+107  0.65172149E+108  0.46598816E+109  0.30880040E+110
  0.77749985E+062  0.14772490E+064  0.13376267E+075  0.15997165E+081  0.23252155E+085  0.37172605E+088  0.58707838E+089  0.16153985E+090  0.26210432E+090  0.31949981E+090  0.33231568E+090  0.33897391E+090  0.38632305E+090  0.55961259E+090  0.12982789E+091  0.15481733E+092  0.99750867E+094  0.40584966E+097  0.73930843E+099  0.73559575E+101  0.45840970E+103  0.19655885E+105  0.62024824E+106  0.15141340E+108  0.29708006E+109  0.48270429E+110  0.66526228E+111  0.79298036E+112  0.83075857E+113  0.77532527E+114  0.65197058E+115  0.49881465E+116  0.35015092E+117  0.22716261E+118  0.13707486E+119
  0.13832387E+074  0.24898283E+075  0.51102144E+085  0.28656300E+091  0.25204657E+095  0.27651542E+098  0.40931379E+099  0.11147457E+100  0.18014491E+100  0.21927140E+100  0.22800525E+100  0.23254205E+100  0.26476908E+100  0.38226585E+100  0.87680186E+100  0.10579461E+102  0.51232104E+104  0.15280217E+107  0.21282378E+109  0.16710937E+111  0.84206885E+112  0.29764524E+114  0.78651203E+115  0.16289476E+117  0.27416742E+118  0.38578241E+119  0.46425222E+120  0.48671106E+121  0.45136091E+122  0.37503340E+123  0.28222791E+124  0.19414870E+125  0.12306391E+126  0.72375711E+126  0.39733568E+127
  0.18392884E+085  0.31267886E+086  0.14591476E+096  0.38366545E+101  0.20419014E+105  0.15369061E+108  0.21232602E+109  0.57155555E+109  0.91939590E+109  0.11172000E+110  0.11613381E+110  0.11842615E+110  0.13468882E+110  0.19372022E+110  0.43873978E+110  0.54091398E+111  0.19656240E+114  0.42959573E+116  0.45712172E+118  0.28296890E+120  0.11516421E+122  0.33515516E+123  0.74068317E+124  0.12998059E+126  0.18742660E+127  0.22810253E+128  0.23939086E+129  0.22047210E+130  0.18077747E+131  0.13358018E+132  0.89864927E+132  0.55526169E+133  0.31749780E+134  0.16910898E+135  0.84386801E+135
  0.19489144E+096  0.31182612E+097  0.33200873E+106  0.40933095E+111  0.13180951E+115  0.68043110E+117  0.87314333E+118  0.23193463E+119  0.37111072E+119  0.45007577E+119  0.46768867E+119  0.47683410E+119  0.54161788E+119  0.77557250E+119  0.17322080E+120  0.22081012E+121  0.60055095E+123  0.96127461E+125  0.78066086E+127  0.38050491E+129  0.12490466E+131  0.29885563E+132  0.55156166E+133  0.81893878E+134  0.10102405E+136  0.10619091E+137  0.97059988E+137  0.78423216E+138  0.56783690E+139  0.37268732E+140  0.22387393E+141  0.12410722E+142  0.63946963E+142  0.30814982E+143  0.13963155E+144
  0.17132468E+107  0.25698686E+108  0.62673514E+116  0.36230879E+121  0.70581302E+124  0.24977014E+127  0.29610682E+128  0.77465278E+128  0.12318914E+129  0.14906286E+129  0.15483106E+129  0.15782544E+129  0.17899952E+129  0.25500879E+129  0.56108676E+129  0.74998193E+130  0.15208296E+133  0.17815137E+135  0.11028006E+137  0.42260663E+138  0.11171010E+140  0.21938422E+141  0.33756458E+142  0.42335820E+143  0.44606860E+144  0.40434267E+145  0.32138395E+146  0.22748824E+147  0.14525271E+148  0.84565327E+148  0.45301319E+149  0.22504201E+150  0.10436687E+151  0.45450552E+151  0.18681603E+152
  0.12843366E+118  0.17980701E+119  0.10089052E+127  0.27347077E+131  0.32223763E+134  0.78116313E+136  0.85036912E+137  0.21859148E+138  0.34512980E+138  0.41650977E+138  0.43241370E+138  0.44066729E+138  0.49890965E+138  0.70651570E+138  0.15309020E+139  0.21808399E+140  0.32801656E+142  0.28090599E+144  0.13233393E+146  0.39798202E+147  0.84552289E+148  0.13602704E+150  0.17416492E+151  0.18415811E+152  0.16543114E+153  0.12909029E+154  0.89076927E+154  0.55149071E+155  0.31004858E+156  0.15988803E+157  0.76277230E+157  0.33910650E+158  0.14137335E+159  0.55572537E+159  0.20696372E+160
  0.83746835E+128  0.10887081E+130  0.14126913E+137  0.17954159E+141  0.12792273E+144  0.21223029E+146  0.21067856E+147  0.53063874E+147  0.83079186E+147  0.99947817E+147  0.10370365E+148  0.10565211E+148  0.11936773E+148  0.16785176E+148  0.35865481E+148  0.55435585E+149  0.61431557E+151  0.38404817E+153  0.13741403E+155  0.32360734E+156  0.55131362E+157  0.72494039E+158  0.77065794E+159  0.68555863E+160  0.52398213E+161  0.35129757E+162  0.21005802E+163  0.11354984E+164  0.56115071E+164  0.25591534E+165  0.10856340E+166  0.43131452E+166  0.16142472E+167  0.57203192E+167  0.19278892E+168
  0.44190039E+140  0.53028009E+141  0.16007023E+148  0.95382240E+151  0.41071862E+154  0.46570296E+156  0.41824867E+157  0.10287327E+158  0.15947018E+158  0.19113631E+158  0.19818094E+158  0.20183406E+158  0.22747302E+158  0.31721304E+158  0.67173452E+158  0.11470475E+160  0.92878231E+161  0.42303365E+163  0.11467396E+165  0.21090241E+166  0.28734684E+167  0.30801014E+168  0.27117031E+169  0.20245220E+170  0.13135251E+171  0.75497390E+171  0.39038554E+172  0.18389531E+173  0.79738464E+173  0.32104255E+174  0.12090571E+175  0.42860232E+175  0.14379333E+176  0.45871589E+176  0.13972107E+177
  0.20154809E+152  0.22170273E+153  0.15677331E+159  0.43795507E+162  0.11387794E+165  0.88082052E+166  0.70923946E+167  0.16965994E+168  0.25991278E+168  0.31013918E+168  0.32130156E+168  0.32708707E+168  0.36754724E+168  0.50750090E+168  0.10788305E+169  0.20649623E+170  0.12096914E+172  0.40033559E+173  0.81956483E+174  0.11732956E+176  0.12743161E+177  0.11100565E+178  0.80697867E+178  0.50423660E+179  0.27698814E+180  0.13615271E+181  0.60741900E+181  0.24880509E+182  0.94467469E+182  0.33514252E+183  0.11184957E+184  0.35318952E+184  0.10605000E+185  0.30410203E+185  0.83594583E+185
  0.80590034E+163  0.80589966E+164  0.13461130E+170  0.17626146E+173  0.27638818E+175  0.14544873E+177  0.10391437E+178  0.24056297E+178  0.36336593E+178  0.43126282E+178  0.44633375E+178  0.45414024E+178  0.50849745E+178  0.69387819E+178  0.15242134E+179  0.32809212E+180  0.13746844E+182  0.32933487E+183  0.50713612E+184  0.56287775E+185  0.48546001E+186  0.34241159E+187  0.20484427E+188  0.10678415E+189  0.49517508E+189  0.20758635E+190  0.79697880E+190  0.28318657E+191  0.93940199E+191  0.29305172E+192  0.86500814E+192  0.24286373E+193  0.65153156E+193  0.16766530E+194  0.41531602E+194
  0.28544015E+175  0.25689590E+176  0.10238115E+181  0.62811608E+183  0.59268691E+185  0.21143792E+187  0.13243243E+188  0.29491005E+188  0.43794863E+188  0.51640566E+188  0.53379424E+188  0.54279438E+188  0.60513089E+188  0.81413172E+188  0.19622012E+189  0.46457366E+190  0.13741974E+192  0.23713220E+193  0.27326628E+194  0.23398855E+195  0.15950997E+196  0.90706935E+196  0.44478427E+197  0.19273216E+198  0.75191216E+198  0.26799764E+199  0.88290920E+199  0.27141898E+200  0.78469541E+200  0.21475370E+201  0.55944399E+201  0.13937930E+202  0.33344708E+202  0.76872373E+202  0.17130311E+203
  0.90183889E+186  0.72147037E+187  0.69459298E+191  0.19949223E+194  0.11289190E+196  0.27165667E+197  0.14710791E+198  0.31279378E+198  0.45503807E+198  0.53229594E+198  0.54938656E+198  0.55822410E+198  0.61903443E+198  0.81876309E+198  0.24201286E+199  0.58940178E+200  0.12129146E+202  0.14973190E+203  0.12828183E+204  0.84222104E+204  0.45126328E+205  0.20583424E+206  0.82345674E+206  0.29534564E+207  0.96567245E+207  0.29159923E+208  0.82168300E+208  0.21788885E+209  0.54750259E+209  0.13112026E+210  0.30074810E+210  0.66342590E+210  0.14125053E+211  0.29116590E+211  0.58266541E+211
  0.25511453E+198  0.17857997E+199  0.42188967E+202  0.56623679E+204  0.19115101E+206  0.30815149E+207  0.14195467E+208  0.28558959E+208  0.40515551E+208  0.46930624E+208  0.48346390E+208  0.49077612E+208  0.54068214E+208  0.70055621E+208  0.30224079E+209  0.67033748E+210  0.94385593E+211  0.82579003E+212  0.52150399E+213  0.26050688E+214  0.10895409E+215  0.39618819E+215  0.12860508E+216  0.37992407E+216  0.10364710E+217  0.26409675E+217  0.63420330E+217  0.14458327E+218  0.31479840E+218  0.65786928E+218  0.13251447E+219  0.25820105E+219  0.48815397E+219  0.89787038E+219  0.16104083E+220
  0.64594780E+209  0.38756816E+210  0.22928974E+213  0.14328245E+215  0.28617401E+216  0.30618651E+217  0.11773404E+218  0.22160161E+218  0.30482478E+218  0.34879579E+218  0.35847091E+218  0.36346043E+218  0.39716736E+218  0.50192245E+218  0.39224109E+219  0.67952254E+220  0.64191427E+221  0.39287654E+222  0.18081768E+223  0.68048877E+223  0.22027087E+224  0.63380588E+224  0.16584941E+225  0.40123479E+225  0.90864093E+225  0.19446972E+226  0.39633894E+226  0.77390246E+226  0.14550615E+227  0.26451885E+227  0.46658126E+227  0.80090668E+227  0.13412938E+228  0.21963767E+228  0.35234018E+228
  0.14544611E+221  0.72722938E+221  0.11067817E+224  0.31964819E+225  0.37297345E+226  0.26148521E+227  0.82067440E+227  0.14250671E+228  0.18868162E+228  0.21260745E+228  0.21785176E+228  0.22055104E+228  0.23855163E+228  0.29246653E+228  0.51386516E+229  0.60446595E+230  0.37367247E+231  0.15700771E+232  0.51849147E+232  0.14512446E+233  0.35967030E+233  0.81147472E+233  0.16983421E+234  0.33419134E+234  0.62448889E+234  0.11167064E+235  0.19224388E+235  0.32015546E+235  0.51781442E+235  0.81603459E+235  0.12564643E+236  0.18945448E+236  0.28030599E+236  0.40763756E+236  0.58354687E+236
  0.28593222E+232  0.11437266E+233  0.46415957E+234  0.61081534E+235  0.40848585E+236  0.18439299E+237  0.45992931E+237  0.72398718E+237  0.91400318E+237  0.10100329E+238  0.10309766E+238  0.10417293E+238  0.11122600E+238  0.13142143E+238  0.63564897E+239  0.45586182E+240  0.17804177E+241  0.49897105E+241  0.11562138E+242  0.23652630E+242  0.44259202E+242  0.77405086E+242  0.12833598E+243  0.20373263E+243  0.31193827E+243  0.46320055E+243  0.66993014E+243  0.94697190E+243  0.13118931E+244  0.17852891E+244  0.23910989E+244  0.31569466E+244  0.41144888E+244  0.52997860E+244  0.67537000E+244
  0.46749325E+243  0.14024760E+244  0.15894670E+245  0.92913631E+245  0.34609725E+246  0.98190589E+246  0.18847879E+247  0.26306442E+247  0.31281182E+247  0.33715181E+247  0.34242527E+247  0.34512367E+247  0.36245050E+247  0.40941318E+247  0.67906718E+249  0.26891305E+250  0.62616068E+250  0.11131607E+251  0.17483420E+251  0.25498107E+251  0.35354158E+251  0.47228037E+251  0.61294611E+251  0.77727613E+251  0.96700001E+251  0.11838424E+252  0.14295279E+252  0.17057827E+252  0.20143377E+252  0.23569340E+252  0.27353221E+252  0.31512692E+252  0.36065583E+252  0.41029932E+252  0.46424040E+252
  0.53854802E+254  0.10770918E+255  0.35850122E+255  0.89336194E+255  0.17771966E+256  0.30644112E+256  0.43516273E+256  0.52354649E+256  0.57703281E+256  0.60211214E+256  0.60749759E+256  0.61024091E+256  0.62737509E+256  0.67080867E+256  0.51879035E+259  0.97083081E+259  0.11899308E+260  0.11901847E+260  0.11905157E+260  0.11909332E+260  0.11914464E+260  0.11920644E+260  0.11927961E+260  0.11936502E+260  0.11946355E+260  0.11957606E+260  0.11970340E+260  0.11984642E+260  0.12000595E+260  0.12018282E+260  0.12037786E+260  0.12059188E+260  0.12082570E+260  0.12108012E+260  0.12135594E+260
  0.34276805E+258  0.68553626E+258  0.22817594E+259  0.56859967E+259  0.11309657E+260  0.19499930E+260  0.27690200E+260  0.33313860E+260  0.36717071E+260  0.38312811E+260  0.38655475E+260  0.38830027E+260  0.39920228E+260  0.42683787E+260  0.47819594E+260  0.55992572E+260  0.71484841E+260  0.87636934E+260  0.10869783E+261  0.13526304E+261  0.16791751E+261  0.20723693E+261  0.25378872E+261  0.30813304E+261  0.37082342E+261  0.44240713E+261  0.52342624E+261  0.61441667E+261  0.71591128E+261  0.82843775E+261  0.95251875E+261  0.10886696E+262  0.12374147E+262  0.13992614E+262  0.15747195E+262
  0.99492662E+268  0.99492655E+268  0.99492619E+268  0.99492544E+268  0.99492419E+268  0.99492237E+268  0.99492055E+268  0.99491931E+268  0.99491855E+268  0.99491820E+268  0.99491812E+268  0.99491808E+268  0.99484823E+268  0.99484823E+268  0.99484823E+268  0.99484823E+268  0.99484823E+268  0.99484823E+268  0.99484822E+268  0.99484822E+268  0.99484822E+268  0.99484821E+268  0.99484820E+268  0.99484820E+268  0.99484819E+268  0.99484818E+268  0.99484817E+268  0.99484815E+268  0.99484814E+268  0.99484812E+268  0.99484811E+268  0.99484809E+268  0.99484807E+268  0.99484804E+268  0.99484802E+268
  0.47666196E+254  0.47765112E+254  0.48219282E+254  0.58804721E+254  0.76312245E+254  0.76225458E+254 -0.16675276E+255  0.26468850E+265  0.26468837E+265  0.26468831E+265  0.26468830E+265  0.26468829E+265  0.26468183E+265  0.26468183E+265  0.26468183E+265  0.26468182E+265  0.26468182E+265  0.26468182E+265  0.26468182E+265  0.26468182E+265  0.26468182E+265  0.26468182E+265  0.26468182E+265  0.26468182E+265  0.26468181E+265  0.26468181E+265  0.26468181E+265  0.26468180E+265  0.26468180E+265  0.26468180E+265  0.26468179E+265  0.26468179E+265  0.26468178E+265  0.26468178E+265  0.26468177E+265
  0.17364123E+250  0.34030669E+250  0.18182107E+251 -0.90893855E+261 -0.92275003E+261 -0.93346227E+261 -0.95049440E+261  0.22756751E+266  0.12006807E+263  0.21641603E+262  0.59317938E+252  0.11866980E+253  0.49259211E+253  0.13553562E+255  0.20317140E+255  0.29758613E+255  0.40750407E+255  0.51449441E+255  0.62351782E+255  0.53908926E+257  0.11563038E+258  0.19709044E+258  0.26227976E+258  0.30816019E+258  0.33962921E+258  0.34820795E+258  0.34893779E+258  0.35116694E+258  0.35369054E+258  0.35697163E+258  0.36042811E+258  0.36331706E+258  0.36573245E+258  0.36755069E+258  0.36788316E+258
