  0.86563662E-010  0.86563663E-010  0.86563667E-010  0.86563676E-010  0.86563691E-010  0.86563712E-010  0.86563733E-010  0.86563748E-010  0.86563757E-010  0.86563761E-010  0.86563762E-010  0.86563762E-010  0.86563765E-010  0.86563772E-010  0.86563786E-010  0.86563807E-010  0.86563838E-010  0.86563880E-010  0.86563934E-010  0.86564003E-010  0.86564088E-010  0.86564190E-010  0.86564311E-010  0.86564453E-010  0.86564616E-010  0.86564802E-010  0.86565012E-010  0.86565249E-010  0.86565512E-010  0.86565805E-010  0.86566127E-010  0.86566481E-010  0.86566868E-010  0.86567289E-010  0.86567745E-010
  0.25807378E+050  0.51614752E+051  0.20676342E+063  0.52736206E+069  0.12667089E+074  0.29504219E+077  0.49527331E+078  0.13752575E+079  0.22393086E+079  0.27331746E+079  0.28434799E+079  0.29007947E+079  0.33087739E+079  0.48068607E+079  0.11262128E+080  0.78631122E+080  0.37606396E+082  0.46709139E+084  0.54678696E+086  0.47588695E+088  0.30099578E+090  0.14168673E+092  0.51262763E+093  0.14703072E+095  0.34353876E+096  0.66932576E+097  0.11092679E+099  0.15904265E+100  0.20014583E+101  0.22384141E+102  0.22487941E+103  0.20484997E+104  0.17058408E+105  0.13078872E+106  0.92916530E+106
  0.14584298E+062  0.27710164E+063  0.25091274E+074  0.30007581E+080  0.43616522E+084  0.69728540E+087  0.11012441E+089  0.30301714E+089  0.49165638E+089  0.59931909E+089  0.62335915E+089  0.63584869E+089  0.72466639E+089  0.10497236E+090  0.24339534E+090  0.15961968E+091  0.60163030E+092  0.55548079E+094  0.49845076E+096  0.34290854E+098  0.17567231E+100  0.68297279E+101  0.20734798E+103  0.50564846E+104  0.10157455E+106  0.17176992E+107  0.24913046E+108  0.31486381E+109  0.35152015E+110  0.35076282E+111  0.31602139E+112  0.25936230E+113  0.19540804E+114  0.13607525E+115  0.88113282E+115
  0.41209485E+073  0.74177066E+074  0.15224455E+085  0.85373464E+090  0.75090233E+094  0.82379996E+097  0.12194352E+099  0.33210709E+099  0.53669103E+099  0.65325738E+099  0.67927744E+099  0.69279354E+099  0.78880492E+099  0.11388534E+100  0.26096135E+100  0.16026196E+101  0.47848317E+102  0.32937267E+104  0.22659758E+106  0.12316362E+108  0.51071228E+109  0.16385364E+111  0.41705596E+112  0.86394702E+113  0.14906805E+115  0.21859363E+116  0.27719812E+117  0.30853335E+118  0.30530114E+119  0.27156517E+120  0.21922651E+121  0.16196464E+122  0.11031431E+123  0.69715159E+123  0.41114350E+124
  0.77627853E+084  0.13196734E+086  0.61584229E+095  0.16192845E+101  0.86179726E+104  0.64866043E+107  0.89613460E+108  0.24122842E+109  0.38803649E+109  0.47152090E+109  0.49014966E+109  0.49982460E+109  0.56846213E+109  0.81760769E+109  0.18484964E+110  0.10596123E+111  0.25188076E+112  0.12971461E+114  0.68439206E+115  0.29375817E+117  0.98518405E+118  0.26060494E+120  0.55556724E+121  0.97663162E+122  0.14459065E+124  0.18366835E+125  0.20342994E+126  0.19920703E+127  0.17454247E+128  0.13826465E+129  0.99917111E+129  0.66391038E+130  0.40842764E+131  0.23404498E+132  0.12560644E+133
  0.10967288E+096  0.17547659E+097  0.18683513E+106  0.23034765E+111  0.74174701E+114  0.38290671E+117  0.49135378E+118  0.13051918E+119  0.20883931E+119  0.25327619E+119  0.26318770E+119  0.26833421E+119  0.30479071E+119  0.43644662E+119  0.97173936E+119  0.51815135E+120  0.98563157E+121  0.38123321E+123  0.15433509E+125  0.52286010E+126  0.14170165E+128  0.30873509E+129  0.55065795E+130  0.82051710E+131  0.10411523E+133  0.11443446E+134  0.11058068E+135  0.95163605E+135  0.73751907E+136  0.51975244E+137  0.33589038E+138  0.20053324E+139  0.11132097E+140  0.57790310E+140  0.28198938E+141
  0.12395695E+107  0.18593541E+108  0.45345850E+116  0.26213954E+121  0.51067336E+124  0.18071483E+127  0.21424053E+128  0.56048022E+128  0.89130352E+128  0.10785062E+129  0.11202406E+129  0.11419056E+129  0.12951052E+129  0.18450508E+129  0.40366340E+129  0.19948726E+130  0.30516620E+131  0.89047719E+132  0.27679750E+134  0.73976978E+135  0.16186057E+137  0.29014207E+138  0.43243783E+139  0.54550690E+140  0.59251606E+141  0.56279694E+142  0.47389945E+143  0.35798303E+144  0.24511395E+145  0.15350325E+146  0.88617633E+146  0.47486896E+147  0.23763546E+148  0.11165058E+149  0.49487715E+149
  0.11675118E+118  0.16345164E+119  0.91713932E+126  0.24859710E+131  0.29292825E+134  0.71011143E+136  0.77302256E+137  0.19870917E+138  0.31373799E+138  0.37862549E+138  0.39308286E+138  0.40058573E+138  0.45353057E+138  0.64225349E+138  0.13772244E+139  0.62835114E+139  0.77672950E+140  0.17183246E+142  0.41052507E+143  0.86512134E+144  0.15266412E+146  0.22486883E+147  0.27969229E+148  0.29828590E+149  0.27695488E+150  0.22702828E+151  0.16636010E+152  0.11016621E+153  0.66559961E+153  0.36996721E+154  0.19057266E+155  0.91556920E+155  0.41257811E+156  0.17525745E+157  0.70491695E+157
  0.94255103E+128  0.12253163E+130  0.15899603E+137  0.20207113E+141  0.14397490E+144  0.23886152E+146  0.23711502E+147  0.59722456E+147  0.93504161E+147  0.11248951E+148  0.11671663E+148  0.11890959E+148  0.13434628E+148  0.18891420E+148  0.39588599E+148  0.16606621E+149  0.16664061E+150  0.28099349E+151  0.51665673E+152  0.85814133E+153  0.12200216E+155  0.14746805E+156  0.15284543E+157  0.13760286E+158  0.10905030E+159  0.77032384E+159  0.49051127E+160  0.28435552E+161  0.15138978E+162  0.74589915E+162  0.34239446E+163  0.14730258E+164  0.59703537E+164  0.22903849E+165  0.83508816E+165
  0.66581954E+139  0.79898340E+140  0.24118222E+147  0.14371510E+151  0.61884107E+153  0.70168709E+155  0.63018631E+156  0.15500187E+157  0.24027791E+157  0.28799010E+157  0.29860443E+157  0.30410868E+157  0.34273957E+157  0.47795321E+157  0.97548185E+157  0.37458471E+158  0.30643939E+159  0.39612610E+160  0.56150754E+161  0.73484314E+162  0.84074962E+163  0.83273003E+164  0.71807495E+165  0.54482147E+166  0.36792846E+167  0.22360617E+168  0.12353293E+169  0.62596193E+169  0.29323520E+170  0.12788539E+171  0.52243174E+171  0.20100343E+172  0.73186161E+172  0.25325588E+173  0.83608769E+173
  0.38326669E+151  0.42159334E+152  0.29812408E+158  0.83282677E+161  0.21655319E+164  0.16749897E+166  0.13487067E+167  0.32262936E+167  0.49425631E+167  0.58976800E+167  0.61099466E+167  0.62199652E+167  0.69893653E+167  0.96507569E+167  0.19108166E+168  0.66859989E+168  0.44768165E+169  0.44632068E+170  0.48878288E+171  0.50392888E+172  0.46346037E+173  0.37556434E+174  0.26897478E+175  0.17168389E+176  0.98621597E+176  0.51475833E+177  0.24631110E+178  0.10891444E+179  0.44822727E+179  0.17276828E+180  0.62719492E+180  0.21550743E+181  0.70395647E+181  0.21945551E+182  0.65520884E+182
  0.19228618E+163  0.19228617E+164  0.32118171E+169  0.42055888E+172  0.65946048E+174  0.34703956E+176  0.24793884E+177  0.57398123E+177  0.86698802E+177  0.10289894E+178  0.10649485E+178  0.10835747E+178  0.12132706E+178  0.16555874E+178  0.31657421E+178  0.10044346E+179  0.55242320E+179  0.42739124E+180  0.36254824E+181  0.29448176E+182  0.21746556E+183  0.14394248E+184  0.85462096E+184  0.45802148E+185  0.22336725E+186  0.99938777E+186  0.41342079E+187  0.15924100E+188  0.57473578E+188  0.19547118E+189  0.62960870E+189  0.19291538E+190  0.56453256E+190  0.15833209E+191  0.42695259E+191
  0.85429567E+174  0.76886607E+175  0.30641902E+180  0.18799045E+183  0.17738670E+185  0.63281729E+186  0.39635987E+187  0.88264256E+187  0.13107457E+188  0.15455614E+188  0.15976041E+188  0.16245407E+188  0.18111090E+188  0.24366319E+188  0.44764933E+188  0.12812833E+189  0.58060715E+189  0.35076251E+190  0.23117419E+191  0.14798354E+192  0.87655800E+192  0.47312391E+193  0.23241388E+194  0.10436784E+195  0.43120330E+195  0.16503814E+196  0.58904777E+196  0.19725870E+197  0.62322761E+197  0.18669911E+198  0.53265672E+198  0.14530558E+199  0.38034584E+199  0.95830859E+199  0.23307261E+200
  0.34040384E+186  0.27232306E+187  0.26217932E+191  0.75299864E+193  0.42611894E+195  0.10253879E+197  0.55526931E+197  0.11806623E+198  0.17175734E+198  0.20091887E+198  0.20736984E+198  0.21070564E+198  0.23365892E+198  0.30904790E+198  0.54230460E+198  0.13926642E+199  0.52130005E+199  0.24742747E+200  0.12712988E+201  0.64177468E+201  0.30463703E+202  0.13385443E+203  0.54290636E+203  0.20382608E+204  0.71183565E+204  0.23254360E+205  0.71456167E+205  0.20760793E+206  0.57304023E+206  0.15091576E+207  0.38068792E+207  0.92298200E+207  0.21575022E+208  0.48758165E+208  0.10679832E+209
  0.12291370E+198  0.86039588E+198  0.20326684E+202  0.27281353E+204  0.92096740E+205  0.14846759E+207  0.68393828E+207  0.13759718E+208  0.19520407E+208  0.22611191E+208  0.23293308E+208  0.23645611E+208  0.26050084E+208  0.33752820E+208  0.56194828E+208  0.12873397E+209  0.39885104E+209  0.14960246E+210  0.60150547E+210  0.23969841E+211  0.91110913E+211  0.32534599E+212  0.10872090E+213  0.34045602E+213  0.10026331E+214  0.27890276E+214  0.73611712E+214  0.18513790E+215  0.44548568E+215  0.10293112E+216  0.22912011E+216  0.49280092E+216  0.10268968E+217  0.20781015E+217  0.40928554E+217
  0.40565173E+209  0.24339103E+210  0.14399356E+213  0.89981167E+214  0.17971679E+216  0.19228447E+217  0.73936693E+217  0.13916525E+218  0.19142917E+218  0.21904284E+218  0.22511879E+218  0.22825219E+218  0.24942005E+218  0.31520594E+218  0.49416400E+218  0.10037145E+219  0.25775573E+219  0.76818289E+219  0.24265353E+220  0.76433720E+220  0.23252186E+221  0.67369448E+221  0.18507967E+222  0.48223189E+222  0.11945147E+223  0.28221584E+223  0.63819095E+223  0.13861049E+224  0.29008673E+224  0.58674132E+224  0.11500969E+225  0.21900920E+225  0.40606451E+225  0.73451655E+225  0.12985748E+226
  0.12325280E+221  0.61626399E+221  0.93790578E+223  0.27087546E+225  0.31606408E+226  0.22158687E+227  0.69545264E+227  0.12076244E+228  0.15989176E+228  0.18016688E+228  0.18461099E+228  0.18689840E+228  0.20215238E+228  0.24784067E+228  0.36278649E+228  0.64910565E+228  0.13826368E+229  0.32901335E+229  0.81980143E+229  0.20445721E+230  0.49766362E+230  0.11681808E+231  0.26326093E+231  0.56928992E+231  0.11829334E+232  0.23673026E+232  0.45744709E+232  0.85577846E+232  0.15538495E+233  0.27447646E+233  0.47270045E+233  0.79525345E+233  0.13092913E+234  0.21128891E+234  0.33470286E+234
  0.34690575E+232  0.13876229E+233  0.56314245E+234  0.74107308E+235  0.49559615E+236  0.22371491E+237  0.55800915E+237  0.87837700E+237  0.11089136E+238  0.12254215E+238  0.12508314E+238  0.12638771E+238  0.13494482E+238  0.15944686E+238  0.21585606E+238  0.33787016E+238  0.59694802E+238  0.11389765E+239  0.22474863E+239  0.44465298E+239  0.86598555E+239  0.16446846E+240  0.30339724E+240  0.54311063E+240  0.94405028E+240  0.15957057E+241  0.26274103E+241  0.42220699E+241  0.66333863E+241  0.10207187E+242  0.15407454E+242  0.22847915E+242  0.33329785E+242  0.47886678E+242  0.67837671E+242
  0.90930842E+243  0.27279252E+244  0.30916476E+245  0.18072490E+246  0.67318814E+246  0.19098871E+247  0.36660628E+247  0.51168101E+247  0.60844344E+247  0.65578656E+247  0.66604381E+247  0.67129239E+247  0.70499427E+247  0.79633939E+247  0.98652031E+247  0.13408940E+248  0.19635108E+248  0.30141033E+248  0.47274572E+248  0.74350734E+248  0.11589035E+249  0.17788010E+249  0.26805304E+249  0.39618958E+249  0.57443785E+249  0.81765246E+249  0.11437545E+250  0.15741059E+250  0.21339041E+250  0.28525979E+250  0.37643098E+250  0.49082921E+250  0.63293814E+250  0.80784803E+250  0.10213068E+251
  0.22300506E+255  0.44601011E+255  0.14845117E+256  0.36993071E+256  0.73591553E+256  0.12689333E+257  0.18019502E+257  0.21679333E+257  0.23894114E+257  0.24932608E+257  0.25155593E+257  0.25269180E+257  0.25978621E+257  0.27776990E+257  0.31119085E+257  0.36437600E+257  0.44149686E+257  0.54660560E+257  0.68365804E+257  0.85652954E+257  0.10690264E+258  0.13248951E+258  0.16278279E+258  0.19814701E+258  0.23894237E+258  0.28552501E+258  0.33824767E+258  0.39745955E+258  0.46350670E+258  0.53673256E+258  0.61747746E+258  0.70607959E+258  0.80287444E+258  0.90819513E+258  0.10223733E+259
  0.51379965E+266  0.51379961E+266  0.51379944E+266  0.51379908E+266  0.51379847E+266  0.51379759E+266  0.51379671E+266  0.51379611E+266  0.51379574E+266  0.51379557E+266  0.51375281E+266  0.51375281E+266  0.51375281E+266  0.51375281E+266  0.51375281E+266  0.51375281E+266  0.51375281E+266  0.51375281E+266  0.51375281E+266  0.51375280E+266  0.51375280E+266  0.51375280E+266  0.51375280E+266  0.51375279E+266  0.51375279E+266  0.51375278E+266  0.51375277E+266  0.51375277E+266  0.51375276E+266  0.51375275E+266  0.51375274E+266  0.51375273E+266  0.51375272E+266  0.51375271E+266  0.51375269E+266
  0.63016923E+258  0.12603388E+259  0.41950598E+259  0.10453888E+260  0.20792903E+260  0.35850600E+260  0.50908298E+260  0.61247317E+260  0.67504073E+260  0.70437819E+260  0.71067803E+260  0.71388714E+260  0.73393054E+260  0.78473870E+260  0.87916076E+260  0.10294214E+261  0.12473060E+261  0.15442630E+261  0.19314685E+261  0.24198713E+261  0.30202252E+261  0.37431147E+261  0.45989716E+261  0.55980945E+261  0.67506602E+261  0.80667303E+261  0.95562707E+261  0.11229147E+262  0.13095136E+262  0.15163942E+262  0.17445178E+262  0.19948427E+262  0.22683113E+262  0.25658675E+262  0.28884482E+262
 -0.37725955E+267 -0.37725954E+267 -0.37241995E+267 -0.37241530E+267 -0.37240936E+267 -0.37238872E+267 -0.37238804E+267 -0.37238757E+267 -0.37238729E+267 -0.37238716E+267 -0.37238713E+267 -0.37238711E+267 -0.37238702E+267 -0.37238679E+267 -0.37238637E+267 -0.37238569E+267 -0.37238470E+267 -0.37238336E+267 -0.37238161E+267 -0.37237940E+267 -0.37237669E+267 -0.37237342E+267 -0.37236955E+267 -0.37236504E+267 -0.37235983E+267 -0.37235388E+267 -0.37234715E+267 -0.37233959E+267 -0.37233116E+267 -0.37232181E+267 -0.37231150E+267 -0.37230019E+267 -0.37228784E+267 -0.37227439E+267 -0.37225982E+267
  0.19007502E+265  0.19007500E+265  0.19007494E+265  0.19007482E+265  0.19007461E+265 -0.55562045E+254 -0.11119256E+255 -0.14723738E+255 -0.16905024E+255 -0.17865549E+255 -0.17969399E+255 -0.18081833E+255 -0.18052488E+255 -0.16982400E+255 -0.14993740E+255 -0.11828036E+255 -0.72308703E+254 -0.97646621E+253  0.73678295E+254  0.17892843E+255  0.30830011E+255  0.46427471E+255  0.64921750E+255  0.86550107E+255  0.11155193E+256  0.14010326E+256  0.24725209E+256  0.32020324E+256  0.34480652E+256  0.32855597E+256  0.31086191E+256  0.29173398E+256  0.31185103E+256  0.28997146E+256  0.26623547E+256
  0.29121858E+263  0.28598782E+263  0.26162984E+263  0.20967473E+263  0.12399422E+263  0.62039508E+254  0.11179556E+255  0.16253454E+255 -0.16016264E+255  0.12357053E+259  0.43325509E+258  0.63175086E+253  0.64459619E+253  0.95277640E+254  0.39121951E+255  0.78905325E+260  0.41767052E+260  0.61752779E+255  0.12825621E+256  0.18730501E+256  0.25248290E+256  0.74727350E+256  0.13364114E+257  0.20293247E+257  0.28434246E+257  0.24947811E+258  0.59823255E+264  0.61461664E+264  0.25151831E+264  0.20148135E+256  0.39202508E+256  0.68706250E+257  0.17699600E+264  0.11955935E+256  0.59836405E+255
