  0.38511918E-010  0.38511918E-010  0.38511923E-010  0.38511931E-010  0.38511946E-010  0.38511967E-010  0.38511989E-010  0.38512003E-010  0.38512012E-010  0.38512016E-010  0.38512017E-010  0.38512018E-010  0.38512021E-010  0.38512028E-010  0.38512041E-010  0.38512063E-010  0.38512093E-010  0.38512136E-010  0.38512190E-010  0.38512260E-010  0.38512345E-010  0.38512447E-010  0.38512569E-010  0.38512710E-010  0.38512874E-010  0.38513060E-010  0.38513272E-010  0.38513509E-010  0.38513773E-010  0.38514067E-010  0.38514390E-010  0.38514745E-010  0.38515133E-010  0.38515555E-010  0.38516012E-010
  0.50315250E+050  0.10063050E+052  0.40311689E+063  0.10281738E+070  0.24696464E+074  0.57523109E+077  0.96561321E+078  0.26812809E+079  0.43658844E+079  0.53287538E+079  0.55438115E+079  0.56555556E+079  0.64509753E+079  0.93717313E+079  0.21957291E+080  0.15330377E+081  0.73319749E+082  0.91067735E+084  0.10660725E+087  0.92785430E+088  0.58687315E+090  0.27626170E+092  0.99954113E+093  0.28669048E+095  0.66986420E+096  0.13051299E+098  0.21630036E+099  0.31012622E+100  0.39027885E+101  0.43648778E+102  0.43851470E+103  0.39945961E+104  0.33264246E+105  0.25504187E+106  0.18119071E+107
  0.28434217E+062  0.54025015E+063  0.48919275E+074  0.58504418E+080  0.85037206E+084  0.13594674E+088  0.21470486E+089  0.59077958E+089  0.95856147E+089  0.11684669E+090  0.12153367E+090  0.12396871E+090  0.14128512E+090  0.20466014E+090  0.47453752E+090  0.31120374E+091  0.11729756E+093  0.10830080E+095  0.97183081E+096  0.66858080E+098  0.34252050E+100  0.13316624E+102  0.40429420E+103  0.98594509E+104  0.19805902E+106  0.33493605E+107  0.48578719E+108  0.61396824E+109  0.68545172E+110  0.68397980E+111  0.61623863E+112  0.50575678E+113  0.38104777E+114  0.26534937E+115  0.17182328E+116
  0.80343902E+073  0.14461903E+075  0.29682401E+085  0.16644877E+091  0.14640011E+095  0.16061274E+098  0.23774808E+099  0.64749502E+099  0.10463636E+100  0.12736281E+100  0.13243583E+100  0.13507100E+100  0.15378993E+100  0.22203740E+100  0.50878524E+100  0.31245597E+101  0.93288034E+102  0.64217013E+104  0.44179772E+106  0.24013623E+108  0.99576991E+109  0.31948177E+111  0.81318824E+112  0.16845738E+114  0.29066519E+115  0.42623670E+116  0.54051523E+117  0.60162184E+118  0.59532382E+119  0.52954378E+120  0.42748759E+121  0.31582971E+122  0.21511302E+123  0.13594521E+124  0.80173667E+124
  0.15134682E+085  0.25728962E+086  0.12006787E+096  0.31570454E+101  0.16802081E+105  0.12646654E+108  0.17471554E+109  0.47031276E+109  0.75653822E+109  0.91930420E+109  0.95562390E+109  0.97448673E+109  0.11083064E+110  0.15940549E+110  0.36039347E+110  0.20658815E+111  0.49108231E+112  0.25290150E+114  0.13343599E+116  0.57274968E+117  0.19208769E+119  0.50812656E+120  0.10832594E+122  0.19042880E+123  0.28193398E+124  0.35813457E+125  0.39667150E+126  0.38844046E+127  0.34034876E+128  0.26961067E+129  0.19483560E+130  0.12946135E+131  0.79643034E+131  0.45638754E+132  0.24493335E+133
  0.21382326E+096  0.34211727E+097  0.36426364E+106  0.44909835E+111  0.14461514E+115  0.74653677E+117  0.95797149E+118  0.25446769E+119  0.40716510E+119  0.49380181E+119  0.51312585E+119  0.52315978E+119  0.59423747E+119  0.85092140E+119  0.18945589E+120  0.10102179E+121  0.19216483E+122  0.74328126E+123  0.30090718E+125  0.10194363E+127  0.27628454E+128  0.60196960E+129  0.10736850E+131  0.15998838E+132  0.20301132E+133  0.22313484E+134  0.21562240E+135  0.18556200E+136  0.14381181E+137  0.10134926E+138  0.65497399E+138  0.39103443E+139  0.21707385E+140  0.11269048E+141  0.54987817E+141
  0.24167214E+107  0.36250827E+108  0.88408666E+116  0.51108156E+121  0.99563730E+124  0.35233195E+127  0.41769562E+128  0.10927444E+129  0.17377365E+129  0.21027177E+129  0.21840854E+129  0.22263248E+129  0.25250116E+129  0.35972172E+129  0.78700539E+129  0.38893194E+130  0.59497096E+131  0.17361420E+133  0.53967203E+134  0.14423507E+136  0.31558929E+137  0.56571622E+138  0.84317522E+139  0.10636532E+141  0.11553270E+142  0.10973899E+143  0.92405823E+143  0.69803790E+144  0.47795565E+145  0.29932279E+146  0.17280038E+147  0.92597736E+147  0.46338252E+148  0.21771633E+149  0.96500342E+149
  0.22762344E+118  0.31867288E+119  0.17881033E+127  0.48467847E+131  0.57110928E+134  0.13844738E+137  0.15071291E+138  0.38741481E+138  0.61168163E+138  0.73819003E+138  0.76637694E+138  0.78100497E+138  0.88422928E+138  0.12521744E+139  0.26851161E+139  0.12250699E+140  0.15143602E+141  0.33501763E+142  0.80040046E+143  0.16867514E+145  0.29765815E+146  0.43844649E+147  0.54534817E+148  0.58160958E+149  0.54002356E+150  0.44267797E+151  0.32438509E+152  0.21481440E+153  0.12978692E+154  0.72141244E+154  0.37160641E+155  0.17853187E+156  0.80451191E+156  0.34174668E+157  0.13745709E+158
  0.18376406E+129  0.23889333E+130  0.30998707E+137  0.39396890E+141  0.28070151E+144  0.46569804E+146  0.46229307E+147  0.11643834E+148  0.18230109E+148  0.21931602E+148  0.22755745E+148  0.23183298E+148  0.26192924E+148  0.36831800E+148  0.77184217E+148  0.32377236E+149  0.32489295E+150  0.54784632E+151  0.10073252E+153  0.16731416E+154  0.23787455E+155  0.28753103E+156  0.29801980E+157  0.26830292E+158  0.21263242E+159  0.15020350E+160  0.95644344E+160  0.55446626E+161  0.29519756E+162  0.14544497E+163  0.66764783E+163  0.28723206E+164  0.11641911E+165  0.44661585E+165  0.16283931E+166
  0.12981122E+140  0.15577351E+141  0.47022159E+147  0.28019479E+151  0.12065271E+154  0.13680492E+156  0.12286474E+157  0.30220057E+157  0.46845966E+157  0.56148208E+157  0.58217641E+157  0.59290780E+157  0.66822482E+157  0.93184513E+157  0.19018558E+158  0.73031224E+158  0.59745351E+159  0.77231776E+160  0.10947708E+162  0.14327433E+163  0.16392562E+164  0.16236430E+165  0.14001088E+166  0.10623101E+167  0.71740595E+167  0.43600284E+168  0.24087499E+169  0.12205621E+170  0.57178225E+170  0.24936630E+171  0.10187049E+172  0.39194403E+172  0.14270891E+173  0.49383633E+173  0.16303338E+174
  0.74723426E+151  0.82195794E+152  0.58123846E+158  0.16237245E+162  0.42220418E+164  0.32656556E+166  0.26295161E+167  0.62901680E+167  0.96363061E+167  0.11498457E+168  0.11912304E+168  0.12126803E+168  0.13626870E+168  0.18815673E+168  0.37254386E+168  0.13035416E+169  0.87282853E+169  0.87018121E+170  0.95297974E+171  0.98252353E+172  0.90363403E+173  0.73226843E+174  0.52444870E+175  0.33475409E+176  0.19229708E+177  0.10037089E+178  0.48027685E+178  0.21237137E+179  0.87399964E+179  0.33688303E+180  0.12229805E+181  0.42022404E+181  0.13726692E+182  0.42792518E+182  0.12776215E+183
  0.37488992E+163  0.37489005E+164  0.62619283E+169  0.81994454E+172  0.12857210E+175  0.67660814E+176  0.48339583E+177  0.11190669E+178  0.16903299E+178  0.20061772E+178  0.20762852E+178  0.21126000E+178  0.23654625E+178  0.32278290E+178  0.61721145E+178  0.19583050E+179  0.10770397E+180  0.83327531E+180  0.70686043E+181  0.57415902E+182  0.42400443E+183  0.28065624E+184  0.16663435E+185  0.89306184E+185  0.43553122E+186  0.19486659E+187  0.80611826E+187  0.31050172E+188  0.11206750E+189  0.38115023E+189  0.12276821E+190  0.37616950E+190  0.11007965E+191  0.30873665E+191  0.83253006E+191
  0.16655739E+175  0.14990171E+176  0.59741070E+180  0.36651643E+183  0.34584302E+185  0.12337767E+187  0.77276605E+187  0.17208510E+188  0.25555058E+188  0.30133161E+188  0.31147814E+188  0.31672987E+188  0.35310430E+188  0.47505989E+188  0.87276321E+188  0.24980661E+189  0.11319895E+190  0.68387447E+190  0.45072072E+191  0.28852764E+192  0.17090731E+193  0.92248752E+193  0.45316122E+194  0.20349879E+195  0.84077756E+195  0.32180051E+196  0.11485656E+197  0.38463072E+197  0.12152248E+198  0.36404414E+198  0.10386299E+199  0.28333298E+199  0.74164271E+199  0.18686266E+200  0.45447429E+200
  0.66366687E+186  0.53093375E+187  0.51115866E+191  0.14680872E+194  0.83078528E+195  0.19991548E+197  0.10825851E+198  0.23018877E+198  0.33486809E+198  0.39172310E+198  0.40430029E+198  0.41080395E+198  0.45555501E+198  0.60253778E+198  0.10573088E+199  0.27152216E+199  0.10163612E+200  0.48240477E+200  0.24786563E+201  0.12512873E+202  0.59396787E+202  0.26098672E+203  0.10585599E+204  0.39742437E+204  0.13879638E+205  0.45342550E+205  0.13932978E+206  0.40480930E+206  0.11173613E+207  0.29426920E+207  0.74230226E+207  0.17997252E+208  0.42069305E+208  0.95074140E+208  0.20824777E+209
  0.23963816E+198  0.16774681E+199  0.39629977E+202  0.53189214E+204  0.17955695E+206  0.28946091E+207  0.13334457E+208  0.26826746E+208  0.38058123E+208  0.44084097E+208  0.45413991E+208  0.46100862E+208  0.50788763E+208  0.65806471E+208  0.10956074E+209  0.25098759E+209  0.77762732E+209  0.29167762E+210  0.11727597E+211  0.46734793E+211  0.17764427E+212  0.63435364E+212  0.21198426E+213  0.66382796E+213  0.19549694E+214  0.54381805E+214  0.14353248E+215  0.36099459E+215  0.86864213E+215  0.20070370E+216  0.44675889E+216  0.96090985E+216  0.20023452E+217  0.40520963E+217  0.79806848E+217
  0.79087709E+209  0.47452659E+210  0.28073745E+213  0.17543219E+215  0.35038590E+216  0.37488882E+217  0.14415127E+218  0.27132469E+218  0.37322151E+218  0.42705875E+218  0.43890478E+218  0.44501385E+218  0.48628396E+218  0.61454404E+218  0.96345150E+218  0.19569044E+219  0.50253907E+219  0.14977180E+220  0.47310470E+220  0.14902573E+221  0.45336240E+221  0.13135590E+222  0.36086900E+222  0.94026536E+222  0.23291053E+223  0.55027729E+223  0.12443801E+224  0.27027158E+224  0.56563167E+224  0.11440734E+225  0.22425533E+225  0.42704309E+225  0.79178131E+225  0.14322293E+226  0.25320869E+226
  0.24029928E+221  0.12014974E+222  0.18285907E+224  0.52811359E+225  0.61621623E+226  0.43201849E+227  0.13558950E+228  0.23544554E+228  0.31173441E+228  0.35126399E+228  0.35992848E+228  0.36438816E+228  0.39412823E+228  0.48320488E+228  0.70731050E+228  0.12655387E+229  0.26956954E+229  0.64147626E+229  0.15983839E+230  0.39863955E+230  0.97032895E+230  0.22777061E+231  0.51330787E+231  0.11100135E+232  0.23065230E+232  0.46158700E+232  0.89195421E+232  0.16686476E+233  0.30297974E+233  0.53519357E+233  0.92170678E+233  0.15506478E+234  0.25529635E+234  0.41198904E+234  0.65263287E+234
  0.67634324E+232  0.27053759E+233  0.10979323E+235  0.14448366E+236  0.96624207E+236  0.43616749E+237  0.10879274E+238  0.17125359E+238  0.21620040E+238  0.23891549E+238  0.24386956E+238  0.24641302E+238  0.26309650E+238  0.31086722E+238  0.42084657E+238  0.65873564E+238  0.11638616E+239  0.22206725E+239  0.43819987E+239  0.86696525E+239  0.16884798E+240  0.32067999E+240  0.59156742E+240  0.10589701E+241  0.18407415E+241  0.31113752E+241  0.51230552E+241  0.82324264E+241  0.12934178E+242  0.19902631E+242  0.30042503E+242  0.44550490E+242  0.64988872E+242  0.93373083E+242  0.13227518E+243
  0.17728291E+244  0.53184951E+244  0.60276400E+245  0.35235118E+246  0.13124855E+247  0.37236269E+247  0.71475742E+247  0.99760411E+247  0.11862582E+248  0.12785614E+248  0.12985596E+248  0.13087925E+248  0.13745001E+248  0.15525939E+248  0.19233894E+248  0.26143202E+248  0.38282674E+248  0.58766860E+248  0.92173749E+248  0.14496716E+249  0.22596212E+249  0.34683191E+249  0.52265496E+249  0.77250185E+249  0.11200600E+250  0.15942939E+250  0.22301476E+250  0.30692742E+250  0.41608058E+250  0.55621636E+250  0.73398829E+250  0.95705010E+250  0.12341444E+251  0.15751965E+251  0.19914143E+251
  0.43478081E+255  0.86956356E+255  0.28942834E+256  0.72123733E+256  0.14347828E+257  0.24739873E+257  0.35131919E+257  0.42267374E+257  0.46585464E+257  0.48610184E+257  0.49044967E+257  0.49266443E+257  0.50649735E+257  0.54156253E+257  0.60672820E+257  0.71043160E+257  0.86080662E+257  0.10657542E+258  0.13329875E+258  0.16700631E+258  0.20844028E+258  0.25833115E+258  0.31739889E+258  0.38635427E+258  0.46589964E+258  0.55672944E+258  0.65953145E+258  0.77498658E+258  0.90376959E+258  0.10465502E+259  0.12039919E+259  0.13767542E+259  0.15654913E+259  0.17708527E+259  0.19934851E+259
  0.10017272E+267  0.10017316E+267  0.10017316E+267  0.10017316E+267  0.10017317E+267  0.10017317E+267  0.10017317E+267  0.10017317E+267  0.10017317E+267  0.10017317E+267  0.10017317E+267  0.10017317E+267  0.10017317E+267  0.10017317E+267  0.10017351E+267  0.10017380E+267  0.10017394E+267  0.10017394E+267  0.10017395E+267  0.10017395E+267  0.10017396E+267  0.10017397E+267  0.10017398E+267  0.10017399E+267  0.10017401E+267  0.10017403E+267  0.10017404E+267  0.10017406E+267  0.10017409E+267  0.10017411E+267  0.10017414E+267  0.10017417E+267  0.10017421E+267  0.10017424E+267  0.10017429E+267
  0.19051853E+269  0.19051856E+269  0.19051872E+269  0.19052564E+269  0.19052619E+269  0.19052700E+269  0.19052758E+269  0.19051294E+269  0.19051294E+269  0.19051294E+269  0.19051294E+269  0.19051294E+269  0.19051294E+269  0.19051294E+269  0.19051294E+269  0.19051294E+269  0.19051294E+269  0.19051294E+269  0.19051294E+269  0.19051294E+269  0.19051294E+269  0.19051294E+269  0.19051294E+269  0.19051294E+269  0.19051294E+269  0.19051294E+269  0.19051294E+269  0.19051294E+269  0.19051294E+269  0.19051294E+269  0.19051294E+269  0.19051294E+269  0.19051294E+269  0.19051294E+269  0.19051294E+269
  0.73304073E+269  0.73304069E+269  0.73304051E+269  0.73304011E+269  0.73303945E+269  0.73303850E+269  0.73303754E+269  0.73303688E+269  0.73303649E+269  0.73303630E+269  0.73303626E+269  0.73303624E+269  0.73303611E+269  0.73303579E+269  0.73303519E+269  0.73303423E+269  0.73300346E+269  0.73300346E+269  0.73300346E+269  0.73300345E+269  0.73300345E+269  0.73300345E+269  0.73300344E+269  0.73300343E+269  0.73300343E+269  0.73300342E+269  0.73300341E+269  0.73300340E+269  0.73300339E+269  0.73300338E+269  0.73300336E+269  0.73300335E+269  0.73300333E+269  0.73300331E+269  0.73300330E+269
  0.41914371E+265  0.41914369E+265  0.41914359E+265  0.41914339E+265  0.41914306E+265  0.41914262E+265  0.41914217E+265  0.41914187E+265  0.41914168E+265  0.41914159E+265  0.41914157E+265  0.41914156E+265  0.41914151E+265  0.41914135E+265  0.41914080E+265  0.41914045E+265  0.41913412E+265  0.41913412E+265  0.41913412E+265  0.41913412E+265  0.41913411E+265  0.41913411E+265  0.41913410E+265  0.41913410E+265  0.41913409E+265  0.41913409E+265  0.41913408E+265  0.41913407E+265  0.41913406E+265  0.41913405E+265  0.41913404E+265  0.41913402E+265  0.41913401E+265  0.41913399E+265  0.41913397E+265
  0.19994393E+266  0.27861240E+263  0.18879008E+263  0.23747519E+254  0.12651323E+255  0.33196204E+264  0.31481576E+264  0.30337541E+264  0.29598130E+264  0.29274986E+264  0.29205561E+264  0.29171480E+264  0.28959227E+264  0.28420864E+264  0.29819642E+264 -0.15830927E+264 -0.10804310E+257 -0.18256954E+257 -0.25566224E+257 -0.84745060E+256  0.16545760E+257 -0.48809771E+258 -0.11020864E+259 -0.18371389E+259 -0.27101190E+259 -0.27738463E+259 -0.27915123E+259 -0.29579311E+259 -0.31407416E+259 -0.33382339E+259 -0.35439992E+259 -0.37488032E+259 -0.39164600E+259 -0.40355659E+259 -0.40353793E+259
