  0.13053509E-009  0.13053509E-009  0.13053509E-009  0.13053510E-009  0.13053512E-009  0.13053514E-009  0.13053516E-009  0.13053517E-009  0.13053518E-009  0.13053519E-009  0.13053519E-009  0.13053519E-009  0.13053519E-009  0.13053520E-009  0.13053521E-009  0.13053523E-009  0.13053526E-009  0.13053531E-009  0.13053536E-009  0.13053543E-009  0.13053551E-009  0.13053562E-009  0.13053574E-009  0.13053588E-009  0.13053604E-009  0.13053623E-009  0.13053644E-009  0.13053667E-009  0.13053693E-009  0.13053723E-009  0.13053755E-009  0.13053790E-009  0.13053828E-009  0.13053870E-009  0.13053916E-009
 -0.86105322E+049 -0.17596269E+051 -0.93490832E+062 -0.25237675E+069 -0.62378719E+073 -0.14974566E+077 -0.25282574E+078 -0.70262592E+078 -0.11444448E+079 -0.13970092E+079 -0.14534211E+079 -0.14827331E+079 -0.16914010E+079 -0.24578555E+079 -0.57641510E+079 -0.40510783E+080 -0.20014811E+082 -0.26283301E+084 -0.33024315E+086 -0.31219752E+088 -0.21563930E+090 -0.11118621E+092 -0.44471484E+093 -0.14477875E+095 -0.39830070E+096 -0.94209974E+097 -0.19233354E+099 -0.33934027E+100 -0.51954827E+101 -0.69539100E+102 -0.82117120E+103 -0.86394989E+104 -0.81741506E+105 -0.70133783E+106 -0.54971464E+107
 -0.48659948E+061 -0.94574266E+062 -0.11345354E+074 -0.14360563E+080 -0.21478857E+084 -0.35390462E+087 -0.56236495E+088 -0.15488591E+089 -0.25140074E+089 -0.30649346E+089 -0.31879549E+089 -0.32518686E+089 -0.37064284E+089 -0.53706194E+089 -0.12466360E+090 -0.82326393E+090 -0.32041729E+092 -0.31270729E+094 -0.30122676E+096 -0.22516681E+098 -0.12602552E+100 -0.53696372E+101 -0.18036651E+103 -0.50004395E+104 -0.11855961E+106 -0.24407820E+107 -0.43718262E+108 -0.68124436E+109 -0.92651835E+110 -0.11072805E+112 -0.11730240E+113 -0.11119527E+114 -0.95168602E+114 -0.74133026E+115 -0.52929212E+116
 -0.13749386E+073 -0.25348026E+074 -0.68839399E+084 -0.40856711E+090 -0.36978087E+094 -0.41812440E+097 -0.62297775E+098 -0.16984659E+099 -0.27459102E+099 -0.33428218E+099 -0.34760694E+099 -0.35452859E+099 -0.40370220E+099 -0.58305721E+099 -0.13377217E+100 -0.82760892E+100 -0.25505067E+102 -0.18552949E+104 -0.13704447E+106 -0.80968961E+107 -0.36699745E+109 -0.12912199E+111 -0.36397428E+112 -0.85876889E+113 -0.17538731E+115 -0.31409892E+116 -0.49329031E+117 -0.67838437E+118 -0.81887807E+119 -0.87303037E+120 -0.82892864E+121 -0.70731498E+122 -0.54710078E+123 -0.38655749E+124 -0.25116946E+125
 -0.25900234E+084 -0.45159005E+085 -0.27846129E+095 -0.77493217E+100 -0.42439229E+104 -0.32924027E+107 -0.45802730E+108 -0.12344590E+109 -0.19866985E+109 -0.24145586E+109 -0.25100353E+109 -0.25596225E+109 -0.29114606E+109 -0.41891918E+109 -0.94848548E+109 -0.54797711E+110 -0.13440768E+112 -0.73123653E+113 -0.41433410E+115 -0.19340918E+117 -0.70944220E+118 -0.20594728E+120 -0.48678039E+121 -0.97678608E+122 -0.17174329E+124 -0.26741405E+125 -0.36798295E+126 -0.44624715E+127 -0.47764388E+128 -0.45382215E+129 -0.38580252E+130 -0.29602573E+131 -0.20672209E+132 -0.13234882E+133 -0.78180652E+133
 -0.36591933E+095 -0.60141591E+096 -0.84479991E+105 -0.11023625E+111 -0.36527545E+114 -0.19435948E+117 -0.25127391E+118 -0.66839862E+118 -0.10700855E+119 -0.12980482E+119 -0.13488969E+119 -0.13753004E+119 -0.15623665E+119 -0.22382959E+119 -0.49918136E+119 -0.26840328E+120 -0.52666187E+121 -0.21513884E+123 -0.93559441E+124 -0.34490987E+126 -0.10230974E+128 -0.24483389E+129 -0.48480750E+130 -0.82678241E+131 -0.12508208E+133 -0.16923449E+134 -0.20390191E+135 -0.21784497E+136 -0.20654265E+137 -0.17469482E+138 -0.13281804E+139 -0.91537220E+139 -0.57646218E+140 -0.33404512E+141 -0.17919442E+142
 -0.41357758E+106 -0.63838809E+107 -0.20503730E+116 -0.12545078E+121 -0.25148477E+124 -0.91734286E+126 -0.10962951E+128 -0.28726863E+128 -0.45713017E+128 -0.55327735E+128 -0.57471324E+128 -0.58584128E+128 -0.66454597E+128 -0.94726029E+128 -0.20764233E+129 -0.10353288E+130 -0.16333900E+131 -0.50322577E+132 -0.16809100E+134 -0.48919914E+135 -0.11725128E+137 -0.23108038E+138 -0.38296945E+139 -0.55466484E+140 -0.72165865E+141 -0.84793872E+142 -0.89380131E+143 -0.84043765E+144 -0.70501152E+145 -0.53017259E+146 -0.36003419E+147 -0.22259574E+148 -0.12626091E+149 -0.66140764E+149 -0.32180371E+150
 -0.38953581E+117 -0.56232423E+118 -0.41469676E+126 -0.11896995E+131 -0.14425671E+134 -0.36049658E+136 -0.39585664E+137 -0.10194822E+138 -0.16108907E+138 -0.19446181E+138 -0.20189796E+138 -0.20575719E+138 -0.23299650E+138 -0.33016767E+138 -0.70958331E+138 -0.32684433E+139 -0.41662424E+140 -0.97287983E+141 -0.24987502E+143 -0.57390876E+144 -0.11105084E+146 -0.18005138E+147 -0.24949075E+148 -0.30666250E+149 -0.34296850E+150 -0.34976469E+151 -0.32227058E+152 -0.26639729E+153 -0.19746058E+154 -0.13184039E+155 -0.79856943E+155 -0.44229798E+156 -0.22565870E+157 -0.10671477E+158 -0.47027309E+158
 -0.31447853E+128 -0.42252554E+129 -0.71892173E+136 -0.96704435E+140 -0.70904203E+143 -0.12127595E+146 -0.12153028E+147 -0.30677373E+147 -0.48074171E+147 -0.57855259E+147 -0.60033205E+147 -0.61163134E+147 -0.69119124E+147 -0.97269651E+147 -0.20436909E+148 -0.86611360E+148 -0.89621050E+149 -0.15948908E+151 -0.31543343E+152 -0.57161732E+153 -0.89216044E+154 -0.11886400E+156 -0.13756133E+157 -0.14340430E+158 -0.13781073E+159 -0.12191290E+160 -0.98095274E+160 -0.71193692E+161 -0.46559194E+162 -0.27557372E+163 -0.14864590E+164 -0.73639658E+164 -0.33742156E+165 -0.14383126E+166 -0.57320458E+166
 -0.22214813E+139 -0.27625790E+140 -0.10905375E+147 -0.68777502E+150 -0.30477656E+153 -0.35632892E+155 -0.32333366E+156 -0.79734299E+156 -0.12373758E+157 -0.14837004E+157 -0.15385045E+157 -0.15669254E+157 -0.17664621E+157 -0.24656676E+157 -0.50477197E+157 -0.19598676E+158 -0.16535791E+159 -0.22558088E+160 -0.34420280E+161 -0.49210370E+162 -0.61895626E+163 -0.67682263E+164 -0.65347515E+165 -0.57746955E+166 -0.47673659E+167 -0.36564211E+168 -0.25665086E+169 -0.16329550E+170 -0.94060569E+170 -0.49263498E+171 -0.23621888E+172 -0.10449021E+173 -0.42925899E+173 -0.16464830E+174 -0.59235036E+174
 -0.12787546E+151 -0.14623520E+152 -0.13480079E+158 -0.39856826E+161 -0.10665853E+164 -0.85081729E+165 -0.69287814E+166 -0.16625782E+167 -0.25504113E+167 -0.30448066E+167 -0.31546948E+167 -0.32116536E+167 -0.36101544E+167 -0.49905191E+167 -0.99166711E+167 -0.35117275E+168 -0.24259615E+169 -0.25528235E+170 -0.30123770E+171 -0.33982979E+172 -0.34415038E+173 -0.30847938E+174 -0.24820893E+175 -0.18587845E+176 -0.13182936E+177 -0.87615221E+177 -0.53581638E+178 -0.29834941E+179 -0.15106361E+180 -0.69865780E+180 -0.29719566E+181 -0.11715310E+182 -0.43066697E+182 -0.14834617E+183 -0.48081481E+183
 -0.64155545E+162 -0.66951135E+163 -0.14522665E+169 -0.20127203E+172 -0.32483835E+174 -0.17635016E+176 -0.12757818E+177 -0.29643881E+177 -0.44849640E+177 -0.53263380E+177 -0.55131237E+177 -0.56098829E+177 -0.62839783E+177 -0.85869152E+177 -0.16489640E+178 -0.53008151E+178 -0.30097065E+179 -0.24588837E+180 -0.22505415E+181 -0.20042337E+182 -0.16329227E+183 -0.11982779E+184 -0.80270757E+184 -0.50949407E+185 -0.31053959E+186 -0.17875546E+187 -0.95103767E+187 -0.46245283E+188 -0.20533988E+189 -0.83659713E+189 -0.31496585E+190 -0.11039663E+191 -0.36234853E+191 -0.11182835E+192 -0.32575390E+192
 -0.28503247E+174 -0.26894957E+175 -0.13855169E+180 -0.89972692E+182 -0.87393432E+184 -0.32176067E+186 -0.20436178E+187 -0.45712942E+187 -0.68021919E+187 -0.80270614E+187 -0.82985830E+187 -0.84391330E+187 -0.94132579E+187 -0.12686403E+188 -0.23425742E+188 -0.68023337E+188 -0.31852932E+189 -0.20339036E+190 -0.14490645E+191 -0.10196043E+192 -0.66784715E+192 -0.40073060E+193 -0.22332285E+194 -0.12024153E+195 -0.63039493E+195 -0.31412033E+196 -0.14511554E+197 -0.61461802E+197 -0.23863632E+198 -0.85403775E+198 -0.28379663E+199 -0.88220225E+199 -0.25786983E+200 -0.71105934E+200 -0.18561572E+201
 -0.11357443E+186 -0.95808578E+186 -0.11854876E+191 -0.36041951E+193 -0.21000102E+195 -0.52183291E+196 -0.28704809E+197 -0.61370317E+197 -0.89504843E+197 -0.10480535E+198 -0.10819089E+198 -0.10994177E+198 -0.12199986E+198 -0.16171410E+198 -0.28550923E+198 -0.74504484E+198 -0.28860750E+199 -0.14500448E+200 -0.80756795E+200 -0.44956865E+201 -0.23661281E+202 -0.11596325E+203 -0.53747528E+203 -0.24599200E+204 -0.11110954E+205 -0.47890657E+205 -0.19161869E+206 -0.70451517E+206 -0.23834633E+207 -0.74671574E+207 -0.21830930E+208 -0.60008491E+208 -0.15572625E+209 -0.38232030E+209 -0.89108839E+209
 -0.41009685E+197 -0.30493785E+198 -0.91912617E+201 -0.13060624E+204 -0.45410836E+205 -0.75660621E+206 -0.35480936E+207 -0.71869713E+207 -0.10228833E+208 -0.11863666E+208 -0.12224582E+208 -0.12411021E+208 -0.13684939E+208 -0.17780684E+208 -0.29823991E+208 -0.69568036E+208 -0.22352799E+209 -0.88968829E+209 -0.38924379E+210 -0.17177598E+211 -0.72619062E+211 -0.29045231E+212 -0.11203264E+213 -0.43769414E+213 -0.17074114E+214 -0.63571879E+214 -0.21949522E+215 -0.69743186E+215 -0.20467467E+216 -0.55897940E+216 -0.14323011E+217 -0.34693237E+217 -0.79619810E+217 -0.17322700E+218 -0.35877128E+218
 -0.13534414E+209 -0.87104135E+209 -0.65116556E+212 -0.43095358E+214 -0.88692985E+215 -0.98200398E+216 -0.38544284E+217 -0.73176418E+217 -0.10108183E+218 -0.11586005E+218 -0.11911325E+218 -0.12079133E+218 -0.13214564E+218 -0.16760317E+218 -0.26518880E+218 -0.54993305E+218 -0.14691430E+219 -0.46641021E+219 -0.16123544E+220 -0.56555070E+220 -0.19200398E+221 -0.62652041E+221 -0.20160162E+222 -0.67768907E+222 -0.22904688E+223 -0.73457490E+223 -0.21764160E+224 -0.59400427E+224 -0.15034441E+225 -0.35607422E+225 -0.79595261E+225 -0.16919195E+226 -0.34156949E+226 -0.65406892E+226 -0.11958936E+227
 -0.41122824E+220 -0.22353348E+221 -0.42428818E+223 -0.12985013E+225 -0.15622531E+226 -0.11355792E+227 -0.36514333E+227 -0.64117027E+227 -0.85371442E+227 -0.96421259E+227 -0.98844876E+227 -0.10009275E+228 -0.10843326E+228 -0.13358211E+228 -0.19782708E+228 -0.36272973E+228 -0.80753523E+228 -0.20594206E+229 -0.56649398E+229 -0.15845842E+230 -0.43185850E+230 -0.11505559E+231 -0.31076311E+231 -0.91209747E+231 -0.26784457E+232 -0.73525788E+232 -0.18528431E+233 -0.43064185E+233 -0.93290712E+233 -0.19034929E+234 -0.36909320E+234 -0.68511932E+234 -0.12065544E+235 -0.20102680E+235 -0.32150979E+235
 -0.11574377E+232 -0.51341069E+232 -0.25508734E+234 -0.35596723E+235 -0.24565780E+236 -0.11532558E+237 -0.29625892E+237 -0.47338752E+237 -0.60234387E+237 -0.66784725E+237 -0.68214802E+237 -0.68949399E+237 -0.73784627E+237 -0.87766558E+237 -0.12064525E+238 -0.19459292E+238 -0.36198295E+238 -0.74750745E+238 -0.16510904E+239 -0.36961765E+239 -0.80748753E+239 -0.17628639E+240 -0.40546277E+240 -0.10671900E+241 -0.27174111E+241 -0.62974793E+241 -0.13303720E+242 -0.26006405E+242 -0.47727514E+242 -0.83187711E+242 -0.13893316E+243 -0.22385586E+243 -0.33809417E+243 -0.47893578E+243 -0.66226591E+243
 -0.30338727E+243 -0.10423635E+244 -0.14069085E+245 -0.87216223E+245 -0.33550265E+246 -0.99532417E+246 -0.19842190E+247 -0.28290398E+247 -0.34034791E+247 -0.36869803E+247 -0.37485137E+247 -0.37800288E+247 -0.39835939E+247 -0.45442606E+247 -0.57500370E+247 -0.81266014E+247 -0.12686230E+248 -0.21438183E+248 -0.38535068E+248 -0.69145359E+248 -0.12043904E+249 -0.21823895E+249 -0.44217923E+249 -0.10936787E+250 -0.23643195E+250 -0.44920235E+250 -0.77671646E+250 -0.12538959E+251 -0.19222182E+251 -0.28304235E+251 -0.40352375E+251 -0.56021447E+251 -0.68981758E+251 -0.78161337E+251 -0.93848111E+251
 -0.74404784E+254 -0.18123162E+255 -0.68603457E+255 -0.18062651E+256 -0.37102838E+256 -0.67701966E+256 -0.10146702E+257 -0.12624632E+257 -0.14184966E+257 -0.14930209E+257 -0.15090871E+257 -0.15172875E+257 -0.15691529E+257 -0.17049222E+257 -0.19729982E+257 -0.24436434E+257 -0.32332274E+257 -0.45534941E+257 -0.68219549E+257 -0.96832847E+257 -0.13200485E+258 -0.20902584E+258 -0.40426346E+258 -0.10074619E+259 -0.17032980E+259 -0.24978462E+259 -0.33971232E+259 -0.44070851E+259 -0.55336345E+259 -0.67826293E+259 -0.81598744E+259 -0.96711385E+259 -0.73222024E+259 -0.47663681E+259 -0.75132728E+259
 -0.17142728E+266 -0.24518910E+266 -0.24975163E+266 -0.25987655E+266 -0.26730123E+266 -0.29495748E+266 -0.32547518E+266 -0.34787132E+266 -0.36197401E+266 -0.36870970E+266 -0.37016180E+266 -0.37090297E+266 -0.37559069E+266 -0.38786186E+266 -0.41209123E+266 -0.45462931E+266 -0.52599387E+266 -0.64532286E+266 -0.85035197E+266 -0.85035197E+266 -0.85035196E+266 -0.15464868E+267 -0.33110928E+267 -0.87629500E+267 -0.87629500E+267 -0.87629499E+267 -0.87629498E+267 -0.87629497E+267 -0.87629495E+267 -0.87629494E+267 -0.87629492E+267 -0.87629491E+267  0.12467317E+268  0.12467317E+268 -0.12359891E+268
 -0.22464805E+255 -0.22499492E+255 -0.22728204E+255 -0.44821894E+255 -0.42945352E+255 -0.66668268E+255 -0.90390493E+255 -0.10667879E+256 -0.11653211E+256 -0.12108547E+256 -0.12206325E+256 -0.12256132E+256 -0.12567218E+256 -0.13355790E+256 -0.14821275E+256 -0.17153403E+256 -0.20535084E+256 -0.25142989E+256  0.28115327E+257 -0.56874148E+260 -0.14276663E+259 -0.14287768E+259 -0.14300916E+259  0.66720733E+259 -0.14953208E+261 -0.39386623E+261 -0.79210347E+261 -0.14730709E+262 -0.16687201E+262 -0.11604476E+264  0.13718377E+265  0.15015217E+263 -0.52195170E+263 -0.57180215E+261 -0.96528688E+256
 -0.24092495E+259 -0.24131136E+259 -0.24226292E+259 -0.24223875E+259 -0.24219649E+259 -0.24214224E+259 -0.24211742E+259 -0.24211169E+259 -0.24211151E+259  0.88012183E+258  0.88012171E+258  0.88012167E+258  0.88012140E+258  0.88012071E+258  0.88011949E+258  0.88011756E+258  0.88011474E+258  0.88011705E+258  0.88011929E+258  0.88012177E+258  0.88012329E+258  0.88012494E+258  0.88012516E+258  0.88012252E+258  0.88011655E+258  0.88009891E+258  0.88008381E+258 -0.40424879E+259  0.51061338E+247 -0.20736339E+254 -0.43430902E+254 -0.68128226E+254 -0.94915028E+254 -0.12380831E+255 -0.15512545E+255
 -0.50777593E+256 -0.64662913E+256  0.59828192E+261  0.61942439E+261  0.65587922E+261  0.57745575E+261  0.26154297E+261  0.84744161E+260 -0.28206045E+258  0.20038157E+264 -0.55712048E+254 -0.55712033E+254 -0.92008558E+254  0.38985052E+256  0.43596258E+256  0.47564610E+256  0.51054548E+256  0.46862525E+257  0.58423973E+257  0.20616325E+258  0.20682509E+258  0.52782526E+258  0.71468485E+258  0.88161533E+258  0.96222714E+258  0.12880360E+257  0.12880736E+257  0.13971925E+257  0.51582146E+257 -0.16201215E+259 -0.16080488E+259 -0.15948201E+259 -0.15833949E+259 -0.15697220E+259 -0.15694224E+259
  0.34404645E+262  0.28296165E+262  0.60332729E+249  0.44090115E+250  0.10248109E+259 -0.16199944E+255  0.33683075E+258  0.55169334E+257  0.44030993E+246  0.94286011E+251  0.94286011E+251  0.94286011E+251  0.16056368E+252  0.16349176E+267  0.23296426E+261  0.12572176E+261  0.75971039E+260  0.13499698E+261  0.72598355E+261  0.72659257E+261 -0.78247479E+251  0.77937170E+262  0.38222690E+262  0.29207690E+262  0.12120420E+262  0.12734667E+262  0.21968163E+254  0.61038541E+260  0.28710764E+260  0.56651624E+260  0.17618333E+261  0.17594355E+261  0.13808605E+261  0.15237795E+261 -0.43850312E+251
