  0.21190017E-009  0.21190017E-009  0.21190017E-009  0.21190018E-009  0.21190019E-009  0.21190022E-009  0.21190024E-009  0.21190025E-009  0.21190026E-009  0.21190026E-009  0.21190027E-009  0.21190027E-009  0.21190027E-009  0.21190028E-009  0.21190029E-009  0.21190031E-009  0.21190034E-009  0.21190038E-009  0.21190044E-009  0.21190051E-009  0.21190059E-009  0.21190069E-009  0.21190081E-009  0.21190095E-009  0.21190111E-009  0.21190130E-009  0.21190151E-009  0.21190174E-009  0.21190200E-009  0.21190229E-009  0.21190261E-009  0.21190296E-009  0.21190335E-009  0.21190377E-009  0.21190422E-009
  0.42745196E+039  0.89764897E+040  0.15948319E+053  0.86753009E+059  0.34434929E+064  0.11684454E+068  0.20776861E+069  0.58162297E+069  0.95000841E+069  0.11608368E+070  0.12079367E+070  0.12324127E+070  0.14067851E+070  0.20489321E+070  0.48449089E+070  0.35910600E+071  0.21904274E+073  0.36697190E+075  0.56064379E+077  0.61730542E+079  0.48197303E+081  0.27463295E+083  0.11837535E+085  0.39917003E+086  0.10843535E+088  0.24329463E+089  0.46051347E+090  0.74866633E+091  0.10614843E+093  0.13299249E+094  0.14891428E+095  0.15049375E+096  0.13845097E+097  0.11682610E+098  0.91022749E+098
  0.22951668E+051  0.45903329E+052  0.18388640E+064  0.46902175E+070  0.11265941E+075  0.26241041E+078  0.44049735E+079  0.12231582E+080  0.19916482E+080  0.24308943E+080  0.25290003E+080  0.25799762E+080  0.29428344E+080  0.42752384E+080  0.10016581E+081  0.69935145E+081  0.33449005E+083  0.41552554E+085  0.48657328E+087  0.42365185E+089  0.26807770E+091  0.12624941E+093  0.45698149E+094  0.13112747E+096  0.30650790E+097  0.59741391E+098  0.99046368E+099  0.14206065E+101  0.17883802E+102  0.20007979E+103  0.20107567E+104  0.18322785E+105  0.15262985E+106  0.11706236E+107  0.83193091E+107
  0.61448789E+062  0.11675268E+064  0.10571984E+075  0.12643682E+081  0.18378113E+085  0.29381072E+088  0.46402606E+089  0.12768098E+090  0.20716712E+090  0.25253251E+090  0.26266217E+090  0.26792483E+090  0.30534959E+090  0.44231765E+090  0.10255855E+091  0.67258681E+091  0.25352020E+093  0.23411283E+095  0.21014044E+097  0.14462275E+099  0.74122838E+100  0.28830207E+102  0.87566298E+103  0.21363485E+105  0.42932558E+106  0.72630643E+107  0.10538138E+109  0.13323511E+110  0.14879933E+111  0.14853073E+112  0.13386579E+113  0.10990308E+114  0.82831545E+114  0.57701105E+115  0.37376628E+116
  0.10934192E+074  0.19681544E+075  0.40395941E+085  0.22653139E+091  0.19924943E+095  0.21859669E+098  0.32358067E+099  0.88125646E+099  0.14241267E+100  0.17334394E+100  0.18024845E+100  0.18383500E+100  0.20931194E+100  0.30219853E+100  0.69247022E+100  0.42526344E+101  0.12697430E+103  0.87419671E+104  0.60159653E+106  0.32711431E+108  0.13569993E+110  0.43556324E+111  0.11091215E+113  0.22985599E+114  0.39676231E+115  0.58204138E+116  0.73836571E+117  0.82213625E+118  0.81381818E+119  0.72414982E+120  0.58479293E+121  0.43219953E+122  0.29447762E+123  0.18616850E+124  0.10983327E+125
  0.14542048E+085  0.24721478E+086  0.11536777E+096  0.30335308E+101  0.16145053E+105  0.12152372E+108  0.16788787E+109  0.45193395E+109  0.72697461E+109  0.88338023E+109  0.91828068E+109  0.93640642E+109  0.10649969E+110  0.15317641E+110  0.34631081E+110  0.19851697E+111  0.47191954E+112  0.24307131E+114  0.12828498E+116  0.55083858E+117  0.18481375E+119  0.48908910E+120  0.10431074E+122  0.18344480E+123  0.27170102E+124  0.34526793E+125  0.38256310E+126  0.37476214E+127  0.32848301E+128  0.26030518E+129  0.18817922E+130  0.12508428E+131  0.76978983E+131  0.44128921E+132  0.23692273E+133
  0.15412251E+096  0.24659600E+097  0.26256267E+106  0.32371990E+111  0.10424413E+115  0.53814503E+117  0.69056340E+118  0.18343583E+119  0.29350957E+119  0.35596269E+119  0.36989266E+119  0.37712574E+119  0.42836296E+119  0.61339680E+119  0.13657174E+120  0.72823482E+120  0.13853283E+122  0.53592047E+123  0.21701931E+125  0.73549509E+126  0.19941074E+128  0.43465564E+129  0.77557950E+130  0.11561477E+132  0.14676296E+133  0.16137309E+134  0.15599914E+135  0.13430131E+136  0.10412332E+137  0.73406912E+137  0.47457521E+138  0.28344146E+139  0.15740804E+140  0.81748944E+140  0.39906360E+141
  0.13552043E+107  0.20328063E+108  0.49576942E+116  0.28660707E+121  0.55835319E+124  0.19759302E+127  0.23425180E+128  0.61283323E+128  0.97455853E+128  0.11792478E+129  0.12248805E+129  0.12485693E+129  0.14160793E+129  0.20173957E+129  0.44137018E+129  0.21812391E+130  0.33369448E+131  0.97388352E+132  0.30280916E+134  0.80958350E+135  0.17720786E+137  0.31778716E+138  0.47384166E+139  0.59798596E+140  0.64978322E+141  0.61743973E+142  0.52011734E+143  0.39305099E+144  0.26923165E+145  0.16867426E+146  0.97415316E+146  0.52222838E+147  0.26144614E+148  0.12289150E+149  0.54494721E+149
  0.10162307E+118  0.14227230E+119  0.79831716E+126  0.21639615E+131  0.25499262E+134  0.61816803E+136  0.67294020E+137  0.17298288E+138  0.27311952E+138  0.32960639E+138  0.34219204E+138  0.34872355E+138  0.39481393E+138  0.55910413E+138  0.11989252E+139  0.54700984E+139  0.67622084E+140  0.14962224E+142  0.35756291E+143  0.75378314E+144  0.13307045E+146  0.19609048E+147  0.24400096E+148  0.26033108E+149  0.24181451E+150  0.19830404E+151  0.14537118E+152  0.96306498E+152  0.58210333E+153  0.32369287E+154  0.16680825E+155  0.80175269E+155  0.36145476E+156  0.15361366E+157  0.61816553E+157
  0.66287538E+128  0.86173802E+129  0.11182099E+137  0.14212026E+141  0.10126353E+144  0.16800730E+146  0.16678088E+147  0.42007428E+147  0.65768796E+147  0.79122711E+147  0.82095984E+147  0.83638471E+147  0.94496337E+147  0.13287839E+148  0.27845909E+148  0.11680974E+149  0.11722131E+150  0.19769487E+151  0.36359932E+152  0.60413745E+153  0.85924917E+154  0.10390400E+156  0.10773871E+157  0.97035709E+157  0.76933430E+158  0.54368272E+159  0.34634275E+160  0.20086577E+161  0.10698712E+162  0.52736405E+162  0.24219131E+163  0.10424390E+164  0.42272395E+164  0.16225223E+165  0.59190177E+165
  0.34991705E+140  0.41990050E+141  0.12675497E+148  0.75533286E+151  0.32526076E+154  0.36881968E+156  0.33124250E+157  0.81473370E+157  0.12629708E+158  0.15137609E+158  0.15695531E+158  0.15984851E+158  0.18015413E+158  0.25122680E+158  0.51274539E+158  0.19689765E+159  0.16108886E+160  0.20827150E+161  0.29530778E+162  0.38660768E+163  0.44250477E+164  0.43846999E+165  0.37826256E+166  0.28712244E+167  0.19398437E+168  0.11794495E+169  0.65188875E+169  0.33047461E+170  0.15488570E+171  0.67581543E+171  0.27622108E+172  0.10633103E+173  0.38736915E+173  0.13412393E+174  0.44305865E+174
  0.15967318E+152  0.17564054E+153  0.12420539E+159  0.34698944E+162  0.90228784E+164  0.69793286E+166  0.56198816E+167  0.13443606E+168  0.20595157E+168  0.24575053E+168  0.25459551E+168  0.25917990E+168  0.29124022E+168  0.40213866E+168  0.79622560E+168  0.27860777E+169  0.18656487E+170  0.18603138E+171  0.20378890E+172  0.21018054E+173  0.19338106E+174  0.15677390E+175  0.11232961E+176  0.71731318E+176  0.41224097E+177  0.21527147E+178  0.10305674E+179  0.45592564E+179  0.18772890E+180  0.72398690E+180  0.26297462E+181  0.90412836E+181  0.29551747E+182  0.92186496E+182  0.27542216E+183
  0.63884325E+163  0.63884346E+164  0.10671148E+170  0.13973580E+173  0.21912482E+175  0.11532047E+177  0.82391491E+177  0.19073861E+178  0.28810805E+178  0.34194302E+178  0.35389266E+178  0.36008237E+178  0.40318188E+178  0.55016966E+178  0.10520193E+179  0.33379677E+179  0.18359899E+180  0.14207161E+181  0.12055276E+182  0.97956402E+182  0.72368260E+183  0.47922705E+184  0.28466087E+185  0.15263276E+186  0.74472354E+186  0.33337291E+187  0.13798050E+188  0.53176454E+188  0.19203626E+189  0.65352332E+189  0.21063309E+190  0.64582617E+190  0.18912424E+191  0.53082839E+191  0.14325518E+192
  0.22643962E+175  0.20379576E+176  0.81222442E+180  0.49833293E+183  0.47025189E+185  0.16777109E+187  0.10508530E+188  0.23401385E+188  0.34751787E+188  0.40977525E+188  0.42357348E+188  0.43071529E+188  0.48018079E+188  0.64602875E+188  0.11868749E+189  0.33972527E+189  0.15396031E+190  0.93031425E+190  0.61332755E+191  0.39276887E+192  0.23275352E+193  0.12568863E+194  0.61772985E+194  0.27754130E+195  0.11472999E+196  0.43936352E+196  0.15690883E+197  0.52578027E+197  0.16622707E+198  0.49831213E+198  0.14227527E+199  0.38842489E+199  0.10175772E+200  0.25661400E+200  0.62470629E+200
  0.71611541E+186  0.57289277E+187  0.55157645E+191  0.15842684E+194  0.89659443E+195  0.21576894E+197  0.11684830E+198  0.24845675E+198  0.36144595E+198  0.42281456E+198  0.43639024E+198  0.44341021E+198  0.49171413E+198  0.65036727E+198  0.11412569E+199  0.29309405E+199  0.10972364E+200  0.52090725E+200  0.26773651E+201  0.13521508E+202  0.64214236E+202  0.28229556E+203  0.11455991E+204  0.43034555E+204  0.15038396E+205  0.49159377E+205  0.15116098E+206  0.43950278E+206  0.12140651E+207  0.32000282E+207  0.80793310E+207  0.19607078E+208  0.45878781E+208  0.10379534E+209  0.22761192E+209
  0.20283563E+198  0.14198511E+199  0.33545375E+202  0.45026108E+204  0.15201282E+206  0.24508231E+207  0.11290726E+208  0.22715589E+208  0.32226109E+208  0.37328819E+208  0.38454957E+208  0.39036590E+208  0.43006261E+208  0.55723263E+208  0.92775528E+208  0.21254842E+209  0.65862625E+209  0.24710528E+210  0.99391051E+210  0.39625500E+211  0.15069849E+212  0.53843609E+212  0.18004098E+213  0.56416840E+213  0.16626489E+214  0.46285552E+214  0.12226418E+215  0.30777621E+215  0.74129424E+215  0.17145592E+216  0.38207750E+216  0.82276829E+216  0.17166729E+217  0.34787294E+217  0.68614099E+217
  0.51449630E+209  0.30869837E+210  0.18264131E+213  0.11414246E+215  0.22799837E+216  0.24397467E+217  0.93820068E+217  0.17659622E+218  0.24292153E+218  0.27796487E+218  0.28567561E+218  0.28965210E+218  0.31651558E+218  0.40000406E+218  0.62712961E+218  0.12738999E+219  0.32720135E+219  0.97546042E+219  0.30826432E+220  0.97152796E+220  0.29573377E+221  0.85742458E+221  0.23573054E+222  0.61470539E+222  0.15240127E+223  0.36041189E+223  0.81588014E+223  0.17740661E+224  0.37174231E+224  0.75291522E+224  0.14779719E+225  0.28188741E+225  0.52352947E+225  0.94871022E+225  0.16805050E+226
  0.11615770E+221  0.58079039E+221  0.88398460E+223  0.25533251E+225  0.29797176E+226  0.20894055E+227  0.65584258E+227  0.11389080E+228  0.15079793E+228  0.16992193E+228  0.17411374E+228  0.17627129E+228  0.19065947E+228  0.23375603E+228  0.34219023E+228  0.61233645E+228  0.13046511E+229  0.31058249E+229  0.77430191E+229  0.19323840E+230  0.47071801E+230  0.11058892E+231  0.24946435E+231  0.54003594E+231  0.11234829E+232  0.22512850E+232  0.43565740E+232  0.81630697E+232  0.14847478E+233  0.26276477E+233  0.45345687E+233  0.76456763E+233  0.12617754E+234  0.20414347E+234  0.32427332E+234
  0.22937035E+232  0.91748682E+232  0.37238361E+234  0.49012196E+235  0.32784130E+236  0.14802973E+237  0.36930394E+237  0.58139156E+237  0.73402213E+237  0.81116087E+237  0.82798464E+237  0.83662214E+237  0.89327996E+237  0.10555224E+238  0.14290996E+238  0.22374000E+238  0.39545549E+238  0.75496375E+238  0.14908573E+239  0.29522882E+239  0.57559267E+239  0.10945218E+240  0.20219227E+240  0.36251929E+240  0.63126517E+240  0.10691350E+241  0.17642693E+241  0.28419646E+241  0.44770141E+241  0.69091905E+241  0.10462419E+242  0.15568402E+242  0.22795336E+242  0.32882700E+242  0.46783154E+242
  0.37833853E+243  0.11350302E+244  0.12865635E+245  0.75226911E+245  0.28031720E+246  0.79566449E+246  0.15279020E+247  0.21330058E+247  0.25366823E+247  0.27342078E+247  0.27770041E+247  0.27989030E+247  0.29395278E+247  0.33207412E+247  0.41147271E+247  0.55951673E+247  0.81987298E+247  0.12597683E+248  0.19783326E+248  0.31161533E+248  0.48659914E+248  0.74847702E+248  0.11306914E+249  0.16759186E+249  0.24377137E+249  0.34823318E+249  0.48907589E+249  0.67609468E+249  0.92103061E+249  0.12378487E+250  0.16430424E+250  0.21559786E+250  0.27992732E+250  0.35992129E+250  0.45862289E+250
  0.44732595E+254  0.89468840E+254  0.29788448E+255  0.74275183E+255  0.14788990E+256  0.25531909E+256  0.36297435E+256  0.43699970E+256  0.48183576E+256  0.50286760E+256  0.50738430E+256  0.50968519E+256  0.52406003E+256  0.56052457E+256  0.62839290E+256  0.73664025E+256  0.89408884E+256  0.11095816E+257  0.13920098E+257  0.17506134E+257  0.21949946E+257  0.27352654E+257  0.33821862E+257  0.41473098E+257  0.50431285E+257  0.60832255E+257  0.72824441E+257  0.86570472E+257  0.10224895E+258  0.12005638E+258  0.14020884E+258  0.16294422E+258  0.18852402E+258  0.21723551E+258  0.24939409E+258
  0.49891460E+264  0.49977080E+264  0.50375802E+264  0.51226149E+264  0.52631308E+264  0.54677762E+264  0.56724207E+264  0.58129346E+264  0.58979678E+264  0.59378392E+264  0.59462276E+264  0.59506031E+264  0.59778432E+264  0.60468944E+264  0.61752191E+264  0.63794303E+264  0.66755438E+264  0.70791160E+264  0.76052422E+264  0.82689663E+264  0.90848134E+264  0.10067157E+265  0.11230162E+265  0.12587805E+265  0.14153896E+265  0.15942082E+265  0.17965875E+265  0.20238643E+265  0.22773628E+265  0.25583963E+265  0.28682653E+265  0.32082613E+265  0.35796641E+265  0.39837436E+265  0.44217626E+265
  0.19231212E+269  0.19231211E+269  0.19231204E+269  0.19231190E+269  0.19231165E+269  0.19231069E+269  0.19231000E+269  0.19230953E+269  0.19230925E+269  0.19230911E+269  0.19230908E+269  0.19230907E+269  0.19230898E+269  0.19230874E+269  0.19230831E+269  0.19230763E+269  0.19230663E+269  0.19230527E+269  0.19230350E+269  0.19230127E+269  0.19229853E+269  0.19229522E+269  0.19229131E+269  0.19228674E+269  0.19228148E+269  0.19227546E+269  0.19226866E+269  0.19226101E+269  0.19225248E+269  0.19224303E+269  0.19223261E+269  0.19222117E+269  0.19220868E+269  0.19219509E+269  0.19218035E+269
 -0.17498713E+252 -0.34999189E+252 -0.11653000E+253 -0.29059266E+253  0.45673297E+255  0.45671923E+255  0.45669744E+255  0.45667886E+255  0.45666616E+255  0.45665991E+255  0.45665855E+255  0.45665785E+255  0.45665351E+255  0.45664269E+255  0.45662218E+255  0.45658959E+255  0.29806937E+263  0.52886500E+255  0.64950649E+255  0.80250633E+255  0.10142088E+256  0.12691447E+256  0.15708856E+256  0.19226958E+256  0.23442513E+256  0.28074975E+256  0.33146238E+256  0.41611112E+256  0.51192581E+256  0.61891943E+256  0.74257253E+256  0.87809237E+256  0.10259570E+257  0.11868590E+257  0.13612865E+257
 -0.34797113E+255 -0.69736769E+255 -0.23338036E+256 -0.58701888E+256 -0.11864565E+257 -0.21025717E+257 -0.30843079E+257 -0.37561688E+257 -0.41645149E+257 -0.43560244E+257 -0.43971502E+257 -0.44181000E+257 -0.44207680E+257 -0.44165965E+257 -0.44173193E+257 -0.44119355E+257 -0.44066838E+257 -0.63767964E+257 -0.10411842E+258 -0.10602106E+258 -0.10341886E+258 -0.95354873E+257 -0.87252952E+257 -0.59214093E+258  0.17824903E+263  0.38940701E+257  0.36790394E+258  0.47474202E+262  0.36871153E+262  0.25730410E+262  0.17379574E+262  0.84241268E+261  0.16974612E+256  0.28069337E+256  0.28148009E+256
