  0.16999332E-009  0.16999332E-009  0.16999332E-009  0.16999333E-009  0.16999334E-009  0.16999337E-009  0.16999339E-009  0.16999340E-009  0.16999341E-009  0.16999341E-009  0.16999342E-009  0.16999342E-009  0.16999342E-009  0.16999343E-009  0.16999344E-009  0.16999346E-009  0.16999349E-009  0.16999353E-009  0.16999359E-009  0.16999366E-009  0.16999374E-009  0.16999385E-009  0.16999397E-009  0.16999411E-009  0.16999427E-009  0.16999446E-009  0.16999467E-009  0.16999491E-009  0.16999518E-009  0.16999547E-009  0.16999580E-009  0.16999615E-009  0.16999654E-009  0.16999696E-009  0.16999742E-009
  0.72145638E+038  0.15153359E+040  0.26999674E+052  0.14693960E+059  0.58337695E+063  0.19798209E+067  0.35205251E+068  0.98553133E+068  0.16097442E+069  0.19669838E+069  0.20467924E+069  0.20882659E+069  0.23837326E+069  0.34718245E+069  0.82208749E+069  0.33688238E+071  0.80795306E+074  0.62541909E+077  0.19517090E+080  0.31138156E+082  0.29608128E+084  0.18628595E+086  0.83565265E+087  0.28248635E+089  0.75068909E+090  0.16209840E+092  0.29204600E+093  0.44854633E+094  0.59779045E+095  0.70165950E+096  0.73447176E+097  0.69302961E+098  0.59491586E+099  0.46833805E+100  0.34049524E+101
  0.38732484E+050  0.77479863E+051  0.31126566E+063  0.79430045E+069  0.19083343E+074  0.44456453E+077  0.74628983E+078  0.20722796E+079  0.33742631E+079  0.41184387E+079  0.42846510E+079  0.43710150E+079  0.49857736E+079  0.72431512E+079  0.17010958E+080  0.73977368E+081  0.12536420E+085  0.71139572E+087  0.16993184E+090  0.21427879E+092  0.16504681E+094  0.85771951E+095  0.32287086E+097  0.92796707E+098  0.21199793E+100  0.39728472E+101  0.62631699E+102  0.84781195E+103  0.10022150E+105  0.10493731E+106  0.98490248E+106  0.83713426E+107  0.65006080E+108  0.46471502E+109  0.30789602E+110
  0.10368261E+062  0.19703683E+063  0.17892425E+074  0.21408980E+080  0.31125608E+084  0.49768044E+087  0.78602483E+088  0.21628271E+089  0.35092722E+089  0.42777339E+089  0.44493241E+089  0.45384704E+089  0.51724230E+089  0.74925821E+089  0.17445539E+090  0.81116851E+091  0.96973041E+094  0.40328501E+097  0.73700720E+099  0.73401273E+101  0.45759878E+103  0.19624360E+105  0.61929124E+106  0.15118004E+108  0.29661132E+109  0.48191168E+110  0.66411280E+111  0.79152770E+112  0.82913693E+113  0.77370727E+114  0.65051297E+115  0.49761848E+116  0.34924980E+117  0.22653517E+118  0.13666861E+119
  0.18446023E+073  0.33209936E+074  0.68355501E+084  0.38350695E+090  0.33739273E+094  0.37020936E+097  0.54802184E+098  0.14925177E+099  0.24119403E+099  0.29358026E+099  0.30527397E+099  0.31134826E+099  0.35449690E+099  0.51181308E+099  0.11814240E+100  0.59203931E+101  0.49841105E+104  0.15184469E+107  0.21216510E+109  0.16675137E+111  0.84058448E+112  0.29716904E+114  0.78530005E+115  0.16264371E+117  0.27373429E+118  0.38514732E+119  0.46344692E+120  0.48581481E+121  0.45047412E+122  0.37424467E+123  0.28159125E+124  0.19367838E+125  0.12274361E+126  0.72173312E+126  0.39614217E+127
  0.24527624E+084  0.41706395E+085  0.19517925E+095  0.51345928E+100  0.27333173E+104  0.20576708E+107  0.28427992E+108  0.76525104E+108  0.12309744E+109  0.14958146E+109  0.15549112E+109  0.15856034E+109  0.18033446E+109  0.25937193E+109  0.59406248E+109  0.32346999E+111  0.19139363E+114  0.42693399E+116  0.45571742E+118  0.28236618E+120  0.11496209E+122  0.33462053E+123  0.73954352E+124  0.12978026E+126  0.18713004E+127  0.22772585E+128  0.23897369E+129  0.22006362E+130  0.18041960E+131  0.13329672E+132  0.89660100E+132  0.55390083E+133  0.31666071E+134  0.16862935E+135  0.84129420E+135
  0.25989529E+095  0.41593244E+096  0.44410335E+105  0.54780769E+110  0.17644217E+114  0.91098948E+116  0.11690422E+118  0.31053686E+118  0.49688079E+118  0.60260782E+118  0.62618990E+118  0.63843480E+118  0.72517449E+118  0.10384196E+119  0.23661557E+119  0.14106250E+121  0.58538158E+123  0.95540744E+125  0.77828576E+127  0.37970032E+129  0.12468662E+131  0.29838061E+132  0.55071447E+133  0.81767650E+134  0.10086389E+136  0.10601489E+137  0.96889911E+137  0.78276864E+138  0.56670277E+139  0.37188813E+140  0.22335750E+141  0.12379894E+142  0.63775845E+142  0.30726159E+143  0.13919818E+144
  0.22846812E+106  0.34279007E+107  0.83833714E+115  0.48487820E+120  0.94481280E+123  0.33440324E+126  0.39645604E+127  0.10371869E+128  0.16493914E+128  0.19958195E+128  0.20730511E+128  0.21131433E+128  0.23966474E+128  0.34143541E+128  0.77874623E+128  0.51118368E+130  0.14843000E+133  0.17708548E+135  0.10994875E+137  0.42172122E+138  0.11151638E+140  0.21903701E+141  0.33704711E+142  0.42270548E+143  0.44535969E+144  0.40366937E+145  0.32081705E+146  0.22706004E+147  0.14495954E+148  0.84381747E+148  0.45195349E+149  0.22447421E+150  0.10408276E+151  0.45317082E+151  0.18622451E+152
  0.17127129E+117  0.23984569E+118  0.13495381E+126  0.36598644E+130  0.43135306E+133  0.10458577E+136  0.11385613E+137  0.29267527E+137  0.46210092E+137  0.55767370E+137  0.57896796E+137  0.59001894E+137  0.66800150E+137  0.94597288E+137  0.21872895E+138  0.15821718E+140  0.32061633E+142  0.27926893E+144  0.13194284E+146  0.39715790E+147  0.84406869E+148  0.13581285E+150  0.17389853E+151  0.18387404E+152  0.16516740E+153  0.12887411E+154  0.88918531E+154  0.55044188E+155  0.30941496E+156  0.15953587E+157  0.76095848E+157  0.33823518E+158  0.14098076E+159  0.55405788E+159  0.20629311E+160
  0.11167968E+128  0.14522655E+129  0.18896537E+136  0.24028104E+140  0.17123992E+143  0.28414457E+145  0.28207980E+146  0.71048534E+146  0.11123726E+147  0.13382340E+147  0.13885225E+147  0.14146114E+147  0.15982561E+147  0.22474338E+147  0.54004424E+147  0.42656197E+149  0.60149221E+151  0.38188593E+153  0.13701648E+155  0.32294707E+156  0.55037498E+157  0.72380589E+158  0.76948216E+159  0.68450018E+160  0.52314337E+161  0.35070512E+162  0.20968081E+163  0.11333118E+164  0.55998670E+164  0.25534189E+165  0.10830019E+166  0.43018228E+166  0.16096586E+167  0.57027184E+167  0.19214727E+168
  0.58929149E+139  0.70737652E+140  0.21411432E+147  0.12765045E+151  0.54979714E+153  0.62350855E+155  0.56000188E+156  0.13774086E+157  0.21352168E+157  0.25592135E+157  0.26535384E+157  0.27024522E+157  0.30457484E+157  0.42473403E+157  0.11100394E+158  0.93172864E+159  0.91116787E+161  0.42075675E+163  0.11435123E+165  0.21048007E+166  0.28686366E+167  0.30753160E+168  0.27075769E+169  0.20213915E+170  0.13114112E+171  0.75368931E+171  0.38967592E+172  0.18353576E+173  0.79570050E+173  0.32030814E+174  0.12060572E+175  0.42744827E+175  0.14337319E+176  0.45726219E+176  0.13924122E+177
  0.26877231E+151  0.29575295E+152  0.20970437E+158  0.58611782E+161  0.15243992E+164  0.11792956E+166  0.94962424E+166  0.22716661E+167  0.34801307E+167  0.41526523E+167  0.43021146E+167  0.43795815E+167  0.49213367E+167  0.67953058E+167  0.20854306E+168  0.17604487E+170  0.11893021E+172  0.39830293E+173  0.81733888E+174  0.11710008E+176  0.12722057E+177  0.11083465E+178  0.80575405E+178  0.50345499E+179  0.27653919E+180  0.13591840E+181  0.60629792E+181  0.24830942E+182  0.94263499E+182  0.33435641E+183  0.11156422E+184  0.35220916E+184  0.10572980E+185  0.30310397E+185  0.83296645E+185
  0.10746999E+163  0.10751135E+164  0.18005996E+169  0.23589209E+172  0.36998144E+174  0.19473660E+176  0.13913598E+177  0.32210700E+177  0.48654036E+177  0.57745474E+177  0.59763483E+177  0.60808778E+177  0.68087268E+177  0.92910144E+177  0.37507168E+178  0.29163215E+180  0.13546324E+182  0.32778356E+183  0.50582023E+184  0.56180897E+185  0.48467080E+186  0.34188924E+187  0.20453415E+188  0.10661797E+189  0.49436468E+189  0.20722379E+190  0.79547913E+190  0.28260899E+191  0.93731758E+191  0.29234287E+192  0.86272524E+192  0.24216432E+193  0.64948516E+193  0.16709144E+194  0.41376880E+194
  0.38064578E+174  0.34272768E+175  0.13694810E+180  0.84061441E+182  0.79339176E+184  0.28308952E+186  0.17732276E+187  0.39488332E+187  0.58641684E+187  0.69147394E+187  0.71475796E+187  0.72680951E+187  0.81028094E+187  0.10901453E+188  0.66678927E+188  0.42749608E+190  0.13573962E+192  0.23611722E+193  0.27259737E+194  0.23356038E+195  0.15925637E+196  0.90570061E+196  0.44411195E+197  0.19243027E+198  0.75066498E+198  0.26752034E+199  0.88120579E+199  0.27084861E+200  0.78289354E+200  0.21421398E+201  0.55790435E+201  0.13895935E+202  0.33234801E+202  0.76595496E+202  0.17062983E+203
  0.12026383E+186  0.96257343E+186  0.92910938E+190  0.26698336E+193  0.15112204E+195  0.36371889E+196  0.19697648E+197  0.41883939E+197  0.60931541E+197  0.71277021E+197  0.73565602E+197  0.74749025E+197  0.82892085E+197  0.10963790E+198  0.11757896E+199  0.55744686E+200  0.12009535E+202  0.14916420E+203  0.12799016E+204  0.84074870E+204  0.45056443E+205  0.20552720E+206  0.82221147E+206  0.29487816E+207  0.96403998E+207  0.29106598E+208  0.82004459E+208  0.21741288E+209  0.54618897E+209  0.13077435E+210  0.29987565E+210  0.66131095E+210  0.14075623E+211  0.29004901E+211  0.58021945E+211
  0.34020554E+197  0.23827481E+198  0.56433377E+201  0.75780647E+203  0.25588547E+205  0.41258778E+206  0.19008119E+207  0.38242428E+207  0.54253925E+207  0.62844641E+207  0.64740562E+207  0.65719776E+207  0.72402965E+207  0.93812908E+207  0.20122501E+209  0.64719651E+210  0.93668640E+211  0.82310094E+212  0.52042284E+213  0.26007607E+214  0.10879034E+215  0.39560353E+215  0.12840971E+216  0.37931235E+216  0.10346696E+217  0.26359572E+217  0.63288105E+217  0.14425076E+218  0.31399840E+218  0.65602110E+218  0.13210314E+219  0.25731648E+219  0.48631104E+219  0.89414160E+219  0.16030659E+220
  0.86139783E+208  0.51717028E+209  0.30670655E+212  0.19175940E+214  0.38309413E+215  0.40996622E+216  0.15765480E+217  0.29675303E+217  0.40820722E+217  0.46709468E+217  0.48005196E+217  0.48673411E+217  0.53187602E+217  0.67217173E+217  0.32409056E+219  0.66568040E+220  0.63835966E+221  0.39181720E+222  0.18048307E+223  0.67943485E+223  0.21995027E+224  0.63287708E+224  0.16559426E+225  0.40057006E+225  0.90699453E+225  0.19408079E+226  0.39545952E+226  0.77199268E+226  0.14510652E+227  0.26371069E+227  0.46499741E+227  0.79789118E+227  0.13357038E+228  0.21862675E+228  0.35055336E+228
  0.19395845E+220  0.97053900E+220  0.14804829E+223  0.42780140E+224  0.49930235E+225  0.35012648E+226  0.10990048E+227  0.19084733E+227  0.25269185E+227  0.28473744E+227  0.29176154E+227  0.29537689E+227  0.31948671E+227  0.39170176E+227  0.47678817E+229  0.59783214E+230  0.37225946E+231  0.15667148E+232  0.51765374E+232  0.14491555E+233  0.35916182E+233  0.81028124E+233  0.16956527E+234  0.33360984E+234  0.62328070E+234  0.11142889E+235  0.19177679E+235  0.31928179E+235  0.51622834E+235  0.81323343E+235  0.12516412E+236  0.18864323E+236  0.27897069E+236  0.40548326E+236  0.58013520E+236
  0.38130292E+231  0.15266801E+232  0.62089387E+233  0.81750900E+234  0.54686656E+235  0.24691625E+236  0.61596894E+236  0.96967998E+236  0.12242229E+237  0.13528658E+237  0.13809224E+237  0.13953270E+237  0.14898129E+237  0.17603705E+237  0.62024069E+239  0.45345007E+240  0.17761567E+241  0.49815810E+241  0.11546097E+242  0.23620896E+242  0.44197404E+242  0.77287731E+242  0.12811951E+243  0.20334518E+243  0.31126490E+243  0.46206255E+243  0.66805669E+243  0.94396198E+243  0.13071651E+244  0.17780157E+244  0.23801227E+244  0.31406745E+244  0.40907589E+244  0.52657033E+244  0.67054346E+244
  0.62342363E+242  0.18726729E+243  0.21263221E+244  0.12436280E+245  0.46338360E+245  0.13150144E+246  0.25246817E+246  0.35241198E+246  0.41907859E+246  0.45169793E+246  0.45876523E+246  0.46238154E+246  0.48560306E+246  0.54854707E+246  0.67467490E+249  0.26831606E+250  0.62528652E+250  0.11118189E+251  0.17462376E+251  0.25465014E+251  0.35302580E+251  0.47148879E+251  0.61175344E+251  0.77551364E+251  0.96444505E+251  0.11802065E+252  0.14244432E+252  0.16987866E+252  0.20048565E+252  0.23442639E+252  0.27186087E+252  0.31294853E+252  0.35784797E+252  0.40671722E+252  0.45971413E+252
  0.71818274E+253  0.14391370E+254  0.47968915E+254  0.11959634E+255  0.23800421E+255  0.41055189E+255  0.58319857E+255  0.70178904E+255  0.77357231E+255  0.80723470E+255  0.81446344E+255  0.81814577E+255  0.84114656E+255  0.89946270E+255  0.51813961E+259  0.97006889E+259  0.11890077E+260  0.11890419E+260  0.11890866E+260  0.11891430E+260  0.11892125E+260  0.11892964E+260  0.11893961E+260  0.11895128E+260  0.11896481E+260  0.11898034E+260  0.11899801E+260  0.11901797E+260  0.11904039E+260  0.11906544E+260  0.11909328E+260  0.11912411E+260  0.11915811E+260  0.11919550E+260  0.11923648E+260
  0.18829377E+260  0.37658765E+260  0.12534458E+261  0.31235059E+261  0.62126141E+261  0.10711578E+262  0.15210541E+262  0.18299649E+262  0.20169053E+262  0.21045603E+262  0.21233830E+262  0.21329713E+262  0.21928573E+262  0.23446627E+262  0.26267785E+262  0.30757296E+262  0.37303700E+262  0.46176272E+262  0.57745315E+262  0.72337962E+262  0.90275519E+262  0.11187423E+263  0.13744578E+263  0.16729787E+263  0.20173441E+263  0.24105615E+263  0.28556087E+263  0.33554333E+263  0.39129564E+263  0.45310770E+263  0.52126681E+263  0.59605845E+263  0.67776579E+263  0.76667006E+263  0.86305117E+263
  0.11549049E+261  0.22374573E+261  0.56460479E+261  0.56474371E+261  0.56498168E+261  0.56532822E+261  0.56567472E+261  0.56591265E+261  0.56605664E+261  0.56612420E+261  0.56613871E+261  0.56614623E+261  0.56619236E+261  0.56630927E+261  0.56652654E+261  0.56687234E+261  0.56737387E+261  0.56803699E+261  0.56890129E+261  0.56999098E+261  0.57132960E+261  0.57294018E+261  0.57484520E+261  0.57706657E+261  0.57962565E+261  0.58254776E+261  0.58585503E+261  0.58956936E+261  0.59371247E+261  0.59830589E+261  0.60337098E+261  0.60892894E+261  0.61500083E+261  0.62160753E+261  0.62876985E+261
  0.30356688E+256  0.30224023E+256  0.29606156E+256  0.28385087E+256  0.26422003E+256  0.23271437E+256  0.20100228E+256  0.19387234E+256  0.18882576E+256  0.18637109E+256  0.18935780E+256  0.18909116E+256  0.18736606E+256  0.18272770E+256  0.17319020E+256  0.15568356E+256  0.12538396E+256  0.74913497E+255  0.43921427E+255  0.15026162E+264  0.15177089E+264  0.15359912E+264  0.15453392E+264  0.15512892E+264  0.15546090E+264  0.15558572E+264  0.15559155E+264  0.15559091E+264  0.15558860E+264  0.15558951E+264  0.15559049E+264  0.15559151E+264  0.15559207E+264  0.15559258E+264  0.15559303E+264
  0.13869709E+253  0.13366803E+253  0.10491782E+253  0.25775022E+252  0.49227853E+252  0.13990441E+253  0.19947055E+253  0.32928931E+255  0.32960437E+255  0.32971172E+255  0.32973498E+255  0.32974639E+255  0.32982251E+255  0.33686607E+255  0.67313214E+255  0.67286056E+255  0.67309502E+255  0.67714505E+255  0.32680670E+256  0.32809722E+267  0.32966854E+267  0.33164668E+267  0.20067737E+267  0.10948635E+267  0.53035878E+266  0.17567315E+266  0.87498689E+264  0.85332227E+263 -0.72193135E+263  0.23674815E+264  0.23386007E+264  0.23059052E+264  0.19327762E+264  0.18717331E+264  0.18122078E+264
