  0.17634705E-009  0.17634705E-009  0.17634705E-009  0.17634706E-009  0.17634707E-009  0.17634710E-009  0.17634712E-009  0.17634713E-009  0.17634714E-009  0.17634714E-009  0.17634714E-009  0.17634715E-009  0.17634715E-009  0.17634715E-009  0.17634717E-009  0.17634719E-009  0.17634722E-009  0.17634726E-009  0.17634732E-009  0.17634738E-009  0.17634747E-009  0.17634757E-009  0.17634769E-009  0.17634783E-009  0.17634799E-009  0.17634817E-009  0.17634838E-009  0.17634862E-009  0.17634888E-009  0.17634917E-009  0.17634949E-009  0.17634984E-009  0.17635022E-009  0.17635063E-009  0.17635108E-009
  0.35268817E+039  0.67010569E+040  0.60666161E+051  0.72533203E+057  0.10539295E+062  0.16842330E+065  0.26597524E+066  0.73184596E+066  0.11874414E+067  0.14474645E+067  0.15055251E+067  0.15356894E+067  0.17501983E+067  0.25352600E+067  0.70209813E+067  0.27786635E+071  0.80807752E+074  0.62756392E+077  0.19589782E+080  0.31254307E+082  0.29717287E+084  0.18696338E+086  0.83865125E+087  0.28348743E+089  0.75331853E+090  0.16265994E+092  0.29304704E+093  0.45006796E+094  0.59979768E+095  0.70399142E+096  0.73688746E+097  0.69528488E+098  0.59683076E+099  0.46982852E+100  0.34156613E+101
  0.19931212E+051  0.35876084E+052  0.73620881E+062  0.41273422E+068  0.36290537E+072  0.39798957E+075  0.58908020E+076  0.16043104E+077  0.25925820E+077  0.31556710E+077  0.32813643E+077  0.33466555E+077  0.38104503E+077  0.55013951E+077  0.16698871E+078  0.62532114E+081  0.12539280E+085  0.71383850E+087  0.17056492E+090  0.21507810E+092  0.16565523E+094  0.86083795E+095  0.32402908E+097  0.93125438E+098  0.21274016E+100  0.39866027E+101  0.62846246E+102  0.85068596E+103  0.10055775E+105  0.10528573E+106  0.98813831E+106  0.83985507E+107  0.65215020E+108  0.46619153E+109  0.30886257E+110
  0.56317912E+062  0.95740189E+063  0.44670983E+073  0.11742855E+079  0.62477796E+082  0.47009634E+085  0.64939390E+086  0.17480655E+087  0.28118981E+087  0.34168597E+087  0.35518511E+087  0.36219596E+087  0.41193338E+087  0.59247312E+087  0.20704861E+088  0.70166119E+091  0.97004129E+094  0.40467213E+097  0.73975389E+099  0.73675081E+101  0.45928540E+103  0.19695690E+105  0.62151199E+106  0.15171535E+108  0.29764924E+109  0.48357920E+110  0.66638610E+111  0.79420869E+112  0.83191602E+113  0.77627339E+114  0.65264751E+115  0.49923350E+116  0.35037050E+117  0.22725358E+118  0.13709673E+119
  0.10608845E+074  0.16974106E+075  0.18070025E+084  0.22273310E+089  0.71702535E+092  0.37002358E+095  0.47478385E+096  0.12611594E+097  0.20179274E+097  0.24472979E+097  0.25430676E+097  0.25927956E+097  0.29450550E+097  0.42171691E+097  0.18066398E+098  0.52324362E+101  0.49862783E+104  0.15236813E+107  0.21295614E+109  0.16737341E+111  0.84368213E+112  0.29824882E+114  0.78811486E+115  0.16321931E+117  0.27469155E+118  0.38647904E+119  0.46503200E+120  0.48745873E+121  0.45198235E+122  0.37548435E+123  0.28251391E+124  0.19430593E+125  0.12313673E+126  0.72401704E+126  0.39738007E+127
  0.14988251E+085  0.22482315E+086  0.54821796E+094  0.31685111E+099  0.61709394E+102  0.21830736E+105  0.25878622E+106  0.67700767E+106  0.10766054E+107  0.13027249E+107  0.13531352E+107  0.13793041E+107  0.15643515E+107  0.22286192E+107  0.12573836E+108  0.29161681E+111  0.19150364E+114  0.42841003E+116  0.45741748E+118  0.28341952E+120  0.11538563E+122  0.33583590E+123  0.74219290E+124  0.13023926E+126  0.18778395E+127  0.22851257E+128  0.23979022E+129  0.22080745E+130  0.18102289E+131  0.13373762E+132  0.89953391E+132  0.55569214E+133  0.31767273E+134  0.16916166E+135  0.84391577E+135
  0.16940404E+096  0.23716501E+097  0.13305701E+105  0.36058835E+109  0.42478573E+112  0.10294621E+115  0.11205744E+116  0.28804487E+116  0.45478595E+116  0.54884403E+116  0.56980078E+116  0.58067661E+116  0.65742300E+116  0.93098624E+116  0.74386447E+117  0.12950067E+121  0.58581692E+123  0.95872314E+125  0.78119123E+127  0.38111676E+129  0.12514585E+131  0.29946380E+132  0.55268610E+133  0.82056615E+134  0.10121604E+136  0.10638077E+137  0.97220583E+137  0.78541095E+138  0.56859488E+139  0.37311611E+140  0.22408672E+141  0.12419842E+142  0.63979156E+142  0.30822875E+143  0.13963053E+144
  0.15955681E+107  0.20742329E+108  0.26911691E+115  0.34196242E+119  0.24359117E+122  0.40402177E+124  0.40103478E+125  0.10100772E+126  0.15814147E+126  0.19025064E+126  0.19739980E+126  0.20110868E+126  0.22721612E+126  0.31950455E+126  0.38615634E+127  0.47703634E+130  0.14857023E+133  0.17770305E+135  0.11035958E+137  0.42329442E+138  0.11192695E+140  0.21983166E+141  0.33825283E+142  0.42419791E+143  0.44691290E+144  0.40506081E+145  0.32191045E+146  0.22782531E+147  0.14544269E+148  0.84659822E+148  0.45342569E+149  0.22519669E+150  0.10441359E+151  0.45459250E+151  0.18680073E+152
  0.12881313E+118  0.15457533E+119  0.46654916E+125  0.27795862E+129  0.11966443E+132  0.13565062E+134  0.12181798E+135  0.29962228E+135  0.46446133E+135  0.55668923E+135  0.57720680E+135  0.58784653E+135  0.66252029E+135  0.92389020E+135  0.17851049E+137  0.14981608E+140  0.32099471E+142  0.28024892E+144  0.13243639E+146  0.39863941E+147  0.84717464E+148  0.13630519E+150  0.17452001E+151  0.18452250E+152  0.16574268E+153  0.12931770E+154  0.89221088E+154  0.55229367E+155  0.31044409E+156  0.16006038E+157  0.76343064E+157  0.33932051E+158  0.14142733E+159  0.55578927E+159  0.20692860E+160
  0.90994044E+128  0.10009318E+130  0.70772050E+135  0.19767476E+139  0.51389789E+141  0.39739751E+143  0.31995908E+144  0.76538042E+144  0.11725343E+145  0.13991191E+145  0.14494757E+145  0.14755757E+145  0.16581031E+145  0.22894829E+145  0.73991812E+146  0.40909853E+149  0.60236482E+151  0.38323644E+153  0.13752971E+155  0.32415165E+156  0.55239885E+157  0.72642716E+158  0.77222879E+159  0.68691082E+160  0.52496265E+161  0.35191014E+162  0.21039288E+163  0.11371162E+164  0.56184464E+164  0.25617903E+165  0.10865092E+166  0.43155769E+166  0.16147366E+167  0.57204561E+167  0.19273606E+168
  0.52379179E+140  0.52379037E+141  0.87481970E+146  0.11453351E+150  0.17956335E+152  0.94474996E+153  0.67491059E+154  0.15624266E+155  0.23600306E+155  0.28010240E+155  0.28989106E+155  0.29496142E+155  0.33026700E+155  0.45067784E+155  0.25315160E+157  0.90342771E+159  0.91276688E+161  0.42225887E+163  0.11478025E+165  0.21126502E+166  0.28791760E+167  0.30864393E+168  0.27172269E+169  0.20284982E+170  0.13159631E+171  0.75627350E+171  0.39099613E+172  0.18415023E+173  0.79833265E+173  0.32135475E+174  0.12099481E+175  0.42880903E+175  0.14382326E+176  0.45867652E+176  0.13966518E+177
  0.26278880E+152  0.23650928E+153  0.94248792E+157  0.57814938E+160  0.54545109E+162  0.19454950E+164  0.12184430E+165  0.27133637E+165  0.40294869E+165  0.47513986E+165  0.49113979E+165  0.49942119E+165  0.55678055E+165  0.74910837E+165  0.75789389E+167  0.17227523E+170  0.11917856E+172  0.39974099E+173  0.82041112E+174  0.11753664E+176  0.12768743E+177  0.11123489E+178  0.80862039E+178  0.50522126E+179  0.27749680E+180  0.13638322E+181  0.60834614E+181  0.24913807E+182  0.94574194E+182  0.33544446E+183  0.11192248E+184  0.35332451E+184  0.10605973E+185  0.30403511E+185  0.83548307E+185
  0.11675303E+164  0.93402173E+164  0.89916187E+168  0.25821650E+171  0.14610272E+173  0.35151228E+174  0.19033552E+175  0.40472887E+175  0.58880745E+175  0.68879160E+175  0.71090982E+175  0.72234718E+175  0.80104949E+175  0.10595849E+176  0.20038128E+178  0.28754290E+180  0.13579413E+182  0.32898247E+183  0.50772542E+184  0.56390217E+185  0.48644652E+186  0.34312125E+187  0.20526000E+188  0.10699102E+189  0.49607161E+189  0.20793019E+190  0.79815692E+190  0.28354837E+191  0.94039323E+191  0.29328942E+192  0.86547979E+192  0.24292621E+193  0.65149683E+193  0.16760042E+194  0.41500691E+194
  0.46521702E+175  0.32565103E+176  0.76929315E+179  0.10323992E+182  0.34847424E+183  0.56168208E+184  0.25872591E+185  0.52057684E+185  0.73859723E+185  0.85558407E+185  0.88140288E+185  0.89473805E+185  0.98575825E+185  0.12774435E+186  0.47126246E+188  0.42402317E+190  0.13612053E+192  0.23699327E+193  0.27362621E+194  0.23442966E+195  0.15983856E+196  0.90895536E+196  0.44568314E+197  0.19310131E+198  0.75324734E+198  0.26842862E+199  0.88415894E+199  0.27174442E+200  0.78544810E+200  0.21490316E+201  0.55967283E+201  0.13939295E+202  0.33336776E+202  0.76826324E+202  0.17113418E+203
  0.16798195E+187  0.10078890E+188  0.59624764E+190  0.37256121E+192  0.74402260E+193  0.79594221E+194  0.30602855E+195  0.57616800E+195  0.79272639E+195  0.90717373E+195  0.93235732E+195  0.94534499E+195  0.10331010E+196  0.13060458E+196  0.99098418E+198  0.55544174E+200  0.12047518E+202  0.14972591E+203  0.12847401E+204  0.84387209E+204  0.45220645E+205  0.20626307E+206  0.82510858E+206  0.29590198E+207  0.96734075E+207  0.29204911E+208  0.82277710E+208  0.21812737E+209  0.54795833E+209  0.13119165E+210  0.30081736E+210  0.66335250E+210  0.14118286E+211  0.29091093E+211  0.58190717E+211
  0.55439184E+198  0.27719517E+199  0.42184977E+201  0.12182502E+203  0.14213465E+204  0.99635886E+204  0.31268331E+205  0.54329159E+205  0.71970010E+205  0.81116580E+205  0.83121679E+205  0.84153788E+205  0.91040016E+205  0.11170427E+206  0.18681472E+209  0.64701442E+210  0.93995800E+211  0.82624418E+212  0.52239130E+213  0.26103922E+214  0.10918506E+215  0.39701287E+215  0.12885974E+216  0.38062177E+216  0.10381903E+217  0.26448004E+217  0.63497406E+217  0.14472082E+218  0.31500586E+218  0.65809165E+218  0.13251281E+219  0.25809949E+219  0.48776084E+219  0.89674860E+219  0.16076280E+220
  0.16844630E+210  0.67378338E+210  0.27343306E+212  0.35980536E+213  0.24060171E+214  0.10859741E+215  0.27085221E+215  0.42698693E+215  0.53974837E+215  0.59683971E+215  0.60929586E+215  0.61569221E+215  0.65770746E+215  0.77859351E+215  0.31542367E+219  0.66701964E+220  0.64076860E+221  0.39332997E+222  0.18116452E+223  0.68193764E+223  0.22074311E+224  0.63511596E+224  0.16617035E+225  0.40194211E+225  0.91005488E+225  0.19472589E+226  0.39675389E+226  0.77447903E+226  0.14556591E+227  0.26453035E+227  0.46641415E+227  0.80027015E+227  0.13395930E+228  0.21924707E+228  0.35152005E+228
  0.47410807E+221  0.14223204E+222  0.16119179E+223  0.94221507E+223  0.35094465E+224  0.99556636E+224  0.19108672E+225  0.26780431E+225  0.31960367E+225  0.34510354E+225  0.35063548E+225  0.35346803E+225  0.37173927E+225  0.42193736E+225  0.47375939E+229  0.59991608E+230  0.37374082E+231  0.15727907E+232  0.51959609E+232  0.14544455E+233  0.36044381E+233  0.81311884E+233  0.17014902E+234  0.33473992E+234  0.62535859E+234  0.11179436E+235  0.19239509E+235  0.32029252E+235  0.51783048E+235  0.81570364E+235  0.12553537E+236  0.18918847E+236  0.27975398E+236  0.40658621E+236  0.58165812E+236
  0.12427342E+233  0.24854617E+233  0.82725162E+233  0.20613817E+234  0.41005470E+234  0.70699990E+234  0.10039071E+235  0.12254973E+235  0.13673388E+235  0.14355499E+235  0.14502759E+235  0.14577976E+235  0.15055712E+235  0.16317798E+235  0.62135500E+239  0.45541790E+240  0.17833931E+241  0.50007440E+241  0.11588791E+242  0.23705787E+242  0.44352743E+242  0.77554247E+242  0.12855362E+243  0.20402241E+243  0.31228335E+243  0.46354632E+243  0.67015887E+243  0.94686709E+243  0.13110901E+244  0.17832117E+244  0.23868663E+244  0.31492805E+244  0.41015367E+244  0.52790026E+244  0.67215493E+244
  0.30477752E+244  0.30477670E+244  0.30477286E+244  0.30476466E+244  0.30475118E+244  0.30473192E+244  0.30471248E+244  0.33121446E+244  0.35034548E+244  0.35931589E+244  0.36124218E+244  0.36222341E+244  0.36835203E+244  0.38388758E+244  0.67779428E+249  0.26958873E+250  0.62777731E+250  0.11159559E+251  0.17524973E+251  0.25554007E+251  0.35423446E+251  0.47307291E+251  0.61377036E+251  0.77801983E+251  0.96749428E+251  0.11838478E+252  0.14287187E+252  0.17037292E+252  0.20104839E+252  0.23505893E+252  0.27255910E+252  0.31371412E+252  0.35866488E+252  0.40758845E+252  0.46061079E+252
  0.70220383E+255 -0.35455027E+245 -0.88664520E+245 -0.28362073E+246  0.70908778E+247  0.34042815E+248  0.14756291E+247  0.37224195E+253  0.44399618E+253  0.44399675E+253  0.44399687E+253  0.44399694E+253  0.44399737E+253  0.44399864E+253  0.52095604E+259  0.97470926E+259  0.11930652E+260  0.11930652E+260  0.11930652E+260  0.11930652E+260  0.11930652E+260  0.11930652E+260  0.11930652E+260  0.11930652E+260  0.11930651E+260  0.11930651E+260  0.11930651E+260  0.11930662E+260  0.11930577E+260  0.11930899E+260  0.11930054E+260  0.11931712E+260  0.11929135E+260  0.11932422E+260  0.11928889E+260
  0.11292090E+255  0.19389991E+255  0.79756028E+255  0.20850150E+256  0.56577827E+257  0.13593986E+258 -0.47173635E+258  0.49272047E+263  0.15694519E+263  0.33202495E+256  0.66404990E+256  0.83318158E+256  0.18895424E+257  0.45673193E+257  0.95437086E+257  0.17462994E+258  0.39237784E+259  0.40805181E+259  0.42848234E+259  0.45424233E+259  0.48589345E+259  0.52399621E+259  0.56910368E+259  0.62175325E+259  0.68249957E+259  0.75186344E+259  0.83037010E+259  0.91852700E+259  0.10168718E+260  0.11259054E+260  0.12461347E+260  0.13780741E+260  0.15222019E+260  0.16790247E+260  0.18490362E+260
  0.12110260E+259  0.23650893E+259  0.52396081E+259  0.13270295E+260  0.30054862E+263  0.20940172E+263  0.11838232E+263  0.56020964E+262  0.17744616E+262  0.50775191E+255  0.10155977E+256  0.12742006E+256  0.28904983E+256  0.69918713E+256  0.14625722E+257  0.26806462E+257  0.44537482E+257  0.48342909E+257  0.52921386E+257  0.70790896E+257  0.76194543E+257  0.81321515E+257  0.85425409E+257  0.87481794E+257  0.87508329E+257  0.87537232E+257  0.87568152E+257  0.87600700E+257  0.87634858E+257  0.87673650E+257  0.87748002E+257  0.88374473E+257 -0.35882149E+257  0.14055987E+259 -0.70050699E+259
  0.14233582E+260  0.38114380E+251  0.69694638E+251  0.97580135E+253  0.28458440E+254  0.32506662E+254  0.36554885E+254  0.14192208E+255  0.20165883E+255  0.22878242E+255  0.23477008E+255  0.23761945E+255  0.25500098E+255  0.29643095E+255  0.36422369E+255  0.44876775E+255  0.52215706E+255  0.53084753E+255  0.67529472E+253 -0.48343753E+254 -0.30926969E+254 -0.98717198E+253  0.15190986E+254  0.44642843E+254  0.78347032E+254  0.12413405E+255  0.17641576E+255  0.26744128E+255  0.34685925E+255  0.44394364E+255  0.52065352E+255  0.53579639E+255  0.55216606E+255  0.56976540E+255  0.58858839E+255
  0.63450856E+256  0.36672311E+254  0.15810093E+249  0.26239494E+251  0.51316979E+251  0.52060104E+251  0.52062635E+251  0.52064408E+251  0.52064914E+251  0.52065150E+251  0.52073115E+251  0.52073152E+251  0.61839516E+251  0.71002370E+253  0.25261242E+254  0.25261287E+254  0.25492602E+254  0.25550703E+254  0.25550821E+254  0.23530529E+254  0.23997789E+254  0.24406258E+254  0.24671350E+254  0.24671803E+254  0.38464777E+257  0.83736718E+257  0.83736724E+257  0.83736734E+257  0.83739479E+257  0.83923014E+257  0.84138853E+257  0.84140294E+257  0.84140296E+257  0.84140298E+257  0.84140301E+257
