  0.55890898E-010  0.55890899E-010  0.55890903E-010  0.55890912E-010  0.55890927E-010  0.55890948E-010  0.55890969E-010  0.55890984E-010  0.55890993E-010  0.55890997E-010  0.55890998E-010  0.55890998E-010  0.55891001E-010  0.55891008E-010  0.55891022E-010  0.55891043E-010  0.55891074E-010  0.55891116E-010  0.55891171E-010  0.55891240E-010  0.55891325E-010  0.55891427E-010  0.55891549E-010  0.55891690E-010  0.55891853E-010  0.55892040E-010  0.55892251E-010  0.55892488E-010  0.55892752E-010  0.55893045E-010  0.55893368E-010  0.55893722E-010  0.55894110E-010  0.55894531E-010  0.55894988E-010
  0.56218827E+038  0.11756268E+040  0.19618463E+052  0.10642132E+059  0.42648980E+063  0.14650477E+067  0.26108142E+068  0.73108553E+068  0.11942747E+069  0.14593721E+069  0.15185964E+069  0.15493731E+069  0.17686402E+069  0.25762034E+069  0.61052135E+069  0.32273697E+071  0.81079138E+074  0.62798104E+077  0.19595070E+080  0.31258624E+082  0.29719406E+084  0.18696837E+086  0.83864277E+087  0.28347410E+089  0.75325076E+090  0.16263662E+092  0.29298527E+093  0.44993542E+094  0.59956001E+095  0.70362732E+096  0.73640258E+097  0.69471539E+098  0.59623361E+099  0.46926384E+100  0.34108045E+101
  0.30181932E+050  0.60097087E+051  0.22616368E+063  0.57522926E+069  0.13949465E+074  0.32891177E+077  0.55340659E+078  0.15371965E+079  0.25033166E+079  0.30555520E+079  0.31788954E+079  0.32429851E+079  0.36992057E+079  0.53746378E+079  0.12638196E+080  0.71267687E+081  0.12580687E+085  0.71431023E+087  0.17061072E+090  0.21510761E+092  0.16566692E+094  0.86086026E+095  0.32402552E+097  0.93120948E+098  0.21272065E+100  0.39860205E+101  0.62832749E+102  0.85043046E+103  0.10051706E+105  0.10523009E+106  0.98747338E+106  0.83915109E+107  0.65148208E+108  0.46561756E+109  0.30841254E+110
  0.80793716E+061  0.15279383E+063  0.13000032E+074  0.15502965E+080  0.22748798E+084  0.36813353E+087  0.58282464E+088  0.16042983E+089  0.26034157E+089  0.31736804E+089  0.33010165E+089  0.33671718E+089  0.38376459E+089  0.55597388E+089  0.12969897E+090  0.78564396E+091  0.97317659E+094  0.40493752E+097  0.73995115E+099  0.73685105E+101  0.45931735E+103  0.19696182E+105  0.62150449E+106  0.15170782E+108  0.29762134E+109  0.48350707E+110  0.66623986E+111  0.79396470E+112  0.83157143E+113  0.77585293E+114  0.65219707E+115  0.49880401E+116  0.35000189E+117  0.22696614E+118  0.13689146E+119
  0.14373892E+073  0.25745919E+074  0.49662700E+084  0.27768360E+090  0.24655088E+094  0.27378052E+097  0.40631255E+098  0.11070417E+099  0.17892988E+099  0.21780578E+099  0.22648381E+099  0.23099164E+099  0.26301439E+099  0.37978511E+099  0.87936397E+099  0.57632390E+101  0.50019634E+104  0.15246705E+107  0.21301243E+109  0.16739594E+111  0.84373982E+112  0.29825593E+114  0.78810434E+115  0.16321094E+117  0.27466513E+118  0.38641997E+119  0.46492736E+120  0.48730503E+121  0.45179000E+122  0.37527522E+123  0.28231325E+124  0.19413379E+125  0.12300326E+126  0.72307314E+126  0.39676672E+127
  0.19112923E+084  0.32322951E+085  0.14179791E+095  0.37173718E+100  0.19970205E+104  0.15213177E+107  0.21074845E+108  0.56758162E+108  0.91317831E+108  0.11097226E+109  0.11535803E+109  0.11763582E+109  0.13379615E+109  0.19246700E+109  0.44308483E+109  0.31638478E+111  0.19208582E+114  0.42868444E+116  0.45753702E+118  0.28345716E+120  0.11539336E+122  0.33584344E+123  0.74218186E+124  0.13023232E+126  0.18776535E+127  0.22847664E+128  0.23973468E+129  0.22073571E+130  0.18094343E+131  0.13366072E+132  0.89887381E+132  0.55518320E+133  0.31731658E+134  0.16893350E+135  0.84256809E+135
  0.20252098E+095  0.32224230E+096  0.32262410E+105  0.39655629E+110  0.12888616E+114  0.67333754E+116  0.86655926E+117  0.23031160E+118  0.36859495E+118  0.44706096E+118  0.46456287E+118  0.47365074E+118  0.53803087E+118  0.77057815E+118  0.17712039E+119  0.13858225E+121  0.58752319E+123  0.95932637E+125  0.78139239E+127  0.38116651E+129  0.12515401E+131  0.29947002E+132  0.55267685E+133  0.82052047E+134  0.10120566E+136  0.10636348E+137  0.97197299E+137  0.78514681E+138  0.56833626E+139  0.37289360E+140  0.22391606E+141  0.12408030E+142  0.63904640E+142  0.30779678E+143  0.13939886E+144
  0.17803164E+106  0.26547243E+107  0.60898233E+115  0.35095260E+120  0.68999942E+123  0.24708680E+126  0.29383637E+127  0.76919386E+127  0.12235223E+128  0.14806415E+128  0.15379640E+128  0.15677214E+128  0.17781603E+128  0.25337709E+128  0.58667024E+128  0.50422347E+130  0.14898043E+133  0.17781227E+135  0.11038745E+137  0.42334847E+138  0.11193399E+140  0.21983578E+141  0.33824641E+142  0.42417307E+143  0.44686519E+144  0.40499240E+145  0.32183029E+146  0.22774556E+147  0.14537376E+148  0.84607175E+148  0.45306536E+149  0.22497311E+150  0.10428660E+151  0.45392719E+151  0.18647714E+152
  0.13346154E+117  0.18566512E+118  0.98025761E+125  0.26485642E+130  0.31493427E+133  0.77248913E+135  0.84372318E+136  0.21703906E+137  0.34278048E+137  0.41372029E+137  0.42952654E+137  0.43772954E+137  0.49561997E+137  0.70203325E+137  0.16663305E+138  0.15662984E+140  0.32182397E+142  0.28041590E+144  0.13246902E+146  0.39868891E+147  0.84722570E+148  0.13630740E+150  0.17451622E+151  0.18451104E+152  0.16572414E+153  0.12929485E+154  0.89197833E+154  0.55209111E+155  0.31028980E+156  0.15995592E+157  0.76279361E+157  0.33896665E+158  0.14124663E+159  0.55493482E+159  0.20655224E+160
  0.87025328E+127  0.11236258E+129  0.13724649E+136  0.17385331E+140  0.12498493E+143  0.20978623E+145  0.20899525E+146  0.52683618E+146  0.82512540E+146  0.99279051E+146  0.10301225E+147  0.10494901E+147  0.11858363E+147  0.16679839E+147  0.41933293E+147  0.42363786E+149  0.60379793E+151  0.38345567E+153  0.13756251E+155  0.32419046E+156  0.55243031E+157  0.72643673E+158  0.77220946E+159  0.68686519E+160  0.52490058E+161  0.35184458E+162  0.21033503E+163  0.11366758E+164  0.56154952E+164  0.25600222E+165  0.10855501E+166  0.43108148E+166  0.16125536E+167  0.57111543E+167  0.19236558E+168
  0.45919976E+139  0.54697339E+140  0.15549705E+147  0.92339762E+150  0.40114152E+153  0.46011851E+155  0.41481875E+156  0.10212800E+157  0.15837979E+157  0.18985876E+157  0.19686200E+157  0.20049372E+157  0.22598569E+157  0.31524894E+157  0.88863937E+157  0.92791223E+159  0.91472852E+161  0.42248788E+163  0.11480648E+165  0.21128915E+166  0.28793281E+167  0.30864683E+168  0.27171477E+169  0.20283526E+170  0.13157971E+171  0.75612350E+171  0.39088161E+172  0.18407420E+173  0.79788529E+173  0.32111805E+174  0.12088080E+175  0.42830397E+175  0.14361578E+176  0.45788119E+176  0.13937925E+177
  0.20943823E+151  0.22852661E+152  0.15227646E+158  0.42387194E+161  0.11117493E+164  0.86976949E+165  0.70323807E+166  0.16841334E+167  0.25812842E+167  0.30806689E+167  0.31916576E+167  0.32491848E+167  0.36515543E+167  0.50440738E+167  0.17440499E+168  0.17573532E+170  0.11940455E+172  0.39994323E+173  0.82058838E+174  0.11754925E+176  0.12769353E+177  0.11123541E+178  0.80859268E+178  0.50518157E+179  0.27745901E+180  0.13635408E+181  0.60815409E+181  0.24902711E+182  0.94517003E+182  0.33517780E+183  0.11180868E+184  0.35287561E+184  0.10589478E+185  0.30346743E+185  0.83364451E+185
  0.83744945E+162  0.83002641E+163  0.13073140E+169  0.17053762E+172  0.26968857E+174  0.14352814E+176  0.10300033E+177  0.23876040E+177  0.36085198E+177  0.42837424E+177  0.44336281E+177  0.45112684E+177  0.50519842E+177  0.68971717E+177  0.33058091E+178  0.29168077E+180  0.13601492E+182  0.32913450E+183  0.50782731E+184  0.56395790E+185  0.48646668E+186  0.34312088E+187  0.20525165E+188  0.10698169E+189  0.49599759E+189  0.20788161E+190  0.79788129E+190  0.28341017E+191  0.93977082E+191  0.29303432E+192  0.86451753E+192  0.24258895E+193  0.65039086E+193  0.16725945E+194  0.41401444E+194
  0.29661446E+174  0.26432210E+175  0.99412376E+179  0.60746916E+182  0.57795322E+184  0.20847709E+186  0.13120841E+187  0.29263475E+187  0.43487084E+187  0.51291419E+187  0.53021221E+187  0.53916576E+187  0.60119377E+187  0.80931171E+187  0.61802188E+188  0.42822267E+190  0.13630377E+192  0.23709064E+193  0.27367599E+194  0.23445037E+195  0.15984393E+196  0.90894775E+196  0.44566135E+197  0.19308230E+198  0.75312194E+198  0.26835874E+199  0.88381867E+199  0.27159679E+200  0.78486895E+200  0.21469512E+201  0.55898103E+201  0.13917807E+202  0.33274049E+202  0.76653557E+202  0.17068350E+203
  0.93714377E+185  0.74139553E+186  0.67429529E+190  0.19283205E+193  0.10999720E+195  0.26758055E+196  0.14565569E+197  0.31026612E+197  0.45173609E+197  0.52860560E+197  0.54561169E+197  0.55440587E+197  0.61493494E+197  0.81390909E+197  0.11319295E+199  0.55904802E+200  0.12060377E+202  0.14977869E+203  0.12849450E+204  0.84393575E+204  0.45221720E+205  0.20625942E+206  0.82505944E+206  0.29586837E+207  0.96715676E+207  0.29196233E+208  0.82241557E+208  0.21799215E+209  0.54749792E+209  0.13104718E+210  0.30039521E+210  0.66219386E+210  0.14088267E+211  0.29017479E+211  0.58019224E+211
  0.26510167E+197  0.18321502E+198  0.40943271E+201  0.54694001E+203  0.18605339E+205  0.30312189E+206  0.14041869E+207  0.28309653E+207  0.40201848E+207  0.46585687E+207  0.47994702E+207  0.48722474E+207  0.53691264E+207  0.69622956E+207  0.19824854E+209  0.64960822E+210  0.94071129E+211  0.82648255E+212  0.52246086E+213  0.26105480E+214  0.10918630E+215  0.39700106E+215  0.12885022E+216  0.38057045E+216  0.10379574E+217  0.26438735E+217  0.63464515E+217  0.14461524E+218  0.31469518E+218  0.65724354E+218  0.13229585E+219  0.25757508E+219  0.48655949E+219  0.89413738E+219  0.16022202E+220
  0.67123514E+208  0.39676574E+209  0.22241843E+212  0.13825789E+214  0.27813397E+215  0.30061880E+216  0.11627657E+217  0.21939137E+217  0.30214020E+217  0.34588866E+217  0.35551603E+217  0.36048124E+217  0.39403771E+217  0.49836489E+217  0.32311859E+219  0.66854987E+220  0.64112783E+221  0.39341688E+222  0.18118317E+223  0.68196528E+223  0.22074214E+224  0.63508679E+224  0.16615471E+225  0.40187519E+225  0.90980318E+225  0.19464170E+226  0.39650075E+226  0.77378564E+226  0.14539053E+227  0.26411587E+227  0.46548997E+227  0.79831067E+227  0.13356440E+228  0.21849119E+228  0.35013703E+228
  0.15113998E+220  0.74221296E+220  0.10728187E+223  0.30795065E+224  0.36168635E+225  0.25596262E+226  0.80815929E+226  0.14071143E+227  0.18655474E+227  0.21032708E+227  0.21553851E+227  0.21822106E+227  0.23611408E+227  0.28953553E+227  0.47791196E+229  0.60062758E+230  0.37387369E+231  0.15730313E+232  0.51963186E+232  0.14544701E+233  0.36043464E+233  0.81306287E+233  0.17012781E+234  0.33466688E+234  0.62513076E+234  0.11173066E+235  0.19223409E+235  0.31991902E+235  0.51702398E+235  0.81406374E+235  0.12521836E+236  0.18860168E+236  0.27872179E+236  0.40486517E+236  0.57889995E+236
  0.29712579E+231  0.11618829E+232  0.44927030E+233  0.58683260E+234  0.39457108E+235  0.17948999E+236  0.45007229E+236  0.71029673E+236  0.89790552E+236  0.99279538E+236  0.10134882E+237  0.10241107E+237  0.10935300E+237  0.12874131E+237  0.62303364E+239  0.45565808E+240  0.17837372E+241  0.50011811E+241  0.11589145E+242  0.23705469E+242  0.44350287E+242  0.77546134E+242  0.12853088E+243  0.20395794E+243  0.31211669E+243  0.46316086E+243  0.66934909E+243  0.94529296E+243  0.13082149E+244  0.17782209E+244  0.23785564E+244  0.31359300E+244  0.40813614E+244  0.52503262E+244  0.66817251E+244
  0.48579451E+242  0.14135122E+243  0.15331322E+244  0.88732667E+244  0.33134564E+245  0.94270644E+245  0.18123661E+246  0.25312628E+246  0.30108858E+246  0.32455753E+246  0.32954953E+246  0.33207781E+246  0.34729607E+246  0.38214326E+246  0.67822384E+249  0.26963635E+250  0.62782383E+250  0.11159847E+251  0.17524707E+251  0.25552528E+251  0.35419700E+251  0.47299130E+251  0.61359306E+251  0.77758809E+251  0.96657914E+251  0.11821331E+252  0.14257818E+252  0.16990197E+252  0.20032986E+252  0.23400514E+252  0.27106002E+252  0.31163944E+252  0.35609367E+252  0.40464499E+252  0.45705041E+252
  0.55963092E+253  0.10675207E+254  0.34177823E+254  0.83595988E+254  0.16440236E+255  0.27745061E+255  0.38538127E+255  0.45691061E+255  0.49921462E+255  0.51883058E+255  0.51234917E+255  0.50904492E+255  0.48830268E+255  0.43502877E+255  0.52098894E+259  0.97472529E+259  0.11930550E+260  0.11930154E+260  0.11929548E+260  0.11928785E+260  0.11927846E+260  0.11926155E+260  0.11922472E+260  0.11912106E+260  0.11900148E+260  0.11886494E+260  0.11871039E+260  0.11853701E+260  0.11834220E+260  0.11813225E+260  0.11788329E+260  0.11764772E+260  0.11797303E+260  0.11841567E+260  0.11790037E+260
  0.84931523E+257  0.16992586E+258  0.56700039E+258  0.14185499E+259  0.28915376E+259  0.50657615E+259  0.72691715E+259  0.87960647E+259  0.97252254E+259  0.10162036E+260  0.10255887E+260  0.10303708E+260  0.10936481E+260  0.12491315E+260  0.15380824E+260  0.19979107E+260  0.30281139E+260  0.39368633E+260  0.51217916E+260  0.66164044E+260  0.84536106E+260  0.10665800E+261  0.13284898E+261  0.16342418E+261  0.19869504E+261  0.23896947E+261  0.28455244E+261  0.33574515E+261  0.39284791E+261  0.45615754E+261  0.52596802E+261  0.60256738E+261  0.68625430E+261  0.77731249E+261  0.87602866E+261
  0.17428781E+269  0.17428781E+269  0.17429248E+269  0.17429222E+269  0.17429177E+269  0.17429114E+269  0.17427557E+269  0.17427515E+269  0.17427523E+269  0.17427502E+269  0.17427453E+269  0.17427458E+269  0.38932441E+269  0.38932441E+269  0.38932441E+269  0.38932441E+269  0.38932441E+269  0.38932441E+269  0.38932441E+269  0.38932441E+269  0.38932440E+269  0.38932440E+269  0.38932440E+269  0.38932440E+269  0.38932439E+269  0.38932439E+269  0.38932439E+269  0.38932438E+269  0.38932437E+269  0.38932437E+269  0.38932436E+269  0.38932435E+269  0.38932435E+269  0.38932434E+269  0.38932433E+269
  0.25523834E+254  0.25525237E+254  0.25525432E+254  0.35146835E+254  0.51068401E+254  0.51069369E+254 -0.11189812E+255  0.29548917E+254  0.31715868E+254  0.32306745E+254  0.32307232E+254  0.32307465E+254  0.72200900E+254  0.11363087E+255  0.18142361E+255  0.26596767E+255  0.33935698E+255  0.34804745E+255  0.35932618E+255  0.37371722E+255  0.39142808E+255  0.41262171E+255  0.43784824E+255  0.46749135E+255  0.50141583E+255  0.53981121E+255  0.58372675E+255  0.63245597E+255  0.68593706E+255  0.74424920E+255  0.80748274E+255  0.80797883E+255  0.80852078E+255  0.80911044E+255  0.80974968E+255
  0.26497145E+249  0.46358339E+249  0.87375580E+249  0.55727398E+257  0.15232115E+257  0.73645942E+252 -0.17783651E+252  0.22728292E+266  0.45297859E+259  0.26303286E+259 -0.84449035E+243 -0.16884870E+244  0.16038965E+251  0.92530782E+254  0.97579333E+254  0.97579543E+254  0.97810975E+254  0.97869432E+254  0.97872562E+254  0.12206292E+255  0.12253005E+255  0.12300100E+255  0.12330235E+255  0.12333502E+255  0.12335060E+255  0.12417596E+255  0.12417591E+255  0.12417701E+255  0.29246135E+255  0.75012778E+255  0.12846247E+256  0.12864273E+256  0.12905770E+256  0.12906836E+256  0.12906836E+256
