  0.26395629E-009  0.26395629E-009  0.26395629E-009  0.26395630E-009  0.26395632E-009  0.26395634E-009  0.26395636E-009  0.26395637E-009  0.26395638E-009  0.26395639E-009  0.26395639E-009  0.26395639E-009  0.26395639E-009  0.26395640E-009  0.26395641E-009  0.26395643E-009  0.26395646E-009  0.26395650E-009  0.26395656E-009  0.26395663E-009  0.26395671E-009  0.26395681E-009  0.26395693E-009  0.26395707E-009  0.26395723E-009  0.26395741E-009  0.26395762E-009  0.26395785E-009  0.26395811E-009  0.26395840E-009  0.26395872E-009  0.26395906E-009  0.26395945E-009  0.26395986E-009  0.26396031E-009
 -0.13592762E+039 -0.29550652E+040 -0.77448051E+052 -0.45326378E+059 -0.18640067E+064 -0.58823320E+067 -0.10431647E+069 -0.29192123E+069 -0.47675605E+069 -0.58253252E+069 -0.60616315E+069 -0.61844304E+069 -0.70592490E+069 -0.10280532E+070 -0.24302415E+070 -0.18067321E+071 -0.11705979E+073 -0.22374400E+075 -0.39873057E+077 -0.51348060E+079 -0.46504673E+081 -0.30447924E+083 -0.15073071E+085 -0.59504434E+086 -0.19505918E+088 -0.54148453E+089 -0.12816663E+091 -0.25981160E+092 -0.45426807E+093 -0.69210271E+094 -0.93033293E+095 -0.11196502E+097 -0.12291303E+098 -0.12690233E+099 -0.13285969E+100
 -0.72974811E+050 -0.15134977E+052 -0.89067170E+063 -0.24438611E+070 -0.60822916E+074 -0.13092709E+078 -0.21903132E+079 -0.60792104E+079 -0.98969895E+079 -0.12078975E+080 -0.12566317E+080 -0.12819539E+080 -0.14621953E+080 -0.21239436E+080 -0.49744177E+080 -0.34850346E+081 -0.17732113E+083 -0.25186574E+085 -0.34475787E+087 -0.35167201E+089 -0.25848277E+091 -0.14004203E+093 -0.58296446E+094 -0.19621243E+096 -0.55490572E+097 -0.13420884E+099 -0.27901016E+100 -0.50017326E+101 -0.77805226E+102 -0.10604796E+104 -0.12820196E+105 -0.13949817E+106 -0.13927895E+107 -0.13184404E+108 -0.12848391E+109
 -0.19534556E+062 -0.38561244E+063 -0.51058571E+074 -0.65680941E+080 -0.98928543E+084 -0.14512596E+088 -0.22821637E+089 -0.62757940E+089 -0.10180409E+090 -0.12408709E+090 -0.12906259E+090 -0.13164749E+090 -0.15002866E+090 -0.21728827E+090 -0.50358543E+090 -0.33158035E+091 -0.13321516E+093 -0.14100587E+095 -0.14830321E+097 -0.11980289E+099 -0.71432093E+100 -0.32006694E+102 -0.11197011E+104 -0.32113872E+105 -0.78318606E+106 -0.16495725E+108 -0.30104466E+109 -0.47696155E+110 -0.65966062E+111 -0.80383237E+112 -0.87343344E+113 -0.85892932E+114 -0.77994404E+115 -0.67748636E+116 -0.61631565E+117
 -0.34753644E+073 -0.65128436E+074 -0.19446544E+085 -0.11727817E+091 -0.10690169E+095 -0.10675190E+098 -0.15716834E+099 -0.42770181E+099 -0.69096902E+099 -0.84095442E+099 -0.87443362E+099 -0.89182418E+099 -0.10153487E+100 -0.14656023E+100 -0.33564479E+100 -0.20712069E+101 -0.66075840E+102 -0.52291992E+104 -0.42279221E+106 -0.27042631E+108 -0.13073615E+110 -0.48416012E+111 -0.14224550E+113 -0.34744771E+114 -0.73036396E+115 -0.13390135E+117 -0.21439788E+118 -0.30001220E+119 -0.36865228E+120 -0.40133905E+121 -0.39173126E+122 -0.34802357E+123 -0.28744224E+124 -0.22938265E+125 -0.19550196E+126
 -0.46211820E+084 -0.81979989E+085 -0.55335128E+095 -0.15644807E+101 -0.86299865E+104 -0.58579895E+107 -0.80383499E+108 -0.21615919E+109 -0.34757601E+109 -0.42229699E+109 -0.43896982E+109 -0.44762883E+109 -0.50905315E+109 -0.73195011E+109 -0.16537401E+110 -0.95361144E+110 -0.24297021E+112 -0.14432297E+114 -0.89762368E+115 -0.45450361E+117 -0.17806167E+119 -0.54463257E+120 -0.13428393E+122 -0.27917563E+123 -0.50559361E+124 -0.80644699E+125 -0.11322111E+127 -0.13983087E+128 -0.15254225E+129 -0.14825691E+130 -0.12990996E+131 -0.10423703E+132 -0.78330739E+132 -0.57521485E+133 -0.46140229E+134
 -0.48966154E+095 -0.81969669E+096 -0.12541315E+106 -0.16622450E+111 -0.55486101E+114 -0.25555151E+117 -0.32516608E+118 -0.86258520E+118 -0.13795009E+119 -0.16727312E+119 -0.17381330E+119 -0.17720920E+119 -0.20126202E+119 -0.28809304E+119 -0.64095940E+119 -0.34434889E+120 -0.70487603E+121 -0.31566954E+123 -0.15116432E+125 -0.60581668E+126 -0.19222283E+128 -0.48522123E+129 -0.10031973E+131 -0.17740985E+132 -0.27668009E+133 -0.38376800E+134 -0.47212931E+135 -0.51423368E+136 -0.49762258E+137 -0.43143992E+138 -0.33918908E+139 -0.24574924E+140 -0.16812251E+141 -0.11386776E+142 -0.86449135E+142
 -0.43045045E+106 -0.67753284E+107 -0.23567702E+116 -0.14643216E+121 -0.29575625E+124 -0.92205212E+126 -0.10815830E+128 -0.28246382E+128 -0.44889820E+128 -0.54305633E+128 -0.56404673E+128 -0.57494298E+128 -0.65198220E+128 -0.92841538E+128 -0.20296835E+129 -0.10128838E+130 -0.16758687E+131 -0.56875631E+132 -0.20995243E+134 -0.66590620E+135 -0.17101457E+137 -0.35595853E+138 -0.61659768E+139 -0.92697570E+140 -0.12444055E+142 -0.15002407E+143 -0.16162281E+144 -0.15511937E+145 -0.13303808E+146 -0.10281225E+147 -0.72480482E+147 -0.47416103E+148 -0.29560685E+149 -0.18523486E+150 -0.13403130E+151
 -0.32268746E+117 -0.47564501E+118 -0.37740747E+126 -0.10991990E+131 -0.13431101E+134 -0.28255217E+136 -0.30351391E+137 -0.77844960E+137 -0.12280713E+138 -0.14816307E+138 -0.15381225E+138 -0.15674390E+138 -0.17742787E+138 -0.25112254E+138 -0.53817047E+138 -0.24874265E+139 -0.33473687E+140 -0.86591226E+141 -0.24678955E+143 -0.61945441E+144 -0.12867604E+146 -0.22064540E+147 -0.31993532E+148 -0.40865475E+149 -0.47205313E+150 -0.49442437E+151 -0.46610504E+152 -0.39384173E+153 -0.29908499E+154 -0.20585464E+155 -0.13007342E+156 -0.76850089E+156 -0.43729287E+157 -0.25459982E+158 -0.17705480E+159
 -0.21041255E+128 -0.28910988E+129 -0.52521898E+136 -0.71700684E+140 -0.52988019E+143 -0.74901077E+145 -0.73112939E+146 -0.18362372E+147 -0.28719629E+147 -0.34538582E+147 -0.35834107E+147 -0.36506186E+147 -0.41236199E+147 -0.57949729E+147 -0.12141940E+148 -0.51838924E+148 -0.57105920E+149 -0.11332900E+151 -0.24987531E+152 -0.49641516E+153 -0.83350347E+154 -0.11762741E+156 -0.14263869E+157 -0.15472121E+158 -0.15375296E+159 -0.13985015E+160 -0.11528279E+161 -0.85675299E+161 -0.57552056E+162 -0.35251725E+163 -0.19958348E+164 -0.10656209E+165 -0.55477572E+165 -0.30183122E+166 -0.20373856E+167
 -0.11102675E+140 -0.14145007E+141 -0.59078650E+147 -0.37799463E+151 -0.16887348E+154 -0.15945602E+156 -0.14017785E+157 -0.34354468E+157 -0.53189974E+157 -0.63725320E+157 -0.66068949E+157 -0.67284245E+157 -0.75812313E+157 -0.10565733E+158 -0.21583709E+158 -0.84933264E+158 -0.77107751E+159 -0.11822983E+161 -0.20217625E+162 -0.31799615E+163 -0.43128917E+164 -0.50041155E+165 -0.50701053E+166 -0.46688496E+167 -0.39911938E+168 -0.31515348E+169 -0.22698464E+170 -0.14821237E+171 -0.87977997E+171 -0.47921915E+172 -0.24309559E+173 -0.11744069E+174 -0.56141826E+174 -0.28760328E+175 -0.19056330E+176
 -0.50638629E+151 -0.59450869E+152 -0.57352646E+158 -0.17195208E+162 -0.46406591E+164 -0.29025423E+166 -0.22739643E+167 -0.54158304E+167 -0.82857213E+167 -0.98826021E+167 -0.10237487E+168 -0.10421423E+168 -0.11707731E+168 -0.16159824E+168 -0.32097322E+168 -0.11625899E+169 -0.87605545E+169 -0.10458067E+171 -0.13912630E+172 -0.17334518E+173 -0.18978933E+174 -0.18085678E+175 -0.15297229E+176 -0.11958458E+177 -0.87961381E+177 -0.60280958E+178 -0.37901543E+179 -0.21719393E+180 -0.11380723E+181 -0.55097084E+181 -0.25052615E+182 -0.10975267E+183 -0.48432742E+183 -0.23593896E+184 -0.15532025E+185
 -0.20248115E+163 -0.21747026E+164 -0.48710744E+169 -0.68414761E+172 -0.11140117E+175 -0.45581380E+176 -0.31430514E+177 -0.72401021E+177 -0.10923326E+178 -0.12960516E+178 -0.13412742E+178 -0.13646998E+178 -0.15278790E+178 -0.20857807E+178 -0.40194321E+178 -0.13402573E+179 -0.84463973E+179 -0.79137777E+180 -0.82202131E+181 -0.81204041E+182 -0.71732654E+183 -0.56084558E+184 -0.39573863E+185 -0.26275148E+186 -0.16640846E+187 -0.98962245E+187 -0.54267780E+188 -0.27258655E+189 -0.12595979E+190 -0.54186441E+190 -0.22111429E+191 -0.88165229E+191 -0.36191184E+192 -0.16975311E+193 -0.11236570E+194
 -0.71716373E+174 -0.69854159E+175 -0.36539906E+180 -0.24028556E+183 -0.23560514E+185 -0.61843276E+186 -0.36976967E+187 -0.81965563E+187 -0.12171217E+188 -0.14355368E+188 -0.14839625E+188 -0.15090318E+188 -0.16829330E+188 -0.22700894E+188 -0.42419027E+188 -0.13053537E+189 -0.69353126E+189 -0.51420504E+190 -0.41880187E+191 -0.32843534E+192 -0.23398798E+193 -0.14996431E+194 -0.88244083E+194 -0.49826815E+195 -0.27205871E+196 -0.14039386E+197 -0.67074252E+197 -0.29493780E+198 -0.12009365E+199 -0.45925520E+199 -0.16860417E+200 -0.61552288E+200 -0.23758362E+201 -0.10889981E+202 -0.73245057E+202
 -0.22658556E+186 -0.19804526E+187 -0.24347073E+191 -0.74883791E+193 -0.44076869E+195 -0.71806018E+196 -0.36558620E+197 -0.77670480E+197 -0.11341133E+198 -0.13293801E+198 -0.13726264E+198 -0.13950022E+198 -0.15496645E+198 -0.20666100E+198 -0.37566490E+198 -0.10731163E+199 -0.48447669E+199 -0.28649548E+200 -0.18382899E+201 -0.11464863E+202 -0.65861116E+202 -0.34577880E+203 -0.16972856E+204 -0.81723667E+204 -0.38551525E+205 -0.17263485E+206 -0.71767946E+206 -0.27590780E+207 -0.98964635E+207 -0.33696030E+208 -0.11181860E+209 -0.37724393E+209 -0.13893196E+210 -0.63249553E+210 -0.43542632E+211
 -0.64097112E+197 -0.49614551E+198 -0.14429609E+202 -0.20714577E+204 -0.72836691E+205 -0.69122355E+206 -0.29306252E+207 -0.59845045E+207 -0.86259393E+207 -0.10067330E+208 -0.10386493E+208 -0.10551614E+208 -0.11692419E+208 -0.15498353E+208 -0.27711492E+208 -0.74161108E+208 -0.28622164E+209 -0.13590323E+210 -0.69056197E+210 -0.34332826E+211 -0.15904590E+212 -0.68388638E+212 -0.28045248E+213 -0.11573785E+214 -0.47321901E+214 -0.18387026E+215 -0.66413874E+215 -0.22299945E+216 -0.70514238E+216 -0.21457858E+217 -0.64898903E+217 -0.20519685E+218 -0.73444971E+218 -0.33725460E+219 -0.23830264E+220
 -0.16229334E+209 -0.10939678E+210 -0.75696548E+212 -0.50509055E+214 -0.10530577E+216 -0.49994157E+216 -0.17198979E+217 -0.35116485E+217 -0.51198572E+217 -0.60094729E+217 -0.62069605E+217 -0.63092614E+217 -0.70214733E+217 -0.94228718E+217 -0.16960448E+218 -0.42812260E+218 -0.14119562E+219 -0.54070467E+219 -0.21886533E+220 -0.87031443E+220 -0.32528382E+221 -0.11464928E+222 -0.39433054E+222 -0.14076214E+223 -0.50103735E+223 -0.16882023E+224 -0.52889791E+224 -0.15508121E+225 -0.43364257E+225 -0.11886659E+226 -0.33226711E+226 -0.10043128E+227 -0.35662326E+227 -0.16705788E+228 -0.12090865E+229
 -0.36543099E+220 -0.20979074E+221 -0.34566161E+223 -0.10631461E+225 -0.12998008E+226 -0.15801731E+226 -0.44662142E+226 -0.13314646E+227 -0.22368823E+227 -0.27547269E+227 -0.28702762E+227 -0.29302706E+227 -0.33507873E+227 -0.47428703E+227 -0.87414193E+227 -0.20404310E+228 -0.56673612E+228 -0.17542898E+229 -0.57034758E+229 -0.18231359E+230 -0.55044017E+230 -0.15951544E+231 -0.46418480E+231 -0.14567413E+232 -0.45362654E+232 -0.13230731E+233 -0.35900725E+233 -0.92142168E+233 -0.22968095E+234 -0.57569844E+234 -0.15202713E+235 -0.45035209E+235 -0.16158945E+236 -0.77545404E+236 -0.57157239E+237
 -0.71840006E+231 -0.34061480E+232 -0.13109407E+234 -0.18286959E+235 -0.12914575E+236  0.25957713E+236  0.43280987E+236 -0.21307326E+236 -0.86060640E+236 -0.12185975E+237 -0.12960829E+237 -0.13356920E+237 -0.15894020E+237 -0.22886146E+237 -0.38876083E+237 -0.76644064E+237 -0.17416628E+238 -0.43944906E+238 -0.11673985E+239 -0.30265363E+239 -0.74013453E+239 -0.17790326E+240 -0.44634004E+240 -0.12664506E+241 -0.34596755E+241 -0.87038365E+241 -0.20477219E+242 -0.46423663E+242 -0.10503761E+243 -0.24713422E+243 -0.63523684E+243 -0.18898385E+244 -0.69200059E+244 -0.33899744E+245 -0.25266489E+246
 -0.11745692E+243 -0.43953148E+243 -0.35040148E+244 -0.21579883E+245 -0.87038298E+245  0.63367025E+246  0.64869677E+246 -0.29143479E+246 -0.78695007E+246 -0.10049286E+247 -0.10050196E+247 -0.10040328E+247 -0.10024942E+247 -0.10294291E+247 -0.11936249E+247 -0.17782070E+247 -0.34275449E+247 -0.75479184E+247 -0.17240258E+248 -0.36909213E+248 -0.73597530E+248 -0.15044138E+249 -0.33881189E+249 -0.90864769E+249 -0.21646321E+250 -0.46855613E+250 -0.96711498E+250 -0.19864572E+251 -0.42251402E+251 -0.96875966E+251 -0.24967585E+252 -0.75606766E+252 -0.28193705E+253 -0.13983297E+254 -0.10474814E+255
 -0.13530932E+254 -0.37133894E+254 -0.31474898E+253  0.37011105E+253  0.36955584E+253  0.76926351E+256  0.20852912E+256 -0.10001691E+257 -0.78796372E+256 -0.68831747E+256  0.39327304E+256  0.39079864E+256  0.37506206E+256  0.33329258E+256  0.24871904E+256  0.94485826E+255 -0.17773462E+256 -0.66174325E+256 -0.15521126E+257 -0.28447995E+257 -0.47393678E+257 -0.88813688E+257 -0.19366422E+258 -0.51727215E+258 -0.10580267E+259 -0.20132420E+259 -0.38156806E+259 -0.74924962E+259 -0.15716866E+260 -0.36245141E+260 -0.94720138E+260 -0.29066319E+261 -0.10928766E+262 -0.54442696E+262 -0.40837964E+263
  0.42850323E+243  0.15076873E+250  0.14336542E+250  0.13482228E+260  0.12647908E+255  0.12674864E+255 -0.14507862E+258  0.30538749E+254  0.30602292E+254  0.30632086E+254  0.30641607E+254  0.30644866E+254  0.30664595E+254  0.30716195E+254  0.30813095E+254  0.30965707E+254  0.31186998E+254  0.31488597E+254  0.31881855E+254  0.32377891E+254  0.32987631E+254  0.33720337E+254  0.34589526E+254  0.35604220E+254  0.36774754E+254  0.38111352E+254  0.39624026E+254  0.41836387E+254  0.43948861E+254  0.46047616E+254  0.48396002E+254  0.51070047E+254  0.53846455E+254  0.56866265E+254  0.56863294E+254
 -0.13826939E+247  0.14524333E+250  0.19672023E+251  0.58477137E+251  0.11896931E+252  0.19935065E+252  0.27203296E+252  0.31830680E+252  0.34497949E+252  0.35719391E+252  0.35983083E+252  0.36117077E+252  0.36956025E+252  0.41895386E+252  0.45847531E+252  0.52137868E+252  0.61257614E+252  0.82090186E+252  0.12367245E+253  0.19932878E+253  0.32789246E+253  0.48269486E+253  0.66596893E+253  0.87991870E+253  0.11267218E+254  0.14085307E+254  0.17274770E+254  0.20857019E+254  0.24852839E+254  0.29283143E+254  0.34168194E+254  0.39528402E+254  0.45383963E+254  0.51755578E+254  0.56654509E+254
 -0.95652214E+253 -0.19130430E+254 -0.63669128E+254 -0.15865574E+255 -0.42123960E+256 -0.10116248E+257 -0.16020110E+257 -0.20073862E+257 -0.22527031E+257 -0.23676070E+257 -0.23419607E+257 -0.23419607E+257 -0.23419607E+257 -0.23419607E+257 -0.23419607E+257 -0.23419606E+257 -0.23419606E+257  0.92325745E+256  0.52200218E+257  0.10702769E+258  0.17538633E+258  0.17538633E+258  0.17538633E+258  0.17538633E+258  0.17538631E+258  0.17538629E+258  0.17538627E+258  0.17540793E+258  0.17541810E+258  0.17543597E+258  0.17543639E+258  0.17543676E+258  0.17543703E+258  0.17543718E+258  0.17543717E+258
 -0.19122629E+259 -0.18216643E+256  0.89298898E+255  0.52826490E+255  0.91862622E+248  0.58287018E+249  0.59657810E+249  0.60435012E+249  0.60609321E+249 -0.16598722E+249  0.87920062E+256  0.35394618E+246  0.44593680E+250  0.17436763E+256  0.17437032E+256  0.17437071E+256  0.65486757E+256  0.13092979E+267  0.13213562E+267  0.13367186E+267  0.13558321E+267  0.14003771E+253  0.20872776E+253  0.27000999E+253  0.42424916E+253  0.59093338E+253  0.68059249E+254  0.82455110E+258  0.93625856E+253  0.70650264E+253  0.59108457E+253  0.70940917E+254  0.23739623E+259  0.47329543E+257  0.16428338E+256
