  0.12571137E-009  0.12571137E-009  0.12571137E-009  0.12571138E-009  0.12571140E-009  0.12571142E-009  0.12571144E-009  0.12571145E-009  0.12571146E-009  0.12571147E-009  0.12571147E-009  0.12571147E-009  0.12571147E-009  0.12571148E-009  0.12571149E-009  0.12571151E-009  0.12571154E-009  0.12571159E-009  0.12571164E-009  0.12571171E-009  0.12571179E-009  0.12571190E-009  0.12571202E-009  0.12571216E-009  0.12571232E-009  0.12571251E-009  0.12571272E-009  0.12571296E-009  0.12571322E-009  0.12571351E-009  0.12571383E-009  0.12571419E-009  0.12571458E-009  0.12571500E-009  0.12571545E-009
 -0.61102506E+037 -0.13097612E+039 -0.30894068E+051 -0.17786456E+058 -0.72647369E+062 -0.25405748E+066 -0.45422574E+067 -0.12724994E+068 -0.20790642E+068 -0.25407186E+068 -0.26438561E+068 -0.26974533E+068 -0.30793213E+068 -0.44859681E+068 -0.10616584E+069 -0.79182851E+069 -0.49909086E+071 -0.88365238E+073 -0.14471039E+076 -0.17277665E+078 -0.14706109E+080 -0.91637943E+081 -0.43595884E+083 -0.16654498E+085 -0.53147715E+086 -0.14442030E+088 -0.33602681E+089 -0.67112547E+090 -0.11563184E+092 -0.17324806E+093 -0.22791671E+094 -0.26596681E+095 -0.27799145E+096 -0.26252588E+097 -0.22572840E+098
 -0.32803809E+049 -0.67036093E+050 -0.35616148E+062 -0.96146801E+068 -0.23764294E+073 -0.57048492E+076 -0.96318878E+077 -0.26767901E+078 -0.43599852E+078 -0.53221785E+078 -0.55370906E+078 -0.56487604E+078 -0.64437212E+078 -0.93636790E+078 -0.21959657E+079 -0.15433356E+080 -0.76243779E+081 -0.10007699E+084 -0.12563799E+086 -0.11865777E+088 -0.81887507E+089 -0.42194077E+091 -0.16869492E+093 -0.54913619E+094 -0.15110405E+096 -0.35755409E+097 -0.73031469E+098 -0.12891084E+100 -0.19744691E+101 -0.26435815E+102 -0.31225467E+103 -0.32858895E+104 -0.31094133E+105 -0.26682127E+106 -0.20915900E+107
 -0.87812195E+060 -0.17066690E+062 -0.20473119E+073 -0.25914655E+079 -0.38760402E+083 -0.63865289E+086 -0.10148389E+088 -0.27950580E+088 -0.45367565E+088 -0.55309551E+088 -0.57529565E+088 -0.58682946E+088 -0.66885894E+088 -0.96917747E+088 -0.22496691E+089 -0.14856535E+090 -0.57817435E+091 -0.56401528E+093 -0.54286838E+095 -0.40541763E+097 -0.22672349E+099 -0.96540151E+100 -0.32415255E+102 -0.89859297E+103 -0.21309971E+105 -0.43888573E+106 -0.78648179E+107 -0.12260820E+109 -0.16681414E+110 -0.19941985E+111 -0.21131142E+112 -0.20034857E+113 -0.17149864E+114 -0.13360799E+115 -0.95402361E+115
 -0.15622540E+072 -0.28800818E+073 -0.78214490E+083 -0.46421806E+089 -0.42015196E+093 -0.47508260E+096 -0.70784209E+097 -0.19298374E+098 -0.31199687E+098 -0.37981939E+098 -0.39495930E+098 -0.40282385E+098 -0.45869608E+098 -0.66248355E+098 -0.15199516E+099 -0.94034788E+099 -0.28977133E+101 -0.21069793E+103 -0.15551491E+105 -0.91800256E+106 -0.41576212E+108 -0.14619125E+110 -0.41193940E+111 -0.97186756E+112 -0.19852812E+114 -0.35568324E+115 -0.55885095E+116 -0.76886782E+117 -0.92842979E+118 -0.99011034E+119 -0.94030844E+120 -0.80249920E+121 -0.62081427E+122 -0.43869073E+123 -0.28506973E+124
 -0.20773246E+083 -0.36218998E+084 -0.22332957E+094 -0.62151855E+099 -0.34037796E+103 -0.26406367E+106 -0.36735618E+107 -0.99008546E+107 -0.15934118E+108 -0.19365727E+108 -0.20131488E+108 -0.20529198E+108 -0.23351080E+108 -0.33598998E+108 -0.76072346E+108 -0.43949899E+109 -0.10779189E+111 -0.58620073E+112 -0.33190756E+114 -0.15480173E+116 -0.56739969E+117 -0.16461974E+119 -0.38896603E+120 -0.78046513E+121 -0.13725530E+123 -0.21379797E+124 -0.29433137E+125 -0.35707400E+126 -0.38232481E+127 -0.36335470E+128 -0.30896025E+129 -0.23710470E+130 -0.16559824E+131 -0.10603156E+132 -0.62639915E+132
 -0.22011380E+094 -0.36176548E+095 -0.50815392E+104 -0.66309456E+109 -0.21972289E+113 -0.11691290E+116 -0.15114870E+117 -0.40206162E+117 -0.64368823E+117 -0.78081461E+117 -0.81140160E+117 -0.82728413E+117 -0.93980994E+117 -0.13464017E+118 -0.30027250E+118 -0.16145231E+119 -0.31677849E+120 -0.12935310E+122 -0.56213174E+123 -0.20706450E+125 -0.61377231E+126 -0.14680144E+128 -0.29059795E+129 -0.49556169E+130 -0.74989349E+131 -0.10149868E+133 -0.12234191E+134 -0.13075750E+135 -0.12401255E+136 -0.10491679E+137 -0.79782542E+137 -0.54994113E+138 -0.34637209E+139 -0.20073343E+140 -0.10768933E+141
 -0.19349710E+105 -0.29866969E+106 -0.95924251E+114 -0.58692043E+119 -0.11765804E+123 -0.42918411E+125 -0.51290838E+126 -0.13440041E+127 -0.21387119E+127 -0.25885426E+127 -0.26888317E+127 -0.27408950E+127 -0.31091198E+127 -0.44318166E+127 -0.97146780E+127 -0.48438415E+128 -0.76413401E+129 -0.23533365E+131 -0.78554700E+132 -0.22844418E+134 -0.54716628E+135 -0.10778253E+137 -0.17857720E+138 -0.25863318E+139 -0.33657864E+140 -0.39562464E+141 -0.41719108E+142 -0.39242403E+143 -0.32928669E+144 -0.24768309E+145 -0.16822944E+146 -0.10402488E+147 -0.59011724E+147 -0.30915573E+148 -0.15042832E+149
 -0.14505523E+116 -0.20939197E+117 -0.15441628E+125 -0.44300727E+129 -0.53717276E+132 -0.13423980E+135 -0.14740713E+136 -0.37962980E+136 -0.59985566E+136 -0.72412746E+136 -0.75181783E+136 -0.76618864E+136 -0.86762110E+136 -0.12294625E+137 -0.26423127E+137 -0.12170845E+138 -0.15512890E+139 -0.36212260E+140 -0.92947877E+141 -0.21332574E+143 -0.41252178E+144 -0.66852949E+145 -0.92612119E+146 -0.11383477E+148 -0.12734247E+149 -0.12991409E+150 -0.11974806E+151 -0.99020311E+151 -0.73416474E+152 -0.49029174E+153 -0.29702371E+154 -0.16453182E+155 -0.83952075E+155 -0.39704414E+156 -0.17498131E+157
 -0.94585145E+126 -0.12707791E+128 -0.21621614E+135 -0.29084724E+139 -0.21325306E+142 -0.36475426E+144 -0.36551960E+145 -0.92266589E+145 -0.14458996E+146 -0.17400799E+146 -0.18055848E+146 -0.18395690E+146 -0.20788569E+146 -0.29255247E+146 -0.61466959E+146 -0.26049544E+147 -0.26952794E+148 -0.47948943E+149 -0.94773976E+150 -0.17162776E+152 -0.26771172E+153 -0.35652494E+154 -0.41251397E+155 -0.43004647E+156 -0.41337588E+157 -0.36582214E+158 -0.29446106E+159 -0.21377556E+160 -0.13983989E+161 -0.82784323E+161 -0.44661020E+162 -0.22127804E+163 -0.10140028E+164 -0.43226563E+164 -0.17227853E+165
 -0.49909006E+138 -0.62063103E+139 -0.24499048E+146 -0.15451411E+150 -0.68471288E+152 -0.80053557E+154 -0.72640875E+155 -0.17913294E+156 -0.27799178E+156 -0.33333167E+156 -0.34564408E+156 -0.35202920E+156 -0.39685761E+156 -0.55394285E+156 -0.11340332E+157 -0.44030716E+157 -0.37146873E+158 -0.50659285E+159 -0.77253284E+160 -0.11037660E+162 -0.13875248E+163 -0.15166580E+164 -0.14640601E+165 -0.12938406E+166 -0.10684240E+167 -0.81974015E+167 -0.57559035E+168 -0.36632903E+169 -0.21105901E+170 -0.11055991E+171 -0.53020697E+171 -0.23455872E+172 -0.96367484E+172 -0.36965420E+173 -0.13299581E+174
 -0.22763195E+150 -0.26030173E+151 -0.23994300E+157 -0.70946805E+160 -0.18985912E+163 -0.15145203E+165 -0.12333784E+166 -0.29595231E+166 -0.45399383E+166 -0.54200024E+166 -0.56156122E+166 -0.57170035E+166 -0.64263676E+166 -0.88835299E+166 -0.17652487E+167 -0.62511347E+167 -0.43180688E+168 -0.45424488E+169 -0.53571780E+170 -0.60398091E+171 -0.61134921E+172 -0.54779374E+173 -0.44069766E+174 -0.33005504E+175 -0.23414657E+176 -0.15567042E+177 -0.95232188E+177 -0.53040572E+178 -0.26861593E+179 -0.12425213E+180 -0.52860724E+180 -0.20839336E+181 -0.76612950E+181 -0.26391277E+182 -0.85542055E+182
 -0.91019800E+161 -0.94980444E+162 -0.20602235E+168 -0.28554039E+171 -0.46084813E+173 -0.25018983E+175 -0.18099687E+176 -0.42056190E+176 -0.63628828E+176 -0.75565528E+176 -0.78215486E+176 -0.79588222E+176 -0.89151717E+176 -0.12182384E+177 -0.23394106E+177 -0.75203048E+177 -0.42695619E+178 -0.34870929E+179 -0.31899283E+180 -0.28391924E+181 -0.23121258E+182 -0.16961814E+183 -0.11361122E+184 -0.72119108E+184 -0.43969497E+185 -0.25318605E+186 -0.13474377E+187 -0.65536283E+187 -0.29104885E+188 -0.11859531E+189 -0.44653840E+189 -0.15652544E+190 -0.51378521E+190 -0.15857208E+191 -0.46193309E+191
 -0.32238112E+173 -0.30416868E+174 -0.15669290E+179 -0.10175748E+182 -0.98842037E+183 -0.36391466E+185 -0.23113585E+186 -0.51701972E+186 -0.76933757E+186 -0.90787215E+186 -0.93858166E+186 -0.95447807E+186 -0.10646531E+187 -0.14348509E+187 -0.26494871E+187 -0.76934841E+187 -0.36022925E+188 -0.22994677E+189 -0.16374311E+190 -0.11515368E+191 -0.75395281E+191 -0.45228199E+192 -0.25203301E+193 -0.13571905E+194 -0.71174918E+194 -0.35477227E+195 -0.16394038E+196 -0.69449323E+196 -0.26969099E+197 -0.96528732E+197 -0.32079226E+198 -0.99727062E+198 -0.29151900E+199 -0.80387441E+199 -0.20984986E+200
 -0.10185527E+185 -0.85914586E+185 -0.10630578E+190 -0.32321310E+192 -0.18832605E+194 -0.46797724E+195 -0.25742412E+196 -0.55036821E+196 -0.80267859E+196 -0.93989350E+196 -0.97025504E+196 -0.98595691E+196 -0.10940939E+197 -0.14502514E+197 -0.25604467E+197 -0.66814919E+197 -0.25879754E+198 -0.12998706E+199 -0.72357776E+199 -0.40261760E+200 -0.21182623E+201 -0.10379454E+202 -0.48106132E+202 -0.22021205E+203 -0.99495357E+203 -0.42897570E+204 -0.17168180E+205 -0.63132635E+205 -0.21361310E+206 -0.66929167E+206 -0.19568724E+207 -0.53793002E+207 -0.13960213E+208 -0.34274410E+208 -0.79886253E+208
 -0.28813084E+196 -0.21422058E+197 -0.64569639E+200 -0.91757487E+202 -0.31904130E+204 -0.53157231E+205 -0.24928099E+206 -0.50494090E+206 -0.71865584E+206 -0.83351584E+206 -0.85887312E+206 -0.87197195E+206 -0.96147483E+206 -0.12492337E+207 -0.20953718E+207 -0.48876332E+207 -0.15702832E+208 -0.62480680E+208 -0.27322818E+209 -0.12052558E+210 -0.50937698E+210 -0.20370514E+211 -0.78574589E+211 -0.30704607E+212 -0.11981279E+213 -0.44621913E+213 -0.15409793E+214 -0.48970709E+214 -0.14372858E+215 -0.39256066E+215 -0.10059323E+216 -0.24366710E+216 -0.55922451E+216 -0.12167171E+217 -0.25199824E+217
 -0.72954480E+207 -0.46943689E+208 -0.35094898E+211 -0.23228037E+213 -0.47806092E+214 -0.52931392E+215 -0.20776013E+216 -0.39443377E+216 -0.54484929E+216 -0.62450671E+216 -0.64204208E+216 -0.65108727E+216 -0.71228919E+216 -0.90341228E+216 -0.14294166E+217 -0.29641750E+217 -0.79178850E+217 -0.25128454E+218 -0.86828674E+218 -0.30444896E+219 -0.10333728E+220 -0.33717076E+220 -0.10850359E+221 -0.36483198E+221 -0.12334310E+222 -0.39566530E+222 -0.11724774E+223 -0.32003704E+223 -0.81008609E+223 -0.19187040E+224 -0.42891558E+224 -0.91175291E+224 -0.18407110E+225 -0.35248101E+225 -0.64447781E+225
 -0.16426939E+219 -0.89270249E+219 -0.16945717E+222 -0.51865522E+223 -0.62402637E+224 -0.45360375E+225 -0.14585638E+226 -0.25611585E+226 -0.34101710E+226 -0.38515587E+226 -0.39483706E+226 -0.39982172E+226 -0.43313812E+226 -0.53359592E+226 -0.79022201E+226 -0.14488771E+227 -0.32251680E+227 -0.82218805E+227 -0.22606800E+228 -0.63217313E+228 -0.17226809E+229 -0.45895770E+229 -0.12398148E+230 -0.36399455E+230 -0.10691827E+231 -0.29355417E+231 -0.73984116E+231 -0.17196877E+232 -0.37255842E+232 -0.76019167E+232 -0.14740744E+233 -0.27362651E+233 -0.48188602E+233 -0.80288614E+233 -0.12840892E+234
 -0.32293687E+230 -0.14318779E+231 -0.71155720E+232 -0.99307538E+233 -0.68536696E+234 -0.32175721E+235 -0.82656687E+235 -0.13207628E+236 -0.16805568E+236 -0.18633142E+236 -0.19032140E+236 -0.19237097E+236 -0.20586148E+236 -0.24487177E+236 -0.33660225E+236 -0.54288675E+236 -0.10097204E+237 -0.20841542E+237 -0.46018213E+237 -0.10300133E+238 -0.22501756E+238 -0.49129090E+238 -0.11302106E+239 -0.29756388E+239 -0.75785144E+239 -0.17565020E+240 -0.37109641E+240 -0.72546091E+240 -0.13314223E+241 -0.23206811E+241 -0.38758675E+241 -0.62450582E+241 -0.94320895E+241 -0.13361255E+242 -0.18475738E+242
 -0.52799509E+241 -0.18126141E+242 -0.24476685E+243 -0.15176250E+244 -0.58383897E+244 -0.17321107E+245 -0.34530775E+245 -0.49233185E+245 -0.59230166E+245 -0.64163948E+245 -0.65234816E+245 -0.65783274E+245 -0.69325927E+245 -0.79083243E+245 -0.10006511E+246 -0.14140950E+246 -0.22070877E+246 -0.37273448E+246 -0.66987194E+246 -0.12020332E+247 -0.20939522E+247 -0.37949710E+247 -0.76909101E+247 -0.19027356E+248 -0.41138352E+248 -0.78164377E+248 -0.13515873E+249 -0.21819870E+249 -0.33450251E+249 -0.49255225E+249 -0.70221972E+249 -0.97490101E+249 -0.12004381E+250 -0.13601750E+250 -0.16331576E+250
 -0.60824560E+252 -0.14782055E+253 -0.56048689E+253 -0.14762529E+254 -0.30327490E+254 -0.55341621E+254 -0.82943810E+254 -0.10320033E+255 -0.11595571E+255 -0.12204790E+255 -0.12336127E+255 -0.12403164E+255 -0.12827151E+255 -0.13937034E+255 -0.16127268E+255 -0.19970926E+255 -0.26418575E+255 -0.37163358E+255 -0.55707481E+255 -0.79098137E+255 -0.10785033E+256 -0.17081313E+256 -0.33041552E+256 -0.82351755E+256 -0.13923487E+257 -0.20418748E+257 -0.27770141E+257 -0.36026355E+257 -0.45235643E+257 -0.55445890E+257 -0.66704547E+257 -0.79058773E+257 -0.59856631E+257 -0.38963189E+257 -0.61419159E+257
  0.17148090E+255  0.29445507E+255  0.12111697E+256  0.31668573E+256  0.85916539E+257  0.20643281E+258  0.32694908E+258  0.40969882E+258  0.45977561E+258  0.48325623E+258  0.48829839E+258  0.49086684E+258  0.50690884E+258  0.54757383E+258  0.62314578E+258  0.74340884E+258  0.91779847E+258  0.11554757E+259  0.14653857E+259  0.18562916E+259  0.23368005E+259  0.29153838E+259  0.36003910E+259  0.44000649E+259  0.53225506E+259  0.63759012E+259  0.75680932E+259  0.89070228E+259  0.10400515E+260  0.12056335E+260  0.13882330E+260  0.15885868E+260  0.18074664E+260  0.20456254E+260  0.23038136E+260
  0.18390541E+259  0.35916052E+259  0.79568291E+259  0.79568291E+259  0.79568291E+259  0.79568291E+259  0.79568292E+259  0.79568292E+259  0.79568292E+259  0.79568292E+259  0.79568292E+259  0.79568292E+259  0.79568292E+259  0.79568292E+259  0.79568292E+259  0.79568292E+259  0.79568292E+259  0.79568292E+259  0.79568292E+259  0.79568292E+259  0.79568293E+259  0.79568293E+259  0.79568293E+259  0.79568293E+259  0.79568294E+259  0.79568295E+259  0.79568296E+259  0.79568299E+259  0.79568310E+259  0.79568356E+259  0.79568668E+259  0.79572940E+259  0.78686587E+259  0.88967206E+259  0.28981959E+259
  0.38760308E+254  0.38760308E+254  0.38760407E+254  0.38760625E+254  0.42087326E+254  0.42087815E+254  0.42088036E+254  0.47394565E+254  0.47394565E+254  0.47427674E+254  0.48261183E+254  0.48309730E+254  0.48309730E+254  0.48309731E+254  0.48309731E+254  0.48309732E+254  0.48309733E+254  0.48309736E+254  0.48309740E+254  0.48315843E+254  0.69406977E+254  0.94798253E+254  0.12473377E+255  0.15912626E+255  0.19688766E+255  0.23487808E+255  0.26260547E+255  0.30819014E+255  0.32906545E+255  0.36651993E+255  0.36653115E+255  0.36654331E+255  0.36655659E+255  0.36657105E+255  0.36658673E+255
  0.61859283E+249  0.71899128E+249  0.71899308E+249  0.71936742E+249  0.40847391E+250  0.51344211E+250  0.51363525E+250  0.51375163E+250  0.51382017E+250  0.51385231E+250  0.51385925E+250  0.51386278E+250  0.51388476E+250  0.46789168E+254  0.54449032E+254  0.54449139E+254  0.54449232E+254  0.25591892E+255  0.52092220E+255  0.85965320E+255  0.12812531E+256  0.12812849E+256  0.12813033E+256  0.12813197E+256  0.12813271E+256  0.12814827E+256  0.12814812E+256  0.12814800E+256  0.13935288E+256  0.15193763E+256  0.16656938E+256  0.16664052E+256  0.16666219E+256  0.16666883E+256  0.16666851E+256
