  0.32427842E-009  0.32427842E-009  0.32427843E-009  0.32427843E-009  0.32427845E-009  0.32427847E-009  0.32427849E-009  0.32427851E-009  0.32427851E-009  0.32427852E-009  0.32427852E-009  0.32427852E-009  0.32427852E-009  0.32427853E-009  0.32427854E-009  0.32427856E-009  0.32427859E-009  0.32427864E-009  0.32427869E-009  0.32427876E-009  0.32427884E-009  0.32427894E-009  0.32427906E-009  0.32427920E-009  0.32427936E-009  0.32427954E-009  0.32427975E-009  0.32427999E-009  0.32428025E-009  0.32428053E-009  0.32428085E-009  0.32428120E-009  0.32428158E-009  0.32428200E-009  0.32428245E-009
  0.26492988E+038  0.55635224E+039  0.98843329E+051  0.53766049E+058  0.21342343E+063  0.72424363E+066  0.12878427E+068  0.36051665E+068  0.58885935E+068  0.71954081E+068  0.74873552E+068  0.76390691E+068  0.87199126E+068  0.12700248E+069  0.35853465E+068 -0.64223391E+073 -0.18718357E+077 -0.14541962E+080 -0.45403348E+082 -0.72448826E+084 -0.68893072E+086 -0.43346698E+088 -0.19444911E+090 -0.65732157E+091 -0.17467799E+093 -0.37718345E+094 -0.67954708E+095 -0.10436834E+097 -0.13909212E+098 -0.16325673E+099 -0.17088737E+100 -0.16124118E+101 -0.13841022E+102 -0.10895813E+103 -0.79213270E+103
  0.14223163E+050  0.28446300E+051  0.11395148E+063  0.29063902E+069  0.69814727E+073  0.16262721E+077  0.27299979E+078  0.75805833E+078  0.12343349E+079  0.15065606E+079  0.15673624E+079  0.15989551E+079  0.18238389E+079  0.26496061E+079 -0.32649282E+079 -0.14455917E+084 -0.29046059E+087 -0.16541129E+090 -0.39531954E+092 -0.49856072E+094 -0.38403607E+096 -0.19958202E+098 -0.75129262E+099 -0.21593001E+101 -0.49329830E+102 -0.92443328E+103 -0.14573443E+105 -0.19726976E+106 -0.23319210E+107 -0.24415960E+108 -0.22915381E+109 -0.19476820E+110 -0.15123945E+111 -0.10811479E+112 -0.71628999E+112
  0.38073846E+061  0.72340236E+062  0.65502506E+073  0.78336640E+079  0.11387022E+084  0.18205750E+087  0.28753480E+088  0.79118011E+088  0.12837202E+089  0.15648295E+089  0.16275985E+089  0.16602089E+089  0.18921136E+089  0.27408451E+089 -0.10563491E+090 -0.16223745E+094 -0.22470092E+097 -0.93771031E+099 -0.17145343E+102 -0.17078235E+104 -0.10647560E+106 -0.45663778E+107 -0.14410377E+109 -0.35178304E+110 -0.69018517E+111 -0.11213493E+113 -0.15452880E+114 -0.18417325E+115 -0.19292053E+116 -0.18001952E+117 -0.15135217E+118 -0.11577586E+119 -0.81254151E+119 -0.52702595E+120 -0.31794441E+121
  0.67736625E+072  0.12192580E+074  0.25024309E+084  0.14032725E+090  0.12343199E+094  0.13542691E+097  0.20047088E+098  0.54597436E+098  0.88230564E+098  0.10739381E+099  0.11167145E+099  0.11389347E+099  0.12967754E+099  0.18722485E+099 -0.15792337E+100 -0.12100529E+104 -0.11550246E+107 -0.35306920E+109 -0.49357096E+111 -0.38798013E+113 -0.19559017E+115 -0.69148088E+116 -0.18273265E+118 -0.37845804E+119 -0.63695239E+120 -0.89618997E+121 -0.10783684E+123 -0.11303958E+124 -0.10481446E+125 -0.87075796E+125 -0.65516467E+126 -0.45061017E+127 -0.28556585E+128 -0.16790771E+129 -0.92157511E+129
  0.90069193E+083  0.15311746E+085  0.71453282E+094  0.18787742E+100  0.99995792E+103  0.75271913E+106  0.10399173E+108  0.27993409E+108  0.45029860E+108  0.54717876E+108  0.56879666E+108  0.58002403E+108  0.65967507E+108  0.94879870E+108 -0.15671571E+110 -0.67450492E+113 -0.44360049E+116 -0.99271768E+118 -0.10601635E+121 -0.65698216E+122 -0.26749817E+124 -0.77862711E+125 -0.17208556E+127 -0.30198759E+128 -0.43543279E+129 -0.52988935E+130 -0.55605363E+131 -0.51204402E+132 -0.41979189E+133 -0.31014158E+134 -0.20860703E+135 -0.12886943E+136 -0.73671459E+136 -0.39230554E+137 -0.19571512E+138
  0.95437530E+094  0.15269987E+096  0.16258200E+105  0.20044558E+110  0.64549619E+113  0.33324975E+116  0.42764351E+117  0.11359624E+118  0.18176183E+118  0.22043732E+118  0.22906376E+118  0.23354301E+118  0.26527282E+118  0.37985938E+118 -0.11750057E+120 -0.29957933E+123 -0.13569922E+126 -0.22215697E+128 -0.18105824E+130 -0.88345189E+131 -0.29012603E+133 -0.69430120E+134 -0.12814668E+136 -0.19026634E+137 -0.23470003E+138 -0.24668305E+139 -0.22544702E+140 -0.18213422E+141 -0.13185739E+142 -0.86526939E+142 -0.51967090E+143 -0.28802658E+144 -0.14837428E+145 -0.71481951E+145 -0.32382202E+146
  0.83896987E+105  0.12584533E+107  0.30690715E+115  0.17741926E+120  0.34565004E+123  0.12232811E+126  0.14502593E+127  0.37940816E+127  0.60335506E+127  0.73007982E+127  0.75833143E+127  0.77299733E+127  0.87670420E+127  0.12489849E+128 -0.71144502E+129 -0.11037059E+133 -0.34415015E+135 -0.41177736E+137 -0.25578326E+139 -0.98122526E+140 -0.25948144E+142 -0.50967729E+143 -0.78428102E+144 -0.98359953E+145 -0.10363061E+147 -0.93928574E+147 -0.74648760E+148 -0.52832084E+149 -0.33728305E+150 -0.19632958E+151 -0.10515245E+152 -0.52225118E+152 -0.24214640E+153 -0.10542566E+154 -0.43321684E+154
  0.62893432E+116  0.88050690E+117  0.49405273E+125  0.13391610E+130  0.15780589E+133  0.38258469E+135  0.41649115E+136  0.10706173E+137  0.16903810E+137  0.20399887E+137  0.21178836E+137  0.21583084E+137  0.24435705E+137  0.34603956E+137 -0.36208855E+139 -0.34667058E+142 -0.74355846E+144 -0.64940065E+146 -0.30695233E+148 -0.92407690E+149 -0.19640221E+151 -0.31602338E+152 -0.40464785E+153 -0.42785912E+154 -0.38432722E+155 -0.29987274E+156 -0.20689809E+157 -0.12807583E+158 -0.71992506E+158 -0.37118756E+159 -0.17704512E+160 -0.78691637E+160 -0.32798600E+161 -0.12889473E+162 -0.47989710E+162
  0.41010479E+127  0.53313549E+128  0.69178353E+135  0.87919854E+139  0.62646196E+142  0.10394255E+145  0.10318579E+146  0.25989726E+146  0.40690809E+146  0.48952842E+146  0.50792399E+146  0.51746732E+146  0.58464471E+146  0.82211418E+146 -0.15903454E+149 -0.94675459E+151 -0.13953347E+154 -0.88804961E+155 -0.31875878E+157 -0.75141232E+158 -0.12806440E+160 -0.16842289E+161 -0.17905240E+162 -0.15927729E+163 -0.12172985E+164 -0.81604217E+164 -0.48788974E+165 -0.26369599E+166 -0.13029316E+167 -0.59409311E+167 -0.25197012E+168 -0.10008258E+169 -0.37447666E+169 -0.13266510E+170 -0.44698355E+170
  0.21639680E+139  0.25967577E+140  0.78385105E+146  0.46707799E+150  0.20113674E+153  0.22808422E+155  0.20484984E+156  0.50385713E+156  0.78106280E+156  0.93616042E+156  0.97066437E+156  0.98855698E+156  0.11141343E+157  0.15536747E+157 -0.56278572E+159 -0.20909709E+162 -0.21143694E+164 -0.97847903E+165 -0.26603298E+167 -0.48973428E+168 -0.66749298E+169 -0.71559864E+170 -0.63003208E+171 -0.47036021E+172 -0.30515092E+173 -0.17537264E+174 -0.90670305E+174 -0.42704416E+175 -0.18513603E+176 -0.74524185E+176 -0.28059753E+177 -0.99445449E+177 -0.33354425E+178 -0.10637356E+179 -0.32390511E+179
  0.98697269E+150  0.10856682E+152  0.76770625E+157  0.21446254E+161  0.55768204E+163  0.43139390E+165  0.34737279E+166  0.83097265E+166  0.12730253E+167  0.15190315E+167  0.15737043E+167  0.16020415E+167  0.18002136E+167  0.24857039E+167 -0.17173193E+170 -0.39876455E+172 -0.27607188E+174 -0.92630641E+175 -0.19015313E+177 -0.27246446E+178 -0.29602626E+179 -0.25790289E+180 -0.18749282E+181 -0.11714952E+182 -0.64347503E+182 -0.31626156E+183 -0.14107358E+184 -0.57775372E+184 -0.21932173E+185 -0.77791999E+185 -0.25955898E+186 -0.81940062E+186 -0.24596665E+187 -0.70510245E+187 -0.19376196E+188
  0.39464607E+162  0.39464536E+163  0.65918069E+168  0.86313600E+171  0.13535260E+174  0.71235588E+175  0.50895668E+176  0.11782554E+177  0.17797431E+177  0.21123022E+177  0.21861197E+177  0.22243560E+177  0.24905985E+177  0.33986017E+177 -0.45881565E+180 -0.66562488E+182 -0.31456421E+184 -0.76234804E+185 -0.11768083E+187 -0.13072095E+188 -0.11277733E+189 -0.79554928E+189 -0.47593563E+190 -0.24809034E+191 -0.11503272E+192 -0.48217648E+192 -0.18509127E+193 -0.65755532E+193 -0.21808248E+194 -0.68016264E+194 -0.20071397E+195 -0.56337638E+195 -0.15109136E+196 -0.38869151E+196 -0.96247075E+196
  0.13977887E+174  0.12580073E+175  0.50135226E+179  0.30758261E+182  0.29025027E+184  0.10355492E+186  0.64863815E+186  0.14444562E+187  0.21450678E+187  0.25293564E+187  0.26145271E+187  0.26586105E+187  0.29639405E+187  0.39876541E+187 -0.10850503E+191 -0.98162144E+192 -0.31532464E+194 -0.54919046E+195 -0.63422175E+196 -0.54345097E+197 -0.37057333E+198 -0.21074992E+199 -0.10334155E+200 -0.44776706E+200 -0.17467011E+201 -0.62247349E+201 -0.20503653E+202 -0.63018592E+202 -0.18215094E+203 -0.49838114E+203 -0.12979473E+204 -0.32327123E+204 -0.77313040E+204 -0.17817291E+205 -0.39689031E+205
  0.44162679E+185  0.35330064E+186  0.34013658E+190  0.97689490E+192  0.55285385E+194  0.13304832E+196  0.72052326E+196  0.15320691E+197  0.22288038E+197  0.26072265E+197  0.26909395E+197  0.27342274E+197  0.30320885E+197  0.40104091E+197 -0.22881249E+201 -0.12859243E+203 -0.27908749E+204 -0.34697094E+205 -0.29778842E+206 -0.19562885E+207 -0.10484242E+208 -0.47824807E+208 -0.19132248E+209 -0.68615185E+209 -0.22431861E+210 -0.67725505E+210 -0.19080377E+211 -0.50584990E+211 -0.12707630E+212 -0.30424803E+212 -0.69763500E+212 -0.15384129E+213 -0.32742604E+213 -0.67467333E+213 -0.13495506E+214
  0.12492854E+197  0.87449751E+197  0.20659597E+201  0.27728089E+203  0.93610510E+204  0.15092287E+206  0.69529142E+206  0.13988461E+207  0.19845145E+207  0.22987453E+207  0.23680941E+207  0.24039118E+207  0.26483688E+207  0.34314980E+207 -0.43193506E+211 -0.14979906E+213 -0.21775275E+214 -0.19147755E+215 -0.12108801E+216 -0.60516453E+216 -0.25314745E+217 -0.92054527E+217 -0.29879950E+218 -0.88261793E+218 -0.24075134E+219 -0.61333038E+219 -0.14725340E+220 -0.33561905E+220 -0.73053211E+220 -0.15261992E+221 -0.30731669E+221 -0.59857464E+221 -0.11312030E+222 -0.20797271E+222 -0.37284041E+222
  0.31631798E+208  0.18979022E+209  0.11228134E+212  0.70164082E+213  0.14014545E+215  0.14996146E+216  0.57666891E+216  0.10854522E+217  0.14931198E+217  0.17085130E+217  0.17559069E+217  0.17803483E+217  0.19454641E+217  0.24586232E+217 -0.72974571E+221 -0.15443630E+223 -0.14844832E+224 -0.91156189E+224 -0.41994874E+225 -0.15809858E+226 -0.51181252E+226 -0.14726686E+227 -0.38532390E+227 -0.93207543E+227 -0.21104090E+228 -0.45157680E+228 -0.92010226E+228 -0.17960985E+229 -0.33758620E+229 -0.61348528E+229 -0.10816915E+230 -0.18559693E+230 -0.31067709E+230 -0.50847765E+230 -0.81524797E+230
  0.71224361E+219  0.35612053E+220  0.54198205E+222  0.15652873E+224  0.18265356E+225  0.12806938E+226  0.40198161E+226  0.69805268E+226  0.92425423E+226  0.10414635E+227  0.10671547E+227  0.10803782E+227  0.11685616E+227  0.14326929E+227 -0.10963450E+232 -0.13890464E+233 -0.86591429E+233 -0.36452736E+234 -0.12045228E+235 -0.33721158E+235 -0.83575572E+235 -0.18854762E+236 -0.39456129E+236 -0.77625733E+236 -0.14502312E+237 -0.25926004E+237 -0.44618567E+237 -0.74280208E+237 -0.12009301E+238 -0.18917576E+238 -0.29113998E+238 -0.43876530E+238 -0.64880745E+238 -0.94296040E+238 -0.13489938E+239
  0.14001983E+231  0.56007682E+231  0.22729518E+233  0.29911053E+234  0.20004600E+235  0.90313058E+235  0.22529092E+236  0.35465623E+236  0.44775164E+236  0.49480086E+236  0.50506214E+236  0.51033039E+236  0.54488714E+236  0.64383889E+236 -0.14380377E+242 -0.10545231E+243 -0.41324198E+243 -0.11591562E+244 -0.26867438E+244 -0.54965535E+244 -0.10284593E+245 -0.17984265E+245 -0.29811634E+245 -0.47314001E+245 -0.72421635E+245 -0.10750247E+246 -0.15542025E+246 -0.21959496E+246 -0.30406665E+246 -0.41356249E+246 -0.55356515E+246 -0.73038631E+246 -0.95124018E+246 -0.12243214E+247 -0.15588872E+247
  0.22892952E+242  0.68678447E+242  0.77834899E+243  0.45498919E+244  0.16949482E+245  0.48094023E+245  0.92330691E+245  0.12887857E+246  0.15325729E+246  0.16518553E+246  0.16776990E+246  0.16909231E+246  0.17758388E+246  0.20060052E+246 -0.15687034E+252 -0.62428301E+252 -0.14550220E+253 -0.25872441E+253 -0.40635606E+253 -0.59257167E+253 -0.82147139E+253 -0.10970907E+254 -0.14234071E+254 -0.18043471E+254 -0.22437907E+254 -0.27455743E+254 -0.33134974E+254 -0.39513216E+254 -0.46627744E+254 -0.54515553E+254 -0.63213301E+254 -0.72757419E+254 -0.83184042E+254 -0.94529053E+254 -0.10682817E+255
  0.26372475E+253  0.52744478E+253  0.17555501E+254  0.43747049E+254  0.87037632E+254  0.15010747E+255  0.21320765E+255  0.25654406E+255  0.28277473E+255  0.29507523E+255  0.29771644E+255  0.29906186E+255  0.30746506E+255  0.32876639E+255 -0.12057210E+262 -0.22575340E+262 -0.27670498E+262 -0.27670497E+262 -0.27670495E+262 -0.27670493E+262 -0.27670490E+262 -0.27670487E+262 -0.27670483E+262 -0.27670479E+262 -0.27670474E+262 -0.27670468E+262 -0.27670461E+262 -0.27670454E+262 -0.27670446E+262 -0.27670437E+262 -0.27670427E+262 -0.27670416E+262 -0.27670404E+262 -0.27670391E+262 -0.27670376E+262
 -0.10534075E+254 -0.21068053E+254 -0.70121145E+254 -0.17472631E+255  0.12025438E+257  0.29793730E+257  0.47562050E+257  0.59708071E+257  0.59703469E+257  0.63149965E+257  0.63890056E+257  0.63890127E+257  0.63890544E+257  0.69859373E+257  0.80951874E+257  0.98604193E+257 -0.84732823E+261 -0.84729334E+261 -0.84724785E+261 -0.84719047E+261 -0.84711993E+261 -0.84703500E+261 -0.84693445E+261 -0.84681706E+261 -0.84668164E+261 -0.84652701E+261 -0.84635200E+261 -0.84615543E+261 -0.84593617E+261 -0.84569309E+261 -0.84542503E+261 -0.84512602E+261 -0.84480466E+261 -0.84445499E+261 -0.84407589E+261
  0.12654456E+256  0.25308953E+256  0.84250685E+256  0.20995478E+257 -0.18967015E+259 -0.46952254E+259 -0.74993588E+259 -0.94274012E+259 -0.10595146E+260  0.30471293E+259  0.30006379E+259  0.29674624E+259  0.27601960E+259  0.18105171E+259  0.43412341E+257 -0.27743314E+259 -0.68719321E+259 -0.68158018E+259 -0.67423140E+259 -0.66496176E+259 -0.65356698E+259 -0.63984597E+259 -0.62360049E+259 -0.60463479E+259 -0.58275543E+259 -0.55777118E+259 -0.52949237E+259 -0.49773111E+259 -0.46230104E+259 -0.42301701E+259 -0.37969532E+259 -0.33215314E+259 -0.28020541E+259 -0.22367419E+259 -0.16239387E+259
  0.48118662E+263  0.48121463E+263  0.48134508E+263  0.48162330E+263 -0.11929679E+265 -0.11929190E+265 -0.11928506E+265 -0.11927848E+265 -0.11927450E+265 -0.11927263E+265 -0.11927223E+265 -0.11927202E+265 -0.11927197E+265 -0.11927186E+265 -0.11927168E+265 -0.11927148E+265 -0.11927119E+265 -0.11925192E+265 -0.24951007E+264 -0.24948677E+264 -0.24948203E+264 -0.24948203E+264 -0.24948204E+264 -0.24948204E+264 -0.24948205E+264 -0.24948206E+264 -0.24948206E+264 -0.24948207E+264 -0.24948208E+264 -0.24948209E+264 -0.24948210E+264 -0.24948210E+264 -0.24948209E+264 -0.24948209E+264 -0.24948208E+264
  0.58332581E+266  0.58332015E+266  0.58331457E+266  0.58330268E+266  0.58328300E+266  0.58366528E+266  0.58377144E+266  0.58392050E+266  0.58405844E+266  0.58412316E+266  0.58413706E+266  0.58414414E+266  0.12089948E+265  0.92904975E+264  0.53445933E+264  0.43417619E+263  0.86485404E+263  0.59549111E+266  0.93367281E+266  0.85073383E+265  0.12453814E+258  0.20402350E+258  0.26097170E+258  0.29728334E+258  0.31757214E+258  0.32506588E+258  0.32549986E+258  0.32556304E+258  0.32551474E+258  0.32566913E+258  0.32520501E+258  0.32511723E+258  0.32532327E+258  0.32551361E+258  0.32569514E+258
