  0.64541310E-010  0.64541311E-010  0.64541315E-010  0.64541324E-010  0.64541339E-010  0.64541361E-010  0.64541383E-010  0.64541398E-010  0.64541407E-010  0.64541411E-010  0.64541412E-010  0.64541413E-010  0.64541416E-010  0.64541423E-010  0.64541437E-010  0.64541459E-010  0.64541491E-010  0.64541534E-010  0.64541590E-010  0.64541662E-010  0.64541749E-010  0.64541854E-010  0.64541979E-010  0.64542125E-010  0.64542293E-010  0.64542485E-010  0.64542702E-010  0.64542946E-010  0.64543218E-010  0.64543520E-010  0.64543852E-010  0.64544217E-010  0.64544616E-010  0.64545050E-010  0.64545520E-010
  0.95765380E+038  0.20114834E+040  0.36072396E+052  0.19852597E+059  0.79939473E+063  0.27585123E+067  0.49199534E+068  0.13778527E+069  0.22509084E+069  0.27505943E+069  0.28622272E+069  0.29202390E+069  0.33335454E+069  0.48558194E+069  0.11487523E+070  0.85406994E+070  0.52094090E+072  0.83187990E+074  0.11448211E+077  0.10866422E+079  0.70663034E+080  0.32517923E+082  0.10952423E+084  0.27671979E+085  0.52901410E+086  0.74731233E+087  0.68418380E+088  0.70511919E+088 -0.11974565E+091 -0.29307687E+092 -0.46945249E+093 -0.60071548E+094 -0.65567824E+095 -0.63058567E+096 -0.54503336E+097
  0.51413100E+050  0.10284817E+052  0.41584951E+063  0.10730942E+070  0.26147148E+074  0.61933288E+077  0.10429733E+079  0.28974373E+079  0.47186964E+079  0.57597515E+079  0.59922752E+079  0.61130956E+079  0.69731637E+079  0.10131839E+080  0.23750894E+080  0.16635582E+081  0.79522489E+082  0.94129387E+084  0.99242308E+086  0.74431961E+088  0.39182034E+090  0.14877167E+092  0.41976087E+093  0.89913376E+094  0.14700876E+096  0.17827056E+097  0.13811274E+098  0.84837698E+095 -0.21869165E+100 -0.45991691E+101 -0.65287152E+102 -0.74845655E+103 -0.73679898E+104 -0.64233839E+105 -0.50540330E+106
  0.13762722E+062  0.26155036E+063  0.23903497E+074  0.28921499E+080  0.42642334E+084  0.69322513E+087  0.10985403E+089  0.30243102E+089  0.49080547E+089  0.59832621E+089  0.62233495E+089  0.63480831E+089  0.72351597E+089  0.10482333E+090  0.24319756E+090  0.16001856E+091  0.60248219E+092  0.52989077E+094  0.42799165E+096  0.25348432E+098  0.10792664E+100  0.33776188E+101  0.79735185E+102  0.14458223E+104  0.20177265E+105  0.20934264E+106  0.13585906E+107 -0.14195807E+107 -0.19800115E+109 -0.35738108E+110 -0.44887220E+111 -0.46041372E+112 -0.40831586E+113 -0.32235189E+114 -0.23067171E+115
  0.24485059E+073  0.44083503E+074  0.91316959E+084  0.51804381E+090  0.46217528E+094  0.51558326E+097  0.76593846E+098  0.20872263E+099  0.33737802E+099  0.41068955E+099  0.42705452E+099  0.43555538E+099  0.49594493E+099  0.71616877E+099  0.16421933E+100  0.10119703E+101  0.30160834E+102  0.19765941E+104  0.12230695E+106  0.57164088E+107  0.19666238E+109  0.50667345E+110  0.99932308E+111  0.15312929E+113  0.18197424E+114  0.16086832E+115  0.86218366E+115 -0.18863691E+116 -0.11829285E+118 -0.18305684E+119 -0.20309619E+120 -0.18612475E+121 -0.14852122E+122 -0.10606391E+123 -0.68958481E+123
  0.32557711E+084  0.55361880E+085  0.26073274E+095  0.69352760E+100  0.37437135E+104  0.28651502E+107  0.39733907E+108  0.10703051E+109  0.17221371E+109  0.20928525E+109  0.21755759E+109  0.22185392E+109  0.25233592E+109  0.36301043E+109  0.82136465E+109  0.47250184E+110  0.11203477E+112  0.54887721E+113  0.26021772E+115  0.95902541E+116  0.26628916E+118  0.56400180E+119  0.92785389E+120  0.11990448E+122  0.12099295E+123  0.90657099E+123  0.39290122E+124 -0.13893047E+125 -0.52357637E+126 -0.69401884E+127 -0.67900502E+128 -0.55514534E+129 -0.39807268E+130 -0.25684978E+131 -0.15156212E+132
  0.34498228E+095  0.55211692E+096  0.59323640E+105  0.73985334E+110  0.24162901E+114  0.12682250E+117  0.16340591E+118  0.43439055E+118  0.69526807E+118  0.84330324E+118  0.87632283E+118  0.89346833E+118  0.10149332E+119  0.14537144E+119  0.32395975E+119  0.17337299E+120  0.32865689E+121  0.12081572E+123  0.43894012E+124  0.12745138E+126  0.28524890E+127  0.49587472E+128  0.67913790E+129  0.73836706E+130  0.63047012E+131  0.39763970E+132  0.13475080E+133 -0.71646442E+133 -0.18269462E+135 -0.20726673E+136 -0.17850890E+137 -0.13000005E+138 -0.83650364E+138 -0.48705663E+139 -0.26054642E+140
  0.30326616E+106  0.45502631E+107  0.11198031E+116  0.65479327E+120  0.12936527E+124  0.46543073E+126  0.55419065E+127  0.14511087E+128  0.23084536E+128  0.27936749E+128  0.29018517E+128  0.29580090E+128  0.33551548E+128  0.47813110E+128  0.10471524E+129  0.51942609E+129  0.79099223E+130  0.21908283E+132  0.61018944E+133  0.13945501E+135  0.25119782E+136  0.35774560E+137  0.40697646E+138  0.37118548E+139  0.26703527E+140  0.14043894E+141  0.35048869E+141 -0.28357473E+142 -0.52202920E+143 -0.50652668E+144 -0.38334258E+145 -0.24825770E+146 -0.14313764E+147 -0.75106891E+147 -0.36378734E+148
  0.22734368E+117  0.31837584E+118  0.18025367E+126  0.49417815E+130  0.59049939E+133  0.14552838E+136  0.15916671E+137  0.40956193E+137  0.64692109E+137  0.78083986E+137  0.81067889E+137  0.82616459E+137  0.93545467E+137  0.13251864E+138  0.28450867E+138  0.13029529E+139  0.16011919E+140  0.33566035E+141  0.71706637E+142  0.12885498E+144  0.18648096E+145  0.21709971E+146  0.20460005E+147  0.15599489E+148  0.94026835E+148  0.40681112E+149  0.65738357E+149 -0.90453288E+150 -0.12521315E+152 -0.10384511E+153 -0.68934370E+153 -0.39630423E+154 -0.20442029E+155 -0.96525951E+155 -0.42277075E+156
  0.14824240E+128  0.19277644E+129  0.25237901E+136  0.32439659E+140  0.23436535E+143  0.39526855E+145  0.39437169E+146  0.99448394E+146  0.15577806E+147  0.18744246E+147  0.19449289E+147  0.19815062E+147  0.22390192E+147  0.31497750E+147  0.66097478E+147  0.27830466E+148  0.27717054E+149  0.44189947E+150  0.72459525E+151  0.10226038E+153  0.11866644E+154  0.11264470E+155  0.87663568E+155  0.55629525E+156  0.27885181E+157  0.97208890E+157  0.66728535E+157 -0.23947613E+159 -0.25631156E+160 -0.18158553E+161 -0.10553396E+162 -0.53761351E+162 -0.24767642E+163 -0.10508405E+164 -0.41560633E+164
  0.78221909E+139  0.93898384E+140  0.28594577E+147  0.17230833E+151  0.75227575E+153  0.86707881E+155  0.78301247E+156  0.19285785E+157  0.29913686E+157  0.35861636E+157  0.37184920E+157  0.37871149E+157  0.42688235E+157  0.59558986E+157  0.12175099E+158  0.46921231E+158  0.38016921E+159  0.46329214E+160  0.58361742E+161  0.64603545E+162  0.59973895E+163  0.46279253E+164  0.29624719E+165  0.15558695E+166  0.64182101E+166  0.17403081E+167 -0.73251509E+166 -0.49146792E+168 -0.41491829E+169 -0.25096458E+170 -0.12745785E+171 -0.57424782E+171 -0.23586533E+172 -0.89772225E+172 -0.32012632E+173
  0.35676539E+151  0.39258684E+152  0.28003077E+158  0.79100955E+161  0.20851641E+164  0.16394010E+166  0.13279613E+167  0.31818440E+167  0.48779053E+167  0.58220882E+167  0.60319379E+167  0.61407072E+167  0.69015389E+167  0.95352327E+167  0.18914013E+168  0.66398725E+168  0.43912513E+169  0.41111141E+170  0.39827483E+171  0.34530658E+172  0.25575230E+173  0.15984170E+174  0.83747244E+174  0.36126458E+175  0.12071678E+176  0.23751920E+176 -0.48676916E+176 -0.83537496E+177 -0.56461704E+178 -0.29140598E+179 -0.12908115E+180 -0.51331135E+180 -0.18762107E+181 -0.63948754E+181 -0.20528186E+182
  0.14265446E+163  0.14271170E+164  0.24041798E+169  0.31827634E+172  0.50589952E+174  0.27060535E+176  0.19459770E+177  0.45136570E+177  0.68235989E+177  0.81012706E+177  0.83848946E+177  0.85318129E+177  0.95550961E+177  0.13048060E+178  0.25002064E+178  0.79538947E+178  0.43049973E+179  0.31112859E+180  0.23204750E+181  0.15731342E+182  0.92656230E+182  0.46687728E+183  0.19891709E+184  0.69717382E+184  0.18379574E+185  0.21928865E+185 -0.12404852E+186 -0.11899216E+187 -0.65113475E+187 -0.28658305E+188 -0.11050343E+189 -0.38705105E+189 -0.12564464E+190 -0.38279328E+190 -0.11042817E+191
  0.50526485E+174  0.45493792E+175  0.18282903E+180  0.11338532E+183  0.10843856E+185  0.39320019E+186  0.24804914E+187  0.55364558E+187  0.82302927E+187  0.97086220E+187  0.10036299E+188  0.10205909E+188  0.11381061E+188  0.15325446E+188  0.28221227E+188  0.80898116E+188  0.35896193E+189  0.20113614E+190  0.11559330E+191  0.61148049E+191  0.28524514E+192  0.11518877E+193  0.39547680E+193  0.11071745E+194  0.21882193E+194  0.53337626E+193 -0.22082285E+195 -0.14280333E+196 -0.63809871E+196 -0.23933647E+197 -0.80172938E+197 -0.24679620E+198 -0.71003730E+198 -0.19298127E+199 -0.49938589E+199
  0.15963679E+186  0.12777120E+187  0.12401611E+191  0.35998004E+193  0.20644006E+195  0.50492023E+196  0.27559402E+197  0.58761226E+197  0.85591968E+197  0.10017409E+198  0.10340028E+198  0.10506864E+198  0.11655349E+198  0.15432602E+198  0.27148266E+198  0.69676080E+198  0.25358770E+199  0.11053796E+200  0.48969524E+200  0.20155994E+201  0.74066671E+201  0.23771602E+202  0.64859450E+202  0.14070670E+203  0.18339526E+203 -0.25972012E+203 -0.30475179E+204 -0.14428665E+205 -0.52990483E+205 -0.16924367E+206 -0.49151835E+206 -0.13266565E+207 -0.33753249E+207 -0.81667127E+207 -0.18920464E+208
  0.45158470E+197  0.31627918E+198  0.75308423E+201  0.10212605E+204  0.34931895E+205  0.57238428E+206  0.26599353E+207  0.53692311E+207  0.76291544E+207  0.88426785E+207  0.91105389E+207  0.92488960E+207  0.10193714E+208  0.13225300E+208  0.22070686E+208  0.50334443E+208  0.15006824E+209  0.50978441E+209  0.17395651E+210  0.55473407E+210  0.15932711E+211  0.40120953E+211  0.84900731E+211  0.13349394E+212  0.61394352E+211 -0.61123551E+212 -0.33612460E+213 -0.12181379E+214 -0.36949147E+214 -0.10038875E+215 -0.25224607E+215 -0.59547930E+215 -0.13367615E+216 -0.28727144E+216 -0.59463653E+216
  0.11434086E+209  0.68645816E+209  0.40915311E+212  0.25825067E+214  0.52251294E+215  0.56824851E+216  0.22063228E+217  0.41696425E+217  0.57468862E+217  0.65811312E+217  0.67647328E+217  0.68594275E+217  0.74996032E+217  0.94922573E+217  0.14900764E+218  0.29910380E+218  0.72755939E+218  0.19243906E+219  0.50424202E+219  0.12367582E+220  0.27407507E+220  0.52900285E+220  0.82327186E+220  0.75020444E+220 -0.10528374E+221 -0.82653557E+221 -0.29671523E+222 -0.84523018E+222 -0.21249680E+223 -0.49051377E+223 -0.10642111E+224 -0.21911670E+224 -0.43304038E+224 -0.82443979E+224 -0.15215455E+225
  0.25745784E+220  0.12881612E+221  0.19740172E+223  0.57557372E+224  0.68013025E+225  0.48464556E+226  0.15375025E+227  0.26829880E+227  0.35611429E+227  0.40168280E+227  0.41167383E+227  0.41681702E+227  0.45114167E+227  0.55389545E+227  0.80874468E+227  0.14096989E+228  0.27733142E+228  0.56794092E+228  0.11335398E+229  0.21079660E+229  0.35119176E+229  0.49176428E+229  0.47128138E+229 -0.13431364E+229 -0.22737675E+230 -0.78683798E+230 -0.20543450E+231 -0.46768182E+231 -0.97691955E+231 -0.19125728E+232 -0.35768935E+232 -0.64003449E+232 -0.11117130E+233 -0.18688468E+233 -0.30696304E+233
  0.50613586E+231  0.20260678E+232  0.82720027E+233  0.10981260E+235  0.74324433E+235  0.34086911E+236  0.86020917E+236  0.13620837E+237  0.17248814E+237  0.19085952E+237  0.19486707E+237  0.19692468E+237  0.21039815E+237  0.24839792E+237  0.33132492E+237  0.49053754E+237  0.76672146E+237  0.11970178E+238  0.17825306E+238  0.24251702E+238  0.28198651E+238  0.22850003E+238 -0.48945738E+237 -0.78003413E+238 -0.23424207E+239 -0.53276807E+239 -0.10627754E+240 -0.19538590E+240 -0.33967397E+240 -0.56238829E+240 -0.90655259E+240 -0.14008237E+241 -0.21411691E+241 -0.31577432E+241 -0.46182535E+241
  0.82752164E+242  0.24844362E+243  0.28282174E+244  0.16648786E+245  0.62644734E+245  0.18019900E+246  0.34984694E+246  0.49140508E+246  0.58636909E+246  0.63295354E+246  0.64292173E+246  0.64798720E+246  0.67914648E+246  0.75505706E+246  0.88550728E+246  0.10661991E+247  0.12716406E+247  0.14465595E+247  0.14959839E+247  0.12740848E+247  0.57184072E+246 -0.89642714E+246 -0.35076006E+247 -0.77453788E+247 -0.14216917E+248 -0.23670481E+248 -0.37015281E+248 -0.55296499E+248 -0.80150346E+248 -0.11146953E+249 -0.15606871E+249 -0.20414970E+249 -0.27972328E+249 -0.35288145E+249 -0.46745463E+249
  0.95329748E+253  0.19066043E+254  0.63460120E+254  0.15813857E+255  0.31459022E+255  0.54244495E+255  0.77029891E+255  0.92674915E+255  0.10214264E+256  0.10658198E+256  0.10603732E+256  0.10575987E+256  0.10402697E+256  0.99634240E+255  0.91470184E+255  0.78477315E+255  0.59636500E+255  0.33958184E+255  0.47595953E+253 -0.41756925E+255 -0.93670355E+255 -0.15617956E+256 -0.23018659E+256 -0.31658204E+256 -0.41624625E+256 -0.53005227E+256 -0.65891972E+256 -0.80180557E+256 -0.97534285E+256 -0.11073668E+257 -0.14275204E+257 -0.14026225E+257 -0.20142206E+257 -0.17929310E+257 -0.25862341E+257
  0.11292090E+255  0.19389991E+255  0.79756027E+255  0.20850145E+256  0.56575421E+257  0.13593500E+258  0.21529457E+258  0.26978496E+258  0.30276034E+258  0.31822226E+258  0.32154250E+258  0.32323382E+258  0.33379742E+258  0.36057518E+258  0.41033904E+258  0.48953184E+258  0.60436493E+258  0.76087199E+258  0.96494319E+258  0.12223489E+259  0.15387567E+259  0.19197448E+259  0.23708112E+259  0.28973832E+259  0.35048243E+259  0.41984370E+259  0.49834733E+259  0.58651401E+259  0.68485777E+259  0.79389004E+259  0.91411784E+259  0.10460493E+260  0.11901692E+260  0.13470559E+260  0.15166615E+260
  0.12110259E+259  0.23705791E+259  0.52556485E+259  0.52782466E+259  0.53158551E+259  0.53711981E+259  0.54271147E+259  0.54657768E+259  0.55944473E+259  0.56554376E+259  0.56685649E+259  0.56752557E+259  0.57173808E+259  0.58261968E+259  0.58261964E+259  0.58261958E+259  0.58261949E+259  0.58261936E+259  0.58261920E+259  0.58261899E+259  0.58261871E+259  0.58261833E+259  0.58261765E+259  0.58261640E+259  0.58261388E+259  0.58260829E+259  0.58259427E+259  0.58255332E+259  0.58240780E+259  0.58173407E+259  0.57713156E+259  0.51385953E+259 -0.25915872E+263  0.29249308E+264 -0.16220668E+265
  0.25534639E+252  0.33814297E+252  0.33845563E+252  0.33912236E+252  0.34022369E+252  0.34184958E+252  0.34354532E+252  0.16389575E+252  0.16389768E+252  0.16389858E+252  0.16391527E+252  0.16391540E+252  0.16391537E+252  0.66589879E+252  0.66589653E+252  0.66589278E+252  0.66588712E+252  0.66588772E+252  0.66583812E+252 -0.83415548E+253 -0.19413511E+254 -0.24623214E+254 -0.30791126E+254 -0.37991440E+254  0.40291746E+254  0.13275787E+255  0.24147662E+255  0.40195833E+255  0.58446309E+255  0.60249406E+255  0.61709888E+255  0.67713026E+253  0.11964208E+254  0.15010908E+254  0.16724338E+254
  0.26381975E+252  0.26415123E+252  0.26706567E+252  0.26696210E+252  0.26558531E+252  0.26348131E+252 -0.58769945E+252  0.13387407E+259  0.94485580E+247  0.28081892E+248  0.18778085E+249  0.18810899E+249  0.18696073E+249  0.18810357E+249  0.53449809E+253  0.53470984E+253  0.20093149E+254  0.33532735E+257  0.70345968E+250 -0.86232596E+255 -0.86231957E+255 -0.86230869E+255 -0.86229510E+255 -0.64772662E+256  0.89457766E+263  0.92242170E+263  0.95491347E+263  0.99268677E+263  0.10364826E+264  0.30259063E+258  0.62163523E+258  0.62214987E+258  0.34864511E+258  0.18802013E+258  0.97572371E+257
