  0.10372536E-009  0.10372536E-009  0.10372537E-009  0.10372537E-009  0.10372539E-009  0.10372541E-009  0.10372544E-009  0.10372545E-009  0.10372546E-009  0.10372546E-009  0.10372547E-009  0.10372547E-009  0.10372547E-009  0.10372548E-009  0.10372549E-009  0.10372551E-009  0.10372555E-009  0.10372559E-009  0.10372565E-009  0.10372572E-009  0.10372581E-009  0.10372592E-009  0.10372604E-009  0.10372619E-009  0.10372636E-009  0.10372656E-009  0.10372678E-009  0.10372703E-009  0.10372731E-009  0.10372762E-009  0.10372796E-009  0.10372833E-009  0.10372874E-009  0.10372918E-009  0.10372966E-009
 -0.77066457E+041 -0.16183958E+043 -0.28753415E+055 -0.15640543E+062 -0.62081311E+066 -0.21065166E+070 -0.37457192E+071 -0.10485682E+072 -0.17127048E+072 -0.20927927E+072 -0.21777057E+072 -0.22218318E+072 -0.25361958E+072 -0.36938778E+072 -0.87345471E+072 -0.64740465E+073 -0.39487774E+075 -0.66144477E+077 -0.10102167E+080 -0.11118677E+082 -0.86772344E+083 -0.49421052E+085 -0.21292423E+087 -0.71768517E+088 -0.19488043E+090 -0.43707909E+091 -0.82700475E+092 -0.13439987E+094 -0.19049099E+095 -0.23858463E+096 -0.26706012E+097 -0.26980522E+098 -0.24813496E+099 -0.20931091E+100 -0.16302761E+101
 -0.41374299E+053 -0.82748607E+054 -0.33148361E+066 -0.84546887E+072 -0.20307938E+077 -0.47301337E+080 -0.79402516E+081 -0.22048212E+082 -0.35900732E+082 -0.43818421E+082 -0.45586843E+082 -0.46505717E+082 -0.53046465E+082 -0.77063884E+082 -0.18055513E+083 -0.12606191E+084 -0.60290915E+085 -0.74884959E+087 -0.87662758E+089 -0.76296730E+091 -0.48257843E+093 -0.22716522E+095 -0.82190093E+096 -0.23573816E+098 -0.55080946E+099 -0.10731652E+101 -0.17785599E+102 -0.25500478E+103 -0.32091026E+104 -0.35890504E+105 -0.36057087E+106 -0.32845696E+107 -0.27351584E+108 -0.20970828E+109 -0.14898392E+110
 -0.11075445E+065 -0.21043349E+066 -0.19054607E+077 -0.22788127E+083 -0.33122946E+087 -0.52952781E+090 -0.83629954E+091 -0.23011527E+092 -0.37337045E+092 -0.45513096E+092 -0.47338730E+092 -0.48287202E+092 -0.55032138E+092 -0.79717422E+092 -0.18483769E+093 -0.12121735E+094 -0.45688698E+095 -0.42184282E+097 -0.37853677E+099 -0.26041691E+101 -0.13341341E+103 -0.51868615E+104 -0.15747288E+106 -0.38402447E+107 -0.77143422E+108 -0.13045612E+110 -0.18921132E+111 -0.23913636E+112 -0.26697795E+113 -0.26640399E+114 -0.24001890E+115 -0.19698692E+116 -0.14841382E+117 -0.10335044E+118 -0.66923041E+118
 -0.19704164E+076 -0.35467500E+077 -0.72795439E+087 -0.40821195E+093 -0.35904306E+097 -0.39389923E+100 -0.58307195E+101 -0.15879673E+102 -0.25661838E+102 -0.31235449E+102 -0.32479596E+102 -0.33125867E+102 -0.37716644E+102 -0.54454186E+102 -0.12477846E+103 -0.76629140E+103 -0.22878678E+105 -0.15749048E+107 -0.10834931E+109 -0.58892276E+110 -0.24420660E+112 -0.78350577E+113 -0.19942750E+115 -0.41312550E+116 -0.71282543E+117 -0.10452962E+119 -0.13255467E+120 -0.14753988E+121 -0.14599499E+122 -0.12986304E+123 -0.10483500E+124 -0.77452418E+124 -0.52753100E+125 -0.33338385E+126 -0.19661283E+127
 -0.26200569E+087 -0.44540974E+088 -0.20785681E+098 -0.54653539E+103 -0.29087107E+107 -0.21893394E+110 -0.30246072E+111 -0.81418710E+111 -0.13096895E+112 -0.15914636E+112 -0.16543388E+112 -0.16869934E+112 -0.19186568E+112 -0.27595656E+112 -0.62389913E+112 -0.35763735E+113 -0.85014224E+114 -0.43781232E+116 -0.23099795E+118 -0.99151215E+119 -0.33252980E+121 -0.87963150E+122 -0.18752506E+124 -0.32965339E+125 -0.48805709E+126 -0.61996608E+127 -0.68667513E+128 -0.67242456E+129 -0.58917214E+130 -0.46671758E+131 -0.33727532E+132 -0.22410711E+133 -0.13786773E+134 -0.79003807E+134 -0.42399588E+135
 -0.27762184E+098 -0.44419504E+099 -0.47294926E+108 -0.58309617E+113 -0.18776407E+117 -0.96928150E+119 -0.12438022E+121 -0.33039341E+121 -0.52865125E+121 -0.64113782E+121 -0.66622760E+121 -0.67925536E+121 -0.77154055E+121 -0.11048115E+122 -0.24598399E+122 -0.13116374E+123 -0.24950112E+124 -0.96505278E+125 -0.39068708E+127 -0.13235938E+129 -0.35871473E+130 -0.78156505E+131 -0.13940088E+133 -0.20771854E+134 -0.26357575E+135 -0.28970176E+136 -0.27994734E+137 -0.24091862E+138 -0.18671313E+139 -0.13158307E+140 -0.85035972E+140 -0.50768336E+141 -0.28182844E+142 -0.14630663E+143 -0.71390880E+143
 -0.24405112E+109 -0.36607676E+110 -0.89278954E+118 -0.51611261E+123 -0.10054383E+127 -0.35580028E+129 -0.42180738E+130 -0.11035013E+131 -0.17548427E+131 -0.21234167E+131 -0.22055853E+131 -0.22482405E+131 -0.25498676E+131 -0.36326279E+131 -0.79475261E+131 -0.39276055E+132 -0.60082761E+133 -0.17532292E+135 -0.54498186E+136 -0.14565362E+138 -0.31869167E+139 -0.57127490E+140 -0.85145658E+141 -0.10740958E+143 -0.11666656E+144 -0.11081564E+145 -0.93312153E+145 -0.70488262E+146 -0.48264126E+147 -0.30225660E+148 -0.17449379E+149 -0.93505035E+149 -0.46792224E+150 -0.21984903E+151 -0.97445530E+151
 -0.18295308E+120 -0.25613437E+121 -0.14371940E+129 -0.38956193E+133 -0.45903098E+136 -0.11127754E+139 -0.12113601E+140 -0.31138594E+140 -0.49164114E+140 -0.59332269E+140 -0.61597801E+140 -0.62773534E+140 -0.71070222E+140 -0.10064393E+141 -0.21581710E+141 -0.98465400E+141 -0.12171716E+143 -0.26927105E+144 -0.64332155E+145 -0.13557206E+147 -0.23924070E+148 -0.35239687E+149 -0.43831626E+150 -0.46745916E+151 -0.43403364E+152 -0.35579293E+153 -0.26071688E+154 -0.17265162E+155 -0.10431273E+156 -0.57981472E+156 -0.29866761E+157 -0.14348948E+158 -0.64660085E+158 -0.27466772E+159 -0.11047653E+160
 -0.11929693E+131 -0.15508605E+132 -0.20123907E+139 -0.25575885E+143 -0.18222731E+146 -0.30232436E+148 -0.30011390E+149 -0.75590064E+149 -0.11834720E+150 -0.14237675E+150 -0.14772697E+150 -0.15050258E+150 -0.17004063E+150 -0.23910666E+150 -0.50106865E+150 -0.21018828E+151 -0.21091568E+152 -0.35565321E+153 -0.65393788E+154 -0.10861703E+156 -0.15442283E+157 -0.18665797E+158 -0.19346628E+159 -0.17417430E+160 -0.13803424E+161 -0.97507090E+161 -0.62088960E+162 -0.35993931E+163 -0.19163115E+164 -0.94417250E+164 -0.43341051E+165 -0.18645943E+166 -0.75574489E+166 -0.28992432E+167 -0.10570838E+168
 -0.62948481E+142 -0.75538201E+143 -0.22802141E+150 -0.13587298E+154 -0.58507311E+156 -0.66339893E+158 -0.59579977E+159 -0.14654410E+160 -0.22716700E+160 -0.27227575E+160 -0.28231091E+160 -0.28751481E+160 -0.32403779E+160 -0.45187342E+160 -0.92225418E+160 -0.35414542E+161 -0.28971903E+162 -0.37451425E+163 -0.53087762E+164 -0.69476533E+165 -0.79490452E+166 -0.78733050E+167 -0.67893278E+168 -0.51512771E+169 -0.34787830E+170 -0.21142219E+171 -0.11680246E+172 -0.59186044E+172 -0.27726136E+173 -0.12091935E+174 -0.49397600E+174 -0.19005574E+175 -0.69200239E+175 -0.23946340E+176 -0.79055536E+176
 -0.28710421E+154 -0.31581474E+155 -0.22332490E+161 -0.62387152E+164 -0.16222035E+167 -0.12547384E+169 -0.10103193E+170 -0.24168242E+170 -0.37024858E+170 -0.44179662E+170 -0.45769756E+170 -0.46593908E+170 -0.52357503E+170 -0.72294053E+170 -0.14313974E+171 -0.50085002E+171 -0.33536026E+172 -0.33434267E+173 -0.36615479E+174 -0.37750493E+175 -0.34719282E+176 -0.28135003E+177 -0.20150149E+178 -0.12861744E+179 -0.73883165E+179 -0.38563780E+180 -0.18452812E+181 -0.81595481E+181 -0.33580001E+182 -0.12943389E+183 -0.46988099E+183 -0.16145399E+184 -0.52739180E+184 -0.16441255E+185 -0.49087289E+185
 -0.11480008E+166 -0.11480013E+167 -0.19175494E+172 -0.25108626E+175 -0.39371794E+177 -0.20719329E+179 -0.14802715E+180 -0.34268456E+180 -0.51761870E+180 -0.61433855E+180 -0.63580726E+180 -0.64692769E+180 -0.72436013E+180 -0.98843699E+180 -0.18900463E+181 -0.59967893E+181 -0.32981470E+182 -0.25516804E+183 -0.21645641E+184 -0.17581976E+185 -0.12983879E+186 -0.85942381E+186 -0.51026516E+187 -0.27347129E+188 -0.13336702E+189 -0.59671318E+189 -0.24684606E+190 -0.95080345E+190 -0.34316723E+191 -0.11671369E+192 -0.37593353E+192 -0.11518829E+193 -0.33707880E+193 -0.94539275E+193 -0.25493163E+194
 -0.40660801E+177 -0.36594737E+178 -0.14584282E+183 -0.89475783E+185 -0.84428889E+187 -0.30119561E+189 -0.18865143E+190 -0.42010255E+190 -0.62386256E+190 -0.73562545E+190 -0.76039567E+190 -0.77321645E+190 -0.86201548E+190 -0.11597394E+191 -0.21306322E+191 -0.60984009E+191 -0.27634669E+192 -0.16695051E+193 -0.11003173E+194 -0.70436315E+194 -0.41722329E+195 -0.22519935E+196 -0.11062625E+197 -0.49678240E+197 -0.20525065E+198 -0.78557806E+198 -0.28038690E+199 -0.93895601E+199 -0.29665890E+200 -0.88869826E+200 -0.25354831E+201 -0.69166636E+201 -0.18104809E+202 -0.45616448E+202 -0.11094508E+203
 -0.12846648E+189 -0.10277324E+190 -0.98945359E+193 -0.28417873E+196 -0.16081572E+198 -0.38697787E+199 -0.20955680E+200 -0.44557811E+200 -0.64820664E+200 -0.75826130E+200 -0.78260707E+200 -0.79519624E+200 -0.88182121E+200 -0.11663368E+201 -0.20466404E+201 -0.52558743E+201 -0.19673771E+202 -0.93379295E+202 -0.47979356E+203 -0.24221108E+204 -0.11497376E+205 -0.50518801E+205 -0.20490332E+206 -0.76928472E+206 -0.26866427E+207 -0.87768161E+207 -0.26969593E+208 -0.78357466E+208 -0.21628334E+209 -0.56960508E+209 -0.14368435E+210 -0.34836506E+210 -0.81431694E+210 -0.18403072E+211 -0.40309562E+211
 -0.36340932E+200 -0.25438668E+201 -0.60098541E+204 -0.80661014E+206 -0.27229667E+208 -0.43896513E+209 -0.20221596E+210 -0.40682544E+210 -0.57714836E+210 -0.66853177E+210 -0.68869952E+210 -0.69911585E+210 -0.77020750E+210 -0.99794982E+210 -0.16614798E+211 -0.38062063E+211 -0.11792649E+212 -0.44232599E+212 -0.17784741E+213 -0.70872507E+213 -0.26939379E+214 -0.96198166E+214 -0.32146821E+215 -0.10066747E+216 -0.29646460E+216 -0.82468079E+216 -0.21766165E+217 -0.54743426E+217 -0.13172608E+218 -0.30435886E+218 -0.67749091E+218 -0.14571782E+219 -0.30364684E+219 -0.61448234E+219 -0.12102349E+220
 -0.92014926E+211 -0.55208996E+212 -0.32662518E+215 -0.20410733E+217 -0.40765796E+218 -0.43616599E+219 -0.16771341E+220 -0.31567386E+220 -0.43422615E+220 -0.49686332E+220 -0.51064563E+220 -0.51775325E+220 -0.56576913E+220 -0.71499386E+220 -0.11209317E+221 -0.22767684E+221 -0.58468084E+221 -0.17425231E+222 -0.55043362E+222 -0.17338360E+223 -0.52746214E+223 -0.15282503E+224 -0.41984953E+224 -0.10939408E+225 -0.27097668E+225 -0.64021210E+225 -0.14477545E+226 -0.31444296E+226 -0.65807425E+226 -0.13310513E+227 -0.26090564E+227 -0.49683502E+227 -0.92118231E+227 -0.16662984E+228 -0.29459051E+228
 -0.20718722E+223 -0.10359370E+224 -0.15766199E+226 -0.45534215E+227 -0.53130469E+228 -0.37248848E+229 -0.11690594E+230 -0.20300231E+230 -0.26877895E+230 -0.30286155E+230 -0.31033212E+230 -0.31417727E+230 -0.33981931E+230 -0.41662164E+230 -0.60984660E+230 -0.10911536E+231 -0.23242400E+231 -0.55308287E+231 -0.13781293E+232 -0.34370702E+232 -0.83661604E+232 -0.19638311E+233 -0.44257178E+233 -0.95704753E+233 -0.19886692E+234 -0.39797696E+234 -0.76903586E+234 -0.14386939E+235 -0.26122643E+235 -0.46143891E+235 -0.79468668E+235 -0.13369532E+236 -0.22011393E+236 -0.35521275E+236 -0.56269340E+236
 -0.40730894E+234 -0.16292376E+235 -0.66119927E+236 -0.87011276E+237 -0.58189248E+238 -0.26266977E+239 -0.65517411E+239 -0.10313272E+240 -0.13020069E+240 -0.14388023E+240 -0.14686368E+240 -0.14839541E+240 -0.15844257E+240 -0.18721116E+240 -0.25344317E+240 -0.39670515E+240 -0.70090262E+240 -0.13373352E+241 -0.26389267E+241 -0.52210284E+241 -0.10168328E+242 -0.19311899E+242 -0.35625164E+242 -0.63772863E+242 -0.11085229E+243 -0.18737169E+243 -0.30851792E+243 -0.49576861E+243 -0.77891458E+243 -0.11985644E+244 -0.18092013E+244 -0.26828921E+244 -0.39137199E+244 -0.56230572E+244 -0.79657978E+244
 -0.66594167E+245 -0.19978280E+246 -0.22642097E+247 -0.13235644E+248 -0.49301923E+248 -0.13987352E+249 -0.26848994E+249 -0.37473786E+249 -0.44560349E+249 -0.48027603E+249 -0.48778811E+249 -0.49163200E+249 -0.51631425E+249 -0.58321301E+249 -0.72249776E+249 -0.98203702E+249 -0.14380399E+250 -0.22074994E+250 -0.34623803E+250 -0.54454856E+250 -0.84879369E+250 -0.13028222E+251 -0.19632738E+251 -0.29017838E+251 -0.42073302E+251 -0.59887135E+251 -0.83771953E+251 -0.11529238E+252 -0.15629400E+252 -0.20893373E+252 -0.27571087E+252 -0.35950056E+252 -0.46358688E+252 -0.59169819E+252 -0.74804456E+252
 -0.76715880E+256 -0.15343210E+257 -0.51068836E+257 -0.12726035E+258 -0.25316350E+258 -0.43652829E+258 -0.61989309E+258 -0.74579625E+258 -0.82198778E+258 -0.85771341E+258 -0.86538503E+258 -0.86929292E+258 -0.89370073E+258 -0.95557227E+258 -0.10705549E+259 -0.12535356E+259 -0.15188661E+259 -0.18804876E+259 -0.23520098E+259 -0.29467659E+259 -0.36778513E+259 -0.45581554E+259 -0.56003817E+259 -0.68170715E+259 -0.82206177E+259 -0.98232732E+259 -0.11637174E+260 -0.13674335E+260 -0.15946661E+260 -0.18465970E+260 -0.21243970E+260 -0.24292388E+260 -0.27622682E+260 -0.31246316E+260 -0.35174699E+260
 -0.14590564E+259 -0.29181130E+259 -0.97127323E+259 -0.24204008E+260 -0.48150276E+260 -0.83025657E+260 -0.11790114E+261 -0.14184574E+261 -0.15633604E+261 -0.16312319E+261 -0.16458061E+261 -0.16530443E+261 -0.16994637E+261 -0.18171327E+261 -0.20358090E+261 -0.23838043E+261 -0.28884132E+261 -0.35340566E+261 -0.43760193E+261 -0.54380972E+261 -0.67435344E+261 -0.83154603E+261 -0.10176634E+262 -0.12349452E+262 -0.15018427E+262 -0.18066025E+262 -0.21515324E+262 -0.25389168E+262 -0.29710199E+262 -0.34500884E+262 -0.39783487E+262 -0.53851767E+263 -0.53851111E+263 -0.53850206E+263 -0.53849318E+263
 -0.55735738E+259 -0.11147249E+260 -0.37103037E+260 -0.92458529E+260 -0.18385096E+261 -0.31701273E+261 -0.45023246E+261 -0.54170459E+261  0.52711897E+261  0.32010562E+267  0.32625182E+267  0.78203665E+268 -0.44951292E+260 -0.89902564E+260 -0.17344009E+261 -0.30637918E+261 -0.49913868E+261 -0.75799101E+261 -0.10958608E+262 -0.15225967E+262 -0.20480122E+262 -0.26819446E+262 -0.34343141E+262 -0.43151944E+262 -0.53348537E+262 -0.64991634E+262 -0.78169401E+262 -0.92969135E+262 -0.10947732E+263 -0.12777979E+263 -0.14796162E+263 -0.17010734E+263 -0.19430081E+263 -0.22062528E+263 -0.24916366E+263
 -0.12336136E+265 -0.12336135E+265 -0.12336129E+265 -0.12336121E+265 -0.12336108E+265 -0.12336089E+265 -0.12336074E+265 -0.12336064E+265 -0.12336058E+265 -0.12336055E+265 -0.12336055E+265 -0.12336055E+265 -0.25888099E+256 -0.51776188E+256 -0.99879775E+256 -0.17644104E+257 -0.28743541E+257 -0.43874005E+257 -0.63602783E+257 -0.88487734E+257 -0.11907679E+258 -0.15590922E+258 -0.19951658E+258 -0.25042357E+258 -0.30914841E+258 -0.36614904E+258 -0.39294282E+259 -0.10038904E+265 -0.10015661E+265 -0.99884793E+264 -0.99565605E+264 -0.99190710E+264 -0.98750073E+264 -0.98231590E+264 -0.98242448E+264
  0.20363520E+265  0.19267712E+265  0.14107259E+265  0.43727843E+264  0.40636249E+264  0.37080948E+264  0.94900636E+263  0.31712370E+263 -0.26979998E+262  0.27122762E+262  0.68831021E+263  0.42924808E+263 -0.16261963E+255  0.14380521E+257  0.86516987E+262  0.21681612E+261  0.41346737E+260  0.41548589E+260  0.41813257E+260  0.42149533E+260  0.42566667E+260  0.43074596E+260  0.43681753E+260  0.44398269E+260  0.45401687E+260  0.91606328E+260  0.93134058E+260  0.94474147E+260  0.95438202E+260  0.95440377E+260  0.95442685E+260  0.95444962E+260  0.95449154E+260  0.95449842E+260  0.95449947E+260
