    0.16068148057727
    0.32136296115454
    0.32136296115454
    0.32136296115454
    0.32136296115454
    0.32136296115454
    0.32136296115454
    0.32136296115454
    0.32136296115454
    1.63371026427503
    4.06460243656895
    6.92396898950986
   11.27268936428532
   17.66399741684796
   26.78781224786413
   39.49030201148270
   56.79427119264914
   79.92053044489259
  110.31075619887714
  149.65036873356493
  199.89338130501292
  263.28742319535058
  342.39929091823615
  440.14424709945820
  247.03106301131083
