    0.00000000000000
    0.32136296115454
    0.64272592230907
    0.96408888346361
    1.28545184461814
    1.60681480577268
    1.92817776692722
    2.24954072808175
    2.57090368923629
    2.89226665039083
    5.83832421778635
   11.02147152352872
   19.68626219680607
   33.56685025209936
   55.01425703050200
   87.14247474782762
  133.99486105346739
  200.73101713312590
  293.83592194325257
  421.35252953088019
  593.13665941038244
  821.13929214090604
 1119.71150580108360
 1505.93787397737833
 2000.00000000000000
