    0.00447213638973
    0.02529822308732
    0.06524157209407
    0.11781013399349
    0.18028629151620
    0.21378328583838
    0.18028629151620
    0.11781013399349
    0.06524157209407
    0.02529822308732
    0.00675021798239
    0.01650649981748
    0.05029613936263
    0.10309609365486
    0.17369543099702
    0.26133908289701
    0.36547598621365
    0.48567354658028
    0.62157715312385
    0.77288705856852
    0.93934447366867
    1.12072093951080
    1.31681357435146
    1.52744114527321
    1.75243558742167
    1.99164716737075
    2.24493671613695
    2.51217007852707
    2.79323176574409
    3.08800690033720
    3.39639063293737
    3.71828547879218
    4.05358970949400
    4.40222600867063
    2.28993474895598
