   -1.00000000000000
   -0.99105572722054
   -0.94940355382536
   -0.86057258303240
   -0.71378328583838
   -0.50000000000000
   -0.28621671416162
   -0.13942741696760
   -0.05059644617464
   -0.00894427277946
    0.00000000000000
    0.00455616318532
    0.03301299963496
    0.10514844191058
    0.23920518694468
    0.45253930390462
    0.76188335273870
    1.18349127633192
    1.73323044589927
    2.42664558257961
    3.27900456303631
    4.30533452991695
    5.52044644205791
    6.93896167861988
    8.57532873260433
   10.44383285346322
   12.55862306734583
   14.93370628573712
   17.58296322439998
   20.52016981722529
   23.75897702507438
   27.31295108310004
   31.19554798265873
   35.42013050208804
   40.00000000000000
