    0.08055930965218
    0.12667398012382
    0.18767797853828
    0.22407394259631
    0.25985037594827
    0.33157385650454
    0.35234088118758
    0.37577648957888
    0.42587184529216
    0.52202215698158
    0.54342030333771
    0.62325671124086
    0.72276808038438
    0.75239501085711
    0.92226535711898
    0.98002838810851
    1.04521401584111
    1.11473540171547
    1.18455315542093
    1.45199306633651
    1.51151160179861
    1.75284488591493
    2.01036349249503
    2.09277005640444
    2.56526077266563
