  0.19522361E-311  0.19522361E-311  0.19522361E-311  0.19522361E-311  0.19522361E-311  0.19522361E-311  0.19522361E-311  0.19522361E-311  0.19522361E-311  0.19522361E-311  0.19522361E-311  0.19522361E-311  0.19522361E-311  0.19522361E-311  0.19522361E-311  0.19522361E-311  0.19522361E-311  0.19522361E-311  0.19522361E-311  0.19522361E-311  0.19522361E-311  0.19522361E-311  0.19522361E-311  0.19522361E-311  0.19522361E-311  0.19522361E-311  0.19522361E-311  0.19522361E-311  0.19522361E-311  0.19522361E-311  0.19522361E-311  0.19522361E-311  0.19522361E-311  0.19522361E-311  0.19522361E-311
  0.19522361E-311  0.19522361E-311  0.19522361E-311  0.19522361E-311  0.19522361E-311  0.19522361E-311  0.19522361E-311  0.19522361E-311  0.19522361E-311  0.19522361E-311  0.19522361E-311  0.19522361E-311  0.19522361E-311  0.19522361E-311  0.19522361E-311  0.19522361E-311  0.19522361E-311  0.19522361E-311  0.19522361E-311  0.19522361E-311  0.19522361E-311  0.19522361E-311  0.19522361E-311  0.19522361E-311  0.19522361E-311  0.19522361E-311  0.19522361E-311  0.19522361E-311  0.19522361E-311  0.19522361E-311  0.19522361E-311  0.19522361E-311  0.19522361E-311  0.19522361E-311  0.19522361E-311
  0.19522361E-311  0.19522361E-311  0.19522361E-311  0.19522361E-311  0.19522361E-311  0.19522361E-311  0.19522361E-311  0.19522361E-311  0.19522361E-311  0.19522361E-311  0.19522361E-311  0.19522361E-311  0.19522361E-311  0.19522361E-311  0.19522361E-311  0.19522361E-311  0.19522361E-311  0.19522361E-311  0.19522361E-311  0.19522361E-311  0.19522361E-311  0.19522361E-311  0.19522361E-311  0.19522361E-311  0.19522361E-311  0.19522361E-311  0.19522361E-311  0.19522361E-311  0.19522361E-311  0.19522361E-311  0.19522361E-311  0.19522361E-311  0.19522361E-311  0.19522361E-311  0.19522361E-311
  0.19522361E-311  0.19522361E-311  0.19522361E-311  0.19522361E-311  0.19522361E-311  0.19522361E-311  0.19522361E-311  0.19522361E-311  0.19522361E-311  0.19522361E-311  0.19522361E-311  0.19522361E-311  0.19522361E-311  0.19522361E-311  0.19522361E-311  0.19522361E-311  0.19522361E-311  0.19522361E-311  0.19522361E-311  0.19522361E-311  0.19522361E-311  0.19522361E-311  0.19522361E-311  0.19522361E-311  0.19522361E-311  0.19522361E-311  0.19522361E-311  0.19522361E-311  0.19522361E-311  0.19522361E-311  0.19522361E-311  0.19522361E-311  0.19522361E-311  0.19522361E-311  0.19522361E-311
  0.19522361E-311  0.19522361E-311  0.19522361E-311  0.19522361E-311  0.19522361E-311  0.19522361E-311  0.19522361E-311  0.19522361E-311  0.19522361E-311  0.19522361E-311  0.19522361E-311  0.19522361E-311  0.19522361E-311  0.19522361E-311  0.19522361E-311  0.19522361E-311  0.19522361E-311  0.19522361E-311  0.19522361E-311  0.19522361E-311  0.19522361E-311  0.19522361E-311  0.19522361E-311  0.19522361E-311  0.19522361E-311  0.19522361E-311  0.19522361E-311  0.19522361E-311  0.19522361E-311  0.19522361E-311  0.19522361E-311  0.19522361E-311  0.19522361E-311  0.19522361E-311  0.19522361E-311
  0.19522361E-311  0.19522361E-311  0.19522361E-311  0.19522361E-311  0.19522361E-311  0.19522361E-311  0.19522361E-311  0.19522361E-311  0.19522361E-311  0.19522361E-311  0.19522361E-311  0.19522361E-311  0.19522361E-311  0.19522361E-311  0.19522361E-311  0.19522361E-311  0.19522361E-311  0.19522361E-311  0.19522361E-311  0.19522361E-311  0.19522361E-311  0.19522361E-311  0.19522361E-311  0.19522361E-311  0.19522361E-311  0.19522361E-311  0.19522361E-311  0.19522361E-311  0.19522361E-311  0.19522361E-311  0.19522361E-311  0.19522361E-311  0.19522361E-311  0.19522361E-311  0.19522361E-311
  0.19522361E-311  0.19522361E-311  0.19522361E-311  0.19522361E-311  0.19522361E-311  0.19522361E-311  0.19522361E-311  0.19522361E-311  0.19522361E-311  0.19522361E-311  0.19522361E-311  0.19522361E-311  0.19522361E-311  0.19522361E-311  0.19522361E-311  0.19522361E-311  0.19522361E-311  0.19522361E-311  0.19522361E-311  0.19522361E-311  0.19522361E-311  0.19522361E-311  0.19522361E-311  0.19522361E-311  0.19522361E-311  0.19522361E-311  0.19522361E-311  0.19522361E-311  0.19522361E-311  0.19522361E-311  0.19522361E-311  0.19522361E-311  0.19522361E-311  0.19522361E-311  0.19522361E-311
  0.19522361E-311  0.19522361E-311  0.19522361E-311  0.19522361E-311  0.19522361E-311  0.19522361E-311  0.19522361E-311  0.19522361E-311  0.19522361E-311  0.19522361E-311  0.19522361E-311  0.19522361E-311  0.19522361E-311  0.19522361E-311  0.19522361E-311  0.19522361E-311  0.19522361E-311  0.19522361E-311  0.19522361E-311  0.19522361E-311  0.19522361E-311  0.19522361E-311  0.19522361E-311  0.19522361E-311  0.19522361E-311  0.19522361E-311  0.19522361E-311  0.19522361E-311  0.19522361E-311  0.19522361E-311  0.19522361E-311  0.19522361E-311  0.19522361E-311  0.19522361E-311  0.19522361E-311
  0.19522361E-311  0.19522361E-311  0.19522361E-311  0.19522361E-311  0.19522361E-311  0.19522361E-311  0.19522361E-311  0.19522361E-311  0.19522361E-311  0.19522361E-311  0.19522361E-311  0.19522361E-311  0.19522361E-311  0.19522361E-311  0.19522361E-311  0.19522361E-311  0.19522361E-311  0.19522361E-311  0.19522361E-311  0.19522361E-311  0.19522361E-311  0.19522361E-311  0.19522361E-311  0.19522361E-311  0.19522361E-311  0.19522361E-311  0.19522361E-311  0.19522361E-311  0.19522361E-311  0.19522361E-311  0.19522361E-311  0.19522361E-311  0.19522361E-311  0.19522361E-311  0.19522361E-311
  0.19522361E-311  0.19522361E-311  0.19522361E-311  0.19522361E-311  0.19522361E-311  0.19522361E-311  0.19522361E-311  0.19522361E-311  0.19522361E-311  0.19522361E-311  0.19522361E-311  0.19522361E-311  0.19522361E-311  0.19522361E-311  0.19522361E-311  0.19522361E-311  0.19522361E-311  0.19522361E-311  0.19522361E-311  0.19522361E-311  0.19522361E-311  0.19522361E-311  0.19522361E-311  0.19522361E-311  0.19522361E-311  0.19522361E-311  0.19522361E-311  0.19522361E-311  0.19522361E-311  0.19522361E-311  0.19522361E-311  0.19522361E-311  0.19522361E-311  0.19522361E-311  0.19522361E-311
  0.19522361E-311  0.19522361E-311  0.19522361E-311  0.19522361E-311  0.19522361E-311  0.19522361E-311  0.19522361E-311  0.19522361E-311  0.19522361E-311  0.19522361E-311  0.19522361E-311  0.19522361E-311  0.19522361E-311  0.19522361E-311  0.19522361E-311  0.19522361E-311  0.19522361E-311  0.19522361E-311  0.19522361E-311  0.19522361E-311  0.19522361E-311  0.19522361E-311  0.19522361E-311  0.19522361E-311  0.19522361E-311  0.19522361E-311  0.19522361E-311  0.19522361E-311  0.19522361E-311  0.19522361E-311  0.19522361E-311  0.19522361E-311  0.19522361E-311  0.19522361E-311  0.19522361E-311
  0.19522361E-311  0.19522361E-311  0.19522361E-311  0.19522361E-311  0.19522361E-311  0.19522361E-311  0.19522361E-311  0.19522361E-311  0.19522361E-311  0.19522361E-311  0.19522361E-311  0.19522361E-311  0.19522361E-311  0.19522361E-311  0.19522361E-311  0.19522361E-311  0.19522361E-311  0.19522361E-311  0.19522361E-311  0.19522361E-311  0.19522361E-311  0.19522361E-311  0.19522361E-311  0.19522361E-311  0.19522361E-311  0.19522361E-311  0.19522361E-311  0.19522361E-311  0.19522361E-311  0.19522361E-311  0.19522361E-311  0.19522361E-311  0.19522361E-311  0.19522361E-311  0.19522361E-311
  0.19522361E-311  0.19522361E-311  0.19522361E-311  0.19522361E-311  0.19522361E-311  0.19522361E-311  0.19522361E-311  0.19522361E-311  0.19522361E-311  0.19522361E-311  0.19522361E-311  0.19522361E-311  0.19522361E-311  0.19522361E-311  0.19522361E-311  0.19522361E-311  0.19522361E-311  0.19522361E-311  0.19522361E-311  0.19522361E-311  0.19522361E-311  0.19522361E-311  0.19522361E-311  0.19522361E-311  0.19522361E-311  0.19522361E-311  0.19522361E-311  0.19522361E-311  0.19522361E-311  0.19522361E-311  0.19522361E-311  0.19522361E-311  0.19522361E-311  0.19522361E-311  0.19522361E-311
  0.19522361E-311  0.19522361E-311  0.19522361E-311  0.19522361E-311  0.19522361E-311  0.19522361E-311  0.19522361E-311  0.19522361E-311  0.19522361E-311  0.19522361E-311  0.19522361E-311  0.19522361E-311  0.19522361E-311  0.19522361E-311  0.19522361E-311  0.19522361E-311  0.19522361E-311  0.19522361E-311  0.19522361E-311  0.19522361E-311  0.19522361E-311  0.19522361E-311  0.19522361E-311  0.19522361E-311  0.19522361E-311  0.19522361E-311  0.19522361E-311  0.19522361E-311  0.19522361E-311  0.19522361E-311  0.19522361E-311  0.19522361E-311  0.19522361E-311  0.19522361E-311  0.19522361E-311
  0.19522361E-311  0.19522361E-311  0.19522361E-311  0.19522361E-311  0.19522361E-311  0.19522361E-311  0.19522361E-311  0.19522361E-311  0.19522361E-311  0.19522361E-311  0.19522361E-311  0.19522361E-311  0.19522361E-311  0.19522361E-311  0.19522361E-311  0.19522361E-311  0.19522361E-311  0.19522361E-311  0.19522361E-311  0.19522361E-311  0.19522361E-311  0.19522361E-311  0.19522361E-311  0.19522361E-311  0.19522361E-311  0.19522361E-311  0.19522361E-311  0.19522361E-311  0.19522361E-311  0.19522361E-311  0.19522361E-311  0.19522361E-311  0.19522361E-311  0.19522361E-311  0.19522361E-311
  0.19522361E-311  0.19522361E-311  0.19522361E-311  0.19522361E-311  0.19522361E-311  0.19522361E-311  0.19522361E-311  0.19522361E-311  0.19522361E-311  0.19522361E-311  0.19522361E-311  0.19522361E-311  0.19522361E-311  0.19522361E-311  0.19522361E-311  0.19522361E-311  0.19522361E-311  0.19522361E-311  0.19522361E-311  0.19522361E-311  0.19522361E-311  0.19522361E-311  0.19522361E-311  0.19522361E-311  0.19522361E-311  0.19522361E-311  0.19522361E-311  0.19522361E-311  0.19522361E-311  0.19522361E-311  0.19522361E-311  0.19522361E-311  0.19522361E-311  0.19522361E-311  0.19522361E-311
  0.19522361E-311  0.19522361E-311  0.19522361E-311  0.19522361E-311  0.19522361E-311  0.19522361E-311  0.19522361E-311  0.19522361E-311  0.19522361E-311  0.19522361E-311  0.19522361E-311  0.19522361E-311  0.19522361E-311  0.19522361E-311  0.19522361E-311  0.19522361E-311  0.19522361E-311  0.19522361E-311  0.19522361E-311  0.19522361E-311  0.19522361E-311  0.19522361E-311  0.19522361E-311  0.19522361E-311  0.19522361E-311  0.19522361E-311  0.19522361E-311  0.19522361E-311  0.19522361E-311  0.19522361E-311  0.19522361E-311  0.19522361E-311  0.19522361E-311  0.19522361E-311  0.19522361E-311
  0.19522361E-311  0.19522361E-311  0.19522361E-311  0.19522361E-311  0.19522361E-311  0.19522361E-311  0.19522361E-311  0.19522361E-311  0.19522361E-311  0.19522361E-311  0.19522361E-311  0.19522361E-311  0.19522361E-311  0.19522361E-311  0.19522361E-311  0.19522361E-311  0.19522361E-311  0.19522361E-311  0.19522361E-311  0.19522361E-311  0.19522361E-311  0.19522361E-311  0.19522361E-311  0.19522361E-311  0.19522361E-311  0.19522361E-311  0.19522361E-311  0.19522361E-311  0.19522361E-311  0.19522361E-311  0.19522361E-311  0.19522361E-311  0.19522361E-311  0.19522361E-311  0.19522361E-311
  0.19522361E-311  0.19522361E-311  0.19522361E-311  0.19522361E-311  0.19522361E-311  0.19522361E-311  0.19522361E-311  0.19522361E-311  0.19522361E-311  0.19522361E-311  0.19522361E-311  0.19522361E-311  0.19522361E-311  0.19522361E-311  0.19522361E-311  0.19522361E-311  0.19522361E-311  0.19522361E-311  0.19522361E-311  0.19522361E-311  0.19522361E-311  0.19522361E-311  0.19522361E-311  0.19522361E-311  0.19522361E-311  0.19522361E-311  0.19522361E-311  0.19522361E-311  0.19522361E-311  0.19522361E-311  0.19522361E-311  0.19522361E-311  0.19522361E-311  0.19522361E-311  0.19522361E-311
  0.19522361E-311  0.19522361E-311  0.19522361E-311  0.19522361E-311  0.19522361E-311  0.19522361E-311  0.19522361E-311  0.19522361E-311  0.19522361E-311  0.19522361E-311  0.19522361E-311  0.19522361E-311  0.19522361E-311  0.19522361E-311  0.19522361E-311  0.19522361E-311  0.19522361E-311  0.19522361E-311  0.19522361E-311  0.19522361E-311  0.19522361E-311  0.19522361E-311  0.19522361E-311  0.19522361E-311  0.19522361E-311  0.19522361E-311  0.19522361E-311  0.19522361E-311  0.19522361E-311  0.19522361E-311  0.19522361E-311  0.19522361E-311  0.19522361E-311  0.19522361E-311  0.19522361E-311
  0.19522361E-311  0.19522361E-311  0.19522361E-311  0.19522361E-311  0.19522361E-311  0.19522361E-311  0.19522361E-311  0.19522361E-311  0.19522361E-311  0.19522361E-311  0.19522361E-311  0.19522361E-311  0.19522361E-311  0.19522361E-311  0.19522361E-311  0.19522361E-311  0.19522361E-311  0.19522361E-311  0.19522361E-311  0.19522361E-311  0.19522361E-311  0.19522361E-311  0.19522361E-311  0.19522361E-311  0.19522361E-311  0.19522361E-311  0.19522361E-311  0.19522361E-311  0.19522361E-311  0.19522361E-311  0.19522361E-311  0.19522361E-311  0.19522361E-311  0.19522361E-311  0.19522361E-311
  0.19522361E-311  0.19522361E-311  0.19522361E-311  0.19522361E-311  0.19522361E-311  0.19522361E-311  0.19522361E-311  0.19522361E-311  0.19522361E-311  0.19522361E-311  0.19522361E-311  0.19522361E-311  0.19522361E-311  0.19522361E-311  0.19522361E-311  0.19522361E-311  0.19522361E-311  0.19522361E-311  0.19522361E-311  0.19522361E-311  0.19522361E-311  0.19522361E-311  0.19522361E-311  0.19522361E-311  0.19522361E-311  0.19522361E-311  0.19522361E-311  0.19522361E-311  0.19522361E-311  0.19522361E-311  0.19522361E-311  0.19522361E-311  0.19522361E-311  0.19522361E-311  0.19522361E-311
  0.19522361E-311  0.19522361E-311  0.19522361E-311  0.19522361E-311  0.19522361E-311  0.19522361E-311  0.19522361E-311  0.19522361E-311  0.19522361E-311  0.19522361E-311  0.19522361E-311  0.19522361E-311  0.19522361E-311  0.19522361E-311  0.19522361E-311  0.19522361E-311  0.19522361E-311  0.19522361E-311  0.19522361E-311  0.19522361E-311  0.19522361E-311  0.19522361E-311  0.19522361E-311  0.19522361E-311  0.19522361E-311  0.19522361E-311  0.19522361E-311  0.19522361E-311  0.19522361E-311  0.19522361E-311  0.19522361E-311  0.19522361E-311  0.19522361E-311  0.19522361E-311  0.19522361E-311
  0.19522361E-311  0.19522361E-311  0.19522361E-311  0.19522361E-311  0.19522361E-311  0.19522361E-311  0.19522361E-311  0.19522361E-311  0.19522361E-311  0.19522361E-311  0.19522361E-311  0.19522361E-311  0.19522361E-311  0.19522361E-311  0.19522361E-311  0.19522361E-311  0.19522361E-311  0.19522361E-311  0.19522361E-311  0.19522361E-311  0.19522361E-311  0.19522361E-311  0.19522361E-311  0.19522361E-311  0.19522361E-311  0.19522361E-311  0.19522361E-311  0.19522361E-311  0.19522361E-311  0.19522361E-311  0.19522361E-311  0.19522361E-311  0.19522361E-311  0.19522361E-311  0.19522361E-311
  0.19522361E-311  0.19522361E-311  0.19522361E-311  0.19522361E-311  0.19522361E-311  0.19522361E-311  0.19522361E-311  0.19522361E-311  0.19522361E-311  0.19522361E-311  0.19522361E-311  0.19522361E-311  0.19522361E-311  0.19522361E-311  0.19522361E-311  0.19522361E-311  0.19522361E-311  0.19522361E-311  0.19522361E-311  0.19522361E-311  0.19522361E-311  0.19522361E-311  0.19522361E-311  0.19522361E-311  0.19522361E-311  0.19522361E-311  0.19522361E-311  0.19522361E-311  0.19522361E-311  0.19522361E-311  0.19522361E-311  0.19522361E-311  0.19522361E-311  0.19522361E-311  0.19522361E-311
