  0.77902149E+000
  0.88227572E+000
  0.62989120E+000
  0.62879096E+000
  0.37969190E+000
  0.37598497E+000
  0.48292749E+000
 -0.16891811E-001
 -0.17372636E-001
 -0.17780515E-001
 -0.18126604E-001
 -0.18420311E-001
 -0.18669579E-001
 -0.18881114E-001
 -0.19060585E-001
 -0.19212785E-001
 -0.19341776E-001
 -0.19450998E-001
 -0.19543374E-001
 -0.19621389E-001
  0.85334101E+000
  0.24806190E+110
  0.55884091E+000
 -0.19827758E-001
 -0.19860152E-001
 -0.19887064E-001
 -0.19909326E-001
  0.24806190E+110
  0.25100353E+110
 -0.19954890E-001
 -0.19964780E-001
 -0.19972726E-001
 -0.19979064E-001
 -0.19984077E-001
 -0.19988009E-001
 -0.19991063E-001
 -0.19993412E-001
 -0.19995200E-001
 -0.19996545E-001
 -0.19997544E-001
 -0.19998278E-001
 -0.19998810E-001
 -0.19999189E-001
 -0.19999456E-001
  0.59868846E+000
 -0.19999767E-001
 -0.19999851E-001
 -0.19999907E-001
 -0.19999943E-001
 -0.19999965E-001
 -0.19999979E-001
 -0.19999988E-001
  0.58481692E+000
  0.10953212E+000
  0.66063457E+000
  0.12372982E+001
  0.62272592E+000
  0.65087961E+000
  0.12654518E+001
  0.10138384E+001
  0.62272592E+000
  0.87433942E+000
  0.64042787E+000
  0.31531625E+000
 -0.20000000E-001
 -0.20000000E-001
 -0.20000000E-001
 -0.20000000E-001
 -0.20000000E-001
 -0.20000000E-001
 -0.20000000E-001
 -0.20000000E-001
 -0.20000000E-001
 -0.20000000E-001
 -0.20000000E-001
 -0.20000000E-001
 -0.20000000E-001
 -0.20000000E-001
 -0.20000000E-001
 -0.20000000E-001
 -0.20000000E-001
 -0.20000000E-001
              NaN
              NaN
              NaN
              NaN
              NaN
              NaN
              NaN
              NaN
              NaN
              NaN
              NaN
              NaN
              NaN
              NaN
 -0.20000000E-001
 -0.20000000E-001
              NaN
 -0.20000000E-001
              NaN
              NaN
 -0.20000000E-001
 -0.20000000E-001
 -0.20000000E-001
 -0.20000000E-001
 -0.20000000E-001
 -0.20000000E-001
 -0.20000000E-001
              NaN
 -0.20000000E-001
              NaN
 -0.20000000E-001
 -0.20000000E-001
 -0.20000000E-001
 -0.20000000E-001
 -0.20000000E-001
 -0.20000000E-001
 -0.20000000E-001
 -0.20000000E-001
 -0.20000000E-001
 -0.20000000E-001
 -0.20000000E-001
 -0.20000000E-001
 -0.20000000E-001
 -0.20000000E-001
 -0.20000000E-001
 -0.20000000E-001
 -0.20000000E-001
 -0.20000000E-001
 -0.20000000E-001
 -0.20000000E-001
 -0.20000000E-001
 -0.20000000E-001
 -0.20000000E-001
 -0.20000000E-001
 -0.20000000E-001
 -0.20000000E-001
 -0.20000000E-001
 -0.20000000E-001
 -0.20000000E-001
 -0.20000000E-001
 -0.20000000E-001
 -0.20000000E-001
 -0.20000000E-001
 -0.20000000E-001
 -0.20000000E-001
 -0.20000000E-001
 -0.20000000E-001
 -0.20000000E-001
 -0.20000000E-001
 -0.20000000E-001
 -0.20000000E-001
 -0.20000000E-001
 -0.20000000E-001
 -0.20000000E-001
 -0.20000000E-001
 -0.20000000E-001
 -0.20000000E-001
 -0.20000000E-001
 -0.20000000E-001
  0.39295820E+254
 -0.20000000E-001
  0.20327547E+235
 -0.20000000E-001
 -0.20000000E-001
 -0.20000000E-001
 -0.20000000E-001
 -0.20000000E-001
 -0.20000000E-001
  0.87258215E+244
  0.39295833E+254
  0.20104316E+182
  0.20327547E+235
  0.54180823E+244
  0.70114517E+000
  0.83513314E+000
  0.70114517E+000
  0.45124054E+000
  0.24096629E+000
  0.81192893E-001
  0.70008724E-002
  0.46026000E-001
  0.39800000E+001
  0.87258215E+244
  0.39295833E+254
  0.20104316E+182
  0.20327547E+235
  0.54180823E+244
  0.19226942E+001
  0.22361579E+001
  0.13668303E+001
  0.19148686E+001
  0.37373779E+001
  0.27660012E+001
  0.24102238E+001
  0.23670783E+001
  0.30915700E-001
  0.87258215E+244
  0.39295833E+254
