  0.19725537E+000
  0.22345273E+000
  0.16068148E+000
  0.16068148E+000
  0.98639648E-001
  0.97910235E-001
  0.12481308E+000
  0.69532046E-309
  0.69532046E-309
  0.19762626E-322
  0.44465908E-322
  0.19762626E-322
  0.00000000E+000
  0.69532046E-309
  0.69532046E-309
  0.00000000E+000
  0.30932338E-316
  0.18222975E-315
  0.31236964E-316
  0.69532046E-309
  0.21825704E+000
  0.62015474E+109
  0.14465746E+000
  0.00000000E+000
  0.00000000E+000
  0.18233544E-315
  0.00000000E+000
  0.62015474E+109
  0.62750882E+109
  0.00000000E+000
  0.00000000E+000
  0.00000000E+000
  0.18223038E-315
  0.52904016E-316
  0.69532046E-309
  0.28086886E-316
  0.10185580E-311
  0.69531436E-309
  0.69532046E-309
  0.69532046E-309
  0.61222496E-311
  0.27623230E-316
  0.14229091E-320
  0.18233544E-315
  0.15467202E+000
  0.44465908E-322
  0.00000000E+000
  0.00000000E+000
  0.00000000E+000
  0.69532046E-309
  0.69532046E-309
  0.27099323E-316
  0.15120423E+000
  0.32383029E-001
  0.17015864E+000
  0.31432454E+000
  0.16068148E+000
  0.16771990E+000
  0.32136296E+000
  0.25845959E+000
  0.16068148E+000
  0.22358485E+000
  0.16510697E+000
  0.83829062E-001
  0.27346731E-316
  0.76259224E-314
  0.68986354E-309
  0.00000000E+000
  0.15810101E-321
  0.28526955E-316
  0.39525252E-322
  0.18185157E-315
  0.18233544E-315
  0.31197676E-316
  0.69532046E-309
  0.11857576E-321
  0.68986338E-309
  0.12351641E-321
  0.17292298E-321
  0.69532046E-309
  0.69532046E-309
  0.21507508E-316
              NaN
              NaN
              NaN
              NaN
              NaN
              NaN
              NaN
              NaN
              NaN
              NaN
              NaN
              NaN
              NaN
              NaN
  0.00000000E+000
  0.00000000E+000
              NaN
  0.00000000E+000
              NaN
              NaN
  0.00000000E+000
  0.00000000E+000
  0.00000000E+000
  0.31197726E-316
  0.00000000E+000
  0.18233544E-315
  0.21219959E-313
              NaN
  0.61222496E-311
              NaN
  0.12351641E-321
  0.68986338E-309
  0.12351641E-321
  0.69532046E-309
  0.69532046E-309
  0.21508446E-316
  0.11288956E-311
  0.00000000E+000
  0.00000000E+000
  0.00000000E+000
  0.00000000E+000
  0.00000000E+000
  0.00000000E+000
  0.00000000E+000
  0.00000000E+000
  0.00000000E+000
  0.31202083E-316
  0.49406565E-323
  0.69532046E-309
  0.24703282E-322
  0.31202222E-316
  0.39525252E-322
  0.39525252E-321
  0.69532046E-309
  0.17292298E-321
  0.24006392E-070
  0.60266893E-153
  0.60134700E-153
  0.60134700E-153
  0.60134700E-153
  0.60134700E-153
  0.60134700E-153
  0.60134700E-153
  0.60134700E-153
  0.60134700E-153
  0.69532046E-309
  0.00000000E+000
  0.00000000E+000
  0.31238378E-316
  0.69532046E-309
  0.18233544E-315
  0.14821969E-322
  0.61222496E-311
  0.69532046E-309
  0.13833838E-320
  0.69532046E-309
  0.39525252E-321
  0.69532046E-309
  0.16798232E-321
  0.98239551E+253
  0.13833838E-320
  0.50818867E+234
  0.32114267E-321
  0.69532046E-309
  0.69532046E-309
  0.69532046E-309
  0.69532046E-309
  0.22714223E-316
  0.21814554E+244
  0.98239583E+253
  0.50260790E+181
  0.50818867E+234
  0.13545206E+244
  0.18028629E+000
  0.21378329E+000
  0.18028629E+000
  0.11781013E+000
  0.65241572E-001
  0.25298223E-001
  0.67502180E-002
  0.16506500E-001
  0.10000000E+001
  0.21814554E+244
  0.98239583E+253
  0.50260790E+181
  0.50818867E+234
  0.13545206E+244
  0.48567355E+000
  0.56403949E+000
  0.34670757E+000
  0.48371716E+000
  0.93934447E+000
  0.69650030E+000
  0.60755596E+000
  0.59676957E+000
  0.12728925E-001
  0.21814554E+244
  0.98239583E+253
