  0.97627687E+000
  0.11057284E+001
  0.79057268E+000
  0.78947244E+000
  0.47833155E+000
  0.47389521E+000
  0.60774057E+000
 -0.16891811E-001
 -0.17372636E-001
 -0.17780515E-001
 -0.18126604E-001
 -0.18420311E-001
 -0.18669579E-001
 -0.18881114E-001
 -0.19060585E-001
 -0.19212785E-001
 -0.19341776E-001
 -0.19450998E-001
 -0.19543374E-001
 -0.19621389E-001
  0.10715980E+001
  0.31007737E+110
  0.70349837E+000
 -0.19827758E-001
 -0.19860152E-001
 -0.19887064E-001
 -0.19909326E-001
  0.31007737E+110
  0.31375441E+110
 -0.19954890E-001
 -0.19964780E-001
 -0.19972726E-001
 -0.19979064E-001
 -0.19984077E-001
 -0.19988009E-001
 -0.19991063E-001
 -0.19993412E-001
 -0.19995200E-001
 -0.19996545E-001
 -0.19997544E-001
 -0.19998278E-001
 -0.19998810E-001
 -0.19999189E-001
 -0.19999456E-001
  0.75336048E+000
 -0.19999767E-001
 -0.19999851E-001
 -0.19999907E-001
 -0.19999943E-001
 -0.19999965E-001
 -0.19999979E-001
 -0.19999988E-001
  0.73602115E+000
  0.14191515E+000
  0.83079321E+000
  0.15516227E+001
  0.78340740E+000
  0.81859951E+000
  0.15868148E+001
  0.12722979E+001
  0.78340740E+000
  0.10979243E+001
  0.80553484E+000
  0.39914531E+000
 -0.20000000E-001
 -0.20000000E-001
 -0.20000000E-001
 -0.20000000E-001
 -0.20000000E-001
 -0.20000000E-001
 -0.20000000E-001
 -0.20000000E-001
 -0.20000000E-001
 -0.20000000E-001
 -0.20000000E-001
 -0.20000000E-001
 -0.20000000E-001
 -0.20000000E-001
 -0.20000000E-001
 -0.20000000E-001
 -0.20000000E-001
 -0.20000000E-001
              NaN
              NaN
              NaN
              NaN
              NaN
              NaN
              NaN
              NaN
              NaN
              NaN
              NaN
              NaN
              NaN
              NaN
 -0.20000000E-001
 -0.20000000E-001
              NaN
 -0.20000000E-001
              NaN
              NaN
 -0.20000000E-001
 -0.20000000E-001
 -0.20000000E-001
 -0.20000000E-001
 -0.20000000E-001
 -0.20000000E-001
 -0.20000000E-001
              NaN
 -0.20000000E-001
              NaN
 -0.20000000E-001
 -0.20000000E-001
 -0.20000000E-001
 -0.20000000E-001
 -0.20000000E-001
 -0.20000000E-001
 -0.20000000E-001
 -0.20000000E-001
 -0.20000000E-001
 -0.20000000E-001
 -0.20000000E-001
 -0.20000000E-001
 -0.20000000E-001
 -0.20000000E-001
 -0.20000000E-001
 -0.20000000E-001
 -0.20000000E-001
 -0.20000000E-001
 -0.20000000E-001
 -0.20000000E-001
 -0.20000000E-001
 -0.20000000E-001
 -0.20000000E-001
 -0.20000000E-001
 -0.20000000E-001
 -0.20000000E-001
 -0.20000000E-001
 -0.20000000E-001
 -0.20000000E-001
 -0.20000000E-001
 -0.20000000E-001
 -0.20000000E-001
 -0.20000000E-001
 -0.20000000E-001
 -0.20000000E-001
 -0.20000000E-001
 -0.20000000E-001
 -0.20000000E-001
 -0.20000000E-001
 -0.20000000E-001
 -0.20000000E-001
 -0.20000000E-001
 -0.20000000E-001
 -0.20000000E-001
 -0.20000000E-001
 -0.20000000E-001
 -0.20000000E-001
 -0.20000000E-001
 -0.20000000E-001
  0.49119776E+254
 -0.20000000E-001
  0.25409434E+235
 -0.20000000E-001
 -0.20000000E-001
 -0.20000000E-001
 -0.20000000E-001
 -0.20000000E-001
 -0.20000000E-001
  0.10907277E+245
  0.49119792E+254
  0.25130395E+182
  0.25409434E+235
  0.67726029E+244
  0.88143146E+000
  0.10489164E+001
  0.88143146E+000
  0.56905067E+000
  0.30620786E+000
  0.10649112E+000
  0.13751090E-001
  0.62532500E-001
  0.49800000E+001
  0.10907277E+245
  0.49119792E+254
  0.25130395E+182
  0.25409434E+235
  0.67726029E+244
  0.24083677E+001
  0.28001974E+001
  0.17135378E+001
  0.23985858E+001
  0.46767224E+001
  0.34625015E+001
  0.30177798E+001
  0.29638478E+001
  0.43644625E-001
  0.10907277E+245
  0.49119792E+254
